
-16 -83 84 -11 7 85 -86 3 0 -85 85 4 -8 84 -84 -11 
-90 -89 86 -49 98 91 -36 119 -124 -53 35 -118 68 -75 18 -84 
99 -79 41 89 -98 92 -115 -48 59 -121 115 44 69 74 81 29 
74 103 -92 33 -81 -108 58 -110 114 73 -59 107 -83 59 -36 78 
-111 60 -24 -96 117 -68 103 69 -85 105 -100 -70 -55 -85 -72 -45 
-49 -118 97 -14 60 120 56 63 64 -12 
RSSI :-110 
Input angle :193
Zaxis angle :20 
minval :0 

minval :0 



29 40 -40 27 -25 -42 44 -22 21 44 -45 20 -16 -46 46 -14 
64 12 -27 43 -60 -16 -12 -58 64 -1 12 59 -16 49 10 48 
-17 63 -40 -31 21 -59 59 -4 -6 64 -60 9 -47 -22 -49 4 
-59 -26 37 -36 55 29 -1 59 -62 -12 -2 -60 25 -45 0 -49 
30 -58 34 38 -33 52 -59 -6 17 -61 61 2 42 30 49 4 
53 37 -42 29 -50 -37 -12 -32 -96 5 
RSSI :-110 
Input angle :193
Zaxis angle :29 
minval :0 

minval :0 



112 -33 28 113 -115 20 -15 -115 116 -8 2 117 -117 0 5 -115 
58 -118 69 81 -71 95 -114 -17 59 -117 112 4 76 70 113 25 
108 77 -88 58 -88 -78 26 -112 114 66 -13 112 -74 72 -28 114 
-84 103 -52 -92 88 -78 108 39 -81 103 -107 -29 -61 -82 -110 -43 
-95 -92 96 -44 73 92 -50 103 -95 -90 34 -106 88 -56 52 -107 
100 -88 41 98 -101 61 -60 -96 -13 -12 
RSSI :-110 
Input angle :196
Zaxis angle :25 
minval :0 

minval :0 



-32 -42 45 -28 25 47 -49 23 -22 -49 49 -21 18 50 -51 15 
-60 -14 19 -45 63 15 5 61 -66 -8 -23 -56 19 -55 -10 -53 
18 -59 42 24 -20 62 -60 0 13 -65 57 -17 51 28 54 -3 
56 27 -27 40 -60 -25 8 -60 63 22 11 59 -31 49 0 54 
-30 55 -37 -31 30 -58 59 13 -27 61 -60 5 -46 -35 -54 -5 
-52 -34 35 -34 56 34 14 -81 45 -8 
RSSI :-110 
Input angle :193
Zaxis angle :25 
minval :0 

minval :0 



-34 -24 26 -33 32 27 -29 30 -27 -31 33 -25 23 34 -35 21 
-41 -2 12 -41 66 5 4 65 -65 -1 -31 -63 9 -65 -21 -37 
4 -40 40 16 -11 64 -65 -2 6 -64 65 -26 63 15 38 -17 
40 7 -19 39 -62 -18 8 -65 64 12 19 68 -21 62 12 40 
-13 39 -36 -24 23 -60 63 16 -18 62 -69 10 -58 -29 -41 7 
-37 -17 27 -33 56 31 13 -33 -63 -7 
RSSI :-110 
Input angle :193
Zaxis angle :20 
minval :0 

minval :0 



-74 33 -29 -77 77 -26 22 78 -80 20 -17 -79 81 -10 5 80 
10 47 -32 -18 57 -50 47 54 -58 41 -79 -45 -64 -85 -81 -6 
-48 3 21 -30 45 61 -59 40 -38 -60 55 -74 94 -53 12 -82 
0 -49 28 25 -63 41 -30 -65 64 -30 70 60 46 99 80 21 
47 2 -26 25 -32 -68 66 -27 27 67 -65 65 -101 37 -24 79 
-6 48 -24 -28 71 -27 116 63 116 2 
RSSI :-110 
Input angle :188
Zaxis angle :0 
minval :0 

minval :0 



-28 28 -26 -30 31 -25 24 32 -32 23 -21 -33 35 -19 16 36 
42 15 -44 50 -49 -50 26 -71 57 49 14 35 -83 41 -38 13 
-20 39 -47 -48 54 -45 69 29 -54 52 -35 12 -33 -86 -9 -39 
-38 -24 52 -41 39 58 -38 64 -45 -60 -8 -37 88 -27 40 -6 
26 -36 39 54 -61 35 -60 -45 63 -42 38 -5 20 90 2 41 
33 30 -59 31 -31 -63 -105 0 -102 16 
RSSI :-110 
Input angle :184
Zaxis angle :20 
minval :0 

minval :0 



-43 -11 13 -42 42 16 -18 41 -40 -19 21 -39 38 23 -25 36 
18 -33 21 -92 29 17 16 9 -89 -9 -62 -17 -28 -39 -36 -27 
33 17 91 24 -17 29 -8 16 11 -89 22 -61 38 -30 27 -36 
-19 32 -27 90 -28 -18 -15 -9 89 10 61 21 27 40 35 27 
-32 -19 -91 -25 17 -29 10 -15 -10 89 -21 61 -41 27 -27 36 
20 -32 27 -91 28 18 55 -115 82 -7 
RSSI :-110 
Input angle :181
Zaxis angle :32 
minval :0 

minval :0 



45 0 -2 45 -44 -4 7 -44 43 10 -12 43 -42 -14 14 -41 
-11 38 -2 94 -38 -10 -16 -11 74 -8 70 0 38 53 42 16 
-38 -12 -94 -6 8 -39 11 -16 5 74 0 70 -53 38 -18 42 
12 -38 6 -94 38 11 16 11 -75 5 -70 -1 -36 -54 -41 -20 
37 13 93 13 -12 38 -11 15 0 -74 5 -70 55 -35 18 -41 
-13 37 -11 93 -37 -12 88 98 113 -3 
RSSI :-110 
Input angle :181
Zaxis angle :25 
minval :0 

minval :0 



9 -46 47 10 -12 46 -45 -15 17 -43 43 19 -20 41 -41 -22 
39 13 118 54 -25 32 -27 25 21 -84 22 -69 73 -24 25 -40 
-12 38 -60 115 -31 -27 -23 -28 84 23 67 23 24 73 41 24 
-38 -13 -116 -57 27 -29 28 -23 -25 84 -26 67 -74 23 -28 39 
16 -36 64 -114 29 28 21 29 -84 -27 -68 -25 -20 -74 -38 -27 
36 15 114 63 -28 29 55 64 -111 -11 
RSSI :-110 
Input angle :184
Zaxis angle :25 
minval :0 

minval :0 



-47 0 1 -47 47 5 -8 46 -45 -9 11 -45 45 13 -15 43 
-1 -51 24 -123 36 34 37 23 -90 15 -80 -16 -39 -56 -44 -16 
50 -4 124 24 -34 35 -24 37 -15 -89 15 -79 56 -39 16 -44 
3 50 -28 123 -35 -34 -37 -24 90 -11 79 18 38 58 44 17 
-50 2 -122 -31 35 -33 24 -36 8 90 -20 78 -58 39 -20 43 
-1 -50 32 -122 35 35 73 -33 57 1 
RSSI :-110 
Input angle :182
Zaxis angle :25 
minval :0 

minval :0 



30 6 -7 29 -29 -8 10 -28 28 11 -13 27 -26 -14 16 -25 
-4 59 41 88 -27 -2 -39 -9 77 -18 67 -21 63 47 26 15 
-59 -4 -90 36 4 -27 8 -39 14 78 22 66 -48 63 -17 26 
4 -59 -35 -90 27 3 39 8 -77 18 -67 18 -63 -48 -26 -17 
59 6 91 -34 -4 27 -10 38 -16 -78 -17 -67 53 -59 18 -25 
-9 58 33 91 -27 -4 118 98 8 -8 
RSSI :-110 
Input angle :181
Zaxis angle :32 
minval :0 

minval :0 



0 36 -36 0 2 -36 35 4 -6 35 -35 -7 10 -34 33 12 
-49 -19 -82 44 -1 -22 20 -18 23 81 16 59 -51 67 -12 34 
20 -48 -44 -82 22 -2 17 20 -81 21 -58 17 -68 -48 -34 -12 
48 21 83 -41 1 22 -21 17 -22 -81 -12 -59 50 -67 14 -34 
-22 48 39 84 -22 0 -17 -21 81 -20 59 -14 66 51 33 14 
-47 -23 -84 40 -1 -22 109 -112 -95 41 
RSSI :-110 
Input angle :178
Zaxis angle :29 
minval :0 

minval :0 



41 4 -7 41 -41 -9 12 -40 39 13 -15 39 -38 -18 19 -36 
-20 19 -10 96 -29 -8 -16 -25 80 13 75 18 21 78 37 20 
-19 -22 -95 -16 9 -28 26 -16 -18 79 -17 75 -79 19 -22 37 
22 -19 18 -95 29 8 16 25 -79 -18 -75 -19 -18 -79 -37 -22 
20 21 95 17 -8 29 -26 15 21 -78 19 -75 79 -17 23 -36 
-22 18 -22 94 -28 -10 118 34 48 10 
RSSI :-110 
Input angle :181
Zaxis angle :25 
minval :0 

minval :0 



-25 1 0 -25 25 1 -2 25 -25 -3 4 -25 24 6 -7 24 
1 -10 5 -71 17 6 12 14 -43 -6 -38 -9 -15 -36 -24 -8 
9 2 70 8 -5 16 -14 12 6 -42 10 -38 37 -15 9 -25 
-2 9 -8 70 -17 -6 -11 -15 42 7 38 10 14 37 24 8 
-10 -2 -70 -8 6 -16 15 -11 -8 42 -11 38 -37 15 -9 24 
2 -10 10 -70 17 6 83 -81 -28 -3 
RSSI :-110 
Input angle :178
Zaxis angle :20 
minval :0 

minval :0 



-24 0 1 -25 24 3 -2 23 -25 -2 6 -25 24 6 -7 22 
8 2 27 -65 8 2 12 7 -32 -19 -34 -11 -7 -35 -22 -7 
-1 7 66 25 -2 9 -6 14 20 -34 13 -36 36 -7 8 -24 
-7 -2 -27 66 -9 -2 -11 -12 35 22 33 13 1 36 22 10 
2 -8 -66 -28 7 -9 8 -9 -23 32 -16 35 -35 1 -8 23 
7 1 30 -65 5 3 117 -97 -30 -6 
RSSI :-110 
Input angle :260
Zaxis angle :29 
minval :0 

minval :0 



0 70 -70 -3 6 -70 70 11 -13 69 -67 -17 21 -67 65 24 
-12 6 -125 -47 26 -33 25 -41 -9 76 -36 80 -54 -2 -26 66 
-5 -12 51 -124 31 28 40 25 -75 -10 -77 -41 1 -55 -66 -25 
12 -5 123 54 -27 31 -26 39 12 -76 41 -77 54 3 30 -63 
5 11 -63 118 -30 -30 -37 -27 75 14 77 43 -6 53 65 28 
-12 4 -119 -62 29 -30 -30 47 -122 9 
RSSI :-110 
Input angle :189
Zaxis angle :14 
minval :0 

minval :0 



-3 -43 43 -1 0 43 -43 -2 5 -43 42 8 -11 42 -41 -12 
-31 19 85 47 -1 23 -2 28 59 -51 27 -66 79 8 13 -42 
-17 -32 -48 85 -23 -1 -28 -2 51 59 65 29 -8 79 40 17 
32 -18 -85 -47 2 -23 3 -28 -61 49 -31 65 -78 -11 -13 42 
17 32 50 -83 23 1 28 5 -47 -63 -65 -28 13 -78 -41 -15 
-32 17 84 49 -3 23 -12 -31 -79 -25 
RSSI :-110 
Input angle :272
Zaxis angle :32 
minval :0 

minval :0 



24 28 -30 22 -21 -31 32 -19 18 33 -34 16 -13 -35 35 -10 
-24 -39 -79 55 0 -10 -18 -12 21 89 35 58 -39 67 11 37 
39 -24 -55 -79 10 0 12 -18 -89 20 -56 38 -66 -40 -37 10 
24 40 78 -57 0 10 18 13 -17 -89 -37 -57 40 -66 -9 -37 
-40 22 55 79 -10 0 -13 18 89 -19 58 -36 66 41 36 -10 
-22 -40 -80 53 0 -10 -121 0 17 45 
RSSI :-110 
Input angle :257
Zaxis angle :44 
minval :0 

minval :0 



-34 -27 28 -33 32 29 -30 31 -30 -32 33 -28 25 35 -36 23 
46 -8 45 -81 -2 37 10 12 -73 -51 -55 -47 -1 -63 -23 -38 
6 46 80 47 -37 -1 -12 10 50 -74 48 -54 64 2 38 -23 
-46 6 -48 79 3 -37 -9 -13 71 55 50 52 -1 63 21 39 
-5 -46 -78 -49 37 4 13 -9 -54 72 -53 48 -63 -6 -39 20 
46 -4 51 -78 -5 37 -45 -3 61 -29 
RSSI :-110 
Input angle :182
Zaxis angle :20 
minval :0 

minval :0 



62 0 -2 62 -63 -4 5 -63 61 8 -10 62 -61 -14 18 -59 
0 46 19 94 -40 -36 -31 4 96 -22 80 5 51 27 60 18 
-47 0 -94 17 35 -40 -3 -32 23 96 -10 79 -27 51 -21 59 
1 -46 -18 -94 39 36 31 -3 -98 17 -79 -14 -50 -32 -58 -23 
47 2 95 -14 -38 38 2 31 -17 -98 13 -79 32 -49 22 -58 
-2 47 13 94 -38 -38 -59 0 -93 -3 
RSSI :-110 
Input angle :175
Zaxis angle :36 
minval :0 

minval :0 



-48 -24 27 -47 46 29 -31 45 -44 -32 35 -41 39 37 -39 38 
4 3 82 -72 9 39 16 15 -56 -75 -46 -88 -13 -38 -36 -41 
-3 3 71 82 -40 8 -15 16 76 -54 88 -45 40 -11 40 -37 
-4 -2 -84 70 -8 -40 -17 -15 56 74 41 91 8 40 35 41 
2 -4 -67 -86 40 -7 14 -17 -77 53 -90 42 -40 9 -43 35 
3 3 86 -67 6 40 -107 47 61 -10 
RSSI :-110 
Input angle :249
Zaxis angle :47 
minval :0 

minval :0 



-3 21 -20 1 -3 -26 19 0 -7 20 -26 -10 6 -27 26 5 
-7 -40 -87 10 51 -31 15 -4 -4 92 -20 77 -20 48 -2 18 
26 -2 17 -84 7 33 -5 4 -88 -18 -71 -26 -53 -32 -22 -5 
11 42 80 -11 -41 38 -9 -6 0 -91 34 -78 25 -45 5 -18 
-37 13 2 82 -31 -42 8 -9 93 19 77 37 50 28 16 8 
-14 -34 -94 -13 29 -32 -25 -33 118 45 
RSSI :-110 
Input angle :223
Zaxis angle :39 
minval :0 

minval :0 



41 -29 28 43 -44 25 -23 -45 45 -19 16 48 -49 14 -12 -49 
4 16 63 75 -74 0 -14 0 68 -69 101 -35 48 -8 49 -14 
-16 4 -73 65 3 -74 -1 -13 71 68 37 101 7 49 11 50 
-4 -16 -61 -78 74 3 13 0 -71 68 -102 34 -49 5 -49 12 
15 -4 75 -63 -7 74 0 13 -63 -75 -32 -102 -4 -49 -9 -50 
3 16 59 78 -73 -6 -106 -96 67 -9 
RSSI :-110 
Input angle :168
Zaxis angle :25 
minval :0 

minval :0 



-63 5 -6 -64 65 -2 1 64 -63 -5 8 -65 64 12 -15 63 
0 -12 -7 -111 58 31 13 6 -86 14 -109 -18 -31 -31 -67 -16 
12 1 110 -5 -32 59 -7 17 -8 -84 15 -107 34 -31 15 -65 
0 12 -6 115 -57 -34 -13 -7 85 -9 104 19 31 31 63 21 
-12 -3 -111 -2 37 -56 8 -13 5 85 -21 107 -31 30 -15 65 
3 -12 4 -111 56 37 86 -49 -97 0 
RSSI :-110 
Input angle :178
Zaxis angle :25 
minval :0 

minval :0 



64 -26 22 65 -67 23 -24 -66 62 -17 13 70 -70 13 -2 -66 
-2 22 24 113 -51 -21 -10 -28 90 -14 97 -2 19 14 71 0 
-18 -1 -120 22 20 -57 29 -10 16 91 0 100 -15 24 0 66 
7 -20 -22 -120 55 20 12 32 -92 12 -99 -5 -21 -21 -66 -5 
19 8 120 -17 -23 49 -32 13 -15 -91 4 -97 16 -23 -2 -66 
-5 22 9 119 -49 -21 -74 -96 -91 -2 
RSSI :-110 
Input angle :205
Zaxis angle :25 
minval :0 

minval :0 



-9 -57 63 0 3 58 -57 -1 6 -62 60 11 -16 59 -54 -14 
16 6 124 25 -49 37 -34 10 28 -75 43 -91 41 -9 14 -59 
-3 18 -31 125 -40 -52 -3 -31 76 24 89 43 9 41 60 10 
-13 -4 -126 -31 46 -43 30 -1 -26 74 -48 85 -38 10 -17 54 
4 -11 34 -125 37 48 6 35 -74 -30 -89 -44 -6 -41 -62 -12 
14 1 123 39 -49 41 52 48 106 -10 
RSSI :-110 
Input angle :178
Zaxis angle :14 
minval :0 

minval :0 



30 58 -59 29 -25 -60 62 -20 17 63 -63 15 -12 -64 64 -9 
-11 -1 -109 15 34 -61 29 -20 14 80 0 99 -34 14 6 65 
2 -11 -10 -111 62 32 19 28 -81 10 -99 -2 -14 -34 -65 6 
11 1 110 -14 -33 61 -28 18 -13 -81 2 -99 34 -15 -3 -65 
-1 11 5 111 -59 -36 -18 -29 81 -8 99 1 14 35 66 -4 
-10 -2 -111 9 36 -59 24 112 78 10 
RSSI :-110 
Input angle :182
Zaxis angle :14 
minval :0 

minval :0 



-18 -47 47 -16 13 48 -48 11 -8 -49 50 -6 4 50 -50 1 
21 -1 109 -27 -31 50 -45 18 -19 -94 3 -93 20 -41 3 -50 
1 22 23 109 -51 -29 -16 -47 95 -16 92 2 41 19 50 0 
-21 0 -108 26 32 -50 45 -18 18 94 -3 91 -22 40 -2 50 
0 -22 -20 -110 50 32 16 47 -95 11 -92 -3 -41 -23 -51 -1 
21 0 111 -17 -35 49 -32 95 -2 -13 
RSSI :-110 
Input angle :189
Zaxis angle :20 
minval :0 

minval :0 



-49 3 0 -49 50 2 -5 50 -50 -7 9 -49 48 12 -14 46 
11 -35 12 -103 37 45 -7 33 -97 -15 -88 -33 -36 -28 -48 -12 
35 11 103 13 -47 35 -32 -9 22 -96 41 -84 29 -36 16 -48 
-13 34 -15 102 -36 -46 9 -32 97 18 82 46 34 30 47 18 
-35 -14 -102 -18 47 -35 32 10 -23 95 -41 84 -31 33 -17 46 
15 -34 17 -101 35 48 67 127 99 -4 
RSSI :-110 
Input angle :210
Zaxis angle :14 
minval :0 

minval :0 



-31 45 -42 -34 35 -41 38 38 -38 37 -35 -40 43 -33 29 44 
8 -29 -79 -73 64 7 4 17 -75 60 -71 47 -51 11 -45 30 
29 10 74 -79 -8 63 -18 3 -60 -73 -48 -70 -10 -51 -28 -45 
-8 30 80 72 -63 -9 -3 -17 75 -62 72 -44 51 -10 46 -29 
-29 -8 -74 80 10 -63 18 -2 58 76 46 71 9 51 28 46 
10 -28 -78 -74 63 10 101 95 107 7 
RSSI :-110 
Input angle :210
Zaxis angle :39 
minval :0 

minval :0 



-2 61 -62 -5 8 -60 60 12 -15 60 -59 -17 19 -58 56 21 
11 5 -111 -26 47 -26 5 -8 -5 73 -32 87 -39 18 -27 56 
-7 11 30 -110 24 48 10 6 -72 -9 -88 -29 -19 -39 -55 -28 
-10 -6 110 33 -49 23 -5 9 15 -72 39 -84 39 -17 27 -54 
6 -11 -33 110 -20 -49 -9 -6 72 14 85 37 17 40 54 29 
10 7 -109 -35 50 -19 -31 -65 -8 8 
RSSI :-110 
Input angle :196
Zaxis angle :44 
minval :0 

minval :0 



68 27 -32 67 -65 -35 37 -64 62 39 -43 59 -57 -47 50 -53 
5 22 -64 98 -18 -57 -15 -16 75 27 70 67 -2 44 52 52 
-22 5 -99 -63 58 -16 17 -15 -29 74 -67 69 -44 -1 -52 52 
-4 -21 60 -98 16 58 14 17 -73 -29 -68 -68 4 -44 -51 -53 
22 -4 95 67 -58 12 -18 14 30 -73 69 -67 44 4 54 -50 
4 22 -68 95 -13 -59 -110 96 83 4 
RSSI :-110 
Input angle :182
Zaxis angle :25 
minval :0 

minval :0 



-62 -35 37 -59 58 40 -43 57 -54 -45 49 -52 50 51 -52 47 
0 -17 69 -91 16 68 13 17 -61 -46 -55 -76 17 -54 -45 -55 
17 1 84 75 -67 13 -19 11 44 -64 77 -54 54 16 55 -44 
-1 18 -74 86 -12 -67 -11 -18 64 42 49 79 -17 54 43 56 
-18 0 -83 -78 68 -11 19 -11 -45 62 -79 50 -53 -18 -57 40 
2 -18 80 -81 8 70 -121 -49 4 -6 
RSSI :-110 
Input angle :170
Zaxis angle :25 
minval :0 

minval :0 



48 50 -53 46 -43 -54 57 -39 37 59 -60 33 -30 -63 63 -28 
-6 15 -77 68 -1 -64 7 -19 66 51 53 90 -13 46 23 66 
-15 -6 -65 -80 65 0 17 8 -55 63 -92 48 -44 -16 -66 24 
7 -14 84 -60 0 64 -8 18 -63 -55 -48 -93 15 -44 -25 -65 
14 7 61 82 -65 -2 -18 -8 57 -62 94 -45 44 17 66 -23 
-7 15 -85 59 2 -65 122 96 53 7 
RSSI :-110 
Input angle :184
Zaxis angle :20 
minval :0 

minval :0 



52 36 -37 51 -49 -38 42 -48 45 45 -46 44 -42 -47 49 -39 
-10 9 -60 82 -20 -56 3 -9 64 51 65 70 3 59 37 51 
-10 -9 -81 -62 56 -20 8 2 -53 64 -71 65 -59 1 -51 37 
9 -10 64 -81 21 55 -2 10 -62 -55 -64 -73 -1 -59 -34 -54 
9 9 80 65 -56 20 -9 -3 55 -62 77 -59 58 0 53 -34 
-9 8 -66 80 -15 -56 123 -80 60 7 
RSSI :-110 
Input angle :178
Zaxis angle :25 
minval :0 

minval :0 



0 -63 62 4 -7 62 -61 -9 11 -61 60 17 -17 59 -57 -19 
8 -4 108 15 -32 40 -5 6 27 -76 29 -87 55 -36 21 -59 
4 8 -18 106 -41 -32 -7 -4 74 27 86 32 31 56 58 22 
-9 4 -107 -19 31 -41 4 -7 -26 75 -35 84 -56 30 -25 57 
-4 -8 23 -106 38 35 7 5 -74 -31 -85 -33 -29 -57 -56 -29 
8 -4 104 28 -37 37 63 0 -76 -10 
RSSI :-110 
Input angle :170
Zaxis angle :25 
minval :0 

minval :0 



-50 -43 45 -48 45 48 -51 42 -39 -53 55 -36 34 57 -57 31 
4 4 90 -73 12 61 0 14 -41 -81 -43 -76 8 -64 -30 -60 
-5 3 73 90 -61 11 -14 0 79 -42 75 -44 64 10 61 -27 
-4 -5 -94 68 -10 -61 0 -13 37 82 41 78 -9 63 30 60 
5 -4 -64 -97 61 -8 13 1 -84 36 -79 38 -63 -10 -61 28 
3 6 94 -67 9 61 -68 79 78 -11 
RSSI :-110 
Input angle :234
Zaxis angle :29 
minval :0 

minval :0 



-1 72 -73 -6 7 -72 72 9 -13 71 -71 -16 19 -71 67 23 
0 -6 -115 -18 42 -41 14 -7 -30 84 -35 80 -42 30 -27 67 
5 1 21 -115 41 43 7 14 -86 -26 -79 -34 -31 -43 -69 -26 
0 5 114 23 -42 41 -13 5 32 -84 36 -79 45 -28 30 -66 
-5 -1 -27 113 -38 -45 -7 -14 84 35 78 37 28 45 66 32 
0 -6 -113 -29 45 -39 -75 -97 73 10 
RSSI :-110 
Input angle :221
Zaxis angle :39 
minval :0 

minval :0 



42 68 -69 39 -37 -70 71 -32 28 74 -75 25 -22 -76 76 -18 
-13 8 -118 21 15 -62 13 -17 14 78 6 104 -42 31 15 77 
-9 -13 -19 -120 62 15 18 12 -79 11 -104 2 -31 -43 -78 15 
13 -8 120 -19 -16 62 -14 16 -10 -79 -1 -105 44 -28 -11 -78 
8 13 14 121 -62 -18 -17 -14 78 -8 105 1 29 43 79 -9 
-13 8 -121 12 18 -63 19 -48 -38 9 
RSSI :-110 
Input angle :184
Zaxis angle :14 
minval :0 

minval :0 



-6 -68 68 -2 1 69 -69 -2 6 -69 68 9 -13 68 -66 -14 
8 -1 114 46 -40 39 -10 14 34 -74 45 -90 56 -18 20 -66 
0 7 -44 115 -36 -41 -14 -10 72 38 90 46 16 56 67 19 
-7 1 -114 -46 42 -36 11 -13 -36 72 -47 90 -57 14 -19 66 
0 -8 53 -112 36 43 13 10 -71 -41 -88 -50 -14 -57 -65 -22 
8 -1 110 57 -41 36 82 0 24 -9 
RSSI :-110 
Input angle :175
Zaxis angle :20 
minval :0 

minval :0 



-28 52 -52 -30 32 -51 49 35 -37 47 -44 -41 44 -41 39 45 
-3 1 -71 -105 46 3 19 -10 -73 45 -88 43 -54 -7 -45 42 
0 -6 110 -60 -6 47 10 13 -40 -77 -42 -90 10 -56 -39 -46 
3 0 62 110 -46 -5 -16 12 78 -40 89 -45 55 11 49 -35 
0 4 -114 54 8 -45 -12 -16 37 80 37 92 -12 54 36 48 
-3 0 -54 -114 46 9 98 -1 -56 4 
RSSI :-110 
Input angle :168
Zaxis angle :29 
minval :0 

minval :0 



-50 3 0 -50 49 1 -1 50 -49 -3 6 -49 48 9 -11 46 
6 3 19 -121 12 36 6 0 -81 -39 -76 -28 -37 -38 -49 -12 
-3 5 121 17 -36 9 0 5 42 -79 29 -76 38 -36 13 -49 
-5 -4 -21 121 -8 -36 -5 0 79 43 75 31 34 41 48 15 
4 -5 -121 -24 37 -8 -1 -6 -43 79 -32 75 -38 36 -12 48 
6 4 24 -120 8 37 97 95 -113 -6 
RSSI :-110 
Input angle :248
Zaxis angle :54 
minval :0 

minval :0 



40 25 -27 38 -37 -28 31 -35 34 32 -33 32 -31 -35 36 -29 
-11 -1 -61 88 13 -47 4 -11 66 67 46 71 15 41 30 37 
2 -11 -85 -64 45 15 11 6 -69 63 -74 41 -42 13 -37 28 
12 1 64 -85 -16 46 -5 10 -64 -70 -43 -73 -14 -42 -28 -38 
-2 11 83 67 -45 -14 -11 -5 71 -62 73 -43 41 -11 39 -27 
-10 -2 -68 82 17 -45 121 112 40 9 
RSSI :-110 
Input angle :213
Zaxis angle :32 
minval :0 

minval :0 



23 -53 52 27 -28 51 -49 -30 34 -47 44 38 -40 41 -39 -42 
7 -5 97 60 -51 0 -17 8 59 -67 72 -53 33 -11 42 -39 
6 7 -66 93 4 -50 -8 -16 69 56 55 71 11 33 39 43 
-7 4 -93 -65 51 4 18 -7 -61 65 -73 50 -34 10 -44 38 
-4 -7 69 -91 -4 50 6 18 -64 -63 -48 -75 -8 -33 -35 -46 
8 -5 90 71 -51 -5 125 112 -17 -9 
RSSI :-110 
Input angle :168
Zaxis angle :14 
minval :0 

minval :0 



27 33 -34 25 -23 -36 37 -21 19 38 -39 18 -16 -39 39 -14 
28 -1 -91 18 14 -21 1 -3 -26 83 -21 75 -21 50 12 41 
2 28 -18 -91 20 16 2 1 -84 -25 -75 -23 -49 -24 -41 12 
-28 1 91 -18 -15 20 -1 3 26 -84 23 -75 24 -49 -12 -41 
0 -28 11 92 -21 -15 -2 -1 83 29 75 25 48 25 42 -10 
28 0 -93 10 16 -20 28 -97 -105 41 
RSSI :-110 
Input angle :196
Zaxis angle :39 
minval :0 

minval :0 



55 -7 4 55 -55 3 0 -55 56 4 -6 55 -54 -8 10 -53 
5 -10 -7 109 -21 -26 -2 -7 79 37 81 24 46 33 54 13 
10 6 -108 -11 28 -20 7 -3 -37 79 -25 80 -33 45 -14 54 
-5 10 9 -107 18 27 3 7 -79 -36 -80 -27 -44 -35 -53 -13 
-10 -6 108 6 -28 20 -6 3 38 -79 31 -79 36 -43 13 -54 
7 -9 -14 108 -19 -27 -99 0 -30 4 
RSSI :-110 
Input angle :196
Zaxis angle :32 
minval :0 

minval :0 



3 -55 56 5 -7 54 -55 -9 13 -53 53 15 -18 53 -50 -20 
2 -26 109 17 -28 12 -18 7 45 -74 42 -79 37 -25 20 -51 
25 2 -19 109 -11 -29 -7 -19 74 46 78 41 26 37 51 23 
-2 26 -108 -25 28 -10 19 -6 -47 74 -46 76 -36 25 -24 50 
-25 -2 24 -108 10 29 5 18 -71 -49 -75 -48 -23 -39 -49 -25 
4 -25 106 31 -30 8 93 112 -51 -10 
RSSI :-110 
Input angle :175
Zaxis angle :29 
minval :0 

minval :0 



-23 -54 52 -19 20 57 -56 17 -10 -57 56 -12 7 61 -59 3 
-25 -19 117 -18 -25 40 2 -4 23 -70 7 -91 34 -30 0 -58 
26 -16 11 115 -38 -26 6 2 72 25 91 9 28 36 57 -2 
18 27 -117 11 29 -37 0 2 -28 70 -12 93 -37 28 -2 57 
-26 18 -4 -119 35 33 0 0 -70 -28 -92 -14 -26 -38 -57 -8 
-20 -26 119 -2 -30 35 60 -96 74 -9 
RSSI :-110 
Input angle :179
Zaxis angle :51 
minval :0 

minval :0 



-7 -59 59 -4 1 59 -60 -1 4 -60 59 7 -11 59 -57 -14 
0 -15 122 15 -40 30 -13 3 28 -78 24 -88 38 -17 17 -57 
15 2 -14 122 -30 -40 -2 -14 77 29 87 25 16 39 58 15 
-2 15 -121 -22 40 -30 13 -3 -34 75 -30 85 -39 14 -18 56 
-15 -3 23 -121 28 42 3 14 -75 -34 -84 -32 -13 -40 -57 -19 
3 -15 121 21 -43 25 73 96 -93 -10 
RSSI :-110 
Input angle :175
Zaxis angle :20 
minval :0 

minval :0 



33 -55 52 36 -39 51 -50 -42 44 -47 44 46 -47 44 -42 -49 
18 0 99 82 -59 2 -26 -1 60 -57 72 -62 34 15 52 -39 
-1 18 -89 92 -1 -58 3 -25 58 59 62 70 -16 31 38 52 
-19 -1 -95 -86 57 0 26 2 -65 50 -73 59 -32 -17 -52 37 
1 -18 89 -93 -1 58 -3 26 -55 -62 -59 -73 17 -32 -36 -53 
18 1 90 90 -57 -3 -122 -96 -56 -7 
RSSI :-110 
Input angle :182
Zaxis angle :14 
minval :0 

minval :0 



68 -2 -1 68 -68 -5 8 -68 66 12 -15 66 -66 -17 22 -64 
22 5 -17 122 -33 -41 -25 -12 71 18 84 20 0 48 65 24 
-5 22 -122 -16 42 -33 14 -23 -22 72 -20 84 -47 -1 -27 64 
-22 -6 17 -120 33 42 23 12 -71 -23 -83 -27 1 -48 -62 -28 
6 -22 120 22 -43 31 -13 23 20 -72 24 -83 47 1 26 -63 
21 7 -25 119 -30 -43 -113 80 -43 2 
RSSI :-110 
Input angle :188
Zaxis angle :20 
minval :0 

minval :0 



60 -25 21 62 -62 19 -18 -63 65 -13 10 65 -65 6 -2 -64 
36 -28 20 122 -48 -13 -19 6 67 22 80 -28 34 55 66 -2 
27 36 -122 19 14 -47 -6 -19 -23 67 27 81 -57 31 0 66 
-36 27 -16 -122 48 15 20 -6 -66 -25 -81 25 -31 -58 -65 -3 
-25 -38 123 -9 -18 45 5 20 28 -65 -23 -83 59 -29 5 -65 
38 -24 4 123 -46 -18 -127 32 99 3 
RSSI :-110 
Input angle :184
Zaxis angle :14 
minval :0 

minval :0 



34 -50 48 35 -38 49 -47 -39 41 -45 41 45 -48 37 -35 -49 
-7 -40 83 90 -55 3 -1 -5 79 -12 53 -61 70 19 49 -37 
39 -8 -87 85 -5 -54 5 -2 14 79 60 54 -22 70 37 49 
7 39 -81 -91 53 -3 2 4 -80 11 -55 58 -70 -23 -49 37 
-40 7 91 -81 2 53 -5 2 -11 -80 -58 -56 25 -69 -35 -50 
-5 -40 78 93 -54 0 -95 -96 25 -1 
RSSI :-110 
Input angle :195
Zaxis angle :29 
minval :0 

minval :0 



-31 -44 48 -29 26 48 -49 23 -19 -51 52 -16 14 53 -53 14 
-21 1 115 -38 -15 49 -17 1 14 -95 -24 -73 34 -63 -14 -53 
-1 -20 33 117 -49 -16 0 -18 95 17 75 -20 60 38 54 -10 
21 0 -117 29 20 -47 18 0 -23 94 20 74 -38 60 10 55 
0 21 -24 -119 48 21 0 18 -93 -24 -74 17 -58 -39 -54 8 
-20 0 118 -29 -20 47 53 80 90 -12 
RSSI :-110 
Input angle :199
Zaxis angle :32 
minval :0 

minval :0 



-55 33 -30 -58 59 -26 25 59 -60 25 -21 -62 63 -15 11 63 
-7 -3 -31 -118 50 27 24 26 -99 18 -93 12 -44 -9 -64 9 
4 -7 118 -28 -30 48 -27 23 -18 -100 -13 -93 9 -44 -13 -65 
7 3 23 119 -49 -30 -23 -26 98 -19 94 -9 44 9 64 -11 
-3 6 -118 27 29 -49 28 -22 18 99 7 93 -10 44 11 64 
-6 -3 -21 -119 48 30 58 63 77 2 
RSSI :-110 
Input angle :167
Zaxis angle :20 
minval :0 

minval :0 



-34 60 -58 -38 40 -56 54 44 -46 52 -48 -49 52 -45 43 54 
-21 5 -83 -91 65 0 42 0 -66 67 -77 59 -43 2 -55 44 
-6 -21 91 -82 0 66 1 41 -61 -72 -58 -79 0 -42 -42 -55 
21 -6 77 95 -67 0 -42 1 72 -61 80 -54 42 0 56 -40 
5 20 -98 75 3 -65 2 -42 57 75 53 82 0 43 37 59 
-21 4 -71 -101 65 2 109 -97 -84 7 
RSSI :-110 
Input angle :168
Zaxis angle :20 
minval :0 

minval :0 



-71 16 -13 -72 71 -11 2 72 -73 3 0 -73 72 4 -6 72 
-22 -7 12 -120 54 45 36 22 -85 -3 -100 -11 -25 -42 -69 -10 
6 -25 119 14 -45 48 -19 34 8 -85 15 -100 43 -24 9 -70 
28 9 -13 122 -51 -49 -32 -23 88 8 101 15 23 43 68 15 
-7 26 -118 -12 48 -46 24 -31 -4 89 -17 100 -44 22 -16 65 
-26 -7 23 -118 49 46 84 79 -119 -1 
RSSI :-110 
Input angle :175
Zaxis angle :0 
minval :0 

minval :0 



-69 -4 6 -73 73 13 -13 73 -68 -15 21 -65 67 28 -27 68 
-26 -10 41 -116 40 63 26 31 -81 -28 -98 -32 -9 -53 -63 -28 
11 -27 117 42 -59 38 -30 25 30 -80 29 -98 53 -7 34 -65 
27 12 -52 113 -37 -60 -23 -31 79 31 96 35 10 56 63 36 
-12 23 -112 -49 60 -37 33 -22 -33 76 -40 95 -54 3 -32 65 
-23 -9 47 -116 38 65 105 -65 -84 -5 
RSSI :-110 
Input angle :181
Zaxis angle :14 
minval :0 

minval :0 



-73 -9 13 -73 71 18 -23 70 -69 -28 31 -67 66 34 -35 64 
-23 -7 60 -109 35 61 19 26 -68 -47 -95 -36 -4 -66 -65 -37 
7 -23 109 60 -62 34 -27 18 48 -68 37 -95 65 -3 39 -63 
23 9 -66 106 -33 -63 -17 -27 67 49 92 42 2 66 62 43 
-12 19 -103 -62 61 -29 25 -12 -52 61 -41 92 -69 1 -47 58 
-19 -13 65 -102 34 65 -126 31 91 -7 
RSSI :-110 
Input angle :134
Zaxis angle :68 
minval :0 

minval :0 



72 14 -18 71 -69 -22 26 -68 67 29 -34 65 -62 -37 38 -61 
13 7 -71 100 -35 -44 -7 -17 56 43 86 48 7 71 60 43 
-7 12 -97 -74 45 -33 18 -6 -45 54 -46 87 -70 6 -43 60 
-12 -7 76 -95 32 45 7 17 -54 -47 -85 -48 -6 -71 -58 -43 
7 -13 97 74 -46 32 -17 6 48 -51 50 -85 71 -1 45 -58 
11 8 -78 94 -33 -44 106 -80 -14 5 
RSSI :-110 
Input angle :173
Zaxis angle :0 
minval :0 

minval :0 



-52 47 -45 -53 55 -43 40 57 -59 38 -35 -60 62 -32 30 63 
-11 13 -35 -116 60 2 11 5 -69 24 -91 42 -53 -41 -65 26 
-13 -12 115 -39 -2 60 -4 12 -25 -68 -42 -92 38 -54 -24 -67 
12 -13 33 117 -61 -2 -12 -4 68 -22 92 -38 50 43 66 -24 
11 13 -117 31 5 -60 4 -10 23 68 41 93 -44 51 21 67 
-13 12 -25 -119 60 7 116 47 -89 2 
RSSI :-110 
Input angle :181
Zaxis angle :14 
minval :0 

minval :0 



-40 -60 63 -37 34 66 -68 30 -26 -68 69 -23 20 72 -71 16 
-13 -17 124 -13 -20 55 -2 11 -7 -77 -20 -102 45 -39 -14 -72 
18 -13 10 124 -55 -23 -12 -3 77 -5 101 -19 39 46 72 -13 
13 18 -125 11 23 -55 3 -11 5 76 14 102 -48 35 11 73 
-19 12 -10 -124 55 20 11 3 -77 6 -102 15 -37 -47 -73 10 
-12 -18 124 -6 -23 55 -7 -17 83 -10 
RSSI :-110 
Input angle :181
Zaxis angle :20 
minval :0 

minval :0 



22 -75 74 25 -29 73 -71 -33 36 -69 68 38 -42 65 -61 -46 
6 -16 95 79 -53 20 -16 6 53 -61 61 -80 59 0 51 -60 
15 7 -80 94 -17 -54 -7 -15 60 54 79 60 0 60 61 49 
-7 16 -91 -83 54 -19 16 -5 -55 59 -62 79 -59 -2 -51 58 
-16 -6 86 -88 16 55 6 16 -59 -57 -77 -64 2 -59 -58 -51 
8 -15 90 86 -54 16 114 -16 -14 -8 
RSSI :-110 
Input angle :175
Zaxis angle :20 
minval :0 

minval :0 



56 -46 42 58 -61 38 -36 -63 64 -35 32 65 -67 29 -24 -67 
7 -6 29 121 -53 -8 -26 -2 77 -15 95 -31 56 40 69 -23 
6 8 -121 27 8 -53 3 -26 13 78 29 95 -41 56 21 70 
-8 5 -23 -123 53 10 25 3 -78 10 -97 24 -55 -42 -71 17 
-6 -8 124 -21 -11 52 -4 26 -8 -79 -19 -99 44 -54 -18 -71 
7 -5 16 123 -53 -15 -99 -32 -108 -2 
RSSI :-110 
Input angle :181
Zaxis angle :0 
minval :0 

minval :0 



51 40 -42 50 -47 -45 47 -44 43 49 -51 41 -37 -53 55 -34 
2 11 -109 56 0 -60 0 -35 39 76 60 83 -23 66 34 56 
-11 2 -51 -112 60 0 36 1 -77 36 -82 59 -66 -23 -58 31 
-2 -11 110 -53 0 59 0 35 -34 -78 -57 -85 26 -65 -31 -59 
11 -2 51 112 -59 -3 -36 -3 79 -32 86 -53 64 28 58 -31 
2 11 -114 49 2 -60 69 48 -51 9 
RSSI :-110 
Input angle :184
Zaxis angle :14 
minval :0 

minval :0 



-70 21 -20 -70 72 -16 13 73 -74 9 -6 -74 74 -3 -1 72 
-30 -10 0 0 64 47 52 9 -96 10 -108 14 -34 -41 -74 -3 
11 -31 127 4 -49 62 -11 51 -8 -96 -16 -107 42 -32 0 -75 
31 10 -3 127 -61 -50 -53 -8 96 -6 108 -11 34 41 75 4 
-11 30 -126 -6 49 -62 11 -52 8 96 10 107 -43 32 -5 73 
-31 -11 7 0 59 53 61 79 -6 0 
RSSI :-110 
Input angle :168
Zaxis angle :0 
minval :0 

minval :0 



34 69 -68 32 -29 -71 73 -22 19 75 -75 17 -13 -75 76 -10 
-6 35 -126 20 28 -74 -5 -45 23 83 30 103 -36 46 9 77 
-35 -6 -15 -126 73 30 47 -3 -82 26 -104 29 -43 -40 -77 8 
8 -34 125 -15 -31 74 4 45 -20 -85 -28 -103 39 -43 -4 -77 
34 8 10 126 -73 -32 -46 2 86 -16 104 -27 41 42 78 -2 
-9 34 -127 2 36 -71 37 -16 -51 10 
RSSI :-110 
Input angle :181
Zaxis angle :25 
minval :0 

minval :0 



36 -15 14 36 -36 12 -11 -37 37 -8 7 38 -38 5 -3 -38 
16 2 1 67 -33 -12 -19 0 43 -2 50 -11 26 22 38 -3 
-3 15 -66 3 12 -33 1 -18 2 42 12 50 -22 26 2 39 
-16 -3 0 -67 33 13 18 1 -42 1 -50 11 -26 -23 -39 2 
4 -15 67 0 -14 33 0 19 -2 -43 -10 -50 23 -25 0 -38 
15 4 -1 67 -33 -13 -85 32 -97 -1 
RSSI :-110 
Input angle :168
Zaxis angle :25 
minval :0 

minval :0 



32 -7 5 32 -33 2 -1 -33 33 0 -1 33 -33 -3 4 -32 
8 5 -16 64 -28 -15 -6 -9 45 4 46 2 24 29 32 6 
-5 8 -64 -16 15 -28 8 -6 -7 44 -1 46 -29 22 -5 32 
-8 -5 18 -64 28 17 5 8 -44 -6 -46 -3 -23 -29 -32 -5 
6 -8 64 16 -17 28 -8 5 8 -44 3 -46 30 -22 7 -32 
8 6 -18 63 -28 -17 -78 32 108 2 
RSSI :-110 
Input angle :175
Zaxis angle :20 
minval :0 

minval :0 



-46 -46 47 -44 42 49 -52 39 -36 -54 56 -32 29 59 -58 28 
7 -28 126 -42 2 66 -8 18 -40 -80 -38 -86 23 -72 -24 -61 
28 7 36 127 -67 0 -17 -9 82 -36 87 -34 72 25 61 -23 
-7 27 -127 36 3 -66 9 -18 34 82 33 88 -26 72 24 62 
-27 -7 -34 -127 67 4 17 9 -82 34 -89 34 -71 -26 -62 23 
8 -27 127 -34 -3 66 -68 -65 -97 -11 
RSSI :-110 
Input angle :170
Zaxis angle :20 
minval :0 

minval :0 



-70 -6 11 -69 69 14 -17 68 -67 -20 24 -66 65 27 -29 64 
-12 -30 76 -115 46 52 12 24 -78 -33 -87 -44 -24 -73 -62 -35 
31 -10 115 75 -53 44 -24 10 34 -76 46 -86 74 -22 33 -62 
11 30 -79 111 -44 -53 -9 -24 76 35 86 46 20 74 61 34 
-31 11 -111 -79 51 -46 24 -10 -38 75 -50 84 -74 20 -35 62 
-9 -31 84 -108 40 55 102 -113 119 -5 
RSSI :-110 
Input angle :123
Zaxis angle :64 
minval :0 

minval :0 



34 -22 20 34 -35 20 -19 -35 36 -16 15 36 -37 13 -11 -38 
14 7 10 68 -37 -6 -12 -2 38 -9 45 -11 33 22 39 -9 
-7 14 -69 10 6 -36 1 -12 8 39 9 46 -22 33 9 39 
-14 -8 -10 -68 36 7 11 2 -38 8 -46 7 -31 -24 -39 7 
8 -13 69 -8 -5 36 -2 11 -7 -39 -9 -45 24 -30 -6 -39 
14 8 8 69 -36 -9 -99 0 52 -2 
RSSI :-110 
Input angle :175
Zaxis angle :20 
minval :0 

minval :0 



-85 -5 10 -85 85 15 -19 84 -83 -23 28 -82 80 33 -36 78 
-11 -29 67 -123 49 62 13 14 -75 -32 -87 -40 -19 -73 -78 -38 
29 -9 124 67 -67 46 -14 14 33 -75 44 -86 73 -19 38 -78 
8 29 -70 123 -47 -65 -13 -14 73 36 85 45 19 73 77 39 
-29 8 -122 -71 65 -47 15 -12 -38 73 -45 85 -74 19 -43 75 
-9 -29 72 -121 43 67 110 63 52 -5 
RSSI :-110 
Input angle :175
Zaxis angle :20 
minval :0 

minval :0 



68 51 -54 66 -63 -58 60 -59 57 64 -66 54 -51 -67 68 -48 
-10 21 -121 63 -7 -83 -1 -15 45 75 49 84 -21 73 43 73 
-20 -11 -60 -121 82 -5 15 -1 -76 44 -84 48 -72 -19 -76 42 
11 -20 123 -56 1 84 1 15 -41 -77 -50 -83 24 -72 -41 -76 
20 11 57 123 -83 1 -15 0 78 -39 88 -41 74 21 75 -40 
-11 20 -123 55 -1 -83 82 -48 -40 9 
RSSI :-110 
Input angle :168
Zaxis angle :20 
minval :0 

minval :0 



-35 19 -18 -36 36 -15 12 38 -38 9 -8 -39 39 -6 5 39 
-4 -8 -3 -69 42 15 4 0 -47 6 -42 3 -33 -25 -40 5 
7 -5 69 -2 -15 42 0 4 -4 -47 -3 -42 26 -34 -4 -40 
4 8 2 69 -42 -17 -4 0 47 -5 42 -3 33 26 40 -4 
-7 5 -69 -1 17 -42 0 -4 2 47 0 42 -27 32 1 40 
-4 -8 4 -69 41 17 63 31 -102 0 
RSSI :-110 
Input angle :175
Zaxis angle :25 
minval :0 

minval :0 



-46 61 -58 -49 50 -57 56 50 -54 53 -50 -56 60 -47 43 61 
-12 -13 -68 -116 82 -2 5 -1 -78 44 -84 43 -73 -18 -65 42 
14 -11 116 -68 2 81 0 6 -42 -80 -42 -85 18 -73 -38 -66 
11 14 63 119 -82 -1 -6 0 81 -39 86 -38 73 20 64 -40 
-14 11 -124 55 1 -81 0 -6 38 81 38 87 -22 72 39 66 
-10 -14 -53 -125 81 8 91 15 -61 4 
RSSI :-110 
Input angle :215
Zaxis angle :14 
minval :0 

minval :0 



68 24 -28 66 -65 -31 35 -63 61 38 -41 59 -58 -43 44 -55 
-4 24 -88 101 -40 -80 -4 -8 58 49 75 65 0 79 54 49 
-24 -5 -105 -86 80 -37 9 -4 -52 56 -65 74 -80 1 -48 54 
5 -23 94 -96 39 80 4 8 -55 -53 -73 -67 5 -79 -54 -49 
23 6 95 95 -80 35 -9 4 53 -54 68 -72 80 5 49 -53 
-6 23 -99 90 -32 -83 104 -16 16 7 
RSSI :-110 
Input angle :175
Zaxis angle :20 
minval :0 

minval :0 



29 -23 22 29 -30 21 -20 -31 32 -18 16 33 -34 15 -13 -34 
7 0 21 66 -37 0 -2 1 36 -7 43 -17 33 16 36 -11 
0 7 -66 20 2 -37 -1 -2 6 36 15 43 -17 32 11 36 
-7 0 -18 -67 37 2 2 -1 -36 6 -44 14 -32 -17 -36 11 
0 -7 68 -16 -3 37 1 2 -3 -36 -13 -44 17 -32 -9 -36 
7 0 17 67 -37 -4 -111 -16 -105 -2 
RSSI :-110 
Input angle :170
Zaxis angle :25 
minval :0 

minval :0 



-60 16 -13 -60 61 -11 7 61 -62 2 0 -62 62 2 -5 61 
-1 -10 17 -124 67 44 5 6 -85 -10 -94 -26 -41 -49 -62 -7 
11 0 125 18 -46 65 -5 5 9 -85 24 -94 51 -38 8 -62 
0 11 -18 124 -65 -46 -5 -5 85 12 93 28 36 53 62 9 
-11 0 -124 -20 50 -64 5 -5 -16 84 -25 94 -53 37 -12 62 
0 -11 20 -123 65 48 83 -113 -93 -2 
RSSI :-110 
Input angle :175
Zaxis angle :20 
minval :0 

minval :0 



12 38 -39 10 -7 -39 40 -7 6 39 -40 4 -1 -40 40 0 
-10 2 -65 1 21 -38 9 -9 4 47 -5 51 -21 21 -1 40 
-1 -10 -1 -65 36 23 9 9 -46 4 -51 -5 -21 -21 -40 -2 
10 -2 65 0 -23 36 -9 9 -2 -47 5 -50 22 -20 3 -40 
1 10 0 65 -37 -23 -8 -9 47 -2 51 5 20 22 40 3 
-10 1 -65 -2 24 -36 0 -112 -69 11 
RSSI :-110 
Input angle :175
Zaxis angle :20 
minval :0 

minval :0 



-49 54 -51 -53 56 -48 47 57 -58 44 -40 -62 64 -35 32 64 
-20 -13 -56 -119 80 -9 10 7 -85 33 -86 47 -76 -29 -67 31 
13 -20 120 -54 3 81 -6 10 -32 -85 -43 -88 31 -76 -29 -68 
19 14 51 122 -81 2 -10 -6 85 -30 90 -42 76 32 70 -27 
-15 19 -122 51 -3 -81 7 -8 26 88 41 91 -33 76 28 69 
-18 -15 -47 -123 81 0 79 63 65 3 
RSSI :-110 
Input angle :170
Zaxis angle :20 
minval :0 

minval :0 



52 -33 33 52 -54 30 -26 -55 57 -22 19 58 -58 17 -14 -59 
15 11 26 120 -72 -12 -15 -24 90 -16 95 -35 74 38 60 -13 
-12 15 -121 16 11 -72 24 -14 17 89 30 95 -43 71 13 60 
-15 -13 -16 -122 72 15 13 25 -89 12 -96 29 -71 -41 -60 10 
13 -14 122 -18 -16 73 -24 14 -11 -90 -32 -95 46 -69 -6 -62 
15 13 14 121 -72 -18 -77 32 112 -2 
RSSI :-110 
Input angle :196
Zaxis angle :20 
minval :0 

minval :0 



-30 10 -8 -30 31 -6 5 31 -32 2 0 -32 32 0 0 31 
-12 -5 1 -66 31 12 13 4 -41 1 -48 10 -32 -25 -32 -1 
5 -12 66 3 -12 30 -3 13 0 -41 -10 -48 26 -33 1 -32 
12 5 -2 66 -30 -13 -13 -4 41 0 48 -8 31 27 32 3 
-5 12 -66 -4 14 -30 5 -12 -1 40 5 48 -28 29 -4 32 
-12 -6 6 -66 29 16 93 -33 119 -1 
RSSI :-110 
Input angle :168
Zaxis angle :25 
minval :0 

minval :0 



-12 55 -58 -19 26 -54 57 26 -24 53 -48 -28 34 -47 45 29 
-1 9 -101 -71 53 -27 10 -19 -43 79 -39 83 -56 21 -38 50 
-8 4 78 -102 24 56 12 12 -76 -43 -81 -41 -25 -60 -42 -35 
2 -7 99 75 -55 24 -11 18 45 -75 40 -82 55 -22 42 -46 
6 2 -85 97 -23 -55 -18 -12 73 46 79 46 20 56 43 36 
2 9 -95 -83 57 -21 -92 -1 17 9 
RSSI :-110 
Input angle :181
Zaxis angle :32 
minval :0 

minval :0 



53 29 -31 51 -49 -34 35 -48 45 39 -41 43 -40 -42 45 -39 
0 0 -85 86 -12 -65 -10 -22 60 66 73 58 8 64 39 46 
0 0 -85 -87 64 -11 23 -9 -70 57 -60 69 -64 8 -46 38 
0 0 91 -82 9 66 9 23 -55 -70 -69 -62 -6 -64 -37 -48 
0 0 79 93 -64 9 -23 9 71 -55 61 -70 66 -5 48 -36 
0 0 -93 78 -6 -65 112 -48 -19 8 
RSSI :-110 
Input angle :230
Zaxis angle :41 
minval :0 

minval :0 



46 -34 30 54 -50 29 -23 -47 52 -24 19 50 -55 21 -13 -60 
-4 14 27 108 -69 -30 -29 -2 94 -9 88 -25 55 28 53 -12 
-13 -6 -113 31 35 -64 7 -21 4 94 24 88 -31 54 12 52 
8 -7 -33 -113 68 35 24 7 -95 4 -90 24 -60 -32 -58 8 
11 7 111 -29 -35 63 -8 26 -7 -94 -19 -89 33 -60 -10 -55 
-11 7 28 110 -65 -35 -66 -64 -126 -1 
RSSI :-110 
Input angle :230
Zaxis angle :32 
minval :0 

minval :0 



-18 47 -46 -20 23 -44 44 23 -27 42 -42 -29 31 -39 38 31 
-2 -27 -96 -59 67 -25 27 -8 -64 75 -55 68 -55 19 -34 36 
27 -2 54 -98 22 68 6 27 -72 -68 -66 -55 -19 -55 -37 -35 
2 27 95 58 -70 18 -28 5 70 -70 57 -66 56 -18 36 -36 
-28 1 -59 95 -18 -69 -4 -27 70 69 62 60 18 57 33 42 
-3 -29 -92 -68 68 -15 114 31 -47 8 
RSSI :-110 
Input angle :234
Zaxis angle :36 
minval :0 

minval :0 



37 26 -28 36 -33 -30 32 -32 30 34 -35 28 -26 -37 38 -24 
-28 0 -53 78 -16 -65 -2 -29 59 66 54 59 13 49 23 39 
0 -28 -79 -52 65 -13 29 -1 -67 58 -61 52 -49 11 -40 22 
28 0 58 -74 14 65 1 29 -58 -66 -49 -64 -10 -49 -22 -40 
0 28 75 57 -66 10 -29 0 67 -57 64 -49 49 -9 41 -20 
-28 -1 -58 73 -13 -66 -88 17 119 35 
RSSI :-110 
Input angle :169
Zaxis angle :32 
minval :0 

minval :0 



36 -19 19 35 -40 24 -16 -38 43 -14 11 44 -44 9 -7 -43 
-2 23 68 64 -60 6 -33 -3 72 -39 69 -43 50 3 41 -14 
-21 2 -67 66 -5 -60 -1 -30 40 73 35 73 -3 54 8 39 
0 -22 -64 -69 64 -7 27 2 -77 33 -74 35 -54 -5 -42 11 
18 7 71 -59 3 67 0 31 -37 -71 -34 -72 9 -49 -3 -44 
-6 22 59 73 -64 1 88 -46 53 -17 
RSSI :-110 
Input angle :207
Zaxis angle :29 
minval :0 

minval :0 



34 -14 14 41 -38 10 -9 -42 42 -11 3 43 -46 4 -4 -42 
-11 12 43 82 -62 -12 -27 -11 75 -19 80 -19 45 16 44 0 
-13 -11 -84 41 10 -62 14 -28 21 76 19 80 -19 43 0 42 
9 -14 -38 -85 59 11 27 13 -78 17 -81 15 -44 -20 -45 0 
14 11 84 -35 -12 62 -13 24 -18 -77 -16 -80 22 -44 1 -46 
-8 13 34 85 -61 -14 120 -110 104 -7 
RSSI :-110 
Input angle :204
Zaxis angle :36 
minval :0 

minval :0 



46 -17 16 46 -44 13 -10 -48 46 -9 6 46 -46 4 0 -47 
-14 11 31 104 -65 -23 -21 -20 84 -14 86 -8 40 26 50 0 
-13 -14 -103 33 21 -62 21 -26 9 87 9 87 -27 40 0 50 
15 -11 -31 -102 62 25 20 21 -86 8 -87 4 -40 -31 -47 -2 
13 14 106 -30 -24 61 -22 24 -5 -87 -3 -86 27 -42 1 -48 
-11 13 22 106 -63 -28 -87 -48 8 -1 
RSSI :-110 
Input angle :209
Zaxis angle :36 
minval :0 

minval :0 



42 -26 23 42 -44 22 -19 -45 46 -18 15 47 -47 12 -9 -47 
-10 10 46 99 -66 -12 -23 -16 83 -19 84 -21 47 21 48 -6 
-11 -11 -101 41 12 -65 17 -22 17 83 16 84 -24 45 5 49 
10 -11 -41 -101 65 15 22 18 -84 15 -85 15 -46 -23 -49 6 
10 11 101 -39 -14 65 -16 23 -14 -83 -17 -84 24 -45 -4 -50 
-10 10 35 103 -66 -16 -87 -96 112 -2 
RSSI :-110 
Input angle :212
Zaxis angle :36 
minval :0 

minval :0 



53 -7 2 54 -54 0 1 -54 53 4 -6 53 -53 -10 12 -51 
-12 8 -10 115 -56 -45 -12 -25 87 22 82 22 32 45 51 16 
-8 -13 -114 -11 46 -56 25 -13 -23 86 -27 81 -46 30 -17 51 
12 -7 10 -115 52 49 12 26 -85 -28 -82 -24 -30 -46 -51 -18 
8 13 114 17 -49 52 -26 10 31 -83 30 -80 46 -30 21 -49 
-14 7 -16 114 -52 -50 -88 80 -38 3 
RSSI :-110 
Input angle :204
Zaxis angle :32 
minval :0 

minval :0 



-63 3 -1 -63 63 2 -4 63 -62 -7 11 -62 61 14 -17 60 
15 -9 15 -125 49 52 7 21 -89 -36 -80 -32 -38 -46 -60 -19 
8 14 124 19 -53 48 -21 6 36 -88 32 -80 47 -38 21 -60 
-15 7 -18 124 -49 -52 -7 -22 88 39 79 33 36 50 61 21 
-7 -15 -123 -25 54 -46 21 -7 -40 86 -34 79 -51 33 -23 59 
15 -7 26 -122 46 55 84 -17 -92 -6 
RSSI :-110 
Input angle :215
Zaxis angle :32 
minval :0 

minval :0 



-11 -31 32 -10 9 32 -33 7 -6 -33 33 -4 2 33 -33 1 
3 5 63 -12 -17 29 -6 4 5 -46 2 -43 17 -26 0 -34 
-5 3 10 63 -28 -19 -4 -7 46 7 42 4 25 18 34 1 
-2 -5 -64 10 19 -28 7 -4 -8 46 -3 42 -18 26 -2 34 
5 -2 -8 -63 29 19 4 7 -45 -10 -42 -6 -24 -20 -34 -1 
2 6 65 -5 -22 26 42 0 118 -12 
RSSI :-110 
Input angle :212
Zaxis angle :36 
minval :0 

minval :0 



62 27 -29 61 -61 -30 35 -58 55 37 -39 54 -52 -43 47 -48 
-8 -5 -71 109 -18 -65 1 -11 56 72 57 59 15 62 48 48 
6 -7 -105 -78 65 -16 9 1 -70 58 -60 57 -63 14 -47 48 
7 6 75 -106 16 65 -2 9 -50 -75 -53 -62 -9 -65 -47 -49 
-7 8 101 80 -67 14 -9 -2 76 -50 62 -54 64 -12 50 -46 
-8 -7 -80 102 -16 -66 104 112 84 9 
RSSI :-110 
Input angle :225
Zaxis angle :36 
minval :0 

minval :0 



-55 -36 39 -53 51 42 -45 47 -46 -48 47 -44 43 49 -51 40 
7 8 93 -91 3 68 -1 7 -39 -82 -47 -66 -3 -65 -40 -52 
-8 7 91 91 -67 4 -6 -2 83 -37 66 -47 66 -3 54 -37 
-7 -9 -93 89 -1 -66 3 -6 34 85 44 68 1 66 37 56 
8 -5 -88 -94 67 0 6 1 -86 31 -68 43 -65 0 -56 35 
7 9 100 -80 -3 67 -65 -33 68 -11 
RSSI :-110 
Input angle :217
Zaxis angle :36 
minval :0 

minval :0 



64 -19 15 65 -65 10 -4 -66 66 -2 0 67 -67 -2 6 -66 
-6 1 19 125 -57 -38 -5 -4 90 19 81 3 55 35 66 5 
-2 -7 -126 15 37 -58 5 -5 -21 91 -3 81 -38 53 -9 67 
6 0 -11 -126 56 38 4 5 -89 -21 -81 -2 -55 -35 -66 -8 
1 7 126 -13 -38 56 -6 4 23 -89 8 -80 39 -53 11 -65 
-6 1 2 127 -55 -40 -77 0 -1 2 
RSSI :-110 
Input angle :209
Zaxis angle :39 
minval :0 

minval :0 



-64 -9 15 -64 62 17 -20 61 -60 -22 25 -59 58 28 -31 56 
6 0 30 -122 42 53 5 7 -76 -50 -75 -29 -37 -52 -55 -34 
0 6 122 31 -53 41 -8 5 53 -74 36 -73 53 -35 35 -54 
-4 -1 -36 121 -40 -54 -4 -8 72 55 72 37 36 53 53 37 
2 -4 -120 -36 55 -38 8 -4 -56 70 -38 71 -54 34 -36 53 
6 1 40 -118 36 57 115 -33 -36 -8 
RSSI :-110 
Input angle :209
Zaxis angle :39 
minval :0 

minval :0 


