
35 21 -18 46 -44 -7 9 -30 28 24 -11 28 -27 -26 34 -35 
1 -58 34 31 -56 -42 102 -28 -1 -43 -44 0 42 -31 28 40 
53 16 -18 27 52 -30 7 104 45 17 4 -46 14 33 -32 17 
-28 58 -8 -26 20 46 -101 -7 -26 37 41 18 -35 3 -17 -31 
-52 -26 27 -18 -47 4 21 -78 -33 -31 -26 34 18 -54 37 -10 
56 -39 3 45 -8 -67 79 -64 -54 -4 
RSSI :-110 
Input angle :312
Zaxis angle :49 
minval :0 

minval :0 



-42 14 -12 -41 43 -8 5 45 -45 2 0 -44 44 2 -5 44 
38 21 -35 4 47 24 -18 97 39 14 10 -44 -3 54 -41 -12 
-28 33 3 -35 -33 41 -88 -45 -20 35 41 20 -52 -14 22 -38 
-26 -35 32 12 -32 -42 64 -74 -30 -29 -29 36 29 -48 32 30 
40 -17 -19 31 48 -21 60 78 34 -24 -27 -35 39 36 -35 25 
7 42 -25 -26 11 52 32 -96 -7 4 
RSSI :-110 
Input angle :313
Zaxis angle :36 
minval :0 

minval :0 



0 -65 65 4 -6 65 -65 -9 13 -64 62 15 -19 62 -60 -24 
18 38 -19 -48 -21 53 -99 33 11 31 50 -22 -25 -8 36 -53 
-41 9 51 -7 -45 -33 -10 -107 -36 6 11 52 13 -21 43 49 
11 -37 5 53 40 -42 108 7 7 -28 -54 -5 21 20 -65 32 
43 5 -53 -7 30 49 -35 97 27 12 16 -52 -28 25 -19 -61 
-19 37 30 -42 -56 28 -44 -33 0 3 
RSSI :-110 
Input angle :323
Zaxis angle :14 
minval :0 

minval :0 



65 -86 80 71 -77 75 -71 -80 84 -67 61 88 -91 56 -51 -93 
-42 32 81 -87 -104 30 -77 -97 6 0 30 43 3 -25 103 -33 
-23 -48 65 100 -23 -105 102 -72 0 5 -49 20 24 4 5 107 
49 -20 -112 41 108 14 31 121 -5 -2 -8 -50 -13 21 -106 -17 
3 53 -14 -118 -39 101 -125 6 3 -5 51 7 -17 -19 40 -99 
-52 -10 119 6 -89 -62 7 0 -78 0 
RSSI :-110 
Input angle :336
Zaxis angle :14 
minval :0 

minval :0 



25 35 -36 23 -20 -38 39 -18 15 40 -40 13 -11 -41 41 -8 
-25 -35 20 23 -7 -20 63 -23 -9 -4 -44 11 27 -6 -1 42 
40 -17 -27 15 21 -2 11 66 5 -8 -2 -44 0 28 -41 -10 
8 42 -9 -30 -2 21 -66 -5 6 7 44 8 -28 -5 17 -38 
-43 -1 31 -1 -20 -6 22 -63 -9 4 -20 40 11 -25 32 27 
10 -42 -5 31 11 -18 -12 15 122 -3 
RSSI :-110 
Input angle :326
Zaxis angle :14 
minval :0 

minval :0 



-68 28 -59 -76 50 -34 26 76 -73 20 -26 -70 55 -27 23 88 
82 -37 -37 94 75 -2 39 39 0 -36 -3 -32 -8 45 -98 -3 
1 85 -62 -57 -26 66 -79 18 39 -9 26 4 -42 -27 12 -73 
-54 8 58 -55 -54 -39 -22 -61 -12 31 -5 31 25 -29 70 29 
-9 -73 35 85 48 -59 62 -3 -36 -8 -24 -9 34 29 -37 76 
60 22 -81 19 35 36 58 -32 -80 -6 
RSSI :-110 
Input angle :339
Zaxis angle :20 
minval :0 

minval :0 



-1 -84 98 -9 -7 87 -109 7 -7 -88 87 9 -23 81 -94 -1 
-14 53 -59 -80 6 65 -111 43 5 9 48 -2 -5 -20 37 -84 
-52 -38 86 -30 -71 -18 3 -116 -11 7 -8 46 18 -2 73 56 
49 -41 8 90 36 -61 113 25 -5 -12 -43 -18 0 19 -71 59 
29 56 -90 -10 54 49 -52 103 13 -1 24 -38 -18 -5 -45 -80 
-61 18 29 -85 -59 43 -4 95 -63 1 
RSSI :-110 
Input angle :334
Zaxis angle :25 
minval :0 

minval :0 



10 29 -28 8 -6 -30 30 -5 4 30 -30 3 -1 -30 30 0 
23 -24 -6 18 -52 -24 33 -32 41 8 -14 13 -97 12 -5 30 
20 24 -15 -7 30 -49 28 35 -13 39 -12 -15 -2 -98 -30 -9 
-28 17 9 -16 44 38 -37 25 -38 -18 16 -10 97 8 10 -28 
-14 -29 15 8 -40 42 -19 -40 21 -35 9 17 -17 96 27 15 
32 -10 -12 11 -36 -46 -125 0 82 6 
RSSI :-110 
Input angle :199
Zaxis angle :0 
minval :0 

minval :0 



21 -15 14 21 -23 13 -12 -23 24 -10 9 25 -25 8 -7 -25 
-28 -15 22 3 2 60 -43 -16 -7 -36 19 5 62 78 27 -3 
18 -26 -5 22 -59 -5 21 -42 37 -4 -8 18 -86 50 1 27 
24 22 -21 -8 11 -58 38 26 -1 37 -18 -10 -41 -91 -27 -1 
-24 21 11 -19 57 18 -31 34 -37 -5 14 -18 95 -29 5 -27 
-19 -27 18 13 -24 54 39 -48 -9 -10 
RSSI :-110 
Input angle :199
Zaxis angle :0 
minval :0 

minval :0 



-5 -24 24 -3 2 25 -25 0 0 -25 24 1 -3 25 -24 -4 
-25 22 13 -24 56 10 -29 32 -34 0 9 -18 87 -39 8 -25 
-19 -28 22 15 -16 55 -29 -32 4 -33 16 12 28 91 23 11 
30 -14 -18 21 -53 -24 34 -26 33 7 -14 14 -94 16 -13 22 
12 31 -18 -21 30 -50 20 38 -12 31 -13 -15 -6 -96 -20 -16 
-33 7 22 -16 45 36 -124 79 65 -4 
RSSI :-110 
Input angle :199
Zaxis angle :0 
minval :0 

minval :0 



-25 -11 15 -21 24 18 -19 21 -20 -17 19 -21 19 21 -21 17 
14 34 -22 -28 28 -42 5 33 -12 25 -7 -7 -5 -89 -13 -25 
-34 10 28 -19 38 32 -34 1 -24 -14 8 -6 88 5 27 -14 
-7 -38 16 31 -37 35 3 -33 17 -22 5 8 -13 88 9 27 
37 -2 -32 12 -31 -40 32 5 20 20 -9 4 -85 -23 -28 6 
-1 37 -7 -33 44 -25 -94 63 116 4 
RSSI :-110 
Input angle :199
Zaxis angle :0 
minval :0 

minval :0 



23 -32 31 26 -27 29 -28 -28 30 -25 24 32 -33 22 -20 -32 
-31 29 29 -35 30 18 -19 -3 -15 -5 -6 -4 68 -28 37 -17 
-26 -33 32 34 -21 28 6 -20 8 -13 4 -5 18 72 14 38 
35 -24 -36 26 -26 -23 17 9 13 9 5 5 -73 12 -39 10 
19 38 -22 -39 26 -23 -12 17 -10 11 -6 5 0 -74 -6 -39 
-40 14 43 -19 20 28 -45 31 34 -3 
RSSI :-110 
Input angle :169
Zaxis angle :14 
minval :0 

minval :0 



64 78 -78 62 -60 -85 83 -52 50 92 -96 40 -40 -94 95 -36 
-56 -64 65 101 -42 27 20 -21 16 0 27 -26 45 118 30 96 
70 -51 -103 58 -21 -46 25 24 0 17 21 31 -123 33 -103 9 
40 79 -45 -111 48 -14 -25 22 -17 -3 -32 18 -16 -126 0 -101 
-79 35 116 -34 11 50 -18 -25 5 -15 -11 -33 0 -3 101 10 
-25 -86 17 117 -50 2 35 112 -3 0 
RSSI :-110 
Input angle :328
Zaxis angle :0 
minval :0 

minval :0 



26 -36 34 28 -31 34 -30 -32 33 -29 28 33 -35 25 -25 -36 
-13 39 46 -57 14 21 -16 4 0 -15 -19 -23 42 -35 39 -21 
-34 -20 53 52 -22 11 0 -17 15 1 25 -15 30 46 16 41 
23 -35 -58 47 -10 -24 17 0 -2 15 12 25 -49 26 -43 12 
29 26 -38 -64 25 -6 -4 16 -15 -5 -28 10 -21 -51 -5 -46 
-29 28 68 -33 3 24 27 80 -100 -4 
RSSI :-110 
Input angle :176
Zaxis angle :20 
minval :0 

minval :0 



-19 -32 33 -15 17 33 -34 15 -13 -35 34 -11 9 36 -37 8 
26 16 -41 -68 29 -1 -3 24 -24 -10 -34 7 -14 -40 -1 -36 
-16 24 71 -33 -1 29 -22 -6 13 -21 -3 -34 41 -10 36 0 
-19 -22 23 75 -27 -6 7 -21 20 14 35 0 4 43 -4 37 
22 -20 -79 14 8 -27 18 9 -17 17 -4 36 -42 -1 -36 -9 
16 24 -6 -79 25 11 -63 -113 -60 -6 
RSSI :-110 
Input angle :176
Zaxis angle :25 
minval :0 

minval :0 



-53 -11 13 -51 51 15 -19 50 -50 -21 22 -49 48 25 -27 45 
15 -30 -126 10 53 -48 35 50 -56 36 -27 49 -36 -32 -42 -34 
27 18 10 -126 41 57 -57 22 -27 -60 -45 -33 36 -33 40 -38 
-21 24 123 23 -63 30 -18 -58 62 -22 38 -41 28 40 34 42 
-23 -24 -39 120 -25 -65 60 -13 14 65 37 42 -44 21 -46 28 
26 -20 -116 -48 67 -20 122 111 2 1 
RSSI :-110 
Input angle :179
Zaxis angle :29 
minval :0 

minval :0 



42 24 -27 42 -40 -29 31 -38 37 34 -33 33 -32 -36 37 -30 
15 3 94 -15 -53 71 -56 -47 46 -49 18 -46 26 62 25 43 
-4 13 1 93 -63 -59 52 -50 43 51 43 23 -64 23 -43 24 
-14 -4 -93 -3 62 -60 41 60 -56 41 -27 41 -18 -65 -16 -46 
7 -15 19 -92 48 72 -64 35 -29 -58 -36 -32 67 -10 48 -11 
12 10 91 29 -77 44 -123 -48 91 -3 
RSSI :-110 
Input angle :192
Zaxis angle :32 
minval :0 

minval :0 



20 -72 70 24 -28 70 -70 -31 35 -67 64 38 -41 62 -60 -44 
-46 -2 -37 -54 109 -4 9 84 -68 9 -41 5 65 -84 50 -55 
9 -45 60 -28 -11 109 -88 -1 -2 -70 -2 -37 74 74 49 57 
42 16 25 62 -110 -21 8 -86 67 9 38 3 -81 66 -60 44 
-19 44 -65 17 34 -104 83 15 -12 69 -5 40 -58 -89 -35 -69 
-40 -21 -9 -65 101 41 121 127 120 -3 
RSSI :-110 
Input angle :203
Zaxis angle :14 
minval :0 

minval :0 



57 3 -6 57 -57 -9 11 -56 56 12 -16 54 -54 -20 21 -52 
-12 -33 39 -6 15 65 -50 14 -15 -31 6 -24 60 34 50 29 
35 -7 0 40 -66 5 -7 -51 33 -9 23 9 -43 55 -34 46 
3 36 -39 -2 0 -67 52 -3 7 34 -11 22 -50 -48 -43 -38 
-36 0 8 -38 66 8 -2 52 -34 4 -20 -15 55 -42 44 -36 
3 -36 38 10 -17 64 3 0 73 -9 
RSSI :-110 
Input angle :179
Zaxis angle :20 
minval :0 

minval :0 



-17 -67 68 -14 10 68 -69 7 -3 -70 69 -1 -2 69 -69 -6 
-31 26 -11 -56 66 -33 28 53 -25 18 -36 -9 28 -74 15 -68 
-22 -34 57 -3 26 69 -56 21 -15 -27 12 -35 71 36 66 21 
37 -17 -2 57 -72 16 -13 -58 28 -11 32 18 -42 68 -31 63 
12 38 -57 -10 -6 -74 59 -6 7 30 -22 30 -61 -52 -59 -38 
-40 7 16 -55 74 0 -125 -49 68 1 
RSSI :-110 
Input angle :184
Zaxis angle :14 
minval :0 

minval :0 



35 -67 67 36 -39 64 -63 -44 46 -60 56 51 -55 53 -49 -57 
-39 0 36 -56 67 15 -18 56 -28 -8 -17 -34 67 -35 61 -46 
4 -38 50 43 -22 65 -53 -24 12 -26 36 -13 30 71 37 66 
38 6 -48 44 -61 -34 30 -49 24 14 8 37 -73 20 -71 27 
-11 36 -41 -52 39 -57 46 37 -18 23 -39 5 -12 -75 -22 -73 
-35 -16 57 -33 54 42 -90 63 -73 -6 
RSSI :-110 
Input angle :184
Zaxis angle :14 
minval :0 

minval :0 



67 32 -35 66 -66 -37 41 -64 60 42 -46 60 -58 -47 51 -53 
-8 -36 56 31 -7 67 -53 -14 5 -27 33 -17 44 59 48 58 
37 -4 -38 52 -66 -12 21 -53 26 9 13 35 -64 37 -64 40 
1 37 -48 -44 21 -63 49 26 -11 25 -36 10 -29 -67 -31 -69 
-37 -4 51 -41 61 28 -31 46 -23 -14 -7 -37 71 -20 72 -26 
7 -36 33 56 -35 57 64 -80 -70 -6 
RSSI :-110 
Input angle :184
Zaxis angle :0 
minval :0 

minval :0 



-38 -59 61 -35 32 62 -65 30 -26 -66 68 -22 18 69 -68 14 
-6 41 -30 -52 40 -57 42 37 -12 20 -36 1 -7 -75 -7 -71 
-40 -12 54 -22 54 45 -40 35 -18 -14 2 -35 76 0 71 1 
17 -38 14 59 -51 47 -34 -43 16 -17 34 7 -9 74 -10 70 
36 20 -58 8 -40 -56 48 -25 14 17 -10 34 -73 -20 -69 -17 
-25 32 2 -60 60 -33 -75 -17 97 3 
RSSI :-110 
Input angle :184
Zaxis angle :14 
minval :0 

minval :0 



46 -47 44 48 -52 41 -39 -54 55 -36 34 57 -59 30 -27 -59 
-47 3 40 -35 67 22 -19 42 -21 -2 -6 -28 70 -25 64 -21 
1 -48 31 43 -28 66 -39 -24 6 -21 28 -4 17 74 13 65 
47 4 -47 26 -63 -33 27 -37 21 7 0 29 -75 8 -66 3 
-9 47 -20 -49 40 -60 33 31 -8 21 -28 -2 -4 -75 4 -66 
-43 -15 50 -13 52 49 -79 111 -89 -4 
RSSI :-110 
Input angle :184
Zaxis angle :14 
minval :0 

minval :0 



62 24 -26 62 -61 -30 31 -59 58 35 -36 55 -54 -39 42 -51 
-25 -41 48 13 5 70 -40 0 -6 -26 21 -12 51 51 46 48 
42 -20 -20 44 -69 0 1 -42 27 -4 8 21 -56 46 -52 43 
16 45 -42 -28 8 -69 38 8 0 28 -23 5 -38 -60 -33 -58 
-48 8 29 -40 68 13 -13 41 -28 -3 -2 -23 67 -28 61 -24 
-4 -48 35 35 -23 66 17 -96 -57 -8 
RSSI :-110 
Input angle :184
Zaxis angle :14 
minval :0 

minval :0 



-5 -65 65 -3 0 65 -65 -3 8 -64 64 12 -16 63 -61 -17 
-31 41 -8 -47 61 -33 17 37 -24 19 -12 -17 25 -64 24 -61 
-37 -35 48 -2 27 64 -37 16 -17 -27 18 -11 61 32 56 33 
40 -33 -2 47 -66 22 -10 -39 29 -14 8 19 -39 57 -37 54 
28 43 -47 -7 -14 -69 40 -5 10 30 -20 6 -51 -45 -49 -43 
-46 24 12 -46 70 -4 -127 15 2 2 
RSSI :-110 
Input angle :196
Zaxis angle :14 
minval :0 

minval :0 



47 118 -121 37 -28 -124 124 -23 17 126 -126 10 -5 -126 126 -1 
40 -94 52 73 -94 101 -65 -56 48 -67 30 22 -3 126 -18 126 
89 51 -80 40 -88 -105 64 -57 61 56 -26 25 -125 -17 -125 -26 
-60 83 -34 -83 112 -79 53 68 -62 54 -22 -29 25 -124 40 -121 
-77 -66 86 -26 66 120 -74 42 -47 -69 30 -20 118 44 113 59 
79 -64 14 90 0 48 -111 -64 -69 -6 
RSSI :-110 
Input angle :196
Zaxis angle :25 
minval :0 

minval :0 



107 -42 35 110 -113 24 -18 -114 114 -13 7 115 -115 1 3 -114 
-88 -22 57 -65 119 65 -34 81 -84 -51 -3 -25 119 -45 114 18 
31 -85 59 62 -82 108 -76 -39 59 -80 23 -4 31 122 -24 111 
80 41 -71 49 -98 -95 52 -70 71 68 -1 27 -127 15 -109 -37 
-50 76 -41 -77 106 -86 63 59 -79 60 -26 -6 -5 0 59 -100 
-69 -58 80 -32 77 112 -112 -17 -118 -11 
RSSI :-110 
Input angle :184
Zaxis angle :14 
minval :0 

minval :0 



40 31 -33 39 -37 -35 37 -35 34 39 -40 32 -28 -43 44 -25 
-26 -31 43 -8 23 62 -34 22 -6 -53 0 -12 66 12 22 46 
34 -22 1 44 -65 16 -17 -36 54 0 11 2 -18 64 -49 17 
19 35 -44 0 -10 -65 38 -13 -4 54 -3 12 -60 -27 -11 -50 
-37 16 5 -44 66 -4 9 39 -53 -11 -11 -4 35 -57 51 -3 
-11 -39 43 11 -4 66 69 0 14 -13 
RSSI :-110 
Input angle :184
Zaxis angle :0 
minval :0 

minval :0 



-31 33 -31 -32 33 -30 28 35 -36 26 -24 -38 40 -21 19 41 
29 -26 16 39 -61 27 -24 -32 53 -10 15 0 -8 65 -41 16 
21 32 -41 11 -20 -64 34 -22 8 53 -1 15 -64 -14 -10 -43 
-33 19 -8 -41 66 -14 18 36 -54 1 -14 -2 20 -62 44 -6 
-15 -35 42 -2 7 67 -37 15 5 -54 4 -14 59 29 0 44 
37 -11 -1 42 -67 -2 -40 0 116 2 
RSSI :-110 
Input angle :184
Zaxis angle :0 
minval :0 

minval :0 



-29 -32 34 -28 26 36 -37 24 -22 -38 40 -20 17 40 -41 16 
19 27 -32 21 -29 -59 27 -25 19 53 4 14 -57 -8 -12 -42 
-30 16 -19 -34 61 -24 21 30 -54 12 -14 2 12 -56 43 -4 
-11 -31 36 -13 15 64 -32 18 -6 -56 0 -14 54 21 2 43 
33 -7 10 37 -65 6 -14 -34 56 3 14 1 -25 52 -43 -4 
5 33 -38 4 0 -65 -24 -49 51 14 
RSSI :-110 
Input angle :192
Zaxis angle :14 
minval :0 

minval :0 



103 1 -6 103 -103 -13 20 -100 100 24 -29 98 -96 -34 38 -94 
-61 -37 23 -65 102 57 -25 64 -91 -50 -11 -10 92 -18 90 49 
46 -55 62 29 -72 92 -62 -31 61 -84 12 -10 7 94 -60 83 
49 52 -37 58 -86 -79 39 -57 77 70 9 13 -94 1 -78 -67 
-56 44 -55 -40 84 -81 56 41 -74 71 -13 8 12 -94 77 -69 
-39 -60 47 -50 69 94 -126 95 -110 -11 
RSSI :-110 
Input angle :192
Zaxis angle :14 
minval :0 

minval :0 



101 -33 27 102 -103 24 -18 -103 105 -10 5 105 -106 0 6 -104 
-66 -44 10 -64 93 62 -31 70 -92 -37 1 -18 106 2 104 16 
53 -58 62 19 -70 86 -67 -37 45 -87 17 4 -10 106 -30 101 
53 57 -25 59 -80 -77 44 -62 83 52 -6 16 -103 -21 -99 -37 
-64 46 -57 -30 85 -72 58 49 -64 75 -16 -7 36 -99 53 -91 
-36 -70 38 -52 61 93 114 -33 42 -9 
RSSI :-110 
Input angle :188
Zaxis angle :0 
minval :0 

minval :0 



-94 -37 45 -92 91 48 -51 88 -87 -54 57 -84 80 62 -66 77 
6 86 -47 36 -20 -117 81 -26 37 87 -24 12 -77 -93 -70 -76 
-87 -2 -31 -50 118 -9 16 84 -89 32 -11 -25 103 -62 84 -60 
11 -85 53 -23 -7 118 -85 9 -22 -92 26 -8 53 108 53 88 
84 18 18 56 -117 -20 3 -85 94 -8 5 27 -113 41 -95 41 
-28 81 -57 10 33 -113 -8 47 -59 11 
RSSI :-110 
Input angle :191
Zaxis angle :0 
minval :0 

minval :0 



19 99 -99 15 -14 -99 100 -7 2 101 -101 0 6 -100 100 9 
70 -45 55 19 -95 73 -66 -64 55 -76 33 16 -48 116 -22 99 
36 75 -25 53 -61 -103 69 -61 70 65 -22 30 -113 -55 -94 -35 
-78 29 -50 -29 109 -49 52 77 -72 62 -28 -24 68 -106 39 -94 
-20 -82 34 -47 41 114 -81 43 -52 -78 27 -25 96 80 88 50 
82 -9 42 41 -117 28 -89 -112 61 -6 
RSSI :-110 
Input angle :188
Zaxis angle :0 
minval :0 

minval :0 



24 49 -51 21 -18 -52 52 -16 12 53 -54 8 -6 -54 54 -3 
35 -30 25 7 -48 46 -38 -36 24 -44 23 12 -16 70 -1 56 
26 38 -10 25 -38 -54 39 -36 42 28 -15 22 -69 -20 -55 -8 
-41 21 -22 -13 58 -32 32 42 -34 37 -20 -18 28 -66 13 -54 
-18 -43 15 -21 27 60 -45 28 -35 -36 19 -18 61 36 52 18 
45 -13 19 18 -63 20 -91 96 -125 -8 
RSSI :-110 
Input angle :191
Zaxis angle :14 
minval :0 

minval :0 



-54 -12 15 -54 53 18 -20 53 -52 -20 23 -51 49 26 -30 47 
7 54 -22 9 -4 -76 57 -13 19 47 -28 13 -57 -58 -43 -36 
-54 1 -8 -23 76 0 6 57 -49 16 -11 -28 66 -49 40 -41 
4 -54 24 -4 -11 75 -58 2 -9 -50 30 -6 42 70 36 43 
54 8 2 24 -73 -22 4 -57 52 -2 3 31 -74 33 -49 29 
-15 52 -24 0 29 -70 -3 111 23 13 
RSSI :-110 
Input angle :196
Zaxis angle :0 
minval :0 

minval :0 



36 24 -26 35 -34 -27 29 -32 31 31 -33 28 -27 -33 35 -25 
3 -50 24 -10 -15 77 -55 7 -3 -54 23 -11 42 67 22 38 
50 10 7 26 -75 -20 -1 -55 55 2 8 25 -70 36 -39 20 
-13 48 -26 4 29 -72 55 4 -7 55 -25 6 -28 -73 -12 -42 
-45 -21 -1 -27 68 37 -12 53 -54 -13 -4 -26 76 -19 44 -7 
25 -43 27 1 -45 64 76 112 -21 -14 
RSSI :-110 
Input angle :192
Zaxis angle :0 
minval :0 

minval :0 



-36 0 1 -36 35 4 -6 35 -35 -7 9 -34 34 12 -13 33 
31 32 -7 26 -42 -59 25 -38 39 36 0 19 -69 -6 -32 -16 
-35 26 -24 -10 63 -37 37 28 -40 36 -20 -2 13 -69 20 -30 
-21 -39 13 -23 29 67 -32 33 -30 -44 5 -19 67 21 28 23 
41 -17 21 16 -70 22 -29 -35 47 -26 19 7 -29 63 -25 26 
14 42 -18 19 -15 -72 88 80 -116 12 
RSSI :-110 
Input angle :184
Zaxis angle :0 
minval :0 

minval :0 



15 -34 33 16 -17 33 -31 -20 21 -30 28 23 -24 28 -26 -26 
-37 12 -17 -12 61 -22 23 28 -41 30 -12 -8 19 -53 29 -23 
-8 -38 15 -16 17 63 -32 18 -24 -44 9 -11 51 24 20 31 
39 -5 13 17 -64 8 -15 -33 46 -19 10 10 -33 45 -33 16 
0 39 -18 12 0 -65 35 -10 15 48 -11 9 -44 -36 -14 -35 
-39 -2 -10 -18 65 4 55 -33 63 2 
RSSI :-110 
Input angle :193
Zaxis angle :0 
minval :0 

minval :0 



-91 9 -3 -90 90 0 -4 89 -90 -9 14 -90 90 19 -22 87 
71 60 -27 28 -97 -87 52 -61 86 36 -30 33 -114 -2 -86 -34 
-68 63 -26 -29 97 -82 53 55 -46 72 -29 -32 17 -115 42 -81 
-54 -77 32 -22 77 105 -60 52 -72 -54 35 -25 113 28 77 49 
81 -46 18 35 -115 64 -43 -67 61 -65 21 38 -42 108 -58 70 
35 87 -38 15 -49 -120 118 0 -110 8 
RSSI :-110 
Input angle :196
Zaxis angle :14 
minval :0 

minval :0 



-17 -52 52 -16 13 52 -53 10 -5 -54 54 -2 0 54 -53 -3 
-24 50 -9 -27 39 -51 34 26 -6 29 -24 -23 1 -66 9 -54 
-48 -28 27 -5 45 46 -30 31 -27 -11 26 -22 65 10 53 14 
34 -44 2 28 -49 41 -26 -35 13 -27 19 27 -16 64 -22 50 
38 41 -28 0 -35 -54 36 -23 24 17 -30 14 -61 -24 -48 -26 
-45 33 4 -28 59 -27 -81 -17 -79 5 
RSSI :-110 
Input angle :184
Zaxis angle :14 
minval :0 

minval :0 



-42 -35 36 -41 38 38 -40 36 -34 -42 44 -32 30 45 -45 28 
12 59 -25 -24 12 -63 44 1 -1 22 -26 -8 -30 -71 -23 -50 
-60 3 28 -21 62 18 -6 44 -22 -4 11 -25 74 -24 52 -17 
3 -60 18 30 -25 60 -43 -10 6 -22 23 14 14 76 11 54 
60 7 -31 16 -56 -30 14 -42 21 9 -16 21 -77 6 -55 5 
-14 58 -11 -33 36 -53 -44 -49 7 5 
RSSI :-110 
Input angle :196
Zaxis angle :20 
minval :0 

minval :0 



57 16 -18 57 -57 -21 25 -53 54 29 -31 51 -47 -33 35 -48 
-22 -54 29 21 -1 63 -45 -1 -7 -21 38 6 35 64 44 42 
58 -15 -24 28 -64 -10 7 -46 21 -5 -8 39 -66 31 -45 41 
11 58 -25 -27 16 -62 44 11 2 21 -37 -13 -21 -70 -34 -50 
-59 4 29 -23 59 26 -14 44 -21 0 17 -36 72 -16 54 -27 
1 -59 20 31 -28 58 10 0 -97 -6 
RSSI :-110 
Input angle :196
Zaxis angle :14 
minval :0 

minval :0 



-9 56 -54 -11 16 -55 53 17 -21 51 -51 -22 26 -48 49 27 
55 -28 -18 31 -64 3 -6 -45 16 -8 -1 36 -60 41 -35 43 
22 57 -30 -21 0 -64 44 -2 8 17 -36 -5 -36 -63 -41 -39 
-60 15 24 -27 63 5 -2 44 -16 4 9 -35 68 -27 43 -37 
-9 -62 22 28 -16 63 -44 -9 -3 -18 33 13 21 69 30 47 
61 -2 -29 20 -59 -23 77 32 127 -1 
RSSI :-110 
Input angle :196
Zaxis angle :20 
minval :0 

minval :0 



27 103 -105 22 -15 -106 107 -9 5 107 -107 1 6 -108 106 11 
62 -98 -5 71 -99 61 -40 -68 19 -29 21 74 -74 121 -21 108 
90 71 -71 -18 -49 -106 75 -34 24 22 -75 11 -114 -83 -100 -34 
-79 84 23 -69 110 -41 25 78 -25 21 -3 -76 100 -101 44 -100 
-75 -88 64 30 29 114 -81 14 -20 -26 76 3 90 108 99 47 
93 -68 -36 60 -117 9 60 -96 53 -2 
RSSI :-110 
Input angle :196
Zaxis angle :14 
minval :0 

minval :0 



60 95 -100 54 -40 -101 100 -41 37 109 -109 30 -26 -107 101 -18 
8 -102 4 83 -63 69 -42 -53 9 5 40 74 -39 115 9 104 
100 20 -84 -7 -63 -66 58 -35 -11 5 -78 30 -117 -57 -105 -4 
-32 92 17 -83 75 -49 28 62 -6 -8 -21 -82 65 -104 17 -108 
-85 -39 82 23 41 76 -62 24 9 0 83 -13 99 72 103 28 
51 -89 -32 82 -87 38 13 -80 62 1 
RSSI :-110 
Input angle :341
Zaxis angle :20 
minval :0 

minval :0 



-115 5 -1 -121 117 6 -17 114 -116 -19 28 -112 117 34 -36 111 
68 50 -89 -44 -15 -78 62 0 -33 4 -90 -1 -79 -102 -109 -49 
-58 64 52 -82 82 -8 -10 62 -3 -33 11 -89 106 -67 62 -106 
-60 -64 74 62 0 82 -66 -13 33 1 89 19 55 112 99 72 
69 -49 -69 67 -79 -12 18 -62 -4 35 -30 85 -118 40 -85 89 
44 77 -61 -76 18 -82 -71 79 21 -1 
RSSI :-110 
Input angle :181
Zaxis angle :20 
minval :0 

minval :0 



50 -104 99 57 -60 99 -98 -66 67 -93 91 77 -80 86 -77 -80 
-66 32 75 -57 70 23 -35 48 7 -30 48 -79 115 -13 93 -67 
-26 -69 48 86 -32 69 -45 -40 30 11 75 57 0 121 61 101 
72 -18 -86 38 -63 -42 43 -46 -10 27 -64 67 -118 -9 -105 45 
10 73 -31 -89 47 -60 35 49 -26 -14 -57 -73 25 -118 -40 -109 
-72 1 95 -19 53 54 35 -64 -16 -4 
RSSI :-110 
Input angle :184
Zaxis angle :0 
minval :0 

minval :0 



-76 66 -61 -79 82 -57 52 85 -88 48 -43 -92 93 -40 37 93 
77 -8 -90 14 -58 -43 44 -32 -26 13 -69 47 -114 -34 -100 21 
0 79 -5 -91 49 -53 28 46 -8 -28 -38 -75 44 -110 -11 -101 
-78 -12 92 5 47 55 -50 19 28 -7 79 -30 104 58 102 2 
19 -76 -16 90 -59 39 -15 -52 3 28 19 81 -70 96 -13 100 
74 28 -88 -25 -33 -65 -60 -97 47 0 
RSSI :-110 
Input angle :333
Zaxis angle :25 
minval :0 

minval :0 



-90 -8 12 -90 89 17 -21 88 -87 -25 29 -86 84 33 -39 81 
71 46 -73 -55 -19 -61 38 0 -44 -21 -68 -20 -62 -99 -77 -50 
-56 63 62 -68 61 -14 -6 37 24 -43 25 -67 103 -54 56 -73 
-60 -59 60 70 7 62 -38 -9 40 29 63 33 43 108 65 65 
64 -54 -75 53 -63 0 12 -36 -32 37 -40 58 -111 31 -72 57 
44 72 -45 -80 4 -62 -67 127 80 -5 
RSSI :-110 
Input angle :333
Zaxis angle :32 
minval :0 

minval :0 



52 85 -87 47 -43 -89 92 -37 30 95 -96 25 -21 -97 97 -15 
-1 -70 0 87 -37 36 -6 -37 12 46 17 77 -51 99 7 100 
70 5 -87 -5 -33 -41 37 -2 -48 7 -77 13 -94 -60 -101 -2 
-13 70 14 -86 44 -28 -1 38 -4 -48 -6 -78 69 -86 16 -100 
-68 -17 83 26 23 47 -38 -4 47 1 78 8 80 78 98 21 
23 -67 -34 80 -50 17 -13 -65 1 6 
RSSI :-110 
Input angle :333
Zaxis angle :20 
minval :0 

minval :0 



72 73 -77 68 -62 -80 85 -58 54 87 -89 51 -48 -91 92 -45 
-21 -64 26 85 -27 41 -13 -36 33 48 43 72 -25 107 34 97 
67 -11 -87 19 -38 -29 37 -9 -52 27 -76 34 -104 -36 -100 25 
4 68 -8 -89 34 -34 6 37 -22 -55 -27 -80 44 -101 -14 -104 
-68 0 89 0 31 37 -38 1 58 -15 80 -22 97 52 104 -3 
5 -68 -9 88 -40 27 23 -16 121 7 
RSSI :-110 
Input angle :333
Zaxis angle :20 
minval :0 

minval :0 



-95 46 -41 -95 99 -36 31 100 -101 27 -21 -102 103 -15 7 103 
63 -5 -86 6 -28 -29 34 2 -43 17 -90 24 -74 -46 -105 -9 
-1 63 5 -86 32 -24 -6 34 -12 -45 -10 -92 55 -69 17 -104 
-63 -10 85 20 21 35 -32 -9 46 -8 93 1 58 66 102 26 
15 -61 -20 84 -38 16 12 -32 3 46 -8 92 -72 50 -37 99 
58 24 -80 -35 -11 -39 -93 31 -48 -1 
RSSI :-110 
Input angle :333
Zaxis angle :0 
minval :0 

minval :0 



-96 0 6 -97 96 12 -14 95 -94 -19 24 -93 92 31 -34 89 
78 9 -92 -29 -26 -30 15 4 -65 -1 -80 -7 -63 -52 -85 -47 
-20 76 39 -88 33 -23 -5 14 7 -65 21 -78 58 -57 53 -81 
-74 -26 84 47 21 35 -13 -6 63 14 76 29 51 62 76 60 
37 -70 -58 76 -38 15 8 -12 -19 61 -35 72 -69 45 -68 69 
65 44 -72 -64 -11 -38 -120 -17 -46 -4 
RSSI :-110 
Input angle :327
Zaxis angle :20 
minval :0 

minval :0 



68 -62 58 72 -74 54 -49 -77 80 -44 41 83 -84 37 -30 -85 
-64 44 89 -37 29 5 -18 -1 54 -50 72 -44 65 0 89 -25 
-36 -69 30 92 -7 29 2 -19 45 58 36 77 -8 65 15 91 
72 -25 -96 19 -28 -12 17 5 -62 40 -80 29 -65 -13 -93 0 
19 76 -7 -97 13 -26 -7 17 -34 -65 -22 -82 23 -61 6 -92 
-76 10 97 0 24 16 -118 64 85 -4 
RSSI :-110 
Input angle :327
Zaxis angle :0 
minval :0 

minval :0 



16 -88 86 22 -27 84 -83 -33 39 -79 78 42 -45 77 -74 -47 
-40 59 53 -70 29 8 -29 20 17 -66 36 -88 66 -13 56 -69 
-53 -48 62 63 -11 29 -17 -31 64 24 85 46 7 67 62 64 
54 -46 -69 56 -27 -14 33 -15 -30 60 -53 81 -67 -1 -71 54 
42 59 -49 -74 15 -26 10 34 -58 -36 -75 -60 9 -67 -46 -77 
-63 34 79 -41 25 18 87 64 96 -7 
RSSI :-110 
Input angle :183
Zaxis angle :0 
minval :0 

minval :0 



80 -37 33 81 -83 29 -22 -85 85 -18 14 87 -86 9 -5 -87 
-77 -3 92 17 0 35 -38 -22 71 -33 102 -21 37 60 89 5 
12 -76 -23 90 -35 -4 26 -35 24 76 12 103 -63 32 -14 87 
75 19 -87 -33 8 -35 31 32 -76 20 -104 -2 -24 -66 -85 -24 
-29 71 44 -82 33 12 -33 28 -8 -79 11 -103 69 -15 31 -82 
-69 -37 78 49 -13 32 -97 -32 -32 -1 
RSSI :-110 
Input angle :184
Zaxis angle :0 
minval :0 

minval :0 



13 77 -79 9 -7 -79 79 -2 -1 79 -79 -5 10 -78 77 14 
22 -62 -58 75 -35 -29 48 -30 -5 89 -13 103 -79 3 -24 74 
59 33 -67 -66 33 -31 25 50 -88 -12 -102 -23 4 -79 -72 -34 
-37 56 72 -62 27 36 -52 19 23 -86 34 -98 78 13 38 -69 
-50 -43 53 79 -40 22 -14 -54 84 29 94 45 -20 76 64 46 
50 -44 -81 46 -19 -41 -81 63 12 10 
RSSI :-110 
Input angle :186
Zaxis angle :0 
minval :0 

minval :0 



23 74 -74 19 -15 -76 76 -12 9 77 -76 7 -3 -78 76 0 
5 -64 -50 81 -29 -25 44 -34 13 95 9 99 -70 16 -12 76 
63 11 -76 -55 28 -26 27 49 -96 0 -100 -2 -7 -72 -75 -22 
-18 61 63 -70 25 29 -50 21 6 -97 15 -99 72 0 28 -73 
-59 -24 61 70 -33 19 -16 -54 95 19 99 23 -7 72 68 35 
30 -56 -75 57 -17 -34 -52 79 -93 11 
RSSI :-110 
Input angle :186
Zaxis angle :0 
minval :0 

minval :0 



-76 0 2 -75 75 6 -11 75 -74 -16 19 -74 73 23 -26 71 
46 22 -49 -73 39 -18 22 58 -84 -23 -104 -25 13 -80 -69 -32 
-26 44 78 -41 15 41 -59 18 30 -81 32 -101 77 23 39 -66 
-41 -31 35 81 -43 10 -11 -61 77 40 97 43 -33 73 58 49 
35 -37 -84 25 -5 -43 62 -4 -48 72 -54 92 -69 -42 -53 55 
33 40 -17 -86 43 -1 119 127 45 -7 
RSSI :-110 
Input angle :186
Zaxis angle :0 
minval :0 

minval :0 



-68 30 -25 -71 72 -20 15 73 -74 12 -10 -75 74 -4 1 75 
45 4 -75 -45 16 -23 36 42 -80 9 -101 10 -13 -78 -75 -5 
-8 45 56 -67 20 20 -44 33 -1 -81 -1 -101 80 -8 14 -74 
-44 -12 64 60 -21 19 -27 -48 81 7 102 8 -3 79 73 22 
17 -42 -66 57 -17 -23 48 -27 -16 79 -21 98 -78 -14 -30 69 
40 24 -49 -73 25 -14 101 79 34 -3 
RSSI :-110 
Input angle :188
Zaxis angle :0 
minval :0 

minval :0 



0 80 -80 -6 9 -81 80 12 -13 79 -80 -17 21 -78 75 26 
7 -56 -57 66 -3 -10 40 -9 -2 85 -34 95 -64 2 -36 73 
55 15 -58 -64 10 -1 4 42 -83 -15 -91 -44 5 -62 -68 -43 
-18 54 70 -50 0 11 -42 -1 23 -82 52 -86 62 11 52 -63 
-50 -26 45 73 -11 0 4 -41 80 28 76 65 -18 60 58 57 
33 -47 -80 36 1 -11 -73 79 -74 9 
RSSI :-110 
Input angle :188
Zaxis angle :0 
minval :0 

minval :0 



35 -79 77 40 -44 74 -72 -47 51 -69 67 54 -58 63 -59 -60 
-21 58 77 -35 -7 13 -41 -17 32 -81 81 -66 47 23 68 -52 
-55 -28 26 80 -12 -9 21 -39 79 38 62 84 -26 45 43 75 
33 -53 -83 14 11 -11 37 24 -52 71 -91 50 -41 -32 -78 35 
48 40 -6 -84 10 10 -30 34 -64 -60 -38 -97 36 -36 -23 -83 
-42 46 85 0 -13 9 125 -64 12 -8 
RSSI :-110 
Input angle :194
Zaxis angle :25 
minval :0 

minval :0 



-53 -54 57 -49 47 60 -61 45 -39 -64 67 -37 34 68 -69 30 
19 37 0 -80 15 8 -21 43 -48 -68 -25 -98 46 -43 -23 -72 
-39 16 80 11 -9 12 -41 -23 72 -43 101 -14 37 51 74 -15 
-11 -39 -18 78 -12 -10 29 -37 28 78 6 102 -54 31 8 75 
41 -8 -76 -27 10 -10 36 32 -81 23 -101 -6 -25 -57 -76 -3 
2 42 34 -73 10 12 -35 -33 -54 -11 
RSSI :-110 
Input angle :194
Zaxis angle :0 
minval :0 

minval :0 



-79 1 3 -79 78 8 -13 79 -77 -15 20 -76 75 24 -28 72 
14 32 -41 -62 28 -16 10 64 -64 -31 -93 -63 21 -72 -70 -37 
-33 11 67 -31 14 30 -65 5 38 -59 71 -88 69 31 41 -68 
-7 -34 26 69 -31 11 1 -64 55 42 80 79 -35 66 60 52 
35 -1 -72 17 -8 -31 64 6 -49 51 -89 71 -61 -43 -56 56 
1 35 -11 -73 32 -4 -90 111 -14 -8 
RSSI :-110 
Input angle :188
Zaxis angle :0 
minval :0 

minval :0 



-56 56 -52 -55 59 -46 39 63 -69 38 -35 -69 71 -33 29 69 
49 13 -69 -19 2 -24 53 31 -67 8 -113 20 -39 -67 -74 20 
-17 48 27 -65 24 6 -37 47 -1 -68 -10 -115 70 -33 -13 -75 
-45 -25 61 37 -10 23 -42 -42 67 5 115 4 24 73 77 -5 
29 -42 -42 57 -22 -11 46 -37 -12 67 -12 115 -75 17 -3 76 
39 34 -53 -48 13 -21 124 -113 -101 -3 
RSSI :-110 
Input angle :186
Zaxis angle :0 
minval :0 

minval :0 



34 22 -23 33 -31 -25 27 -30 29 29 -30 27 -26 -32 32 -25 
8 -19 -7 27 -19 -5 8 -32 3 21 25 62 -32 20 20 35 
18 10 -25 -12 7 -19 31 12 -21 1 -65 16 -16 -34 -37 16 
-12 17 14 -24 17 9 -14 29 0 -21 -13 -66 35 -13 -12 -39 
-15 -14 22 16 -10 17 -27 -18 21 3 67 -7 10 37 40 -8 
15 -14 -17 21 -16 -12 -23 -65 62 5 
RSSI :-110 
Input angle :188
Zaxis angle :0 
minval :0 

minval :0 



18 36 -36 16 -15 -37 38 -13 11 38 -39 8 -6 -40 39 -4 
15 -8 -23 18 -12 -17 23 -21 -8 15 -16 68 -38 3 1 40 
6 15 -16 -24 18 -10 20 24 -14 -10 -66 -21 1 -38 -40 -2 
-16 4 26 -12 8 19 -27 17 11 -14 27 -64 37 6 6 -40 
-3 -17 10 26 -20 6 -13 -28 12 12 60 34 -8 37 39 11 
17 0 -27 8 -3 -20 -58 111 -22 2 
RSSI :-110 
Input angle :188
Zaxis angle :0 
minval :0 

minval :0 



10 82 -82 6 -1 -83 82 2 -5 82 -82 -10 14 -81 80 18 
17 -6 -51 30 -4 -38 55 -25 -9 38 -73 114 -71 -6 -28 77 
3 18 -24 -55 38 0 17 58 -36 -14 -106 -84 15 -69 -75 -34 
-19 2 56 -20 -3 38 -59 11 17 -34 98 -93 69 21 45 -68 
0 -18 15 59 -38 -7 -7 -61 32 19 83 107 -27 66 66 49 
18 2 -60 8 11 -37 -49 -97 -31 3 
RSSI :-110 
Input angle :188
Zaxis angle :0 
minval :0 

minval :0 



-81 -10 13 -81 81 17 -21 80 -78 -25 28 -77 75 32 -34 72 
20 14 -34 -63 36 10 2 58 -56 -10 -80 -90 13 -71 -68 -46 
-17 18 66 -27 -12 34 -58 -4 17 -55 97 -73 69 17 49 -65 
-16 -19 20 69 -31 -17 8 -57 52 23 59 106 -30 65 56 61 
21 -14 -71 11 22 -30 56 17 -27 50 -113 45 -64 -32 -66 49 
12 22 -3 -72 27 25 -93 127 -96 -5 
RSSI :-110 
Input angle :188
Zaxis angle :14 
minval :0 

minval :0 



28 -78 74 32 -37 74 -70 -41 43 -69 67 47 -51 65 -61 -53 
-15 18 69 -18 -22 35 -58 -17 25 -55 108 -46 57 22 61 -55 
-15 -16 12 70 -34 -25 26 -55 52 29 37 110 -30 53 48 67 
18 -13 -71 4 30 -30 53 29 -35 49 -115 27 -51 -35 -68 44 
11 20 1 -71 29 31 -33 48 -48 -39 -12 -117 40 -45 -32 -74 
-21 10 71 10 -35 25 85 -112 127 -6 
RSSI :-110 
Input angle :199
Zaxis angle :25 
minval :0 

minval :0 



77 -1 0 76 -76 -2 7 -75 75 12 -16 73 -73 -20 24 -71 
-29 0 34 58 -14 -23 12 -49 69 1 72 83 15 39 70 29 
4 -29 -60 27 23 -11 49 13 -9 69 -88 66 -41 11 -35 67 
28 7 -24 -61 9 25 -19 47 -68 -15 -52 -96 -8 -42 -62 -43 
-9 27 65 -15 -26 6 -44 -25 20 -67 101 -44 42 -3 48 -59 
-26 -12 9 66 -4 -25 -127 48 -104 3 
RSSI :-110 
Input angle :210
Zaxis angle :39 
minval :0 

minval :0 



-9 71 -71 -11 16 -70 69 19 -24 68 -66 -27 29 -65 63 31 
12 -39 -61 21 4 -1 42 2 -10 77 -81 58 -59 25 -41 59 
38 14 -15 -63 0 5 -7 42 -75 -18 -53 -85 -21 -60 -55 -46 
-19 37 64 -5 -4 0 -40 -13 29 -72 92 -37 63 -14 51 -51 
-33 -22 0 66 0 -4 17 -39 68 35 32 95 9 63 48 55 
25 -32 -64 -8 4 1 -79 15 80 8 
RSSI :-110 
Input angle :213
Zaxis angle :36 
minval :0 

minval :0 



-24 -60 61 -21 18 61 -62 14 -9 -64 64 -7 6 63 -64 2 
1 45 49 -42 13 -7 -17 25 -24 -75 28 -88 49 -73 4 -65 
-45 -3 35 53 7 13 -23 -18 77 -15 86 36 67 56 64 11 
8 -45 -56 32 -13 4 22 -21 5 79 -45 82 -63 63 -20 62 
44 12 -22 -60 -2 -15 18 24 -79 -2 -76 -53 -58 -68 -62 -23 
-18 42 61 -21 15 -2 14 -32 22 -10 
RSSI :-110 
Input angle :333
Zaxis angle :0 
minval :0 

minval :0 



43 -44 43 44 -46 40 -38 -48 49 -36 32 51 -54 30 -26 -54 
-57 -5 35 51 16 44 -63 -5 54 -36 110 16 94 70 58 -21 
10 -57 -55 30 -44 10 14 -61 32 57 -25 108 -77 88 16 60 
55 17 -26 -56 -7 -46 61 19 -60 27 -105 -37 -81 -85 -61 10 
-21 52 59 -19 46 0 -23 59 -19 -63 58 -96 90 -73 -2 -62 
-50 -27 13 61 -1 46 -124 96 64 -2 
RSSI :-110 
Input angle :203
Zaxis angle :0 
minval :0 

minval :0 



-10 70 -70 -15 16 -69 69 18 -23 67 -65 -28 29 -64 62 33 
48 -15 -61 -23 -34 -42 77 -46 -20 69 -105 50 -122 -5 -40 60 
12 50 29 -58 45 -31 37 82 -69 -26 -41 -109 18 -122 -56 -47 
-51 3 54 36 26 48 -84 29 31 -65 113 -30 120 25 52 -50 
0 -51 -39 52 -50 20 -18 -87 62 38 16 115 -44 115 42 58 
50 2 -46 -46 -15 -52 -91 47 55 7 
RSSI :-110 
Input angle :199
Zaxis angle :0 
minval :0 

minval :0 



73 27 -29 72 -70 -35 40 -67 64 45 -47 61 -61 -48 51 -58 
-2 -38 -36 63 -55 20 -36 -94 75 22 40 109 -17 119 53 60 
38 3 -59 -44 -11 -57 98 -23 -35 71 -113 27 -116 -29 -64 46 
-6 38 49 -54 58 -8 10 101 -68 -39 -21 -114 41 -111 -39 -69 
-37 -10 50 53 5 58 -100 3 46 -64 115 -7 106 56 71 -33 
13 -35 -57 44 -58 0 117 80 -38 6 
RSSI :-110 
Input angle :199
Zaxis angle :0 
minval :0 

minval :0 



54 -58 55 59 -61 51 -48 -63 65 -45 41 69 -70 38 -33 -71 
-38 -17 26 66 -16 58 -96 -23 58 -47 123 22 86 68 76 -25 
20 -37 -69 19 -57 -20 28 -95 46 58 -33 120 -73 82 17 79 
34 24 -16 -71 25 -55 91 38 -64 38 -117 -42 -73 -81 -80 9 
-27 33 71 -9 53 30 -46 86 -27 -69 53 -112 90 -63 -3 -81 
-29 -30 -1 71 -35 49 -113 -112 -42 -4 
RSSI :-110 
Input angle :204
Zaxis angle :0 
minval :0 

minval :0 



-37 -78 79 -36 33 80 -82 29 -23 -84 85 -20 14 86 -86 10 
-45 38 65 0 53 35 -45 90 -25 -60 68 -123 91 -68 0 -88 
-33 -49 -3 64 -40 50 -83 -57 61 -18 116 82 50 100 87 12 
53 -27 -63 -12 -44 -46 69 -73 12 64 -92 108 -104 43 -16 86 
22 55 17 -62 51 -38 72 70 -65 7 -95 -105 -31 -109 -84 -24 
-57 18 60 24 34 55 0 -96 -51 -9 
RSSI :-110 
Input angle :204
Zaxis angle :14 
minval :0 

minval :0 



-3 -44 44 -3 1 46 -46 0 1 -46 44 3 -7 43 -43 -11 
-34 9 25 8 25 28 -38 38 -9 -28 55 -49 59 -16 17 -43 
-6 -34 -10 27 -32 23 -37 -40 29 -5 45 57 9 60 41 18 
34 0 -24 -12 -19 -32 45 -31 2 30 -62 38 -60 5 -23 39 
-1 34 16 -24 35 -14 29 48 -31 0 -30 -66 0 -59 -37 -27 
-35 -5 20 19 10 37 13 -112 120 -8 
RSSI :-110 
Input angle :204
Zaxis angle :0 
minval :0 

minval :0 



-44 3 0 -43 43 1 -4 45 -43 -7 7 -44 43 9 -11 43 
8 35 4 -25 31 -29 41 41 -29 12 -47 -56 -14 -61 -40 -18 
-34 2 23 5 22 35 -47 38 -8 -30 59 -43 62 -8 23 -39 
0 -35 -11 21 -37 19 -30 -49 31 -4 37 63 1 62 35 26 
35 4 -21 -11 -17 -38 51 -26 3 32 -66 31 -63 -4 -29 34 
-7 33 13 -20 40 -17 123 -81 74 0 
RSSI :-110 
Input angle :204
Zaxis angle :0 
minval :0 

minval :0 



38 19 -21 37 -37 -22 24 -35 33 26 -27 32 -30 -29 31 -28 
3 -26 -9 20 -38 11 -22 -55 38 -1 23 66 -1 62 26 34 
26 6 -19 -12 -8 -38 55 -20 -1 38 -67 19 -62 -7 -37 22 
-9 25 14 -17 40 -3 11 58 -38 -7 -13 -69 14 -61 -18 -38 
-24 -10 15 15 0 40 -59 5 11 -37 70 -2 59 21 41 -14 
13 -23 -17 14 -39 -4 -111 -96 125 3 
RSSI :-110 
Input angle :199
Zaxis angle :14 
minval :0 

minval :0 



9 -78 77 15 -20 77 -76 -22 26 -75 75 28 -30 73 -70 -33 
-42 18 50 5 42 55 -77 82 -17 -76 93 -100 113 -46 46 -65 
-14 -44 -10 50 -59 35 -72 -86 76 -15 89 103 35 117 62 50 
45 -9 -48 -15 -31 -61 90 -67 6 78 -114 75 -121 17 -58 54 
3 46 20 -47 66 -25 57 97 -78 -3 -61 -123 -7 -122 -49 -64 
-47 -2 45 24 18 66 21 -96 53 -10 
RSSI :-110 
Input angle :199
Zaxis angle :0 
minval :0 

minval :0 



10 70 -70 6 -3 -71 71 1 -5 71 -71 -9 14 -69 67 18 
33 -30 -46 9 -46 -29 42 -87 33 69 -60 112 -91 73 -24 67 
28 35 -1 -47 36 -40 82 51 -71 27 -99 -80 -66 -92 -64 -29 
-37 25 47 2 38 39 -61 76 -22 -72 82 -97 100 -56 37 -62 
-20 -40 -8 46 -42 35 -68 -70 74 -13 83 96 44 105 56 44 
42 -14 -45 -11 -30 -46 16 -48 124 9 
RSSI :-110 
Input angle :199
Zaxis angle :0 
minval :0 

minval :0 



67 10 -14 67 -65 -19 22 -64 63 26 -28 63 -61 -30 32 -59 
-16 -29 -5 66 -40 22 -73 -70 69 -2 96 93 34 86 55 40 
31 -11 -66 -14 -16 -43 76 -67 -2 69 -98 89 -89 28 -45 52 
8 32 20 -63 44 -12 57 84 -68 -8 -74 -111 -17 -91 -48 -50 
-32 7 61 25 9 45 -89 47 15 -66 115 -65 93 -8 56 -41 
-2 -33 -31 59 -46 5 -127 80 -74 2 
RSSI :-110 
Input angle :199
Zaxis angle :0 
minval :0 

minval :0 



-35 18 -16 -36 37 -15 13 38 -38 11 -9 -39 39 -8 7 39 
30 16 7 -59 31 -38 71 45 -75 9 -85 -44 -50 -81 -41 -1 
-19 28 58 15 32 36 -53 65 5 -76 55 -78 87 -39 4 -43 
-27 -21 -21 52 -38 31 -64 -62 76 8 72 63 32 90 40 7 
25 -23 -54 -25 -24 -42 64 -55 -14 75 -72 63 -92 24 -11 39 
21 27 29 -52 44 -19 -84 125 104 -12 
RSSI :-110 
Input angle :199
Zaxis angle :0 
minval :0 

minval :0 



10 -24 23 12 -14 22 -21 -14 15 -21 20 16 -18 19 -17 -19 
4 16 52 28 2 33 -57 37 20 -76 71 -62 77 -27 22 -16 
-16 1 -34 48 -34 0 -34 -59 75 25 55 77 21 79 14 23 
0 -17 -46 -37 3 -34 62 -27 -33 72 -82 47 -82 10 -24 12 
16 1 40 -40 31 8 21 61 -65 -42 -38 -87 -4 -82 -10 -24 
-3 18 38 45 -11 32 111 1 -54 -33 
RSSI :-110 
Input angle :259
Zaxis angle :25 
minval :0 

minval :0 



22 -42 40 25 -27 39 -38 -28 31 -36 34 34 -35 32 -29 -36 
21 -14 73 -17 7 47 -34 57 -27 -87 21 -124 40 -49 38 -29 
12 22 6 75 -49 3 -52 -41 90 -19 121 34 46 43 22 42 
-23 10 -75 0 0 -47 45 -49 11 91 -50 115 -49 40 -44 18 
-8 -24 7 -75 47 7 41 52 -91 0 -110 -61 -38 -51 -16 -45 
25 -5 73 12 -11 47 17 -32 -105 -12 
RSSI :-110 
Input angle :183
Zaxis angle :32 
minval :0 

minval :0 



7 -26 26 8 -10 24 -24 -12 13 -24 22 14 -15 22 -21 -15 
4 -12 38 -16 13 26 -13 33 -26 -39 -1 -67 15 -25 18 -19 
11 5 12 39 -27 10 -32 -16 42 -19 67 6 23 17 18 20 
-6 11 -41 8 -8 -28 18 -31 18 43 -7 66 -19 22 -22 15 
-9 -8 -5 -42 28 -2 28 22 -46 11 -65 -17 -19 -23 -12 -24 
9 -9 42 1 1 29 -35 63 70 -12 
RSSI :-110 
Input angle :184
Zaxis angle :32 
minval :0 

minval :0 



8 -55 55 10 -14 54 -53 -17 19 -52 50 23 -24 50 -49 -26 
2 -31 72 -40 31 54 -19 83 -72 -83 -15 -126 28 -58 32 -46 
31 4 30 78 -57 28 -80 -26 90 -63 126 0 55 34 42 36 
-8 31 -80 22 -20 -59 33 -79 51 98 -15 125 -38 52 -41 38 
-29 -10 -13 -82 62 -12 72 43 -102 41 -124 -24 -46 -44 -35 -43 
13 -29 83 -9 6 62 -77 -81 -9 -14 
RSSI :-110 
Input angle :182
Zaxis angle :32 
minval :0 

minval :0 



-38 22 -19 -39 40 -17 16 41 -41 14 -12 -42 43 -8 5 43 
-30 22 -68 -40 28 -60 82 -32 -24 89 -74 59 -72 -2 -44 3 
-19 -32 46 -63 56 36 17 86 -87 -32 -48 -81 6 -72 0 -44 
35 -14 59 52 -40 52 -87 15 42 -82 84 -43 71 14 44 6 
13 36 -57 54 -48 -45 -8 -88 76 52 36 87 -22 69 -10 43 
-37 9 -48 -63 50 -44 58 -18 66 37 
RSSI :-110 
Input angle :191
Zaxis angle :32 
minval :0 

minval :0 



-37 -40 42 -34 31 45 -46 29 -26 -47 50 -23 20 51 -50 17 
-41 -39 39 -79 79 31 40 100 -121 -14 -52 -87 -4 -76 -16 -52 
42 -38 75 44 -37 75 -102 33 30 -119 93 -44 74 6 56 -7 
32 47 -52 73 -71 -46 -22 -105 115 40 33 96 -10 76 4 56 
-49 28 -66 -58 53 -66 107 -15 -48 111 -97 29 -73 -20 -55 -2 
-25 -52 62 -59 59 60 44 111 51 -8 
RSSI :-110 
Input angle :189
Zaxis angle :29 
minval :0 

minval :0 



21 -19 20 21 -24 18 -16 -27 26 -14 13 25 -27 12 -9 -28 
25 -39 37 20 -21 57 -55 13 5 -66 46 -17 41 11 28 -8 
36 27 -27 33 -54 -25 -11 -56 64 10 13 48 -15 42 5 29 
-33 32 -31 -27 29 -53 60 -4 -16 63 -51 7 -40 -18 -29 2 
-30 -34 31 -31 49 35 0 58 -62 -21 -2 -49 22 -37 0 -30 
38 -27 25 33 -39 46 115 112 66 -15 
RSSI :-110 
Input angle :196
Zaxis angle :25 
minval :0 

minval :0 



-58 23 -23 -58 59 -20 17 59 -60 15 -10 -60 61 -4 0 61 
-73 53 -54 -56 72 -92 119 5 -55 122 -94 -1 -78 -49 -63 -3 
-44 -79 62 -46 83 82 -20 118 -116 -66 14 -93 55 -72 8 -61 
83 -34 43 64 -89 75 -115 -31 82 -106 91 20 65 64 61 15 
30 86 -67 37 -66 -99 39 -113 98 92 -30 88 -72 57 -23 58 
-89 19 -30 -71 102 -57 62 127 -33 11 
RSSI :-110 
Input angle :196
Zaxis angle :29 
minval :0 

minval :0 



-62 21 -17 -64 65 -12 8 66 -65 6 -2 -65 65 1 -3 65 
-75 49 -49 -59 78 -79 116 17 -71 116 -90 -11 -70 -53 -66 -8 
-38 -82 63 -43 71 86 -32 113 -106 -86 22 -89 60 -66 16 -66 
84 -32 37 66 -95 57 -109 -42 96 -95 86 29 57 68 62 24 
24 87 -70 30 -53 -97 53 -104 87 104 -37 83 -71 54 -30 59 
-90 12 -23 -73 102 -42 33 79 -4 9 
RSSI :-110 
Input angle :193
Zaxis angle :29 
minval :0 

minval :0 



-30 -3 5 -29 29 7 -9 28 -27 -11 12 -27 26 13 -15 25 
-54 17 -3 -41 61 -32 48 36 -52 42 -41 -36 -18 -47 -25 -17 
-12 -55 41 2 22 65 -41 45 -38 -55 40 -36 49 -12 19 -23 
56 -4 -6 41 -67 16 -40 -45 59 -32 33 43 8 49 21 22 
1 56 -41 -8 -7 -68 49 -36 25 62 -47 26 -50 3 -24 19 
-56 -1 14 -38 69 -3 0 95 -7 5 
RSSI :-110 
Input angle :196
Zaxis angle :20 
minval :0 

minval :0 



-3 34 -33 -4 6 -33 32 8 -9 32 -31 -11 12 -31 30 13 
25 55 -42 9 -41 -59 33 -53 53 43 -32 47 -44 27 -17 29 
-57 19 -5 -44 62 -36 50 37 -48 48 -44 -37 -21 -47 -27 -21 
-19 -58 43 -1 26 67 -41 47 -42 -54 41 -40 49 -17 23 -25 
60 -11 -3 43 -69 20 -43 -45 58 -36 37 44 12 51 21 26 
2 61 -43 -6 -15 -70 -127 0 102 15 
RSSI :-110 
Input angle :193
Zaxis angle :25 
minval :0 

minval :0 



-28 -22 23 -26 25 25 -26 24 -22 -27 28 -21 20 30 -30 17 
-61 -9 18 -40 71 1 25 59 -66 17 -22 -55 4 -52 -14 -33 
15 -60 39 21 -7 71 -60 19 -9 -68 57 -17 51 11 34 -10 
58 21 -26 36 -69 -16 -13 -63 68 -3 11 59 -14 50 9 35 
-26 56 -34 -28 23 -68 63 -10 0 68 -60 5 -48 -19 -36 4 
-52 -32 33 -29 66 26 -17 -82 3 -2 
RSSI :-110 
Input angle :193
Zaxis angle :25 
minval :0 

minval :0 



38 3 -5 37 -37 -7 9 -36 35 12 -13 35 -34 -15 17 -33 
55 -24 8 44 -59 34 -51 -37 47 -49 50 33 25 44 32 20 
20 56 -45 2 -27 -63 42 -48 44 52 -38 45 -47 20 -24 29 
-59 12 0 -44 65 -23 43 46 -56 39 -42 -42 -17 -48 -27 -26 
-7 -60 44 4 17 66 -48 41 -35 -59 45 -39 50 -13 29 -24 
60 0 -9 44 -67 8 -8 -16 67 -8 
RSSI :-110 
Input angle :193
Zaxis angle :25 
minval :0 

minval :0 


