
-19 -62 63 -14 12 64 -64 8 -5 -64 64 -1 -2 64 -64 -6 
-17 -52 -49 39 -75 54 9 48 -24 -124 -108 8 0 37 20 -60 
54 -4 -25 -57 -35 -85 -49 -3 127 8 21 -108 -35 -7 53 36 
-11 54 62 -10 92 -5 15 -47 -40 120 99 46 16 -32 -49 40 
-48 -26 -5 63 -14 91 41 28 -107 -68 -70 84 28 24 -26 -57 
37 -41 -59 -23 -83 -41 -68 -64 72 -11 
RSSI :-110 
Input angle :108
Zaxis angle :0 
minval :0 

minval :0 



-4 32 -32 -5 8 -31 31 10 -12 30 -30 -12 15 -29 28 16 
0 15 32 -15 43 -12 -7 -28 -43 60 54 35 4 -14 -23 23 
-15 -3 6 35 0 45 29 0 -47 -56 -46 45 13 8 -15 -28 
7 -13 -35 -3 -43 -11 -6 28 65 -34 -32 -56 -11 10 31 -10 
10 12 13 -31 20 -38 -25 -14 16 72 62 -15 -7 -14 0 33 
-13 7 30 19 32 31 -39 110 -7 -2 
RSSI :-110 
Input angle :13
Zaxis angle :0 
minval :0 

minval :0 



38 58 -60 33 -30 -61 64 -27 23 64 -65 21 -17 -67 66 -13 
17 39 24 -69 37 -39 -11 -9 0 119 110 -12 4 -45 -7 67 
-43 6 58 45 28 47 12 -9 -115 -29 -14 110 42 15 -62 -27 
4 -44 -56 48 -52 16 5 13 56 -104 -101 -46 -25 37 38 -56 
40 12 -34 -66 -2 -54 -15 1 89 80 66 -88 -29 -34 45 51 
-24 36 72 -14 52 11 50 -17 -98 7 
RSSI :-110 
Input angle :122
Zaxis angle :0 
minval :0 

minval :0 



34 -25 24 35 -37 22 -20 -38 39 -18 15 40 -41 12 -10 -42 
20 -15 -33 -18 -17 -23 -5 10 57 32 18 -57 -21 4 43 0 
11 22 27 -26 27 -10 -8 -8 -46 44 50 32 1 -21 -13 40 
-24 5 17 33 2 29 10 -6 -31 -56 -45 39 20 7 -36 -22 
1 -25 -36 9 -29 -5 3 11 63 -18 -25 -54 -11 17 30 -30 
24 7 -2 -38 11 -27 19 -96 83 16 
RSSI :-110 
Input angle :11
Zaxis angle :0 
minval :0 

minval :0 



44 -8 5 44 -44 3 0 -44 44 2 -5 44 -44 -7 10 -43 
20 -1 -27 -38 -5 -48 -30 7 84 46 26 -93 -37 9 38 20 
-3 20 43 -19 47 5 -2 -31 -66 70 83 49 0 -38 -29 32 
-18 -8 6 46 -18 43 29 6 -49 -83 -67 69 37 8 -23 -36 
12 -20 -47 -4 -38 -28 -16 27 92 -27 -47 -84 -19 32 41 -14 
12 15 16 -44 36 -30 20 -80 82 48 
RSSI :-110 
Input angle :119
Zaxis angle :0 
minval :0 

minval :0 



26 -57 55 29 -32 54 -52 -36 38 -50 47 41 -44 43 -41 -46 
18 -44 -35 -11 -33 -18 -6 35 93 -24 -58 -107 -20 39 56 -27 
38 28 18 -32 26 -27 -33 -14 2 96 118 -33 -33 -28 14 60 
-37 30 27 25 19 32 21 -28 -93 -26 1 123 36 -25 -62 -2 
-21 -43 -32 17 -37 11 22 28 49 -83 -118 -33 14 43 19 -60 
48 -8 -11 -35 -1 -37 -121 112 -46 8 
RSSI :-110 
Input angle :151
Zaxis angle :0 
minval :0 

minval :0 



-52 -30 34 -51 50 36 -37 48 -46 -39 42 -43 40 46 -48 37 
-50 -42 -22 36 -21 17 18 32 54 -82 -123 -49 20 47 -22 -56 
56 -36 -29 -29 -11 -25 -36 8 68 71 75 -109 -49 8 60 -9 
20 63 35 -21 29 -2 0 -36 -86 44 83 101 3 -50 -6 60 
-66 4 12 40 -2 28 35 8 -23 -95 -119 57 48 14 -57 -18 
11 -65 -41 0 -26 -10 -60 -16 32 0 
RSSI :-110 
Input angle :162
Zaxis angle :0 
minval :0 

minval :0 



-32 0 1 -32 32 3 -5 31 -31 -7 9 -30 30 10 -12 29 
-30 -4 16 19 -1 27 13 6 -10 -43 -65 18 21 11 -24 -19 
10 -28 -22 10 -26 -7 -9 11 44 0 -2 -67 -17 16 25 -19 
24 18 -4 -24 15 -23 -8 -11 -9 43 66 11 -11 -20 11 29 
-24 18 25 1 19 20 13 -5 -39 -20 -30 60 23 -6 -31 3 
-12 -28 -9 23 -24 13 119 32 -100 -9 
RSSI :-110 
Input angle :119
Zaxis angle :0 
minval :0 

minval :0 



-30 15 -14 -31 32 -12 10 33 -33 8 -6 -33 34 -4 2 34 
-34 5 17 4 16 20 12 4 -25 -24 -48 48 29 -1 -33 -5 
2 -34 -8 16 -23 11 -7 10 30 -17 -32 -61 -5 29 16 -30 
32 11 -13 -12 -3 -25 -7 -9 9 34 67 -15 -26 -12 25 22 
-20 28 15 -9 26 2 11 -4 -34 0 1 68 19 -22 -28 19 
-22 -26 5 17 -8 24 30 -80 102 -9 
RSSI :-110 
Input angle :114
Zaxis angle :0 
minval :0 

minval :0 



10 29 -30 7 -5 -31 31 -3 1 31 -32 0 0 -31 30 3 
4 43 9 -12 2 -11 -3 -24 -36 21 47 51 0 -24 -10 29 
-43 -6 9 12 10 5 24 3 -12 -40 -60 34 24 5 -25 -17 
16 -41 -14 5 -8 8 -8 22 42 -1 -15 -67 -11 22 23 -20 
34 27 -1 -15 -6 -9 -20 -14 -9 41 69 1 -18 -16 14 27 
-34 27 15 2 10 -3 100 -33 107 -5 
RSSI :-110 
Input angle :179
Zaxis angle :0 
minval :0 

minval :0 



0 44 -44 -1 3 -44 43 5 -9 43 -42 -12 15 -41 40 17 
2 41 37 -13 15 -17 -17 -43 -66 70 91 34 -5 -22 -27 34 
-40 -10 2 40 12 19 46 -6 -51 -81 -55 81 23 1 -26 -34 
18 -37 -39 -7 -22 7 -6 46 92 -26 -65 -73 -7 22 41 -15 
30 27 16 -36 -2 -23 -43 -17 8 96 86 -45 -19 -12 7 43 
-34 24 31 25 23 4 1 -83 -2 -9 
RSSI :-110 
Input angle :175
Zaxis angle :0 
minval :0 

minval :0 



20 28 -29 19 -18 -29 30 -15 13 32 -32 11 -10 -33 34 -8 
6 27 12 -35 16 -18 -10 -17 0 78 57 -12 -2 -12 0 34 
-27 0 29 22 11 23 19 -5 -76 -18 -1 59 12 0 -33 -10 
6 -27 -27 25 -25 5 0 19 37 -69 -56 -16 -3 11 18 -29 
24 13 -17 -32 0 -26 -18 -4 58 52 30 -50 -10 -6 26 23 
-19 19 36 -9 25 6 -4 -18 4 11 
RSSI :-110 
Input angle :114
Zaxis angle :0 
minval :0 

minval :0 



29 -29 27 30 -32 25 -22 -34 35 -21 19 36 -36 17 -15 -37 
32 -6 -32 -14 -22 -26 -18 5 66 8 16 -48 -22 -6 40 -4 
0 32 24 -27 30 -15 -1 -19 -22 63 43 26 13 -19 -6 40 
-31 -10 21 29 7 32 18 4 -55 -36 -35 36 15 16 -37 -15 
17 -27 -33 13 -33 0 -8 17 50 -44 -25 -43 -20 11 23 -32 
23 23 -5 -36 10 -32 121 64 -1 14 
RSSI :-110 
Input angle :122
Zaxis angle :0 
minval :0 

minval :0 



26 -96 95 31 -34 94 -92 -39 46 -89 86 50 -55 83 -79 -60 
35 -74 -74 10 -71 8 -30 45 82 -43 -28 -91 -46 22 79 -59 
63 51 8 -74 13 -70 -35 -40 22 90 95 -2 -11 -50 37 91 
-66 47 69 30 64 28 48 -24 -92 -4 -21 93 51 1 -98 15 
-31 -76 -44 60 -43 57 9 53 25 -89 -82 -46 -15 49 12 -98 
81 -6 -48 -58 -44 -56 -97 112 -42 5 
RSSI :-110 
Input angle :122
Zaxis angle :0 
minval :0 

minval :0 



-84 -48 53 -79 76 57 -61 74 -69 -66 69 -65 61 73 -75 57 
-82 -84 2 64 5 60 30 40 -25 -88 -116 -3 17 46 -37 -87 
101 -59 -64 -14 -60 -11 -46 18 93 0 31 -111 -50 3 93 -11 
28 113 31 -57 26 -56 -6 -49 -23 89 101 55 7 -50 -11 93 
-117 -2 48 44 47 39 49 4 -79 -49 -83 81 46 22 -88 -35 
29 -114 -54 35 -50 36 125 32 102 -9 
RSSI :-110 
Input angle :122
Zaxis angle :0 
minval :0 

minval :0 



24 31 -32 23 -21 -33 35 -19 17 36 -36 15 -13 -37 38 -10 
4 36 16 -15 22 -8 6 -31 -45 23 31 56 7 -18 0 39 
-36 -1 9 20 1 24 27 15 -9 -50 -63 17 15 11 -38 -8 
11 -34 -21 5 -23 -4 -20 23 51 2 -2 -65 -16 11 18 -34 
29 21 0 -22 10 -22 -17 -26 -13 49 63 15 -7 -18 29 26 
-27 24 21 5 19 15 78 -1 92 -7 
RSSI :-110 
Input angle :132
Zaxis angle :0 
minval :0 

minval :0 



60 -2 0 58 -59 -3 7 -59 58 11 -14 58 -56 -17 21 -54 
47 -2 0 -38 21 -10 -30 -2 -8 110 116 -33 -13 -12 47 35 
-9 44 36 10 6 22 9 -29 -104 -37 6 120 15 -8 -45 38 
-41 -19 -19 33 -24 0 26 16 61 -92 -118 -23 4 17 -26 -52 
29 -36 -27 -26 7 -23 -23 19 73 83 55 -108 -18 0 58 -9 
26 36 33 -18 21 12 56 -49 19 6 
RSSI :-110 
Input angle :43
Zaxis angle :0 
minval :0 

minval :0 



0 -35 35 0 -2 35 -34 -4 7 -34 34 9 -11 33 -32 -12 
1 -25 -25 -1 -13 -3 -12 29 63 1 -20 -69 -5 19 21 -28 
24 6 7 -24 6 -11 -25 -20 -16 61 71 -6 -17 -11 22 27 
-12 22 21 14 10 9 25 -18 -55 -30 -12 71 15 -14 -32 13 
-16 -19 -19 16 -11 7 10 30 46 -43 -64 -33 10 18 -4 -34 
22 -11 -11 -22 -3 -13 -127 0 -56 13 
RSSI :-110 
Input angle :168
Zaxis angle :0 
minval :0 

minval :0 



-34 8 -6 -34 35 -4 2 35 -35 0 1 -35 35 3 -5 34 
-8 0 13 23 1 26 23 6 -41 -61 -43 48 21 -3 -32 -14 
1 -8 -26 6 -26 -5 -11 21 70 -22 -37 -53 -2 21 21 -27 
8 3 -1 -27 12 -23 -16 -16 7 73 60 -20 -20 -6 21 27 
-6 6 26 7 20 17 20 -12 -72 -12 4 64 12 -17 -31 14 
-4 -6 -14 24 -21 16 0 -32 105 -17 
RSSI :-110 
Input angle :101
Zaxis angle :14 
minval :0 

minval :0 



15 26 -28 13 -11 -29 29 -9 8 30 -30 6 -5 -30 30 -2 
1 22 14 -22 29 -7 3 -28 -39 43 56 41 -3 -19 -6 30 
-21 -4 17 19 0 29 25 12 -32 -48 -54 43 20 2 -27 -13 
10 -19 -23 11 -29 -8 -18 21 55 -17 -24 -65 -7 18 20 -22 
17 14 -5 -25 14 -25 -17 -22 3 58 69 -10 -16 -12 17 25 
-19 11 25 0 21 20 25 95 -40 -4 
RSSI :-110 
Input angle :119
Zaxis angle :0 
minval :0 

minval :0 



29 4 -6 29 -28 -7 8 -28 27 10 -11 27 -27 -13 13 -26 
21 9 -13 -14 8 -29 -19 -1 56 46 32 -44 -3 -10 21 20 
-14 19 18 -9 26 15 5 -17 -60 42 34 43 10 0 -24 15 
-14 -18 4 19 -21 21 15 10 -26 -68 -50 24 -1 10 -9 -27 
21 -9 -20 0 -15 -26 -13 12 72 -8 -10 -54 -9 -4 29 -1 
3 23 5 -19 29 -7 -44 127 19 18 
RSSI :-110 
Input angle :119
Zaxis angle :0 
minval :0 

minval :0 



-55 -7 8 -54 54 11 -14 52 -52 -18 21 -50 49 23 -26 47 
-43 -4 8 30 -10 33 27 9 -37 -115 -104 60 14 3 -40 -37 
15 -40 -31 1 -30 -18 -15 25 121 -4 -33 -116 -6 12 46 -29 
34 26 7 -30 25 -25 -18 -21 -24 118 120 -1 -10 -9 15 52 
-34 27 28 14 18 30 26 -14 -108 -54 -29 116 12 -7 -55 2 
-17 -39 -21 22 -35 11 -98 16 70 -12 
RSSI :-110 
Input angle :127
Zaxis angle :0 
minval :0 

minval :0 



0 54 -56 -2 5 -55 55 9 -12 53 -53 -14 18 -53 51 20 
-8 46 29 7 19 8 3 -26 -126 16 70 99 3 -6 -32 44 
-43 -20 -15 25 -12 18 23 11 14 -126 -115 39 4 5 -33 -43 
30 -36 -21 -20 -13 -17 -17 20 119 43 -14 -121 -7 3 49 -22 
28 37 24 -15 19 -9 -15 -21 -71 103 119 17 -1 -7 9 55 
-43 18 8 28 5 21 87 -49 25 -12 
RSSI :-110 
Input angle :158
Zaxis angle :14 
minval :0 

minval :0 



43 -2 0 43 -43 -2 4 -42 42 6 -8 42 -42 -10 12 -41 
18 -16 -24 -42 -5 -46 -36 0 82 52 14 -95 -2 -1 35 23 
11 22 47 -13 46 6 8 -35 -75 61 89 35 2 -2 -32 28 
-24 4 1 49 -17 43 31 17 -43 -87 -55 78 1 3 -20 -37 
0 -25 -48 -10 -37 -27 -23 27 95 -19 -63 -72 -3 0 41 -9 
23 7 22 -44 35 -30 -43 127 121 48 
RSSI :-110 
Input angle :17
Zaxis angle :14 
minval :0 

minval :0 



54 12 -14 53 -52 -17 19 -52 50 23 -24 49 -46 -28 30 -46 
49 14 -8 -6 27 -16 -3 15 -2 0 106 -49 4 -6 35 42 
-25 43 8 -7 9 30 -14 -7 -123 -33 19 114 5 6 -49 24 
-34 -37 4 9 -31 1 9 -12 65 -109 -117 -10 -8 3 -9 -54 
45 -25 -11 1 6 -31 8 13 90 91 37 -110 0 -8 55 4 
12 49 1 -10 28 13 40 63 -114 8 
RSSI :-110 
Input angle :32
Zaxis angle :14 
minval :0 

minval :0 



-4 -26 26 -3 0 26 -26 0 2 -26 26 3 -5 25 -25 -6 
-4 -19 -11 24 -28 0 0 4 44 -54 -49 -16 -4 0 12 -23 
20 0 -20 -16 6 -26 -3 0 39 56 29 -41 1 -4 18 18 
-5 19 21 -15 24 13 1 -4 -65 22 34 37 3 2 -22 14 
-17 -9 11 24 -18 20 3 2 -7 -69 -45 23 -3 3 -6 -25 
14 -13 -26 3 -15 -22 21 1 119 1 
RSSI :-110 
Input angle :24
Zaxis angle :20 
minval :0 

minval :0 



-16 24 -23 -17 18 -22 22 19 -21 20 -19 -23 23 -17 16 24 
-7 7 29 -16 33 6 12 -12 -59 36 36 36 11 -3 -28 9 
-4 -8 8 32 -15 29 8 15 -20 -66 -44 26 0 11 -2 -29 
9 -2 -33 0 -25 -22 -16 4 69 -6 -14 -49 -11 -1 29 4 
0 9 7 -32 28 -18 0 -17 -13 68 51 -1 5 -10 -12 26 
-9 -2 29 16 10 31 3 111 -121 -8 
RSSI :-110 
Input angle :106
Zaxis angle :0 
minval :0 

minval :0 



43 33 -35 41 -37 -38 41 -35 35 42 -43 32 -30 -45 47 -25 
26 28 -16 -59 20 -63 -29 -46 28 112 107 -58 -16 -14 11 52 
-35 18 61 -2 57 34 52 -18 -116 3 34 118 17 -12 -54 0 
-9 -37 -12 60 -47 48 5 54 24 -112 -123 -1 8 19 12 -52 
39 -1 -55 -27 -37 -56 -54 -6 102 53 25 -120 -22 3 47 27 
-8 38 39 -48 65 -18 103 15 -30 10 
RSSI :-110 
Input angle :108
Zaxis angle :0 
minval :0 

minval :0 



0 45 -45 -2 5 -45 44 8 -10 44 -43 -14 16 -42 41 18 
-5 45 32 -25 52 1 27 -39 -78 48 76 63 -7 -26 -28 35 
-42 -17 16 38 -15 50 30 36 -28 -87 -79 58 27 0 -25 -37 
25 -37 -41 7 -44 -27 -43 20 92 -5 -35 -92 -6 26 42 -16 
29 35 3 -41 38 -35 -10 -46 -19 90 98 -13 -24 -12 4 45 
-40 20 39 12 26 45 95 125 29 -19 
RSSI :-110 
Input angle :108
Zaxis angle :0 
minval :0 

minval :0 



47 0 -2 46 -47 -5 8 -46 45 11 -13 45 -44 -16 19 -42 
17 -9 -10 -27 13 -54 -18 -14 74 61 39 -86 -12 -1 38 26 
4 19 29 -3 49 26 19 -14 -81 55 74 59 4 -11 -37 28 
-20 0 -4 29 -38 40 8 21 -34 -90 -76 55 10 7 -18 -43 
5 -19 -28 -9 -29 -47 -23 4 97 -8 -37 -86 -10 8 46 -7 
17 9 16 -24 53 -17 -116 -33 -3 47 
RSSI :-110 
Input angle :110
Zaxis angle :32 
minval :0 

minval :0 



36 23 -25 34 -33 -27 29 -32 30 30 -32 28 -26 -34 35 -23 
53 4 0 -26 1 -3 -21 7 -8 96 85 -45 0 -1 14 40 
-15 51 25 7 3 2 -1 -22 -92 -30 20 95 1 0 -42 4 
-45 -27 -13 22 -2 2 22 5 52 -81 -97 -3 0 1 7 -42 
39 -35 -19 -18 -1 -3 -10 20 66 70 29 -92 -1 0 39 17 
25 46 23 -12 3 0 73 45 38 22 
RSSI :-110 
Input angle :13
Zaxis angle :0 
minval :0 

minval :0 



28 -34 34 28 -30 32 -29 -33 35 -27 27 35 -36 25 -22 -38 
8 -38 -49 -2 -18 -13 -3 10 97 -5 -39 -87 -8 3 42 -11 
34 18 13 -47 18 -14 -9 -6 -21 95 95 -16 0 -8 1 44 
-25 29 41 26 9 20 8 -7 -89 -40 -9 95 8 1 -42 -11 
-22 -32 -34 35 -22 3 5 9 62 -75 -90 -32 -3 8 21 -38 
37 -12 -24 -42 3 -22 -64 -15 87 40 
RSSI :-110 
Input angle :18
Zaxis angle :0 
minval :0 

minval :0 



28 33 -35 27 -24 -36 38 -21 19 39 -41 16 -14 -41 42 -12 
44 43 19 -45 13 -13 -22 -14 -56 79 94 21 -7 -7 0 43 
-51 34 40 29 10 15 18 -18 -63 -73 -43 86 9 -4 -42 -10 
-19 -59 -38 31 -17 6 14 22 86 -43 -73 -62 2 9 20 -38 
62 -4 -19 -45 0 -18 -25 6 20 94 79 -54 -10 0 32 29 
-13 60 48 -7 18 3 -11 -116 50 -2 
RSSI :-110 
Input angle :161
Zaxis angle :0 
minval :0 

minval :0 



23 -13 11 24 -25 10 -8 -25 26 -7 6 26 -26 5 -3 -26 
30 -17 -19 -11 -5 -4 -13 11 30 53 42 -53 -9 6 27 3 
10 34 17 -15 5 -6 -8 -16 -60 15 41 54 -3 -10 -11 24 
-35 0 10 20 2 6 18 -3 -1 -62 -63 26 11 0 -20 -16 
6 -34 -22 4 -6 1 -1 18 59 16 -9 -68 -1 11 21 -16 
31 15 0 -23 0 -7 -115 63 -55 13 
RSSI :-110 
Input angle :177
Zaxis angle :0 
minval :0 

minval :0 



-16 36 -35 -18 20 -33 32 22 -24 31 -30 -25 26 -29 26 28 
11 37 37 -2 14 14 -13 -17 -98 5 48 83 -1 -3 -34 18 
-39 2 -7 36 -17 10 20 -7 18 -96 -94 22 3 0 -9 -38 
8 -38 -33 -17 -5 -19 2 21 90 40 -4 -96 0 3 39 0 
34 16 25 -27 19 -1 -21 -2 -66 73 93 24 -3 -1 -9 38 
-25 29 21 30 -4 19 42 -114 -115 -40 
RSSI :-110 
Input angle :27
Zaxis angle :25 
minval :0 

minval :0 



33 28 -29 31 -29 -31 32 -28 25 35 -36 24 -22 -37 37 -20 
29 10 15 -50 23 -14 -15 1 -8 97 94 -9 2 -15 5 42 
-19 24 44 27 7 26 3 -15 -90 -36 -15 93 14 5 -42 -2 
-20 -23 -39 34 -27 2 14 7 58 -78 -86 -37 -9 12 11 -41 
27 -15 -25 -45 5 -26 -9 12 62 75 55 -76 -10 -12 36 22 
6 30 50 -12 24 11 50 -19 -29 18 
RSSI :-110 
Input angle :12
Zaxis angle :14 
minval :0 

minval :0 



12 -43 43 14 -17 42 -41 -20 21 -40 39 23 -25 38 -36 -26 
0 -50 -43 10 -12 1 5 20 95 -14 -49 -84 -3 15 36 -27 
48 13 1 -44 1 -12 -21 0 -11 95 95 -22 -13 -6 17 41 
-26 42 42 12 11 4 4 -21 -90 -35 4 97 10 -11 -45 6 
-34 -37 -21 38 -7 9 18 9 55 -79 -95 -21 9 11 4 -45 
44 -24 -30 -32 -7 -9 -12 65 1 37 
RSSI :-110 
Input angle :168
Zaxis angle :0 
minval :0 

minval :0 



-13 45 -44 -16 18 -44 42 21 -24 41 -40 -25 27 -38 37 29 
4 34 41 -10 13 17 -8 -13 -89 40 59 76 12 1 -38 26 
-34 -2 0 42 -20 8 14 -5 -15 -96 -88 38 -5 11 -17 -44 
10 -33 -41 -9 -3 -21 1 15 97 9 -9 -96 -9 -7 47 -4 
28 19 21 -37 21 3 -15 -3 -35 91 96 9 9 -7 -7 46 
-25 23 30 29 -8 20 -122 45 -89 -30 
RSSI :-110 
Input angle :18
Zaxis angle :20 
minval :0 

minval :0 



36 17 -20 34 -33 -22 24 -31 30 26 -27 29 -28 -28 30 -26 
39 4 -4 -42 10 -22 -22 -3 24 93 87 -42 0 -11 17 35 
-13 37 41 5 17 16 8 -20 -96 0 19 94 10 1 -39 6 
-32 -22 -17 38 -20 13 18 13 24 -94 -96 -4 -4 10 3 -39 
30 -25 -32 -27 -7 -23 -17 14 85 45 29 -92 -8 -6 37 13 
16 35 35 -24 24 -2 -15 -35 -102 35 
RSSI :-110 
Input angle :22
Zaxis angle :0 
minval :0 

minval :0 



-6 -45 45 -3 0 46 -45 -1 4 -45 45 6 -9 45 -44 -11 
-15 -33 -36 21 -15 2 15 19 69 -68 -84 -48 -12 5 22 -39 
36 -8 -11 -40 1 -16 -23 10 42 88 71 -65 -2 -13 32 32 
-2 37 42 0 15 5 -3 -25 -94 22 47 84 13 1 -39 23 
-35 -12 -9 41 -9 13 24 3 0 -97 -94 21 -4 13 -13 -43 
20 -31 -37 -19 -12 -7 -12 -110 -66 12 
RSSI :-110 
Input angle :11
Zaxis angle :14 
minval :0 

minval :0 



-14 22 -22 -14 15 -20 19 17 -18 18 -17 -19 20 -16 16 21 
-5 23 21 5 10 1 0 -14 -62 -12 7 65 4 -4 -24 8 
-20 -11 -10 19 -3 10 13 4 27 -57 -66 -5 3 5 -3 -26 
17 -15 -17 -14 -8 -6 -7 12 48 41 24 -62 -6 2 25 3 
11 20 18 -12 8 -7 -10 -9 -50 39 54 36 0 -6 -11 24 
-22 5 7 21 5 9 -89 -33 8 -15 
RSSI :-110 
Input angle :13
Zaxis angle :0 
minval :0 

minval :0 



47 -7 4 47 -47 2 0 -47 47 2 -6 46 -46 -9 12 -45 
46 -19 -16 -43 -16 -16 -26 21 35 90 73 -64 -7 5 41 22 
4 52 45 -5 20 -10 -15 -31 -96 10 47 85 -2 -8 -33 33 
-51 -7 -5 45 5 22 34 -6 9 -96 -95 23 9 0 -24 -40 
20 -48 -42 -18 -22 0 -2 34 89 36 1 -97 -1 9 45 -12 
41 31 26 -37 5 -21 58 14 57 39 
RSSI :-110 
Input angle :181
Zaxis angle :0 
minval :0 

minval :0 



19 -41 40 21 -24 39 -37 -27 28 -35 34 30 -32 33 -31 -32 
14 -53 -48 -17 -25 4 4 40 94 25 -12 -97 4 7 40 -21 
48 27 29 -42 1 -25 -39 -4 -47 85 97 13 -8 2 11 44 
-39 38 33 38 24 7 14 -37 -69 -68 -38 90 0 -9 -45 -3 
-28 -48 -45 23 -12 22 32 23 81 -53 -78 -58 8 1 12 -44 
53 -17 -8 -50 -17 -18 -61 0 0 47 
RSSI :-110 
Input angle :172
Zaxis angle :0 
minval :0 

minval :0 



17 41 -42 14 -10 -43 44 -7 5 44 -45 5 -3 -44 44 0 
18 54 49 -20 15 -25 -27 -27 -89 35 68 69 -13 -10 -11 42 
-57 6 8 52 20 21 33 -20 -11 -95 -84 49 12 -10 -38 -22 
7 -57 -52 -5 -26 14 11 37 94 13 -29 -93 6 15 31 -32 
52 23 18 -49 -8 -28 -39 1 -35 88 97 -4 -16 1 21 39 
-36 45 42 31 29 0 -95 109 42 -29 
RSSI :-110 
Input angle :177
Zaxis angle :0 
minval :0 

minval :0 



45 3 -6 45 -45 -7 9 -45 44 12 -15 43 -43 -16 18 -41 
51 8 -2 -56 -12 -33 -31 12 2 93 90 -37 -18 0 33 31 
-20 47 55 12 34 -4 -4 -33 -91 -17 9 97 4 -17 -36 26 
-41 -30 -24 50 -4 34 33 3 43 -82 -96 -13 16 8 -15 -42 
40 -31 -42 -37 -33 -11 -12 31 72 59 37 -90 -11 13 45 -3 
20 47 47 -31 20 -28 -97 77 -92 26 
RSSI :-110 
Input angle :8
Zaxis angle :0 
minval :0 

minval :0 



-30 26 -23 -32 34 -20 19 34 -35 18 -16 -36 36 -15 13 37 
-35 30 41 45 15 18 7 -28 -75 -59 -39 88 5 -3 -39 1 
-19 -42 -55 27 -21 10 24 16 76 -58 -75 -60 1 6 9 -38 
46 -6 -11 -60 -4 -23 -20 21 39 87 79 -54 -6 0 35 18 
-2 46 62 3 24 1 -16 -24 -95 10 36 89 1 -6 -27 28 
-44 -15 -21 58 -8 22 111 32 -10 -49 
RSSI :-110 
Input angle :160
Zaxis angle :0 
minval :0 

minval :0 



-8 42 -42 -11 14 -41 40 16 -18 39 -38 -21 22 -37 35 24 
-4 48 64 -1 24 2 -10 -24 -95 15 35 90 6 -7 -34 26 
-46 -14 -15 62 -8 22 26 -4 13 -95 -96 12 6 7 -17 -39 
28 -39 -57 -28 -20 -13 -1 26 89 34 11 -96 -8 4 43 -8 
32 32 43 -47 18 -16 -25 -8 -54 79 90 33 -1 -9 -1 43 
-43 21 37 52 11 21 11 14 96 -37 
RSSI :-110 
Input angle :21
Zaxis angle :0 
minval :0 

minval :0 



35 19 -21 34 -32 -24 25 -31 30 27 -28 28 -27 -29 31 -25 
48 11 33 -51 5 -8 -34 25 -31 92 96 0 4 5 17 36 
-23 44 42 43 6 7 -17 -39 -81 -54 -25 92 -6 2 -40 6 
-36 -34 -54 27 -8 4 43 -5 73 -63 -84 -45 -1 -6 3 -40 
42 -26 -14 -59 -2 -9 -4 42 45 86 64 -70 6 0 38 14 
15 47 61 0 10 0 5 29 73 10 
RSSI :-110 
Input angle :19
Zaxis angle :29 
minval :0 

minval :0 



29 28 -30 28 -26 -32 33 -24 22 35 -36 19 -17 -37 37 -15 
39 43 44 -43 13 -20 -44 -18 -62 72 89 38 -15 -8 5 40 
-52 26 33 52 16 19 28 -38 -53 -79 -56 79 12 -13 -40 -3 
-16 -56 -59 18 -22 10 30 36 90 -30 -62 -74 9 14 13 -39 
58 0 -1 -62 -4 -24 -44 17 7 95 88 -41 -16 6 32 24 
-17 56 62 9 25 1 16 -83 52 -9 
RSSI :-110 
Input angle :170
Zaxis angle :0 
minval :0 

minval :0 



31 -25 24 32 -34 22 -20 -35 36 -18 16 37 -37 14 -12 -38 
27 -34 -40 -45 -16 -19 -13 33 78 57 28 -91 -6 5 40 -1 
26 36 52 -29 24 -10 -29 -21 -76 59 79 53 -3 -7 -8 40 
-41 17 13 58 4 25 28 -22 -40 -88 -68 66 7 -1 -37 -17 
-6 -44 -60 0 -26 2 14 33 95 -18 -43 -85 0 7 26 -30 
44 4 16 -58 8 -24 -67 79 -112 48 
RSSI :-110 
Input angle :162
Zaxis angle :0 
minval :0 

minval :0 



14 -32 32 15 -17 31 -29 -20 22 -28 26 24 -25 25 -24 -25 
23 -57 -48 -21 -16 -5 0 38 86 42 0 -96 5 10 31 -16 
50 37 34 -41 8 -14 -37 -7 -63 72 93 23 -11 2 8 34 
-48 39 32 42 11 12 17 -34 -55 -79 -44 85 0 -11 -35 0 
-26 -56 -49 19 -15 7 28 25 90 -33 -69 -67 11 3 10 -34 
60 -13 -7 -52 -4 -16 123 0 -79 47 
RSSI :-110 
Input angle :166
Zaxis angle :0 
minval :0 

minval :0 



-28 -38 40 -28 26 40 -41 23 -20 -43 45 -18 14 45 -45 11 
-27 -62 -46 32 -11 22 37 21 80 -48 -75 -59 13 10 0 -47 
67 -12 -20 -53 -18 -16 -31 29 27 90 76 -58 -13 10 46 10 
-5 68 56 -6 21 -14 -21 -37 -94 3 39 87 -6 -15 -21 43 
-64 -20 -9 56 8 24 42 -9 19 -92 -95 12 16 -2 -34 -33 
37 -56 -51 -25 -25 1 -114 98 105 23 
RSSI :-110 
Input angle :177
Zaxis angle :0 
minval :0 

minval :0 



-47 38 -36 -48 50 -33 30 52 -54 28 -24 -57 57 -19 16 57 
-65 17 42 43 37 21 25 -41 -83 -69 -54 102 19 -12 -61 -2 
-2 -68 -52 31 -26 32 33 34 85 -66 -88 -75 6 22 14 -58 
67 13 -16 -58 -22 -36 -42 21 37 101 94 -68 -24 1 52 28 
-33 59 61 0 39 -14 -10 -45 -107 14 42 108 4 -23 -40 44 
-51 -46 -13 58 3 43 23 -48 -105 -14 
RSSI :-110 
Input angle :172
Zaxis angle :0 
minval :0 

minval :0 



-17 44 -44 -18 20 -43 41 23 -28 38 -36 -30 31 -35 33 33 
-24 32 64 15 38 8 0 -35 -95 2 30 89 13 -14 -40 23 
-25 -30 -29 59 -19 33 33 9 22 -92 -94 5 10 16 -11 -45 
37 -16 -49 -43 -28 -26 -18 29 82 46 16 -92 -18 7 47 -2 
9 41 56 -33 28 -8 -24 -24 -64 70 84 41 -1 -19 -12 45 
-40 -4 20 62 12 37 85 14 -90 -40 
RSSI :-110 
Input angle :168
Zaxis angle :0 
minval :0 

minval :0 



-21 -31 33 -18 18 33 -33 16 -14 -34 35 -11 9 36 -36 8 
-46 -53 -48 13 -9 11 40 35 91 -30 -80 -58 10 6 0 -37 
64 -30 0 -50 -9 -11 -43 31 10 96 76 -62 -8 9 35 10 
14 69 48 13 13 -5 -18 -50 -94 -18 44 88 -6 -11 -19 32 
-70 -1 -24 43 2 14 53 -5 38 -88 -97 17 12 -3 -26 -27 
21 -67 -36 -33 -14 -2 101 -94 21 30 
RSSI :-110 
Input angle :173
Zaxis angle :0 
minval :0 

minval :0 



-30 -3 6 -30 29 7 -8 29 -28 -10 12 -28 27 13 -15 26 
-44 -19 -9 29 4 17 32 5 18 -45 -73 -2 13 4 -22 -21 
28 -39 -25 -17 -18 0 -14 29 39 29 19 -70 -8 11 26 -16 
29 37 22 -20 3 -18 -26 -20 -38 30 61 39 -8 -11 7 29 
-44 20 13 27 16 8 25 -19 -20 -45 -51 50 12 -6 -30 0 
-7 -48 -30 7 -12 13 -62 -80 -62 -3 
RSSI :-110 
Input angle :179
Zaxis angle :0 
minval :0 

minval :0 



-9 34 -33 -13 14 -32 32 16 -18 31 -29 -20 21 -28 27 21 
-25 35 33 11 25 1 6 -28 -51 -6 -4 65 10 -8 -28 21 
-26 -34 -17 30 -7 24 26 12 18 -48 -63 -16 6 11 -13 -32 
39 -18 -24 -26 -22 -11 -19 22 42 30 32 -56 -13 2 35 -4 
9 42 31 -17 17 -18 -15 -25 -40 32 46 45 1 -13 -6 35 
-43 -1 9 34 12 21 -85 -97 30 -12 
RSSI :-110 
Input angle :303
Zaxis angle :32 
minval :0 

minval :0 



56 -35 31 58 -60 29 -24 -62 63 -20 16 64 -65 13 -10 -65 
62 -7 -31 -68 -28 -34 -36 35 81 85 77 -98 -26 0 65 7 
-9 61 73 -12 39 -22 -26 -44 -104 58 78 96 6 -25 -24 62 
-58 -22 -3 75 11 44 49 -11 -26 -115 -114 50 23 12 -55 -37 
36 -50 -71 -22 -46 1 0 51 118 0 -18 -123 -17 19 50 -43 
39 48 39 -64 11 -43 -70 -33 79 14 
RSSI :-110 
Input angle :166
Zaxis angle :0 
minval :0 

minval :0 



-23 16 -17 -24 31 -11 8 31 -31 10 -6 -27 31 -3 3 33 
-28 5 1 28 9 12 29 -13 -16 -53 -54 49 20 0 -26 -4 
1 -32 -29 -4 -13 7 4 30 55 -5 -31 -63 -3 20 13 -31 
32 11 13 -25 -2 -14 -30 -3 -10 55 68 -15 -16 -8 21 16 
-18 25 22 17 16 5 9 -30 -48 -23 -3 70 12 -13 -20 18 
-25 -20 -22 16 -5 12 118 -112 61 -11 
RSSI :-110 
Input angle :177
Zaxis angle :0 
minval :0 

minval :0 



26 6 -8 29 -27 -10 13 -25 27 15 -14 28 -25 -20 18 -20 
26 18 23 -22 6 -16 -19 -15 -21 51 67 8 -13 -14 20 24 
-24 21 18 26 15 13 20 -17 -45 -31 -25 60 15 -8 -25 8 
-14 -28 -31 8 -15 11 9 23 43 -36 -53 -40 4 19 -5 -28 
28 -3 -2 -31 -8 -16 -26 4 21 47 51 -42 -20 0 28 0 
-1 32 32 7 19 -1 49 31 90 2 
RSSI :-110 
Input angle :168
Zaxis angle :0 
minval :0 

minval :0 



39 -44 42 42 -44 40 -36 -48 50 -33 29 52 -52 29 -26 -53 
45 -28 -19 -53 -22 -35 -37 18 87 75 65 -111 -31 11 58 -10 
15 51 56 -4 40 -12 -7 -42 -99 61 89 93 -3 -33 -4 59 
-53 3 -11 55 2 42 42 0 -36 -110 -111 65 31 6 -55 -21 
11 -53 -51 -22 -40 -8 -11 42 115 -3 -34 -124 -15 28 32 -48 
49 23 38 -41 19 -37 -48 15 60 14 
RSSI :-110 
Input angle :163
Zaxis angle :0 
minval :0 

minval :0 



-38 -46 47 -37 34 49 -51 30 -27 -52 54 -24 20 56 -56 18 
-30 -47 -59 7 -31 22 31 32 78 -87 -112 -69 11 21 -3 -59 
53 -15 9 -59 -13 -36 -38 21 62 99 91 -95 -23 5 57 11 
0 56 57 19 37 -5 -10 -43 -111 35 66 114 -1 -23 -24 53 
-54 -9 -33 50 -5 37 43 0 -7 -117 -126 35 22 5 -45 -37 
22 -51 -39 -45 -36 -12 -26 16 -57 2 
RSSI :-110 
Input angle :160
Zaxis angle :0 
minval :0 

minval :0 



3 59 -59 0 2 -60 59 5 -9 59 -57 -13 17 -56 54 21 
-2 52 57 35 40 -7 -12 -41 -116 23 55 114 -5 -20 -34 48 
-50 -13 -49 46 -3 41 44 -1 7 -119 -124 24 20 0 -40 -43 
26 -45 -33 -58 -40 -13 -8 42 115 33 5 -127 -5 19 53 -26 
38 35 65 -16 24 -33 -38 -19 -62 101 121 40 -17 -9 12 57 
-45 26 2 67 28 30 92 -113 26 -11 
RSSI :-110 
Input angle :168
Zaxis angle :0 
minval :0 

minval :0 



34 -46 44 36 -38 43 -40 -41 43 -38 35 45 -47 32 -29 -49 
37 -34 -21 -67 -36 -20 -8 39 109 56 22 -121 -4 11 55 -14 
25 43 70 -7 28 -30 -35 -20 -82 92 114 46 -10 -7 1 57 
-48 12 -12 69 22 36 29 -28 -63 -106 -78 94 9 -9 -56 -12 
2 -49 -64 -28 -40 11 19 34 117 -38 -72 -100 5 11 26 -51 
48 12 44 -55 -3 -41 26 112 122 15 
RSSI :-110 
Input angle :166
Zaxis angle :0 
minval :0 

minval :0 



-27 10 -9 -28 28 -8 6 28 -29 5 -3 -29 29 -1 0 29 
-27 3 -9 31 4 12 16 -12 -15 -59 -53 37 8 -6 -28 -8 
2 -27 -27 -17 -13 0 7 19 60 0 -24 -59 4 9 14 -25 
25 9 23 -22 1 -13 -20 3 -12 59 64 -5 -10 2 21 20 
-15 22 14 28 12 5 2 -20 -51 -33 -7 64 0 -11 -25 15 
-18 -20 -31 7 -8 11 -90 96 -59 -12 
RSSI :-110 
Input angle :172
Zaxis angle :0 
minval :0 

minval :0 



-22 64 -63 -26 29 -61 59 32 -37 56 -54 -39 42 -54 51 44 
-22 47 36 60 36 11 10 -36 -109 -46 -6 122 12 -22 -57 36 
-38 -35 -66 19 -19 33 31 21 72 -95 -117 -38 18 17 -23 -64 
43 -29 -3 -69 -27 -25 -28 26 75 91 70 -101 -21 12 68 0 
16 49 68 14 32 -18 -17 -32 -109 48 83 90 -8 -24 -14 65 
-52 1 -34 61 9 36 -34 127 26 -15 
RSSI :-110 
Input angle :179
Zaxis angle :0 
minval :0 

minval :0 



-4 -48 48 -3 1 48 -48 -1 4 -48 47 8 -11 47 -46 -13 
-14 -42 -38 -17 -31 0 14 29 92 -23 -56 -78 4 15 25 -41 
45 -4 26 -32 7 -30 -32 6 0 94 90 -32 -16 0 33 34 
-6 44 26 32 27 14 2 -33 -92 -21 11 95 3 -16 -41 24 
-41 -18 -38 17 -20 23 31 9 42 -84 -95 -10 14 7 -12 -46 
28 -35 -7 -41 -16 -26 47 -46 88 32 
RSSI :-110 
Input angle :161
Zaxis angle :0 
minval :0 

minval :0 



-34 -27 27 -33 32 28 -31 30 -28 -33 35 -26 25 36 -36 23 
-58 -25 -39 23 -23 12 23 4 60 -72 -95 -10 17 7 -11 -42 
39 -50 -13 -44 -7 -25 -11 21 54 76 36 -88 -11 15 43 -2 
37 51 46 0 27 0 -18 -15 -87 35 76 58 -12 -14 -9 42 
-58 25 -12 44 -7 25 19 -13 -5 -93 -77 57 17 -8 -39 -19 
-7 -63 -40 -21 -23 -13 -27 -62 -74 7 
RSSI :-110 
Input angle :157
Zaxis angle :0 
minval :0 

minval :0 



-37 21 -19 -38 39 -16 14 40 -41 12 -8 -42 42 -5 4 42 
-54 27 -6 44 -5 26 9 -20 -31 -87 -62 71 17 -13 -42 -6 
-13 -59 -40 -18 -24 -11 18 13 93 -5 -50 -79 7 20 18 -38 
61 2 28 -35 17 -20 -17 13 -17 91 89 -31 -22 2 33 25 
-20 58 26 35 15 21 -7 -21 -85 -37 9 94 2 -22 -34 24 
-52 -32 -42 16 -24 9 -51 -63 117 -37 
RSSI :-110 
Input angle :158
Zaxis angle :0 
minval :0 

minval :0 



26 26 -27 25 -23 -29 30 -22 20 32 -32 18 -16 -33 34 -14 
31 37 41 -1 30 7 -23 -6 -81 49 84 43 -19 -17 4 37 
-43 22 -7 41 -14 28 10 -21 -29 -90 -62 71 21 -14 -37 -4 
-9 -48 -37 -18 -23 -21 18 15 95 -6 -55 -75 9 24 13 -34 
48 2 26 -32 27 -17 -19 14 -15 94 88 -33 -25 1 30 21 
-14 46 23 34 10 30 88 -115 77 -22 
RSSI :-110 
Input angle :71
Zaxis angle :0 
minval :0 

minval :0 



-18 -39 41 -15 11 42 -42 10 -8 -43 43 -5 3 43 -43 1 
-7 -38 -39 -10 -35 -18 15 22 94 -23 -60 -73 8 21 11 -42 
38 2 21 -35 26 -29 -25 8 0 97 86 -40 -22 2 39 19 
-10 36 29 28 22 33 -2 -27 -94 -24 21 92 2 -23 -29 32 
-32 -20 -34 21 -37 14 26 5 47 -84 -95 -5 21 8 -23 -36 
27 -27 -11 -39 -3 -39 41 2 -83 34 
RSSI :-110 
Input angle :147
Zaxis angle :0 
minval :0 

minval :0 



-18 27 -26 -19 21 -25 23 22 -24 22 -20 -25 26 -19 18 27 
-26 31 10 34 -2 36 12 -28 -51 -81 -41 86 15 -18 -31 9 
-23 -34 -35 0 -34 -10 23 20 92 -27 -73 -61 14 19 -2 -32 
38 -15 8 -34 19 -31 -24 19 7 96 79 -53 -22 8 32 5 
6 40 32 15 26 21 -10 -28 -94 -23 32 90 -2 -23 -13 29 
-40 -4 -23 26 -32 17 88 -95 -15 -45 
RSSI :-110 
Input angle :163
Zaxis angle :14 
minval :0 

minval :0 



22 -23 22 24 -24 21 -21 -25 26 -20 17 28 -28 16 -14 -29 
14 -26 -16 -30 -10 -46 -5 22 71 62 18 -92 -19 16 33 -6 
19 21 31 -4 48 0 -20 -11 -80 53 85 39 -11 -22 -2 33 
-25 16 -2 34 -14 45 17 -16 -29 -92 -65 68 24 -5 -30 -10 
-9 -28 -33 -10 -40 -24 11 19 96 -6 -51 -79 0 25 17 -27 
29 -2 18 -29 34 -32 107 111 110 47 
RSSI :-110 
Input angle :160
Zaxis angle :0 
minval :0 

minval :0 



-40 19 -16 -41 42 -14 13 42 -43 11 -8 -43 44 -4 2 44 
-30 12 -4 43 -4 45 24 -17 -36 -91 -62 73 28 -15 -42 -10 
-4 -32 -41 -13 -43 -15 10 28 97 -11 -56 -78 9 30 20 -39 
32 3 25 -35 26 -37 -29 3 -12 97 91 -32 -32 0 34 28 
-11 30 28 33 29 35 4 -29 -91 -36 7 96 7 -31 -36 24 
-26 -19 -39 19 -41 19 -49 -127 62 -40 
RSSI :-110 
Input angle :153
Zaxis angle :0 
minval :0 

minval :0 



-42 7 -4 -42 42 -1 0 42 -42 -3 6 -42 41 8 -10 40 
-42 -8 -30 46 -20 28 40 -11 22 -94 -92 27 28 -9 -36 -21 
18 -38 -36 -41 -21 -28 1 42 86 43 2 -97 1 30 30 -29 
33 27 49 -24 32 -13 -41 -10 -61 74 94 22 -29 -5 21 36 
-34 25 11 54 5 35 20 -36 -58 -77 -44 86 13 -27 -40 11 
-15 -40 -55 -1 -35 -4 -39 82 -16 -18 
RSSI :-110 
Input angle :155
Zaxis angle :0 
minval :0 

minval :0 



36 12 -14 35 -34 -16 18 -33 32 20 -21 32 -30 -23 25 -28 
34 25 52 -26 30 -10 -39 -3 -65 71 92 25 -27 -1 20 32 
-33 25 11 58 2 32 13 -37 -52 -81 -44 85 8 -25 -36 11 
-16 -39 -59 -1 -31 -6 32 23 91 -32 -72 -62 23 14 -2 -38 
42 -5 16 -56 13 -29 -30 25 6 96 79 -54 -19 18 37 6 
-4 42 50 30 24 20 -4 -36 -21 -6 
RSSI :-110 
Input angle :172
Zaxis angle :0 
minval :0 

minval :0 



66 24 -30 65 -62 -34 38 -60 57 41 -44 55 -54 -46 48 -52 
51 11 49 -32 12 -28 -66 0 10 115 113 -47 -29 -6 37 60 
-23 48 17 56 24 20 17 -63 -116 -15 19 120 13 -27 -66 20 
-41 -34 -59 1 -27 17 57 32 50 -105 -121 -11 21 20 0 -71 
44 -29 10 -57 -12 -29 -46 47 93 71 43 -115 -24 16 68 15 
18 50 50 21 30 -4 65 47 70 8 
RSSI :-110 
Input angle :152
Zaxis angle :0 
minval :0 

minval :0 



-29 -11 13 -29 28 14 -16 27 -27 -16 18 -25 24 20 -22 23 
-24 0 -18 20 -10 16 30 0 -18 -56 -55 32 15 5 -18 -26 
5 -23 -15 -23 -13 -13 -8 29 58 -3 -18 -61 -9 13 30 -10 
21 11 26 -8 16 -9 -26 -15 -9 58 64 -2 -10 -12 2 32 
-15 18 1 28 5 18 20 -22 -54 -22 -12 63 15 -7 -31 -4 
-14 -19 -27 -3 -19 0 -106 0 112 -12 
RSSI :-110 
Input angle :153
Zaxis angle :0 
minval :0 

minval :0 



-16 -29 30 -15 13 31 -31 13 -11 -32 33 -8 6 33 -33 3 
-17 -14 -21 10 -25 10 21 23 12 -42 -66 -11 15 21 5 -33 
19 -12 -5 -24 -2 -26 -28 14 38 22 29 -60 -25 7 31 12 
6 22 24 0 27 2 -8 -30 -31 31 51 43 -3 -25 -20 26 
-23 1 -7 24 -9 25 32 0 -23 -38 -53 40 26 3 -21 -26 
4 -22 -21 -12 -22 -15 -86 112 -26 -4 
RSSI :-110 
Input angle :33
Zaxis angle :0 
minval :0 

minval :0 



27 22 -24 26 -24 -25 27 -22 20 28 -29 19 -18 -30 30 -16 
23 21 5 -15 12 -19 -25 -15 -16 36 69 2 -16 -10 6 34 
-26 17 13 8 15 16 20 -21 -30 -25 -23 66 13 -13 -35 -1 
-10 -30 -11 11 -20 10 14 25 32 -22 -58 -37 9 17 9 -33 
32 -1 -7 -14 -5 -22 -28 7 13 37 52 -45 -18 4 29 18 
-6 31 15 -4 23 1 97 63 96 0 
RSSI :-110 
Input angle :161
Zaxis angle :0 
minval :0 

minval :0 



20 -41 39 23 -25 38 -36 -27 30 -35 33 31 -32 32 -30 -34 
2 -57 -2 3 -50 -20 -34 39 88 0 -22 -96 -19 42 42 -18 
54 18 -2 -3 33 -43 -29 -44 -22 85 98 -1 -36 -29 7 45 
-31 48 4 -1 34 42 50 -16 -78 -42 -21 96 35 -29 -45 -2 
-40 -41 0 4 -49 23 4 53 60 -65 -86 -47 17 43 16 -43 
50 -27 -4 0 -9 -53 114 -127 -51 37 
RSSI :-110 
Input angle :288
Zaxis angle :0 
minval :0 

minval :0 



-26 -34 36 -24 22 37 -37 20 -18 -39 40 -16 13 41 -41 12 
-14 -33 3 10 -3 33 24 24 21 -34 -79 -9 21 8 1 -43 
36 -6 -10 0 -31 -11 -28 19 27 30 29 -74 -14 18 41 10 
-1 36 1 -10 19 -27 -8 -34 -36 18 61 51 -14 -18 -21 37 
-33 -13 9 5 21 25 34 0 -9 -39 -64 47 21 -8 -31 -30 
20 -29 -7 8 -29 14 -95 112 -91 0 
RSSI :-110 
Input angle :179
Zaxis angle :0 
minval :0 

minval :0 



-33 11 -9 -34 34 -7 4 35 -35 3 -1 -35 35 0 -2 35 
-34 9 6 1 19 14 25 -15 -29 -48 -41 54 7 0 -33 -10 
1 -36 -2 6 -18 14 9 28 53 -14 -44 -51 0 7 19 -29 
34 9 -5 -4 -10 -21 -29 2 3 56 60 -31 -7 -2 24 25 
-17 32 5 -3 23 -4 5 -28 -54 -10 14 66 4 -6 -30 17 
-26 -25 2 6 0 23 105 96 81 -13 
RSSI :-110 
Input angle :178
Zaxis angle :0 
minval :0 

minval :0 



-36 22 -20 -38 39 -18 16 39 -41 14 -12 -41 41 -10 6 42 
-35 11 14 -3 34 9 29 -17 -29 -42 -21 78 5 -18 -42 -5 
-1 -37 0 15 -15 31 9 32 48 -18 -70 -41 16 9 14 -40 
37 8 -14 -4 -26 -23 -34 0 4 52 59 -55 -14 13 35 24 
-17 33 6 -12 29 -18 7 -33 -51 -6 40 70 -9 -16 -31 29 
-28 -23 11 9 11 33 74 -64 -61 -13 
RSSI :-110 
Input angle :179
Zaxis angle :0 
minval :0 

minval :0 



-6 31 -30 -7 10 -30 29 11 -13 28 -28 -14 16 -26 26 17 
-19 43 6 0 7 -11 3 -14 -48 -8 4 66 12 -5 -24 19 
-35 -30 -1 6 8 9 13 7 21 -43 -66 -9 2 13 -12 -28 
37 -27 -5 -3 -11 6 -10 11 37 31 26 -60 -14 0 31 -6 
15 44 4 -4 -3 -12 -8 -12 -40 27 52 40 3 -13 -1 31 
-46 6 3 5 12 0 -76 15 -42 -12 
RSSI :-110 
Input angle :328
Zaxis angle :0 
minval :0 

minval :0 



3 31 -30 2 0 -31 30 1 -3 31 -31 -4 7 -30 29 8 
14 29 13 -7 11 -11 -6 -19 -46 1 60 47 -8 -13 -17 26 
-31 7 4 14 9 14 20 -1 9 -44 -62 45 14 -4 -22 -22 
1 -32 -15 0 -15 5 -4 19 41 19 -28 -71 2 15 26 -15 
31 9 3 -15 0 -16 -18 -8 -29 35 76 -10 -15 -3 7 30 
-16 27 13 7 16 3 -107 47 121 -10 
RSSI :-110 
Input angle :177
Zaxis angle :0 
minval :0 

minval :0 



36 23 -26 34 -32 -27 29 -31 30 30 -32 28 -26 -34 35 -23 
26 12 2 -12 -4 -22 -16 -19 -30 51 72 9 -11 -9 15 39 
-18 23 11 5 22 1 22 -11 -43 -40 -25 68 12 -8 -42 3 
-17 -23 -7 10 -7 21 4 25 50 -31 -61 -40 5 13 7 -41 
26 -11 -8 -10 -19 -12 -25 0 19 57 55 -47 -15 1 39 16 
4 28 11 -5 16 -15 20 31 17 1 
RSSI :-110 
Input angle :179
Zaxis angle :0 
minval :0 

minval :0 



30 -31 29 33 -35 27 -25 -36 37 -23 21 39 -39 19 -17 -40 
28 -20 -6 -7 -24 -4 -36 18 51 29 41 -67 -21 11 43 -3 
12 33 8 -4 12 -21 -7 -40 -44 39 55 56 -5 -23 -6 43 
-35 2 2 9 18 16 40 1 -28 -51 -67 42 23 1 -40 -15 
6 -34 -9 0 -20 13 -12 38 57 -13 -23 -75 -6 22 27 -33 
32 15 2 -9 -6 -23 -11 15 -71 14 
RSSI :-110 
Input angle :177
Zaxis angle :0 
minval :0 

minval :0 



-17 -41 41 -16 14 42 -42 12 -10 -43 43 -8 4 44 -43 1 
-14 -41 -16 2 -14 14 11 39 40 -43 -62 -50 6 17 10 -43 
43 -3 2 -17 -10 -18 -41 2 34 50 66 -45 -18 2 39 20 
-6 42 16 6 20 -5 8 -40 -57 19 32 73 2 -18 -29 33 
-40 -16 -9 13 0 21 36 20 -4 -60 -79 9 17 7 -24 -36 
26 -34 -11 -12 -20 -4 -19 -80 99 2 
RSSI :-110 
Input angle :164
Zaxis angle :0 
minval :0 

minval :0 



-36 18 -16 -37 38 -13 12 38 -39 9 -8 -39 40 -5 4 40 
-42 10 -2 18 7 18 33 -4 -31 -38 -49 56 22 -4 -39 -6 
-2 -43 -17 -5 -19 3 -4 33 44 -22 -39 -65 -1 21 16 -36 
41 8 9 -16 3 -16 -31 -12 10 48 71 -24 -21 -7 32 24 
-18 39 12 13 18 6 20 -26 -49 -1 5 75 12 -18 -32 23 
-32 -29 -15 9 -10 16 56 -48 28 -12 
RSSI :-110 
Input angle :156
Zaxis angle :0 
minval :0 

minval :0 



17 26 -27 15 -13 -27 28 -12 10 29 -30 8 -7 -30 30 -5 
16 37 25 0 22 -4 -2 -25 -40 22 49 47 -3 -18 -2 30 
-41 5 -6 25 -1 22 25 3 -11 -45 -57 37 18 1 -29 -9 
3 -40 -22 -13 -20 -7 -10 23 46 1 -19 -65 -7 17 16 -26 
37 10 17 -16 13 -16 -18 -15 -12 45 68 -1 -15 -10 20 23 
-22 34 13 21 13 17 91 47 38 -6 
RSSI :-110 
Input angle :156
Zaxis angle :0 
minval :0 

minval :0 



44 -2 0 44 -44 -2 4 -44 44 7 -8 44 -43 -11 15 -41 
45 -9 25 -64 21 -43 -38 -30 -11 94 77 -56 -11 1 36 25 
-3 46 56 41 37 31 38 -30 -90 -32 34 88 1 -12 -31 28 
-43 -14 -56 44 -39 27 21 43 52 -79 -94 14 10 4 -19 -40 
25 -38 -30 -62 -18 -45 -48 8 60 73 15 -94 -7 9 43 -8 
31 34 68 -10 48 -4 87 109 -69 20 
RSSI :-110 
Input angle :170
Zaxis angle :14 
minval :0 

minval :0 



-7 -43 44 -5 2 44 -44 0 2 -44 43 4 -8 43 -42 -11 
-25 -41 -60 22 -44 -24 -14 24 93 -19 -68 -62 -16 21 20 -38 
46 -16 -4 -64 34 -37 -19 -19 -6 95 76 -52 -16 -21 31 30 
2 48 63 11 27 43 24 -14 -92 -27 30 86 24 -11 -37 23 
-48 -9 -25 59 -48 15 7 26 51 -81 -92 4 3 27 -12 -41 
21 -44 -49 -41 0 -50 4 -110 34 35 
RSSI :-110 
Input angle :119
Zaxis angle :25 
minval :0 

minval :0 



-55 27 -26 -57 58 -24 20 59 -60 16 -12 -62 61 -10 7 62 
-37 20 26 69 0 43 34 13 -29 -122 -77 85 28 8 -61 -11 
-12 -41 -74 11 -43 -10 -22 29 125 3 -61 -97 -15 26 25 -57 
42 -1 11 -73 20 -39 -22 -29 -39 118 109 -35 -20 -21 49 38 
-10 41 69 27 32 28 33 -15 -105 -65 8 114 25 -17 -50 36 
-37 -18 -43 60 -35 23 -76 -80 4 -11 
RSSI :-110 
Input angle :159
Zaxis angle :0 
minval :0 

minval :0 



-34 33 -31 -35 37 -29 27 38 -40 24 -22 -41 42 -20 17 43 
-2 25 51 10 25 45 35 3 -80 -51 0 93 23 -9 -46 5 
-24 -9 -21 48 -49 13 -11 33 68 -66 -89 -23 4 25 7 -46 
14 -21 -40 -33 0 -51 -28 -20 47 82 49 -78 -25 -2 43 19 
16 19 42 -31 50 13 27 -23 -92 21 64 67 9 -23 -28 37 
-23 10 19 48 -24 45 22 -32 -78 -48 
RSSI :-110 
Input angle :281
Zaxis angle :29 
minval :0 

minval :0 



51 62 -66 48 -44 -68 69 -42 37 71 -73 33 -27 -77 76 -23 
24 40 28 -50 46 -45 -40 -55 -67 100 0 16 -27 -26 3 80 
-45 16 42 40 31 56 61 -28 -77 -93 -47 120 32 -18 -78 -15 
-3 -48 -49 30 -63 17 11 67 105 -57 -101 -82 8 37 36 -72 
46 8 -17 -56 0 -65 -68 -6 25 119 98 -83 -37 0 58 54 
-19 42 58 -1 61 17 13 111 -27 -2 
RSSI :-110 
Input angle :166
Zaxis angle :0 
minval :0 

minval :0 



34 -46 45 36 -38 42 -40 -41 43 -38 35 45 -46 33 -31 -47 
25 -36 -40 -40 -31 -14 -24 48 92 88 24 -126 -13 21 55 -15 
29 33 49 -28 22 -26 -41 -36 -110 64 113 62 -17 -19 2 58 
-39 18 16 54 21 26 46 -29 -36 -122 -84 98 22 -13 -57 -10 
-8 -42 -56 1 -31 14 19 51 0 -3 -69 -109 8 24 24 -52 
44 0 11 -55 -4 -33 -51 -33 -69 15 
RSSI :-110 
Input angle :166
Zaxis angle :0 
minval :0 

minval :0 



-26 -58 60 -24 19 61 -62 15 -12 -63 63 -9 5 63 -64 2 
-10 -56 -42 48 -36 12 40 33 110 -66 -109 -68 24 18 13 -62 
56 1 -35 -53 -1 -37 -43 29 36 122 95 -86 -23 19 56 30 
-17 55 60 -21 36 9 -18 -50 -127 10 58 114 -12 -28 -43 46 
-49 -29 6 63 -16 34 52 -7 26 -126 -125 31 29 -6 -33 -55 
40 -40 -63 -11 -27 -24 -24 0 -28 6 
RSSI :-110 
Input angle :160
Zaxis angle :0 
minval :0 

minval :0 



-2 -28 28 -1 0 28 -28 -2 4 -28 28 6 -8 27 -26 -9 
-9 -15 -6 12 -16 -3 13 25 32 -59 -57 -12 3 8 16 -24 
17 -5 -9 -9 8 -15 -27 5 51 44 27 -52 -8 0 18 21 
0 18 11 -7 13 11 2 -28 -59 33 42 40 1 -8 -25 11 
-17 -3 3 13 -14 10 26 8 -21 -64 -47 34 8 3 -6 -28 
7 -16 -13 0 -5 -17 16 17 -120 -1 
RSSI :-110 
Input angle :284
Zaxis angle :0 
minval :0 

minval :0 



-22 24 -23 -23 24 -21 20 26 -27 18 -17 -27 28 -15 13 29 
-13 10 10 8 17 18 18 -22 -64 -26 -7 69 5 -17 -32 5 
-7 -15 -11 7 -22 11 17 23 44 -54 -66 -22 14 10 3 -32 
17 -2 -3 -12 -6 -24 -26 11 43 55 38 -58 -13 12 31 10 
-1 17 13 -1 25 0 -5 -28 -64 27 46 52 -8 -15 -17 27 
-16 -5 -2 13 -6 24 -46 -65 -77 -18 
RSSI :-110 
Input angle :166
Zaxis angle :0 
minval :0 

minval :0 


