
-60 24 -20 -61 62 -18 15 63 -64 12 -8 -64 64 -2 -2 64 
6 57 89 -12 86 23 -24 -101 0 -50 -47 32 -68 40 -63 -14 
-57 -7 -7 89 -41 79 104 0 48 11 -20 -53 -24 -75 27 -59 
21 -53 -86 -27 -67 -57 -29 99 -21 44 57 -4 79 -9 50 41 
48 30 44 -78 70 -54 -92 -48 -39 -31 -6 57 -10 79 -50 40 
-42 39 65 62 34 82 -98 -64 -116 -8 
RSSI :-110 
Input angle :18
Zaxis angle :25 
minval :0 

minval :0 



-19 -59 60 -15 11 61 -61 7 -4 -62 62 -2 -2 62 -61 -7 
-55 2 10 92 -33 87 103 -19 54 -2 -31 -51 -35 -73 19 -59 
9 -54 -92 -8 -77 -51 -6 105 -9 53 58 -16 80 -17 52 33 
52 21 30 -87 67 -64 -101 -29 -50 -20 3 60 0 82 -41 46 
-33 44 78 49 44 81 51 -91 33 -43 -59 -11 -79 -20 -32 -53 
-35 -43 -66 64 -90 23 -116 0 30 10 
RSSI :-110 
Input angle :18
Zaxis angle :20 
minval :0 

minval :0 



39 -50 48 41 -42 46 -43 -45 47 -41 38 49 -51 37 -34 -52 
-46 -50 -56 66 -90 41 78 57 40 40 15 -49 28 -74 60 -20 
61 -32 -50 -70 -18 -98 -73 63 -45 32 43 26 64 46 3 62 
20 66 82 -30 99 7 -42 -87 -20 -52 -35 37 -57 54 -63 -7 
-69 2 16 85 -27 96 94 -22 56 -7 -26 -44 -39 -68 23 -58 
12 -68 -86 -4 -87 -47 -28 -17 -33 13 
RSSI :-110 
Input angle :18
Zaxis angle :14 
minval :0 

minval :0 



58 -12 12 58 -58 7 -3 -56 58 0 -1 60 -58 -7 9 -54 
-2 -65 -87 15 -94 -33 25 91 6 56 43 -28 68 -32 52 19 
65 15 1 -87 54 -83 -96 2 -56 -8 15 50 13 74 -35 47 
-27 61 85 24 69 72 23 -95 20 -53 -52 3 -75 -6 -38 -42 
-52 -41 -42 75 -86 52 87 41 47 31 4 -52 20 -72 49 -29 
50 -43 -63 -58 -30 -95 90 -1 -75 9 
RSSI :-110 
Input angle :18
Zaxis angle :20 
minval :0 

minval :0 



63 14 -16 62 -61 -19 23 -59 58 27 -30 56 -54 -34 36 -52 
32 -57 -85 -26 -69 -68 -28 96 -21 59 52 -3 78 10 43 46 
48 43 45 -77 81 -53 -87 -48 -51 -34 -8 51 -28 74 -56 30 
-54 38 65 61 34 90 68 -72 44 -44 -48 -18 -65 -44 -16 -62 
-24 -61 -76 47 -96 11 58 82 32 53 29 -43 59 -52 64 -1 
65 -10 -28 -85 10 -96 16 79 26 5 
RSSI :-110 
Input angle :18
Zaxis angle :20 
minval :0 

minval :0 



-25 52 -50 -30 33 -47 45 36 -38 44 -42 -40 43 -38 35 45 
43 44 43 -71 93 -39 -73 -56 -50 -41 -17 46 -39 74 -52 24 
-50 35 59 59 17 100 68 -63 50 -41 -41 -26 -62 -55 -12 -57 
-21 -58 -70 45 -101 -2 46 80 29 57 34 -35 69 -47 58 -2 
61 -8 -29 -78 22 -99 -89 25 -63 14 25 42 34 76 -11 57 
-4 61 82 -12 92 43 -8 -113 -56 -17 
RSSI :-110 
Input angle :18
Zaxis angle :25 
minval :0 

minval :0 



-54 -19 21 -53 52 23 -26 51 -49 -30 33 -46 44 36 -38 42 
-29 54 80 26 58 77 24 -87 31 -55 -50 -1 -66 -16 -35 -45 
-46 -40 -42 73 -89 38 79 43 49 41 13 -48 28 -61 52 -24 
48 -37 -63 -57 -19 -95 -61 67 -52 36 44 24 53 42 12 56 
24 56 69 -48 95 4 -53 -74 -25 -58 -34 36 -51 43 -58 -2 
-60 10 28 80 -27 93 -1 -48 -99 -3 
RSSI :-110 
Input angle :18
Zaxis angle :25 
minval :0 

minval :0 



-12 5 -2 -7 12 -4 1 6 -12 1 -6 -13 9 -7 2 7 
49 -73 -3 43 0 0 -44 0 18 76 32 3 -18 -27 -7 0 
58 62 -42 -13 -2 0 12 -43 -81 -1 -11 31 30 -11 3 -15 
-76 45 19 -44 0 -2 40 19 15 -77 -30 -12 7 31 6 2 
-30 -83 33 28 0 0 -20 38 76 31 19 -23 -30 -2 -2 9 
85 -14 -36 32 0 1 -93 126 -11 33 
RSSI :-110 
Input angle :311
Zaxis angle :0 
minval :0 

minval :0 



-4 -6 6 -4 3 6 -7 3 -3 -7 7 -3 2 7 -7 2 
-78 -45 52 10 -12 28 19 68 85 -28 -31 -38 12 24 0 -7 
63 -65 -19 50 -24 -18 -71 4 10 88 43 -23 -26 5 7 1 
52 73 -45 -29 22 -20 8 -70 -88 -5 16 46 -1 -27 -2 7 
-82 39 37 -39 16 26 67 22 23 -85 -49 4 27 3 -6 -3 
-18 -88 30 44 -29 10 116 114 -8 20 
RSSI :-110 
Input angle :183
Zaxis angle :0 
minval :0 

minval :0 



-11 -7 7 -10 10 7 -8 10 -9 -8 9 -9 8 9 -10 7 
-61 66 6 -42 30 19 45 3 -12 -90 -45 5 42 12 -5 -12 
-53 -73 40 15 -25 25 -13 43 91 4 3 -45 -22 38 12 -3 
82 -38 -22 37 -20 -29 -39 -21 -20 89 44 12 -34 -28 0 13 
22 88 -32 -29 32 -15 27 -35 -82 -39 -19 41 34 -29 -13 -1 
-90 4 34 -25 9 34 -93 97 -50 -38 
RSSI :-110 
Input angle :188
Zaxis angle :0 
minval :0 

minval :0 



-14 -14 15 -14 12 16 -16 12 -11 -17 17 -10 9 18 -18 8 
50 61 -46 -23 5 -13 30 -59 -96 -4 4 29 10 2 -3 -20 
-70 37 34 -39 12 8 51 44 25 -93 -30 -2 -4 9 20 0 
-22 -76 33 40 -10 10 -53 42 86 43 6 -29 -8 -6 -4 19 
79 -3 -47 21 -7 -12 -30 -60 -54 79 28 11 7 -7 -18 -9 
-11 79 -14 -50 13 -5 -36 109 72 -35 
RSSI :-110 
Input angle :347
Zaxis angle :0 
minval :0 

minval :0 



-17 20 -19 -19 20 -18 17 20 -21 16 -15 -22 23 -14 12 24 
73 -11 -31 42 3 -18 -29 -18 -41 88 19 0 16 -10 -26 7 
-1 74 -36 -38 17 6 25 -24 -78 -57 -4 18 6 18 -2 -27 
-73 -15 45 -27 -11 15 20 28 70 -67 -17 -8 -19 3 26 3 
31 -67 17 49 -13 -13 -32 13 51 82 10 -16 0 -19 -7 25 
60 43 -52 7 15 -10 41 -3 67 17 
RSSI :-110 
Input angle :356
Zaxis angle :0 
minval :0 

minval :0 



-11 17 -17 -12 13 -17 15 14 -16 14 -13 -16 17 -12 12 17 
60 -48 -14 50 -6 6 -57 -21 -29 91 15 -12 13 8 -18 9 
38 67 -46 -23 -5 -8 27 -53 -86 -42 8 19 -10 12 -4 -20 
-73 25 32 -42 8 -4 45 38 60 -75 -19 4 -9 -12 21 0 
-6 -77 35 39 2 9 -48 35 66 69 -1 -20 14 -6 -3 21 
77 7 -45 26 -9 0 91 125 100 22 
RSSI :-110 
Input angle :147
Zaxis angle :41 
minval :0 

minval :0 



8 -4 3 8 -8 3 -2 -8 9 -2 1 9 -9 0 0 -9 
-17 -69 21 15 -16 11 -42 58 75 21 13 -27 -23 21 8 1 
71 -2 -19 18 -7 -18 -47 -53 -32 71 23 19 -15 -27 -3 9 
-11 70 -13 -22 19 -3 61 -35 -61 -48 -23 18 30 -9 -7 -5 
-66 -25 25 -9 0 19 20 68 60 -50 -15 -25 4 31 6 -6 
38 -60 3 26 -19 -4 40 -95 -124 34 
RSSI :-110 
Input angle :188
Zaxis angle :0 
minval :0 

minval :0 



6 0 0 6 -6 0 0 -6 6 0 0 6 -6 -1 1 -6 
-23 -52 25 19 -10 0 -32 78 79 9 8 -27 -20 19 6 2 
56 -14 -22 22 2 -10 -69 -48 -23 76 25 14 -15 -23 -4 5 
2 57 -16 -27 9 4 61 -58 -70 -38 -19 21 26 -10 -4 -4 
-57 -9 30 -9 -6 8 46 70 52 -61 -17 -23 4 28 6 -2 
17 -54 6 31 -7 -7 -86 17 -13 29 
RSSI :-110 
Input angle :288
Zaxis angle :0 
minval :0 

minval :0 



-13 -2 3 -13 13 4 -4 13 -13 -5 5 -12 12 6 -7 11 
19 51 -30 -7 22 3 26 -76 -83 -12 -1 22 20 -12 -10 -10 
-56 9 12 -29 -1 21 77 30 22 -81 -23 -5 13 23 12 -7 
-8 -55 26 17 -19 -9 -55 61 72 41 9 -22 -27 4 5 12 
55 11 -22 22 13 -17 -50 -67 -55 62 19 14 0 -27 -13 2 
-22 51 -16 -26 14 15 98 14 -86 -34 
RSSI :-110 
Input angle :282
Zaxis angle :0 
minval :0 

minval :0 



-11 6 -2 -11 15 0 2 12 -13 4 -1 -11 13 3 0 12 
19 61 -28 0 8 -7 25 -82 -87 -5 -4 18 21 -10 -13 -5 
-66 11 6 -24 4 12 76 38 23 -82 -20 -9 6 21 4 -14 
1 -66 23 5 -13 2 -53 67 73 40 13 -18 -21 1 9 10 
59 13 -10 21 0 -9 -49 -70 -53 65 15 11 5 -21 -12 7 
-23 56 -14 -15 13 2 108 -2 25 -35 
RSSI :-110 
Input angle :168
Zaxis angle :0 
minval :0 

minval :0 



-3 5 -4 -3 3 -4 4 4 -4 4 -3 -4 5 -3 3 5 
50 40 -28 0 11 -3 -20 -87 -87 28 13 26 25 -20 -8 0 
-50 38 11 -28 1 11 92 -1 -14 -90 -27 7 15 28 -3 -4 
-26 -57 26 7 -12 0 -12 91 87 7 -1 -29 -31 9 8 2 
62 -22 -22 22 0 -16 -83 -30 -23 84 28 5 -5 -29 1 3 
10 64 -18 -24 10 5 -115 45 22 -19 
RSSI :-110 
Input angle :281
Zaxis angle :14 
minval :0 

minval :0 



6 9 -9 5 -5 -9 10 -4 4 10 -10 3 -2 -10 11 -2 
52 -35 0 24 -12 -4 -75 -26 10 76 26 0 -28 -28 0 11 
27 57 -24 -4 7 -11 38 -70 -76 -4 -5 26 33 -22 -10 -2 
-61 16 9 -22 9 9 59 53 18 -74 -24 -11 14 37 4 -9 
0 -63 20 13 -12 8 -63 49 68 34 15 -22 -39 7 8 6 
62 10 -17 17 -4 -12 -124 -18 118 30 
RSSI :-110 
Input angle :181
Zaxis angle :0 
minval :0 

minval :0 



9 -8 8 9 -10 7 -6 -10 11 -5 5 11 -11 4 -3 -11 
64 -29 4 18 -31 -15 -89 18 23 79 47 -12 -61 -3 12 0 
13 70 -18 0 22 -28 0 -91 -82 8 2 49 18 -59 0 11 
-70 0 3 -18 23 27 89 18 9 -82 -48 -7 53 30 -11 -3 
16 -69 17 7 -31 17 -35 84 79 23 17 -46 -39 47 5 -10 
66 25 -9 16 -10 -34 -40 -18 7 37 
RSSI :-110 
Input angle :177
Zaxis angle :0 
minval :0 

minval :0 



0 -8 8 0 0 8 -7 -1 1 -8 7 2 -2 7 -7 -3 
-30 -65 37 -9 -12 6 -40 60 86 8 7 -5 -37 12 4 -6 
70 -16 3 38 -3 -13 -51 -51 -28 81 3 8 -3 -39 5 5 
3 72 -38 -4 13 -1 60 -40 -75 -42 -8 1 39 3 -6 4 
-71 -11 12 -36 -1 14 27 68 58 -64 0 -8 -10 37 -2 -7 
26 -67 33 19 -13 -4 -68 -79 54 34 
RSSI :-110 
Input angle :191
Zaxis angle :0 
minval :0 

minval :0 



-19 -13 14 -18 18 15 -16 17 -16 -17 17 -15 14 18 -19 13 
-35 -98 79 37 -64 61 -25 106 104 25 13 -99 -75 70 -8 -20 
104 -16 -53 70 -47 -75 -98 -47 -43 98 94 34 -57 -85 21 -4 
-6 104 -61 -63 82 -35 67 -85 -85 -65 -55 83 96 -36 0 22 
-101 -28 75 -46 16 87 69 84 81 -71 -76 -63 14 102 -21 -4 
47 -93 28 83 -89 -2 -61 81 26 47 
RSSI :-110 
Input angle :296
Zaxis angle :0 
minval :0 

minval :0 



4 -7 7 4 -4 7 -7 -5 5 -6 6 6 -6 5 -5 -7 
-37 47 2 -40 10 25 86 -6 -16 -80 -28 5 41 25 8 -3 
-40 -45 38 13 -27 5 -9 86 82 0 -1 -28 -33 35 2 9 
52 -30 -18 36 0 -27 -82 -27 -14 80 28 5 -28 -39 -9 0 
20 57 -31 -26 27 4 39 -77 -76 -29 -10 26 44 -19 0 -9 
-60 7 32 -25 -10 25 93 1 12 -35 
RSSI :-110 
Input angle :288
Zaxis angle :0 
minval :0 

minval :0 



7 8 -8 7 -6 -8 9 -6 5 9 -10 4 -4 -10 10 -4 
-51 47 0 -41 21 15 83 -17 -7 -82 -28 16 41 2 2 10 
-36 -60 39 9 -19 18 0 84 82 9 -10 -31 -10 40 -10 0 
65 -25 -15 37 -14 -22 -83 -16 -27 78 33 -2 -37 -18 1 -10 
10 69 -34 -22 24 -9 32 -78 -72 -40 -2 32 25 -32 10 4 
-70 -1 28 -30 5 25 -98 -111 -108 -33 
RSSI :-110 
Input angle :134
Zaxis angle :0 
minval :0 

minval :0 



12 -3 2 12 -12 1 -1 -12 12 0 0 12 -12 -1 1 -12 
-14 76 -28 -26 12 -1 70 -44 -59 -71 -16 16 13 -4 11 4 
-71 -30 30 -22 -1 12 30 77 80 -46 -14 -19 2 14 -5 10 
41 -65 15 34 -12 -4 -82 13 29 87 21 -10 -13 0 -9 -8 
57 52 -37 9 5 -11 -1 -83 -90 11 7 19 2 -12 7 -6 
-63 47 -1 -39 7 7 71 -64 102 -47 
RSSI :-110 
Input angle :138
Zaxis angle :0 
minval :0 

minval :0 



-11 -7 8 -11 10 9 -9 10 -9 -9 10 -9 8 10 -11 7 
74 34 -25 17 9 -1 0 -84 -83 44 -5 25 19 -4 -5 -12 
-46 67 -12 -28 0 9 83 14 -24 -92 -23 -11 0 19 13 -2 
-54 -62 30 -7 -9 -2 -34 76 95 -6 14 -21 -19 -3 0 13 
71 -41 1 31 3 -8 -70 -48 -14 94 17 18 7 -18 -13 -2 
28 77 -31 -5 7 5 45 29 111 -17 
RSSI :-110 
Input angle :258
Zaxis angle :0 
minval :0 

minval :0 



-21 0 1 -21 21 2 -3 21 -20 -5 6 -21 20 7 -8 19 
81 4 -24 21 22 -19 -12 -81 -66 63 4 27 14 -15 -17 -11 
-18 79 -15 -28 14 25 82 0 -50 -77 -27 -1 12 17 15 -15 
-73 -35 29 -11 -27 10 -18 80 86 -32 6 -26 -19 8 12 18 
51 -64 4 31 -3 -29 -74 -37 13 90 24 12 -4 -20 -19 7 
55 61 -32 -1 29 2 27 -51 19 -2 
RSSI :-110 
Input angle :258
Zaxis angle :0 
minval :0 

minval :0 



-2 14 -14 -3 3 -13 13 4 -5 13 -13 -5 6 -12 12 7 
31 -67 6 30 -10 -28 -81 -3 31 83 40 6 -26 -21 -9 10 
59 45 -31 1 30 -4 20 -79 -87 17 -14 38 26 -21 -7 -11 
-56 48 5 -30 0 30 72 37 2 -89 -34 -22 16 29 13 -5 
-41 -62 29 10 -30 -6 -49 65 87 18 27 -30 -32 9 3 14 
70 -24 -16 26 13 -27 -20 -50 15 42 
RSSI :-110 
Input angle :279
Zaxis angle :0 
minval :0 

minval :0 



-4 13 -12 -5 6 -12 11 7 -7 11 -11 -8 9 -10 10 9 
31 -62 9 21 -9 -23 -79 0 38 86 43 1 -26 -15 -11 7 
55 42 -22 4 24 -4 15 -77 -92 21 -9 42 21 -23 -4 -12 
-55 43 0 -24 0 25 73 28 -3 -94 -39 -19 19 25 14 -2 
-33 -61 23 5 -24 -5 -45 64 92 19 25 -35 -28 13 0 14 
67 -20 -9 22 9 -23 -27 62 99 44 
RSSI :-110 
Input angle :282
Zaxis angle :0 
minval :0 

minval :0 



19 7 -8 19 -18 -9 10 -18 17 11 -12 16 -16 -13 14 -15 
-56 -54 20 -6 -27 3 -38 74 91 -15 15 -36 -30 19 11 17 
64 -44 2 21 1 -27 -66 -50 2 92 32 22 -11 -34 -19 8 
35 70 -21 0 26 6 61 -57 -91 -17 -27 28 35 -5 -4 -20 
-76 17 6 -20 -13 24 42 71 36 -85 -21 -33 -3 36 21 0 
-3 -78 18 9 -22 -16 103 98 7 27 
RSSI :-110 
Input angle :270
Zaxis angle :0 
minval :0 

minval :0 



10 5 -5 10 -10 -6 6 -9 9 7 -7 9 -8 -8 8 -7 
-32 -57 17 18 -3 -8 -41 67 86 21 22 -37 -46 19 6 10 
62 -23 -20 14 8 0 -57 -54 -35 82 33 28 -8 -49 -11 3 
11 65 -10 -22 0 8 61 -48 -74 -49 -34 27 50 0 -1 -12 
-66 -3 24 -6 -7 -2 32 71 64 -62 -20 -38 -10 49 12 0 
14 -66 0 25 3 -7 121 97 -121 38 
RSSI :-110 
Input angle :271
Zaxis angle :25 
minval :0 

minval :0 



12 0 0 13 -12 0 1 -12 12 2 -3 12 -12 -3 4 -12 
-49 -66 19 8 -18 0 -48 71 89 11 22 -30 -27 10 10 7 
75 -36 -11 17 4 -17 -60 -62 -30 85 25 27 -5 -28 -9 8 
21 80 -15 -14 16 8 72 -48 -78 -45 -32 18 29 2 -7 -11 
-83 3 17 -11 -11 14 31 80 60 -67 -11 -35 -7 28 12 -5 
13 -82 7 19 -11 -14 -107 33 -103 37 
RSSI :-110 
Input angle :279
Zaxis angle :0 
minval :0 

minval :0 



5 -7 7 5 -6 7 -6 -6 6 -6 5 6 -7 5 -5 -7 
-77 11 26 -8 -10 12 34 73 55 -70 -29 -30 -1 31 9 -3 
4 -78 2 27 -9 -13 -78 17 58 68 36 -20 -30 -7 1 9 
75 23 -27 -2 15 -6 -2 -81 -79 41 13 39 13 -28 -9 0 
-37 69 8 -26 3 16 80 11 -29 -84 -41 5 25 19 2 -9 
-61 -49 24 12 -16 0 -48 -78 -53 -5 
RSSI :-110 
Input angle :279
Zaxis angle :14 
minval :0 

minval :0 



12 -9 8 12 -13 7 -7 -13 13 -5 4 14 -14 3 -4 -14 
-99 33 81 -26 -7 54 81 68 43 -100 -85 -52 33 86 16 0 
-11 -105 9 85 -52 -17 -84 64 88 63 73 -69 -91 14 -3 15 
104 11 -84 -13 27 -47 -45 -96 -82 71 58 82 0 -92 -15 -5 
-31 100 23 -82 43 35 103 -26 -59 -91 -91 40 90 21 8 -13 
-91 -52 74 43 -46 30 67 -29 44 -18 
RSSI :-110 
Input angle :288
Zaxis angle :0 
minval :0 

minval :0 



6 -6 5 7 -7 5 -4 -7 8 -4 3 8 -8 3 -3 -8 
-49 62 5 -25 -1 16 69 15 -13 -95 -45 9 38 13 9 -1 
-55 -57 23 11 -15 -4 -26 65 96 2 1 -46 -23 33 0 9 
68 -40 -16 20 7 -13 -58 -39 -21 93 45 9 -29 -27 -9 -2 
24 75 -17 -19 12 10 50 -49 -86 -41 -19 42 33 -22 4 -8 
-79 11 22 -13 -13 9 -56 -63 -6 -40 
RSSI :-110 
Input angle :272
Zaxis angle :14 
minval :0 

minval :0 



11 4 -4 10 -11 -5 6 -10 10 7 -7 9 -9 -8 8 -8 
-57 49 13 -20 -9 14 63 28 5 -93 -42 -4 25 27 6 9 
-36 -66 17 17 -11 -12 -38 57 89 27 13 -40 -33 17 -10 4 
73 -19 -20 13 15 -9 -46 -51 -47 81 35 21 -11 -35 -2 -12 
7 76 -9 -22 6 15 57 -38 -73 -58 -28 31 37 -4 11 0 
-76 -7 24 -3 -15 3 75 114 126 -30 
RSSI :-110 
Input angle :273
Zaxis angle :0 
minval :0 

minval :0 



-7 6 -6 -7 7 -5 5 8 -8 4 -5 -8 8 -3 3 8 
-97 39 78 -25 -6 29 80 68 50 -96 -78 -61 35 92 -8 2 
-17 -104 10 82 -26 -13 -83 65 85 68 73 -67 -97 16 0 -8 
105 0 -82 -6 18 -24 -47 -95 -83 69 49 86 2 -98 8 1 
-22 103 24 -78 19 23 103 -24 -52 -96 -93 33 95 23 -2 7 
-95 -44 75 35 -26 15 73 99 -72 -21 
RSSI :-110 
Input angle :282
Zaxis angle :0 
minval :0 

minval :0 



-8 -4 4 -8 8 5 -6 8 -7 -6 6 -7 6 7 -7 6 
-54 40 -3 0 8 -8 81 42 19 -84 -34 -22 14 43 -4 -8 
-27 -63 0 -3 6 10 -56 72 77 39 27 -30 -45 5 9 -2 
67 -12 3 1 -11 4 -58 -70 -49 72 24 33 4 -45 0 9 
3 68 -2 2 -1 -12 80 -44 -60 -63 -37 17 43 13 -9 -1 
-67 -12 -2 -2 12 0 89 -126 -58 -23 
RSSI :-110 
Input angle :317
Zaxis angle :0 
minval :0 

minval :0 



11 -1 1 11 -11 0 0 -11 11 0 -1 11 -10 -2 2 -11 
-81 22 3 -20 0 5 69 53 36 -84 -24 -13 7 11 10 4 
-7 -83 19 9 -5 -1 -69 53 75 51 17 -22 -13 5 -6 9 
83 8 -12 16 2 -5 -41 -77 -65 64 18 21 -2 -13 -7 -8 
-26 80 -14 -15 6 2 84 -24 -49 -77 -24 13 13 0 9 -5 
-73 -42 17 -11 -4 4 -74 -62 -6 -18 
RSSI :-110 
Input angle :147
Zaxis angle :0 
minval :0 

minval :0 



9 -4 4 11 -9 3 -3 -9 9 -2 1 10 -9 1 -1 -10 
-29 101 -66 -61 55 23 96 -47 -62 -90 -96 30 82 33 10 1 
-94 -50 73 -51 -33 43 31 103 101 -42 -6 -98 -49 70 -2 11 
64 -83 36 82 -41 -44 -107 8 22 107 97 13 -59 -59 -10 -4 
67 82 -84 19 55 -30 12 -107 -110 0 -26 92 76 -35 6 -10 
-94 47 -4 -90 24 59 -66 32 -13 -56 
RSSI :-110 
Input angle :268
Zaxis angle :0 
minval :0 

minval :0 



10 0 -1 10 -10 -1 2 -10 10 2 -3 10 -9 -4 4 -9 
-78 -19 14 -4 -8 12 29 76 73 -61 -25 -28 -10 43 8 6 
35 -73 2 15 -9 -11 -80 14 44 84 33 -18 -40 -18 -8 7 
63 50 -14 0 12 -6 0 -81 -91 26 12 36 26 -35 -5 -9 
-61 53 3 -15 3 13 80 16 -7 -95 -38 4 30 32 10 -3 
-39 -71 13 6 -14 0 4 -13 94 5 
RSSI :-110 
Input angle :282
Zaxis angle :0 
minval :0 

minval :0 



6 -4 3 7 -7 3 -3 -7 7 -2 1 7 -7 1 -1 -8 
-34 -59 27 -3 -6 20 -37 82 79 17 5 -34 -34 19 7 0 
66 -19 0 27 -18 -10 -71 -54 -30 75 32 12 -13 -36 -2 7 
8 68 -27 -5 13 -16 67 -59 -66 -47 -19 28 38 -5 -6 -3 
-69 -5 10 -25 12 16 46 77 58 -57 -25 -23 -3 39 5 -5 
20 -65 22 16 -19 8 109 -95 12 34 
RSSI :-110 
Input angle :327
Zaxis angle :0 
minval :0 

minval :0 



2 15 -16 1 -1 -16 16 0 0 16 -16 -1 2 -16 16 2 
46 -51 -13 17 -8 -17 -81 -7 -1 92 43 5 -36 -30 -6 15 
40 56 -15 -15 19 -5 22 -79 -90 -21 -13 41 39 -27 -13 -9 
-64 27 18 -11 1 19 71 39 35 -86 -38 -20 19 44 12 -11 
-12 -68 6 21 -19 -2 -50 64 76 52 28 -33 -46 10 9 14 
69 0 -22 2 6 -19 -19 -3 58 32 
RSSI :-110 
Input angle :288
Zaxis angle :0 
minval :0 

minval :0 



-10 6 -5 -10 10 -5 4 10 -11 4 -3 -11 11 -3 2 11 
61 24 -16 23 1 -3 -32 -85 -64 48 21 33 9 -43 -12 0 
-34 56 -19 -21 3 2 90 -14 -34 -73 -36 14 40 18 2 -11 
-49 -44 24 -15 -2 3 0 91 77 -20 -6 -39 -25 36 11 5 
53 -38 10 26 -1 -3 -89 -18 4 80 39 1 -29 -32 -6 10 
28 59 -28 2 3 -1 122 93 -10 -7 
RSSI :-110 
Input angle :341
Zaxis angle :0 
minval :0 

minval :0 



-17 3 -2 -17 17 -1 0 17 -17 0 2 -17 17 2 -3 17 
8 71 -25 -9 3 -5 66 -59 -75 -35 -8 23 31 -9 -17 -4 
-71 -5 13 -24 1 1 46 78 52 -65 -15 -17 2 31 10 -10 
22 -68 22 20 -2 0 -83 29 51 64 21 -14 -34 -3 10 12 
63 35 -23 17 1 -4 -11 -87 -74 37 12 25 10 -32 -14 5 
-44 55 -15 -23 2 0 80 47 75 -40 
RSSI :-110 
Input angle :175
Zaxis angle :0 
minval :0 

minval :0 



9 3 -3 9 -9 -4 5 -8 8 5 -5 8 -8 -6 6 -7 
-52 -60 21 0 -13 -7 -16 81 88 -4 8 -22 -28 23 6 8 
70 -39 -4 21 9 -12 -76 -33 -11 87 19 13 -16 -32 -9 4 
25 76 -20 -7 9 12 48 -67 -81 -32 -17 16 35 -9 -2 -10 
-80 9 12 -17 -13 6 53 63 47 -74 -12 -20 2 36 10 0 
8 -80 14 15 -4 -14 -5 -111 32 31 
RSSI :-110 
Input angle :270
Zaxis angle :20 
minval :0 

minval :0 



11 -3 1 10 -11 -1 -2 -11 12 -3 0 17 -13 -3 1 -16 
-9 -74 13 12 -7 -5 -66 52 65 61 23 -16 -33 0 8 11 
75 13 -19 14 5 -7 -36 -77 -73 50 11 24 4 -32 -8 8 
-28 73 -10 -20 4 8 84 -20 -35 -81 -26 4 30 12 -6 -10 
-65 -43 22 -6 -8 3 3 87 86 -19 0 -26 -16 28 10 -4 
53 -56 0 23 -1 -9 -6 -17 101 44 
RSSI :-110 
Input angle :177
Zaxis angle :0 
minval :0 

minval :0 



0 12 -12 -1 1 -12 12 2 -3 12 -12 -4 4 -12 11 4 
69 -23 -5 14 0 -11 -74 -44 -30 71 24 18 -11 -36 -8 9 
9 72 -12 -8 11 2 58 -63 -65 -42 -22 21 37 -4 -8 -9 
-73 -2 10 -10 -5 10 50 70 53 -56 -15 -26 -1 37 10 -6 
16 -71 8 12 -9 -6 -79 36 43 64 29 -10 -36 -10 3 12 
65 33 -13 6 9 -8 -68 -99 42 15 
RSSI :-110 
Input angle :272
Zaxis angle :0 
minval :0 

minval :0 



-12 -8 14 -16 9 8 -4 16 -10 -9 16 -10 8 9 -16 8 
54 59 -32 -5 17 -2 12 -74 -82 2 -13 27 20 -20 -13 -13 
-71 39 6 -22 -2 16 62 27 11 -81 -25 -17 14 27 16 -10 
-32 -72 19 10 -17 -4 -40 53 77 29 23 -20 -30 7 -2 20 
79 -7 -20 22 7 -16 -44 -51 -46 67 22 25 -1 -31 -17 4 
-7 81 -12 -17 12 11 35 -82 -86 -30 
RSSI :-110 
Input angle :282
Zaxis angle :0 
minval :0 

minval :0 



-4 1 -1 -4 4 -1 0 5 -4 0 0 -4 5 0 0 5 
74 17 -20 15 5 -5 -8 -72 -69 50 -5 13 16 -13 -4 -1 
-36 67 -13 -22 4 6 73 5 -36 -78 -11 -8 9 18 2 -4 
-60 -45 24 -7 -7 2 -18 70 83 -21 10 -10 -20 6 3 2 
55 -52 2 25 -1 -8 -63 -35 4 86 7 12 -1 -21 -3 2 
38 66 -25 -2 7 0 81 -19 70 -8 
RSSI :-110 
Input angle :268
Zaxis angle :0 
minval :0 

minval :0 



-3 -3 3 -3 3 3 -4 3 -2 -4 4 -2 2 4 -4 2 
58 71 -34 -5 5 -13 11 -46 -92 15 10 22 11 -18 -1 -5 
-81 44 11 -33 13 7 45 13 -11 -93 -23 7 17 13 5 0 
-44 -80 28 18 -10 10 -28 37 92 20 0 -24 -16 14 0 5 
91 -10 -24 25 -8 -12 -32 -34 -36 87 23 4 -10 -19 -5 -2 
-7 92 -20 -28 14 -5 127 93 95 -26 
RSSI :-110 
Input angle :341
Zaxis angle :0 
minval :0 

minval :0 



-4 1 -1 -4 4 -1 0 4 -5 0 0 -4 4 0 0 4 
9 93 -31 -29 9 -1 44 -49 -82 -40 -12 18 12 5 -4 -1 
-93 -9 33 -25 0 9 41 52 54 -74 -16 -16 -8 10 2 -4 
26 -89 17 38 -9 -2 -59 28 58 71 19 -11 -8 -10 3 2 
81 45 -41 10 4 -8 -17 -64 -80 45 8 21 12 -6 -3 3 
-60 71 -1 -42 7 6 0 -33 -47 -44 
RSSI :-110 
Input angle :207
Zaxis angle :0 
minval :0 

minval :0 



0 -17 17 0 0 17 -17 -1 2 -17 17 3 -4 17 -16 -5 
43 83 -28 -25 1 -14 18 -39 -88 -7 3 23 5 -11 8 -15 
-92 20 30 -23 13 3 35 25 25 -84 -23 -1 10 7 12 11 
0 -94 17 33 -7 12 -32 29 78 42 6 -23 -9 9 -13 10 
93 17 -37 9 -10 -9 -23 -36 -56 68 20 11 -7 -11 -7 -15 
-31 89 -2 -38 11 -8 79 -50 -117 -36 
RSSI :-110 
Input angle :327
Zaxis angle :0 
minval :0 

minval :0 



10 -3 2 10 -10 1 0 -11 10 0 0 11 -11 0 0 -10 
-14 91 -18 -37 12 -14 35 -42 -63 -59 -26 6 7 7 10 3 
-86 -33 40 -9 11 15 33 43 73 -48 -1 -27 -9 6 -5 9 
47 -79 1 42 -17 8 -50 23 37 78 27 4 -4 -9 -8 -7 
68 61 -41 -5 -4 -18 -14 -53 -85 16 -9 25 10 -2 8 -6 
-76 52 13 -39 19 -1 -23 15 59 -44 
RSSI :-110 
Input angle :127
Zaxis angle :0 
minval :0 

minval :0 



13 -3 2 14 -14 1 0 -14 14 0 0 14 -13 -1 2 -13 
-29 88 -10 -36 22 -7 45 -27 -56 -67 -20 10 6 2 12 4 
-82 -44 37 -1 2 23 17 50 76 -42 -5 -22 -4 5 -7 12 
58 -72 -4 37 -24 -2 -52 6 29 82 22 -2 -4 -5 -10 -9 
58 71 -35 -11 6 -23 6 -52 -86 10 -2 22 5 -3 11 -8 
-82 42 18 -32 21 10 58 -96 -50 -45 
RSSI :-110 
Input angle :132
Zaxis angle :0 
minval :0 

minval :0 



0 -11 10 0 -1 11 -11 -2 3 -10 10 4 -4 10 -10 -4 
-17 87 -24 -38 14 -6 42 -16 -56 -53 -16 8 0 14 6 -8 
-82 -34 41 -18 3 15 6 45 64 -43 -5 -17 -14 -2 7 8 
52 -72 8 43 -16 0 -45 -2 29 72 18 0 5 -13 -9 5 
60 65 -44 -1 3 -15 11 -44 -75 18 -2 18 11 8 -3 -10 
-74 49 8 -44 15 5 -28 -97 -19 -40 
RSSI :-110 
Input angle :347
Zaxis angle :0 
minval :0 

minval :0 



5 -3 2 5 -5 2 -2 -6 6 -1 1 6 -6 0 -1 -6 
-80 27 8 -27 4 15 43 35 11 -73 -7 -11 -19 10 5 0 
-15 -82 25 14 -16 0 -43 37 68 27 13 -4 -6 -20 -2 5 
84 0 -17 22 2 -16 -29 -49 -39 62 2 13 21 -3 -5 -3 
-17 82 -18 -22 15 5 54 -16 -53 -51 -12 0 0 20 2 -1 
-75 -32 25 -15 -9 14 -14 -111 -17 -22 
RSSI :-110 
Input angle :347
Zaxis angle :0 
minval :0 

minval :0 



18 6 -7 17 -17 -8 10 -16 16 10 -10 16 -15 -11 12 -14 
-89 7 29 -21 -4 8 29 39 23 -85 -17 -8 -9 7 11 15 
11 -88 18 37 -6 -6 -41 15 79 38 11 -12 -7 -12 -12 8 
84 27 -40 10 7 -5 -13 -50 -56 68 10 13 14 -4 -5 -14 
-44 76 2 -30 3 8 52 -2 -56 -67 -15 7 0 10 23 1 
-64 -62 40 5 -9 2 114 -110 69 -22 
RSSI :-110 
Input angle :136
Zaxis angle :0 
minval :0 

minval :0 



-18 6 2 -13 10 2 4 11 -10 -1 -5 -13 21 0 -4 20 
76 -18 -6 31 -7 -7 -25 -43 8 75 24 -11 -3 0 -6 -5 
12 77 -22 -11 8 -6 49 -28 -75 -6 9 29 0 -5 6 -18 
-82 -11 22 -23 3 10 10 56 20 -70 -31 -1 4 0 5 7 
20 -73 13 24 -10 1 -60 4 67 37 4 -28 0 3 -16 5 
68 33 -22 12 0 -10 124 62 -113 27 
RSSI :-110 
Input angle :148
Zaxis angle :0 
minval :0 

minval :0 



-7 -14 6 -4 5 12 -13 10 -3 -13 15 -8 1 12 -16 5 
78 -10 -13 30 -16 -8 -48 -42 -24 76 22 10 2 -13 -3 -7 
-14 80 -27 -21 11 -13 46 -29 -68 -41 -15 24 11 1 17 0 
-75 -28 17 -18 11 15 28 57 54 -57 -21 -19 -7 12 0 8 
41 -70 17 28 -16 9 -56 9 46 64 23 -17 -9 -6 -14 -6 
59 55 -23 10 -4 -17 -80 -51 9 18 
RSSI :-110 
Input angle :134
Zaxis angle :0 
minval :0 

minval :0 



-8 -16 17 -7 6 17 -17 6 -4 -18 18 -3 2 18 -18 1 
55 89 -86 -33 69 -58 26 -103 -105 0 22 67 22 -26 1 -19 
-98 38 46 -79 43 79 96 45 19 -103 -71 8 21 27 18 5 
-20 -103 65 64 -86 26 -66 83 97 41 5 -71 -31 14 -9 16 
105 0 -75 52 -7 -90 -69 -81 -60 86 68 21 -9 -33 -13 -12 
-20 103 -39 -83 90 7 -104 -3 -15 -38 
RSSI :-110 
Input angle :344
Zaxis angle :0 
minval :0 

minval :0 



3 -9 9 3 -4 9 -8 -5 5 -8 8 6 -6 8 -7 -6 
-40 75 -11 -17 10 6 72 -22 -37 -54 -10 19 5 -2 7 -6 
-68 -52 18 -8 -8 8 6 76 60 -26 -17 -14 0 5 4 9 
66 -54 4 20 -7 -9 -75 -6 11 64 17 -14 -5 0 -9 2 
39 76 -20 0 11 -5 22 -73 -65 -1 10 19 1 -5 0 -10 
-82 23 3 -20 2 11 118 -112 -126 -33 
RSSI :-110 
Input angle :109
Zaxis angle :32 
minval :0 

minval :0 



3 -6 6 3 -3 5 -5 -3 4 -5 5 4 -4 4 -4 -5 
-50 65 -12 -16 13 7 76 -19 -31 -57 -14 17 8 -4 6 -3 
-56 -59 19 -8 -10 12 2 78 62 -20 -14 -16 2 9 2 6 
69 -44 3 20 -10 -12 -78 -13 9 65 19 -11 -9 0 -6 0 
26 77 -21 0 14 -6 25 -74 -65 -5 6 21 1 -9 0 -6 
-81 10 4 -20 4 15 -96 80 5 -32 
RSSI :-110 
Input angle :143
Zaxis angle :0 
minval :0 

minval :0 



15 5 -6 15 -15 -7 7 -14 14 8 -9 13 -13 -10 10 -12 
-72 -41 21 -8 -3 3 0 77 56 -23 -2 -16 2 9 10 13 
54 -62 4 22 -3 -4 -76 -15 8 60 17 0 -9 0 -14 8 
52 65 -23 0 5 -2 29 -71 -61 -2 -3 16 1 -9 -4 -16 
-73 39 5 -22 1 5 64 44 16 -59 -15 -6 9 3 16 -1 
-26 -79 20 8 -5 0 -58 33 29 13 
RSSI :-110 
Input angle :151
Zaxis angle :0 
minval :0 

minval :0 



5 13 -13 4 -3 -14 14 -2 1 14 -14 0 0 -14 14 0 
0 -79 24 4 -7 -5 -63 24 41 29 -2 -4 3 9 -3 13 
79 13 -7 22 6 -6 -13 -66 -35 35 4 -1 -10 1 -13 -5 
-29 74 -21 -11 5 7 67 1 -27 -42 0 4 0 -10 8 -11 
-67 -43 15 -18 -8 3 -12 66 46 -18 -4 0 10 2 9 10 
56 -57 15 19 -1 -9 74 0 11 25 
RSSI :-110 
Input angle :151
Zaxis angle :14 
minval :0 

minval :0 



-3 13 -13 -4 5 -12 12 6 -6 12 -11 -7 7 -11 11 8 
20 -46 23 20 7 -18 -70 1 33 32 5 -12 10 5 -10 8 
41 28 -24 19 17 10 11 -69 -38 26 10 7 -8 8 -6 -12 
-36 35 -12 -28 -13 14 65 25 -18 -42 -10 9 -7 -9 12 -4 
-27 -42 30 -6 -11 -16 -37 60 45 -9 -6 -11 10 -4 1 13 
47 -18 1 31 18 -9 4 -96 -64 23 
RSSI :-110 
Input angle :148
Zaxis angle :44 
minval :0 

minval :0 



-13 6 -4 -20 15 -4 0 13 -16 -5 1 -12 15 7 -1 11 
55 -2 -20 14 9 -2 -2 -77 -36 41 14 19 -7 -5 -11 -3 
-7 53 -18 -24 1 13 76 11 -31 -41 -23 3 7 -6 13 -16 
-58 -24 25 -7 -10 -1 -16 70 51 -21 0 -23 5 4 8 7 
29 -46 5 29 3 -9 -65 -40 14 50 23 6 -9 2 -18 11 
43 44 -30 0 12 7 60 126 -45 0 
RSSI :-110 
Input angle :155
Zaxis angle :25 
minval :0 

minval :0 



3 -14 14 4 -5 14 -14 -6 7 -14 14 8 -9 14 -14 -8 
84 62 -31 26 -15 24 0 -107 -107 18 -48 90 66 -56 12 -13 
-78 69 -19 -36 -20 -21 104 22 2 -108 -78 -65 44 75 10 14 
-50 -92 39 -12 25 -16 -41 98 105 24 77 -66 -83 26 -17 7 
98 -38 4 41 12 26 -87 -62 -47 97 44 92 -10 -86 -3 -18 
12 104 -40 -3 -28 6 43 29 -64 -32 
RSSI :-110 
Input angle :113
Zaxis angle :0 
minval :0 

minval :0 



24 -7 5 25 -25 3 -1 -25 25 0 -1 25 -25 -3 3 -25 
-1 69 -5 -3 6 4 56 -48 -76 -47 -15 18 21 -10 23 8 
-69 -10 4 -5 -6 5 34 65 63 -63 -14 -19 5 23 -13 21 
26 -64 4 5 -3 -7 -70 20 49 74 21 -10 -24 0 -19 -16 
58 38 -5 3 7 -2 -7 -73 -83 31 6 22 2 -23 20 -14 
-49 49 -2 -6 0 7 127 -113 69 -45 
RSSI :-110 
Input angle :282
Zaxis angle :0 
minval :0 

minval :0 



15 9 -10 14 -13 -11 11 -12 12 12 -13 11 -10 -14 14 -9 
-86 3 8 -1 -14 23 45 69 37 -46 -6 -7 5 10 7 15 
13 -85 0 9 -20 -18 -78 28 38 45 8 -5 -11 3 -17 3 
80 31 -8 -2 22 -16 -13 -82 -52 28 3 9 0 -11 0 -17 
-43 74 3 -8 12 24 83 1 -15 -57 -9 1 11 2 17 2 
-62 -58 7 5 -27 5 -30 97 -47 -3 
RSSI :-110 
Input angle :288
Zaxis angle :14 
minval :0 

minval :0 



4 0 0 4 -4 0 0 -4 4 0 -1 4 -4 -1 1 -4 
-13 -62 5 17 -16 -1 -56 59 57 39 29 -11 -44 6 3 2 
64 -1 -18 2 5 -15 -46 -68 -47 51 5 30 0 -45 -3 2 
-10 63 1 -18 14 8 75 -32 -39 -57 -31 0 44 9 -2 -3 
-59 -23 17 4 -11 12 15 80 64 -25 7 -30 -19 40 4 -1 
36 -53 -9 16 -10 -12 85 -64 1 35 
RSSI :-110 
Input angle :279
Zaxis angle :14 
minval :0 

minval :0 



0 -18 18 2 -3 18 -17 -3 5 -17 17 6 -7 16 -16 -8 
68 30 -14 -22 7 -1 -24 -86 -80 29 0 24 -5 -20 10 -14 
-42 61 24 -11 0 7 89 -3 -13 -84 -24 -6 21 0 12 13 
-52 -53 5 26 -7 -1 -13 88 85 8 10 -22 -3 21 -15 9 
64 -38 -27 0 2 -6 -83 -31 -21 82 20 14 -20 -7 -6 -16 
28 69 5 -26 6 4 -107 -83 47 -19 
RSSI :-110 
Input angle :296
Zaxis angle :20 
minval :0 

minval :0 



21 -6 5 22 -22 4 -3 -22 22 -2 1 22 -22 0 0 -22 
-53 57 12 -33 34 7 91 -10 3 -75 -46 -5 41 12 22 5 
-46 -63 29 20 -14 32 -8 91 73 15 11 -44 -21 37 -8 21 
71 -32 -24 25 -29 -20 -88 -25 -29 68 41 20 -32 -28 -18 -13 
18 76 -20 -29 26 -23 39 -82 -61 -43 -28 37 33 -26 16 -15 
-78 4 32 -13 18 30 -88 -79 -36 -28 
RSSI :-110 
Input angle :307
Zaxis angle :0 
minval :0 

minval :0 



7 -1 1 7 -8 0 0 -7 7 0 0 7 -7 0 0 -7 
-102 13 61 -71 33 58 81 69 53 -92 -59 -81 55 83 8 3 
0 -103 59 73 -62 23 -83 67 80 70 93 -39 -93 36 -4 7 
101 21 -84 42 -11 -65 -50 -95 -83 67 24 98 -18 -98 -7 -5 
-41 94 -25 -90 66 1 102 -31 -52 -93 -101 3 100 2 6 -5 
-86 -57 94 -5 -13 65 46 99 -74 -18 
RSSI :-110 
Input angle :344
Zaxis angle :0 
minval :0 

minval :0 



-11 -30 31 -8 6 31 -31 5 -5 -31 32 -3 1 32 -31 0 
79 32 -28 -9 -4 -9 -43 -82 -73 60 13 50 -2 -20 6 -31 
-48 70 15 -26 9 -3 90 -26 -42 -85 -52 1 20 2 30 11 
-61 -59 21 20 0 9 9 93 92 -24 11 -50 -6 20 -17 26 
70 -48 -24 17 -9 0 -92 -12 5 95 48 18 -18 -10 -22 -23 
33 78 -12 -27 2 -9 9 -35 10 -5 
RSSI :-110 
Input angle :308
Zaxis angle :0 
minval :0 

minval :0 



10 -27 26 13 -14 25 -24 -15 17 -23 23 17 -18 22 -21 -19 
40 62 -1 -13 -4 0 50 -73 -87 -21 -25 17 18 -10 24 -16 
-71 23 13 1 1 -4 60 65 38 -80 -12 -28 6 19 10 27 
-12 -73 -3 12 4 2 -77 45 72 52 30 -6 -20 1 -28 4 
75 3 -11 -6 -3 3 -29 -84 -68 58 0 30 1 -20 0 -29 
-19 73 8 -10 -2 -3 -107 -98 59 -39 
RSSI :-110 
Input angle :117
Zaxis angle :25 
minval :0 

minval :0 



2 11 -12 2 -1 -12 12 0 0 12 -12 0 1 -11 11 2 
-63 -4 5 -5 -5 6 21 89 71 -54 4 -36 -5 24 -4 11 
18 -61 4 6 -5 -6 -91 2 37 81 34 13 -23 -10 -10 -6 
57 28 -7 2 7 -4 15 -90 -86 22 -17 31 17 -18 8 -9 
-40 49 -1 -7 2 8 86 31 -4 -89 -28 -23 16 19 7 9 
-40 -49 8 0 -8 1 -53 2 -113 4 
RSSI :-110 
Input angle :282
Zaxis angle :0 
minval :0 

minval :0 



5 26 -26 4 -1 -26 27 -1 0 27 -26 -1 3 -26 26 5 
-93 -49 89 8 26 58 -5 103 89 -64 -42 -75 -18 92 -9 25 
65 -83 -24 85 -62 13 -101 -25 43 101 83 -26 -87 -34 -24 -13 
71 78 -79 -40 -3 -63 41 -95 -108 18 6 87 52 -78 19 -20 
-95 46 52 -72 66 13 82 63 0 -110 -86 -8 67 66 16 22 
-30 -101 58 67 -25 58 95 19 -48 11 
RSSI :-110 
Input angle :134
Zaxis angle :0 
minval :0 

minval :0 



-2 5 -5 -3 3 -5 5 3 -4 5 -5 -4 4 -4 4 5 
30 -72 -1 28 -13 1 -67 -10 58 73 13 -2 -22 0 -5 3 
65 44 -27 -6 1 -13 24 -63 -83 42 0 13 5 -22 -2 -6 
-58 52 12 -25 13 4 57 36 -23 -91 -12 -3 20 9 6 0 
-42 -66 22 16 -6 11 -46 49 93 -10 5 -12 -13 18 0 6 
73 -26 -21 18 -10 -8 -90 -113 119 47 
RSSI :-110 
Input angle :154
Zaxis angle :0 
minval :0 

minval :0 



7 15 -16 6 -5 -16 16 -4 2 16 -16 2 0 -16 16 0 
35 98 -73 -54 40 -52 79 -71 -108 0 -72 30 64 -42 -2 16 
-104 15 67 -62 41 51 54 92 20 -106 -19 -76 31 70 -15 -5 
6 -105 46 79 -57 32 -101 35 98 46 78 1 -75 16 8 -13 
102 25 -87 28 -20 -62 -17 -106 -62 88 -16 76 0 -77 11 11 
-46 94 -17 -89 66 -6 82 -35 96 -37 
RSSI :-110 
Input angle :180
Zaxis angle :0 
minval :0 

minval :0 



-20 -4 4 -20 20 6 -6 20 -19 -7 9 -18 17 10 -11 17 
-104 15 24 -60 48 16 49 95 29 -101 -3 -66 13 30 -14 -14 
5 -105 54 35 -25 45 -102 32 93 50 66 10 -32 7 17 -11 
101 28 -45 46 -38 -34 -11 -106 -69 80 -24 62 0 -33 7 19 
-43 96 -37 -52 39 -33 106 10 -67 -81 -56 -34 32 6 -20 4 
-83 -64 59 -27 22 46 -30 -94 24 -26 
RSSI :-110 
Input angle :188
Zaxis angle :0 
minval :0 

minval :0 



8 2 -3 7 -7 -3 3 -7 6 4 -4 7 -6 -5 4 -6 
-27 -77 35 6 -3 25 -61 51 71 7 7 -15 2 8 5 6 
82 -10 -12 33 -24 -8 -42 -67 -20 70 13 10 -8 0 -7 4 
-8 81 -29 -19 13 -21 75 -26 -63 -34 -12 11 0 -8 -2 -7 
-78 -24 25 -25 18 17 12 78 47 -55 -8 -14 8 3 8 0 
38 -72 20 29 -20 15 84 113 -93 29 
RSSI :-110 
Input angle :165
Zaxis angle :14 
minval :0 

minval :0 



-2 4 -5 -2 2 -5 5 2 -3 3 -4 -3 3 -3 4 3 
62 -86 22 96 -88 41 -100 -32 39 102 48 6 -31 16 -4 3 
74 76 -98 1 -20 -95 51 -92 -107 19 -14 46 -10 -34 -2 -5 
-90 55 19 -97 97 -1 79 69 6 -108 -42 -25 35 -2 5 -1 
-37 -99 91 39 -16 95 -83 64 106 23 31 -38 -3 36 0 5 
105 -18 -55 82 -92 -32 -91 -50 -28 49 
RSSI :-110 
Input angle :154
Zaxis angle :0 
minval :0 

minval :0 



3 -10 10 4 -4 10 -10 -5 5 -10 9 6 -7 9 -8 -7 
11 83 -21 -41 25 -30 57 -44 -75 -59 -23 20 13 -19 9 -7 
-84 -5 45 -11 23 31 32 64 72 -62 -15 -26 16 17 5 10 
22 -81 3 46 -35 17 -69 18 48 83 29 -8 -20 12 -11 3 
74 39 -46 -5 -10 -38 -4 -72 -90 31 3 30 -7 -22 -1 -11 
-50 67 13 -44 39 -3 -122 127 75 -48 
RSSI :-110 
Input angle :310
Zaxis angle :0 
minval :0 

minval :0 



-6 -4 3 -5 6 3 -4 6 -6 -4 4 -4 3 6 -5 4 
-107 6 61 -8 -8 57 54 92 67 -84 -29 -88 37 91 8 -11 
18 -106 -5 69 -57 -19 -102 31 67 84 93 -10 -96 18 2 -11 
100 33 -65 -20 29 -46 -11 -106 -93 53 -7 80 -4 -98 12 6 
-58 91 16 -48 40 38 108 9 -32 -103 -87 -31 96 21 -5 -14 
-78 -72 45 26 -47 35 104 -13 123 -9 
RSSI :-110 
Input angle :193
Zaxis angle :0 
minval :0 

minval :0 



-13 -3 4 -13 12 5 -5 12 -12 -6 6 -11 11 8 -8 11 
-3 54 -14 -16 10 17 70 -2 -45 -20 -38 5 32 0 -8 -10 
-53 -13 18 -10 -17 11 -2 70 26 -42 0 -38 0 32 12 -6 
13 -53 5 20 -3 -20 -66 -23 34 36 37 8 -30 -11 4 13 
42 33 -21 4 20 0 37 -60 -42 27 -13 35 16 -28 -13 1 
-41 36 1 -21 -4 20 106 15 70 -24 
RSSI :-110 
Input angle :268
Zaxis angle :0 
minval :0 

minval :0 



15 1 -2 15 -15 -3 4 -14 14 5 -6 14 -14 -6 7 -13 
-53 -45 21 4 -19 12 -33 55 52 -25 10 -23 -1 26 12 9 
55 -41 -9 19 -8 -21 -47 -44 14 56 20 14 -25 -6 -12 9 
31 62 -18 -12 22 -3 53 -36 -58 3 -18 17 11 -23 -7 -14 
-67 17 16 -14 0 22 23 60 9 -57 -13 -21 20 17 15 -3 
-3 -69 9 19 -22 -6 -74 97 -35 9 
RSSI :-110 
Input angle :162
Zaxis angle :0 
minval :0 

minval :0 



6 4 -5 7 -7 -4 4 -6 5 6 -5 6 -6 -6 6 -5 
53 -38 0 34 -12 -17 -52 -35 8 60 19 12 -19 -23 2 6 
27 61 -34 -6 19 -8 44 -44 -60 -2 -18 16 28 -14 -7 1 
-65 13 13 -32 4 22 33 52 15 -58 -12 -17 8 30 0 -8 
0 -67 29 19 -23 0 -58 24 55 26 21 -7 -31 0 7 1 
65 12 -25 23 4 -21 -45 -114 -3 23 
RSSI :-110 
Input angle :181
Zaxis angle :0 
minval :0 

minval :0 



-22 10 -8 -23 24 -6 5 24 -24 5 -4 -24 25 -2 0 24 
-100 -35 96 -9 -26 97 32 105 93 -54 -39 -89 38 85 -23 -4 
52 -93 -10 96 -91 -42 -109 14 35 103 95 -20 -90 23 9 -21 
81 70 -92 -30 61 -80 8 -110 -107 17 0 97 -6 -93 19 13 
-83 68 45 -85 66 75 106 28 8 -108 -95 -16 92 14 -16 18 
-49 -95 71 65 -87 49 82 -109 -60 12 
RSSI :-110 
Input angle :152
Zaxis angle :0 
minval :0 

minval :0 



12 -6 5 12 -13 4 -4 -13 13 -3 2 13 -13 1 0 -14 
72 -36 9 51 -29 -6 -71 -31 -9 76 15 -11 -14 7 14 1 
22 77 -52 0 11 -26 42 -65 -73 -22 8 16 -3 -16 -4 13 
-80 7 11 -50 24 16 54 55 38 -65 -18 4 16 -1 -12 -7 
7 -80 47 20 -20 21 -65 41 57 49 0 -18 -2 15 9 -10 
76 26 -29 42 -15 -25 11 126 -27 21 
RSSI :-110 
Input angle :177
Zaxis angle :0 
minval :0 

minval :0 



-6 -19 17 -9 4 18 -22 4 -3 -18 22 -1 0 18 -21 -2 
40 -83 0 35 -46 4 -91 26 18 89 27 1 -27 19 7 -20 
74 54 -36 -8 5 -47 -5 -95 -91 -5 -7 30 -12 -30 19 11 
-71 60 10 -33 43 14 92 15 17 -90 -26 -7 32 -7 -10 15 
-44 -82 33 19 -21 40 -32 88 83 36 16 -26 0 31 -13 -19 
89 -26 -21 25 -35 -29 77 30 104 37 
RSSI :-110 
Input angle :166
Zaxis angle :0 
minval :0 

minval :0 



-7 0 0 -7 7 0 0 7 -7 -1 1 -7 7 2 -2 6 
67 65 -37 -10 6 -29 24 -74 -84 -24 20 11 -10 -21 -6 -3 
-80 48 16 -36 26 14 67 42 40 -78 -15 15 23 -7 8 -5 
-34 -88 32 22 -18 24 -49 59 69 52 -12 -17 2 22 3 10 
92 -16 -30 23 -21 -21 -49 -59 -65 59 21 -11 -22 -2 -3 4 
-3 93 -24 -32 26 -14 -82 94 -76 -39 
RSSI :-110 
Input angle :327
Zaxis angle :0 
minval :0 

minval :0 



17 -5 2 23 -18 4 0 -23 19 -2 -1 13 -23 -6 6 -23 
-59 69 -24 -20 13 0 81 0 3 -69 -29 5 2 9 15 4 
-54 -71 26 -27 -1 11 -22 81 66 17 0 -28 -7 1 -10 14 
84 -37 17 29 -12 -4 -78 -33 -29 64 26 2 1 -8 -12 -14 
18 90 -32 11 6 -10 50 -68 -57 -41 -9 24 8 3 17 -8 
-92 0 -3 -34 9 8 -85 -95 94 -24 
RSSI :-110 
Input angle :333
Zaxis angle :0 
minval :0 

minval :0 



-16 0 -4 -12 12 -3 1 17 -14 3 0 -18 18 2 -3 17 
22 -83 45 9 -20 18 -46 49 40 36 4 -39 -10 12 -10 -4 
77 32 -22 46 -14 -25 -34 -50 -44 35 38 9 -9 -13 6 -9 
-47 68 -37 -28 27 -9 60 -22 -23 -50 -13 32 13 -7 7 8 
-58 -64 35 -29 4 27 12 66 54 -15 -31 -22 3 15 -9 10 
76 -42 24 39 -29 -3 35 0 -27 26 
RSSI :-110 
Input angle :146
Zaxis angle :0 
minval :0 

minval :0 



-28 10 -8 -30 30 -6 5 30 -30 4 -3 -31 31 -1 0 30 
-88 -56 70 -68 4 57 51 95 91 -51 -39 -91 -25 45 -29 -7 
73 -75 50 85 -57 3 -100 41 35 100 97 -21 -44 -25 13 -28 
73 74 -92 33 18 -54 -11 -108 -105 11 1 99 41 -31 25 17 
-97 40 -15 -97 49 29 107 13 7 -105 -97 -18 23 46 -22 20 
-20 -103 98 5 -37 43 48 99 69 15 
RSSI :-110 
Input angle :282
Zaxis angle :0 
minval :0 

minval :0 



9 3 -4 9 -9 -5 6 -8 7 5 -6 7 -8 -6 6 -7 
36 -98 54 84 -42 6 -97 48 53 93 92 -36 -30 -24 5 8 
89 55 -93 36 1 -42 -28 -105 -101 35 16 97 29 -25 -9 3 
-72 75 -16 -99 47 11 108 -6 -14 -106 -99 -4 19 34 -1 -8 
-60 -86 100 0 -18 38 -13 108 107 5 24 -95 -37 10 9 1 
96 -41 -24 97 -34 -24 32 -17 -36 51 
RSSI :-110 
Input angle :314
Zaxis angle :0 
minval :0 

minval :0 



-7 -1 1 -7 7 1 -2 6 -6 -2 3 -6 6 3 -3 6 
72 -18 -35 34 -7 -1 -62 -69 -56 70 21 22 -2 -2 -5 -4 
6 74 -29 -40 3 -6 77 -52 -59 -69 -26 16 2 -1 5 -4 
-73 -13 46 -18 5 4 33 87 80 -42 -11 -29 1 2 3 6 
27 -70 8 49 -5 4 -92 12 27 86 31 -5 -2 0 -6 1 
63 39 -50 0 -3 -6 40 -35 -42 4 
RSSI :-110 
Input angle :318
Zaxis angle :0 
minval :0 

minval :0 



4 -7 7 5 -5 7 -6 -5 6 -6 6 6 -6 5 -4 -7 
12 85 -22 -40 2 -12 81 -46 -62 -72 -23 11 3 -10 8 -3 
-86 -2 43 -13 11 4 30 89 82 -47 -7 -24 9 4 1 8 
17 -84 4 45 -6 10 -93 11 30 90 25 -1 -6 8 -8 0 
79 34 -45 -5 -8 -9 7 -93 -94 13 -2 26 -6 -8 1 -9 
-50 69 13 -44 9 -7 68 112 -119 -49 
RSSI :-110 
Input angle :312
Zaxis angle :0 
minval :0 

minval :0 



-1 16 -14 -2 0 -8 8 -1 1 9 -19 -1 5 -12 16 3 
-87 -14 33 1 15 3 8 89 91 -29 0 -25 -1 8 -7 10 
27 -76 -7 32 -4 12 -92 -10 11 94 20 9 -7 -2 -15 -4 
74 44 -27 -8 -13 -8 29 -87 -95 -7 -14 22 3 -7 9 -10 
-61 58 16 -28 10 -9 80 44 27 -92 -20 -17 6 5 8 11 
-47 -71 25 21 4 12 -86 -62 75 21 
RSSI :-110 
Input angle :136
Zaxis angle :14 
minval :0 

minval :0 



-13 14 -13 -15 15 -12 11 16 -16 10 -10 -17 17 -8 7 18 
-40 -73 18 16 8 12 -63 66 84 45 27 -13 -13 0 -19 5 
80 -24 -18 16 -13 6 -52 -75 -63 71 7 29 1 -13 0 -19 
6 83 -11 -21 -2 -14 83 -37 -56 -76 -30 2 13 4 19 3 
-83 -6 23 -7 15 0 24 88 86 -40 2 -30 -7 11 -6 18 
24 -80 2 24 -2 14 -69 -32 91 46 
RSSI :-110 
Input angle :116
Zaxis angle :0 
minval :0 

minval :0 


