
31 9 -11 30 -30 -13 14 -29 29 15 -17 28 -26 -18 20 -25 
11 14 -1 -24 0 -23 -14 -8 0 69 64 -11 -11 -10 19 26 
-16 6 23 5 23 5 11 -11 -66 -17 -6 66 13 -8 -29 12 
-2 -18 -9 22 -11 21 8 14 29 -62 -61 -22 4 14 -4 -32 
18 0 -18 -16 -17 -16 -15 4 51 45 38 -53 -15 0 32 5 
-6 17 20 -14 20 -13 31 127 7 10 
RSSI :-110 
Input angle :183
Zaxis angle :0 
minval :0 

minval :0 



9 -32 31 12 -13 31 -30 -15 16 -29 28 18 -20 27 -26 -21 
17 -13 -24 0 -21 -13 -9 10 66 4 -8 -62 -12 11 27 -18 
8 20 6 -24 17 -18 -7 -11 -19 64 62 6 -7 -14 11 31 
-22 2 21 12 13 21 12 -4 -57 -32 -21 58 16 -4 -33 4 
1 -22 -16 18 -24 8 0 13 47 -46 -51 -34 0 16 5 -33 
21 7 -12 -20 -2 -25 -121 -64 90 14 
RSSI :-110 
Input angle :167
Zaxis angle :0 
minval :0 

minval :0 



-35 -20 22 -33 32 24 -26 30 -29 -27 29 -28 27 29 -30 25 
-7 -18 -7 21 -12 26 8 7 25 -66 -68 -14 5 7 -17 -36 
19 -2 -18 -13 -23 -18 -9 6 57 40 31 -62 -8 3 39 -7 
-1 19 16 -14 24 -17 -3 -10 -55 43 52 46 -1 -8 -1 40 
-18 -6 10 20 10 27 11 0 -30 -64 -58 38 8 1 -37 -13 
11 -16 -22 4 -29 3 26 -127 -92 -3 
RSSI :-110 
Input angle :168
Zaxis angle :0 
minval :0 

minval :0 



-7 28 -27 -8 11 -27 26 12 -13 26 -24 -14 16 -24 22 17 
-15 13 18 9 18 16 8 -17 -66 -5 6 60 -1 0 -23 19 
-9 -21 -16 13 -24 15 11 20 23 -61 -52 -8 0 0 -10 -27 
17 -4 -9 -19 -9 -23 -16 0 54 37 14 -53 0 5 29 -5 
2 18 18 -11 22 0 -1 -12 -50 41 46 37 -4 -6 -2 27 
-19 -10 5 19 -4 25 -126 -49 37 -15 
RSSI :-110 
Input angle :157
Zaxis angle :25 
minval :0 

minval :0 



33 10 -12 32 -31 -15 16 -30 30 17 -19 29 -28 -20 21 -27 
17 10 6 -30 8 -26 -16 -11 13 63 58 -17 -10 -10 19 28 
-14 13 27 14 24 12 15 -12 -65 -2 3 61 12 -8 -32 11 
-10 -17 -21 23 -21 18 8 18 19 -62 -59 -10 4 13 -4 -34 
19 -6 -18 -25 -13 -24 -20 3 56 33 24 -55 -14 0 34 4 
0 19 29 -10 27 -5 72 31 -60 11 
RSSI :-110 
Input angle :125
Zaxis angle :0 
minval :0 

minval :0 



22 -42 40 25 -26 40 -38 -27 29 -37 36 31 -33 33 -31 -36 
-15 -52 -56 4 -63 10 -2 53 84 -50 -45 -83 -1 6 42 -22 
52 -2 7 -55 5 -64 -51 -16 27 94 92 -23 -5 -3 10 46 
-13 52 52 19 60 22 28 -45 -98 3 2 95 4 -4 -47 -2 
-48 -24 -35 43 -36 52 35 39 24 -95 -92 -21 3 4 16 -44 
36 -40 -33 -45 -41 -48 -78 114 -94 23 
RSSI :-110 
Input angle :16
Zaxis angle :14 
minval :0 

minval :0 



-33 34 -32 -35 37 -30 28 38 -40 25 -23 -42 43 -22 20 43 
-22 24 35 30 22 35 27 -12 -88 -38 -16 92 2 -12 -47 8 
-18 -27 -37 27 -39 14 5 29 59 -75 -84 -40 11 5 2 -48 
31 -11 -19 -42 -4 -41 -30 -1 59 75 58 -73 -8 9 45 16 
3 33 46 -6 41 7 8 -29 -90 33 57 73 -7 -10 -27 39 
-33 -3 -4 46 -16 37 -115 127 18 -48 
RSSI :-110 
Input angle :161
Zaxis angle :14 
minval :0 

minval :0 



14 23 -24 13 -11 -25 26 -10 9 26 -27 7 -6 -27 27 -4 
-16 21 -37 3 -67 47 15 -18 2 -1 -7 -33 -10 8 -2 28 
-17 -20 3 -36 -30 -76 13 19 0 2 33 3 -4 -12 -26 -10 
24 -10 34 13 81 -3 -23 7 -2 0 -11 32 13 -1 17 -22 
3 26 -22 29 -14 80 -1 -23 0 -2 -28 -18 -2 13 18 21 
-26 -3 -20 -31 -73 -36 15 -16 -35 0 
RSSI :-110 
Input angle :254
Zaxis angle :0 
minval :0 

minval :0 



3 -27 27 5 -6 27 -26 -8 9 -26 25 11 -14 24 -23 -15 
25 -5 29 22 80 11 -23 0 -3 0 -17 28 14 3 21 -18 
-2 25 -28 23 -30 75 5 -22 0 -2 -22 -24 -6 13 12 25 
-24 -8 -14 -33 -65 -48 20 11 2 1 29 -15 -11 -10 -27 6 
14 -21 36 -5 65 -48 -15 17 -2 2 7 31 12 -8 1 -28 
17 18 -4 36 28 76 -11 -33 -94 -2 
RSSI :-110 
Input angle :257
Zaxis angle :0 
minval :0 

minval :0 



2 28 -28 0 0 -28 28 2 -3 28 -27 -4 6 -27 27 7 
-24 10 -32 -13 -79 9 21 -6 1 0 9 -32 -15 1 -16 23 
-4 -25 19 -29 9 -79 1 22 0 1 29 16 1 -14 -19 -20 
26 2 23 26 74 30 -21 -4 -1 0 -24 22 13 5 25 -12 
-9 24 -31 14 -48 64 10 -19 1 -1 -16 -29 -8 12 6 27 
-21 -15 -6 -34 -49 -64 7 -112 -80 0 
RSSI :-110 
Input angle :254
Zaxis angle :0 
minval :0 

minval :0 



9 26 -27 8 -7 -27 28 -4 2 28 -28 1 0 -28 28 0 
-19 17 -33 -2 -75 30 17 -11 2 -2 0 -33 -12 5 -9 26 
-11 -23 12 -31 -8 -80 5 20 1 3 32 7 -1 -13 -23 -16 
25 -4 27 18 80 8 -21 0 -2 0 -17 28 13 1 20 -19 
-1 26 -25 21 -30 74 4 -20 0 -3 -24 -22 -5 12 12 25 
-24 -9 -13 -30 -66 -46 23 0 -104 0 
RSSI :-110 
Input angle :254
Zaxis angle :0 
minval :0 

minval :0 



-14 -25 26 -13 11 27 -28 9 -8 -28 29 -6 5 29 -28 4 
15 -20 34 -3 65 -47 -17 14 -1 3 5 32 12 -7 4 -29 
15 20 -7 33 27 76 -8 -21 -2 -2 -32 -3 3 13 27 11 
-24 9 -30 -15 -80 4 22 -2 2 -2 10 -30 -13 1 -19 22 
-2 -25 22 -24 15 -79 -3 22 0 3 26 18 3 -14 -18 -23 
25 2 19 28 72 36 -26 31 22 0 
RSSI :-110 
Input angle :257
Zaxis angle :0 
minval :0 

minval :0 



27 11 -12 26 -26 -13 14 -25 24 15 -17 24 -22 -18 20 -21 
0 24 -25 23 -24 77 5 -22 0 -3 -24 -21 -4 12 15 25 
-23 -7 -15 -31 -68 -42 20 10 2 1 27 -17 -11 -7 -28 7 
13 -21 33 -7 59 -54 -15 16 -1 2 9 30 9 -8 0 -29 
17 17 0 34 37 71 -12 -19 -2 -2 -32 1 5 11 28 6 
-21 11 -33 -10 -78 18 20 16 71 -1 
RSSI :-110 
Input angle :257
Zaxis angle :0 
minval :0 

minval :0 



-14 -23 24 -13 11 24 -25 10 -9 -26 26 -7 6 27 -27 4 
16 -18 34 -3 63 -51 -16 15 -3 0 7 32 9 -7 1 -27 
14 20 -3 34 32 74 -10 -19 0 -3 -33 0 4 10 25 10 
-23 8 -32 -12 -80 11 22 -4 3 1 9 -31 -11 2 -16 22 
-1 -24 22 -27 11 -80 -1 22 -2 3 27 19 1 -11 -17 -21 
24 4 22 26 75 30 -18 127 102 -2 
RSSI :-110 
Input angle :257
Zaxis angle :0 
minval :0 

minval :0 



19 15 -16 18 -17 -18 19 -16 14 20 -21 13 -12 -21 22 -11 
-10 22 -28 18 -34 72 8 -19 10 -3 -21 -25 -5 6 4 25 
-19 -16 -10 -33 -61 -52 17 12 1 11 29 -16 -5 -6 -25 -1 
20 -14 34 -1 66 -44 -17 12 -11 -1 7 33 7 -3 8 -24 
9 23 -7 34 30 74 -7 -20 4 -10 -34 -2 0 8 21 13 
-24 3 -30 -16 -79 8 70 -96 -86 3 
RSSI :-110 
Input angle :257
Zaxis angle :0 
minval :0 

minval :0 



-27 -9 11 -26 25 12 -13 25 -24 -14 16 -23 22 17 -18 22 
-2 -28 16 -30 -7 -73 1 19 -3 21 30 6 10 -8 -16 -23 
27 4 25 23 72 13 -18 -3 -19 -9 -15 27 6 11 27 -9 
-10 26 -29 18 -31 66 7 -18 13 -17 -22 -21 -12 3 2 28 
-22 -16 -10 -33 -55 -48 14 12 12 17 25 -16 1 -13 -28 -5 
22 -16 34 -1 60 -42 96 95 -19 3 
RSSI :-110 
Input angle :258
Zaxis angle :0 
minval :0 

minval :0 



-25 -10 11 -24 24 12 -14 23 -22 -15 16 -21 20 18 -19 19 
1 -25 24 -29 11 -79 3 20 -1 16 28 18 10 -13 -13 -24 
23 8 21 31 74 30 -20 -2 -15 -5 -24 23 11 12 26 -6 
-12 21 -36 12 -50 63 7 -19 8 -13 -16 -30 -15 6 -1 27 
-17 -18 -2 -38 -49 -63 17 11 10 12 33 -8 -3 -16 -26 -7 
22 -11 37 7 75 -28 -118 79 -124 3 
RSSI :-110 
Input angle :257
Zaxis angle :0 
minval :0 

minval :0 



30 -10 8 31 -31 6 -3 -32 32 -2 0 32 -32 -1 2 -32 
17 26 -6 35 28 75 -13 -22 -9 -16 -27 0 -5 17 30 11 
-30 10 -32 -14 -80 7 25 -6 18 -4 7 -26 -15 -10 -18 26 
-2 -31 23 -27 10 -80 1 25 0 18 23 13 13 -12 -21 -25 
31 5 20 29 73 32 -25 -6 -18 -4 -18 20 8 15 29 -13 
-14 28 -33 12 -50 63 71 -112 -94 -9 
RSSI :-110 
Input angle :257
Zaxis angle :0 
minval :0 

minval :0 



-27 5 -3 -27 27 -2 0 27 -27 0 1 -27 27 4 -5 26 
-11 -25 5 -36 -30 -73 10 17 7 13 29 -1 1 -14 -25 -12 
27 -5 34 13 78 -10 -20 5 -15 3 -7 29 13 5 18 -20 
-2 27 -21 29 -14 78 0 -21 0 -15 -26 -14 -8 11 14 23 
-26 -10 -23 -29 -73 -31 20 5 15 4 20 -21 -8 -11 -26 7 
16 -23 33 -15 47 -64 -60 15 -86 6 
RSSI :-110 
Input angle :257
Zaxis angle :0 
minval :0 

minval :0 



-8 27 -27 -9 10 -26 25 12 -13 24 -23 -15 17 -22 22 17 
-29 0 -27 -25 -80 -20 21 0 15 1 20 -24 -13 -10 -23 16 
7 -28 31 -20 41 -71 -4 20 -5 14 17 27 14 -10 -9 -27 
25 14 12 35 58 58 -18 -11 -13 -8 -31 9 6 15 28 -3 
-20 21 -37 3 -71 42 15 -15 12 -10 -3 -32 -17 2 -5 28 
-14 -25 5 -36 -26 -78 54 -32 49 7 
RSSI :-110 
Input angle :257
Zaxis angle :0 
minval :0 

minval :0 



17 -24 23 18 -19 22 -21 -20 22 -20 18 23 -24 17 -15 -25 
32 9 17 30 69 42 -22 -10 -16 -6 -23 18 4 18 28 -8 
-17 28 -34 6 -59 55 16 -19 11 -13 -12 -27 -19 0 1 30 
-22 -24 1 -35 -37 -71 14 20 9 14 29 -5 4 -18 -29 -6 
29 -16 33 9 78 -19 -23 8 -16 6 -3 30 16 8 13 -26 
9 32 -17 30 -4 81 -19 -17 56 -9 
RSSI :-110 
Input angle :257
Zaxis angle :0 
minval :0 

minval :0 



-15 27 -27 -17 18 -26 25 19 -20 24 -23 -21 22 -22 20 23 
-32 -7 -17 -30 -67 -45 26 9 15 7 23 -15 -7 -19 -28 13 
14 -29 34 -8 60 -54 -14 23 -11 13 9 27 20 -2 -5 -31 
23 23 0 35 36 72 -18 -21 -10 -14 -28 1 -3 20 31 3 
-27 18 -33 -10 -79 17 25 -12 16 -5 6 -28 -19 -8 -11 29 
-9 -32 18 -30 6 -81 5 80 -91 8 
RSSI :-110 
Input angle :257
Zaxis angle :0 
minval :0 

minval :0 



-14 -23 24 -14 12 25 -25 11 -9 -26 26 -7 5 27 -27 3 
20 -22 38 3 78 -30 -15 16 -12 7 -1 30 16 2 4 -27 
14 27 -13 35 9 83 -11 -19 -5 -14 -29 -8 -6 15 26 9 
-29 8 -32 -20 -83 -10 21 -5 15 -1 16 -26 -13 -10 -17 21 
0 -30 29 -24 32 -77 0 22 -3 14 21 22 12 -10 -16 -22 
29 7 16 34 66 52 -108 47 -112 -4 
RSSI :-110 
Input angle :255
Zaxis angle :0 
minval :0 

minval :0 



1 29 -29 0 0 -29 29 3 -6 29 -28 -7 8 -28 27 10 
-26 11 -34 -19 -81 -3 19 -6 21 -7 13 -25 -16 -13 -18 23 
-4 -28 26 -30 22 -78 1 20 0 23 21 20 16 -12 -17 -23 
28 4 21 33 69 43 -20 -3 -22 -4 -24 15 7 19 27 -10 
-9 27 -37 14 -59 55 9 -18 10 -20 -8 -27 -20 1 4 29 
-23 -16 -3 -40 -38 -72 -118 48 120 7 
RSSI :-110 
Input angle :252
Zaxis angle :14 
minval :0 

minval :0 



16 22 -23 15 -13 -24 25 -12 11 25 -26 9 -8 -27 26 -7 
-18 25 -36 4 -71 45 15 -18 11 -15 -3 -31 -19 0 -1 28 
-19 -25 4 -37 -26 -80 12 20 11 15 31 3 3 -19 -26 -8 
29 -12 33 15 84 -5 -22 7 -17 7 -11 28 17 8 14 -24 
5 31 -22 29 -15 83 0 -24 -1 -19 -24 -18 -12 14 18 20 
-31 -4 -22 -29 -76 -36 -103 112 33 1 
RSSI :-110 
Input angle :257
Zaxis angle :0 
minval :0 

minval :0 



1 -28 28 3 -5 27 -27 -6 8 -27 26 9 -11 26 -25 -12 
30 -9 32 14 81 -3 -24 3 -19 3 -9 27 13 10 18 -21 
2 31 -21 27 -18 79 4 -23 2 -19 -23 -17 -12 10 16 23 
-30 -7 -20 -28 -71 -38 22 10 18 7 22 -17 -5 -15 -27 8 
15 -27 32 -12 54 -60 -15 18 -12 16 11 26 16 -1 0 -28 
23 21 2 35 43 68 -105 -49 0 -8 
RSSI :-110 
Input angle :252
Zaxis angle :0 
minval :0 

minval :0 



12 30 -30 11 -10 -30 31 -8 6 31 -32 3 -2 -32 32 0 
-24 24 -36 -2 -72 39 23 -16 16 -13 -4 -28 -18 -5 -8 31 
-17 -29 10 -35 -18 -80 9 27 7 19 28 4 10 -16 -28 -15 
32 -10 30 19 82 3 -28 1 -20 4 -11 26 12 14 22 -23 
0 34 -27 24 -26 77 4 -28 1 -20 -22 -18 -17 8 15 28 
-33 -8 -15 -33 -69 -45 -101 -112 -127 3 
RSSI :-110 
Input angle :257
Zaxis angle :20 
minval :0 

minval :0 



8 32 -32 6 -5 -32 33 -3 2 33 -33 0 2 -33 32 4 
-26 22 -38 -10 -80 17 22 -16 17 -9 4 -29 -20 -6 -12 30 
-15 -30 18 -35 3 -82 9 25 4 20 26 12 11 -18 -27 -19 
33 -6 29 26 79 21 -27 2 -20 -1 -17 23 14 14 26 -19 
-1 34 -33 21 -41 70 3 -27 6 -19 -17 -23 -18 10 11 31 
-32 -11 -11 -37 -58 -58 -119 0 126 5 
RSSI :-110 
Input angle :288
Zaxis angle :29 
minval :0 

minval :0 



8 -32 32 9 -11 30 -29 -14 15 -29 28 16 -18 27 -26 -20 
30 -3 28 27 78 31 -25 1 -19 0 -19 22 11 14 27 -19 
-5 30 -34 20 -50 68 5 -25 5 -18 -15 -24 -17 7 12 31 
-27 -13 -10 -38 -52 -65 21 12 17 9 28 -8 -2 -18 -32 2 
21 -23 39 2 77 -33 -16 18 -11 14 0 29 18 2 5 -33 
16 25 -11 37 9 84 -78 -113 119 -9 
RSSI :-110 
Input angle :257
Zaxis angle :14 
minval :0 

minval :0 



-7 31 -31 -9 10 -29 30 12 -15 28 -26 -16 18 -26 25 18 
-26 3 -31 -24 -79 -19 23 -1 17 -2 19 -20 -13 -13 -25 18 
4 -26 31 -24 42 -70 -4 22 -2 17 15 24 16 -9 -12 -30 
24 12 15 35 57 57 -20 -10 -17 -8 -27 8 5 17 32 -4 
-16 21 -38 6 -71 41 14 -18 13 -14 -1 -28 -18 0 -5 32 
-15 -22 4 -39 -21 -78 87 32 -74 6 
RSSI :-110 
Input angle :257
Zaxis angle :0 
minval :0 

minval :0 



15 -29 28 17 -19 27 -26 -20 22 -25 24 22 -23 23 -21 -25 
26 6 24 31 69 36 -25 -2 -18 -3 -22 19 10 14 30 -13 
-12 24 -35 16 -52 58 9 -23 9 -15 -13 -26 -16 5 6 32 
-21 -17 -6 -38 -42 -65 20 15 13 12 29 -5 -1 -17 -33 -4 
23 -14 39 4 75 -22 -20 15 -15 10 -2 29 17 3 13 -30 
8 26 -14 36 6 77 -45 -49 66 -9 
RSSI :-110 
Input angle :257
Zaxis angle :0 
minval :0 

minval :0 



20 -26 24 22 -23 24 -22 -24 25 -21 19 27 -28 17 -15 -29 
26 14 15 37 54 59 -21 -7 -16 -5 -29 11 7 15 33 -7 
-19 22 -40 4 -72 37 12 -18 9 -14 -4 -31 -17 3 -2 33 
-16 -25 4 -40 -19 -78 15 15 12 12 31 5 1 -18 -32 -10 
28 -10 38 13 80 4 -20 10 -15 8 -11 29 16 5 18 -28 
1 29 -24 32 -24 77 -40 -81 -116 -9 
RSSI :-110 
Input angle :257
Zaxis angle :14 
minval :0 

minval :0 



-31 0 0 -30 31 2 -4 31 -30 -6 8 -30 29 11 -12 28 
-6 -28 16 -33 6 -83 5 20 2 14 30 11 5 -14 -24 -19 
29 0 28 24 78 29 -21 0 -15 0 -17 26 12 8 24 -19 
-8 28 -29 23 -47 68 5 -20 4 -14 -21 -24 -11 9 13 28 
-25 -15 -13 -35 -53 -64 18 10 12 8 29 -13 -5 -13 -30 4 
20 -21 37 -4 75 -36 -89 -97 61 5 
RSSI :-110 
Input angle :257
Zaxis angle :0 
minval :0 

minval :0 



27 12 -14 26 -26 -15 16 -25 23 18 -19 23 -21 -21 22 -20 
-3 28 -28 24 -42 72 3 -21 4 -16 -22 -22 -11 11 14 27 
-26 -11 -16 -34 -57 -61 19 9 14 9 26 -17 -7 -14 -29 6 
17 -22 37 -5 72 -43 -13 17 -11 12 9 30 15 -3 2 -30 
17 22 -3 38 22 81 -12 -18 -8 -15 -31 0 0 16 28 9 
-27 10 -35 -12 -84 0 -124 0 -57 -3 
RSSI :-110 
Input angle :257
Zaxis angle :0 
minval :0 

minval :0 



-25 -19 20 -24 23 21 -22 22 -21 -23 24 -20 18 26 -26 16 
8 -29 34 -19 53 -63 -5 21 -7 17 17 26 15 -8 -8 -30 
25 17 8 38 44 69 -19 -12 -14 -11 -29 11 4 17 31 0 
-22 20 -39 -1 -78 26 16 -15 14 -11 -1 -31 -17 0 -7 30 
-13 -27 12 -37 -8 -82 10 19 6 16 31 4 5 -17 -27 -15 
30 -6 33 20 82 9 111 -65 -105 1 
RSSI :-110 
Input angle :257
Zaxis angle :0 
minval :0 

minval :0 



14 -28 28 16 -18 26 -25 -19 21 -24 23 22 -23 22 -21 -24 
32 5 22 28 66 40 -23 -1 -16 -3 -22 22 7 13 30 -12 
-14 29 -33 14 -55 54 7 -22 7 -15 -15 -27 -14 4 5 32 
-25 -20 -6 -36 -38 -66 18 13 13 10 30 -8 0 -15 -32 -1 
26 -19 36 2 74 -21 -17 15 -14 10 0 31 14 3 10 -30 
12 30 -13 34 0 77 -42 79 -60 -9 
RSSI :-110 
Input angle :255
Zaxis angle :0 
minval :0 

minval :0 



-1 31 -31 -3 4 -31 31 6 -8 31 -30 -10 12 -29 28 14 
-32 6 -28 -18 -74 -12 21 -5 14 0 12 -25 -7 -13 -20 24 
0 -32 24 -23 31 -69 0 22 -3 14 21 19 14 -3 -18 -26 
31 9 16 29 58 47 -21 -6 -13 -6 -23 15 0 15 30 -10 
-17 27 -33 8 -60 45 11 -19 10 -10 -8 -27 -14 -4 2 31 
-22 -24 2 -33 -26 -70 58 48 110 6 
RSSI :-110 
Input angle :252
Zaxis angle :14 
minval :0 

minval :0 



25 -19 19 25 -26 18 -15 -27 28 -14 13 29 -29 11 -8 -30 
23 20 2 37 40 65 -16 -15 -5 -13 -25 0 -11 17 31 0 
-26 16 -36 -7 -74 20 19 -12 14 -2 5 -25 -13 -15 -9 30 
-8 -30 16 -33 -4 -77 6 21 -1 14 22 13 18 -8 -26 -16 
31 0 26 25 74 21 -23 0 -13 -5 -19 17 4 20 22 -22 
-7 30 -30 20 -38 66 70 -80 47 -6 
RSSI :-110 
Input angle :252
Zaxis angle :0 
minval :0 

minval :0 



-29 13 -12 -30 30 -10 7 31 -31 6 -5 -32 32 -4 2 32 
-15 -25 5 -38 -31 -73 13 19 1 15 27 8 11 -16 -31 -7 
29 -8 35 15 79 -8 -22 8 -15 -2 -15 24 14 14 15 -28 
0 30 -23 30 -11 78 -2 -23 6 -14 -18 -22 -18 9 23 22 
-29 -6 -22 -31 -73 -32 23 4 11 10 26 -12 -3 -19 -27 17 
15 -26 36 -13 52 -60 -98 -81 68 4 
RSSI :-110 
Input angle :86
Zaxis angle :0 
minval :0 

minval :0 



-35 15 -14 -35 36 -12 9 37 -37 7 -5 -38 38 -3 2 38 
-18 -21 4 -43 -35 -76 19 19 10 16 25 0 3 -18 -37 -8 
26 -12 40 15 82 -15 -23 14 -18 5 -6 24 17 8 18 -33 
5 28 -25 34 -6 83 -8 -26 0 -19 -22 -12 -12 14 28 26 
-28 -2 -27 -33 -78 -29 27 0 18 4 17 -18 -10 -15 -32 20 
9 -27 39 -17 49 -67 -71 -97 85 8 
RSSI :-110 
Input angle :257
Zaxis angle :14 
minval :0 

minval :0 



38 0 -1 38 -38 -3 6 -38 37 8 -12 36 -35 -14 16 -34 
4 26 -22 35 -5 83 -3 -27 -7 -17 -18 -14 -11 17 28 26 
-26 -3 -28 -30 -78 -26 27 3 18 -2 18 -14 -13 -15 -31 22 
8 -25 37 -19 46 -68 -9 25 -1 18 9 21 19 -8 -12 -36 
22 15 9 40 52 64 -22 -16 -17 -7 -23 2 3 20 38 -3 
-19 18 -41 -2 -74 37 82 112 105 -8 
RSSI :-110 
Input angle :257
Zaxis angle :0 
minval :0 

minval :0 



-37 1 1 -37 37 3 -5 37 -36 -8 10 -35 35 12 -14 34 
-5 -26 16 -38 3 -75 4 22 3 15 19 12 13 -12 -29 -23 
26 1 31 26 72 23 -22 0 -16 0 -17 14 8 16 30 -22 
-8 25 -34 23 -41 63 8 -21 4 -15 -9 -21 -18 3 14 34 
-22 -14 -14 -39 -50 -56 19 12 13 8 22 -4 0 -18 -37 4 
19 -18 41 -3 67 -34 -95 15 -111 5 
RSSI :-110 
Input angle :252
Zaxis angle :0 
minval :0 

minval :0 



-31 -10 12 -31 30 14 -16 29 -28 -18 19 -27 25 21 -22 24 
3 -30 36 -20 42 -61 -4 24 -6 14 13 21 19 -7 -17 -28 
28 11 13 39 49 55 -22 -11 -11 -10 -23 7 4 20 32 -8 
-18 24 -41 0 -67 31 17 -18 12 -8 0 -25 -20 -1 1 33 
-19 -24 7 -41 -12 -73 14 20 5 14 23 5 7 -19 -32 -7 
27 -12 36 20 74 4 -125 -49 -80 0 
RSSI :-110 
Input angle :252
Zaxis angle :0 
minval :0 

minval :0 



34 1 -3 33 -33 -5 7 -33 33 8 -9 32 -32 -11 13 -31 
0 33 -14 31 -12 75 1 -22 0 -14 -26 -7 -12 8 26 21 
-31 -10 -27 -21 -69 -32 22 6 13 4 14 -22 -4 -14 -28 18 
19 -27 28 -20 48 -59 -11 19 -7 12 18 19 15 0 -10 -32 
21 25 11 32 45 61 -15 -17 -10 -10 -24 13 -3 14 34 -2 
-30 14 -34 3 -71 26 98 112 105 -4 
RSSI :-110 
Input angle :257
Zaxis angle :0 
minval :0 

minval :0 



9 31 -31 6 -5 -32 32 -3 2 32 -32 0 1 -32 32 2 
-29 12 -32 -5 -69 7 16 -8 21 -5 0 -23 -13 -10 -10 30 
-5 -31 12 -30 9 -69 4 17 0 21 23 6 13 -10 -26 -18 
32 2 25 21 64 28 -18 0 -21 -5 -12 20 6 16 25 -19 
-10 30 -27 18 -42 55 5 -17 11 -18 -16 -17 -17 2 13 29 
-26 -19 -11 -30 -41 -55 126 -16 -114 7 
RSSI :-110 
Input angle :248
Zaxis angle :29 
minval :0 

minval :0 



-6 -26 26 -4 2 26 -26 0 0 -26 26 2 -3 26 -26 -4 
28 -1 31 12 85 -7 -20 8 -3 8 -6 28 17 1 11 -24 
-5 28 -19 27 -16 83 -2 -21 -7 -5 -25 -13 -6 16 20 17 
-25 -13 -20 -26 -76 -36 21 3 7 -5 19 -21 -14 -10 -22 15 
18 -21 31 -13 55 -64 -9 19 3 8 15 24 13 -11 -8 -25 
15 24 5 33 45 72 -74 95 -115 0 
RSSI :-110 
Input angle :263
Zaxis angle :14 
minval :0 

minval :0 



-33 20 -18 -35 36 -15 13 37 -38 11 -9 -38 38 -8 6 38 
-16 -26 -1 -34 -25 -80 8 18 12 11 26 3 10 -20 -39 -3 
29 -9 33 7 84 -3 -19 4 -15 8 -10 24 15 15 16 -35 
1 31 -18 29 -20 81 1 -20 -4 -16 -20 -16 -19 11 31 23 
-30 -5 -25 -23 -75 -38 19 6 17 0 20 -16 -6 -21 -30 25 
14 -27 29 -18 57 -61 -35 47 -125 8 
RSSI :-110 
Input angle :257
Zaxis angle :0 
minval :0 

minval :0 



29 3 -4 29 -29 -5 8 -28 27 10 -12 27 -27 -13 14 -26 
-1 34 -18 24 -11 81 3 -22 3 -2 -20 -19 -12 0 21 21 
-32 -10 -19 -23 -74 -34 20 10 2 3 23 -15 3 -12 -25 14 
18 -29 28 -11 51 -64 -14 17 -4 0 9 26 10 6 -7 -28 
22 26 5 30 48 66 -12 -18 0 -4 -28 0 -9 8 30 0 
-30 16 -30 -3 -76 29 31 -64 -89 0 
RSSI :-110 
Input angle :252
Zaxis angle :0 
minval :0 

minval :0 



-28 7 -6 -28 28 -4 3 29 -29 1 1 -29 29 2 -4 28 
0 -26 12 -33 -3 -83 4 19 7 -4 16 22 11 -18 -26 -11 
25 6 28 21 80 22 -19 -1 2 8 -24 11 15 15 18 -22 
-13 22 -27 22 -42 72 5 -19 -8 0 -3 -27 -19 9 17 24 
-18 -19 -15 -32 -59 -59 16 10 1 -8 26 4 -4 -21 -27 9 
22 -13 35 -5 72 -42 64 -32 -15 1 
RSSI :-110 
Input angle :269
Zaxis angle :32 
minval :0 

minval :0 



25 20 -21 24 -23 -23 25 -21 19 26 -27 17 -16 -28 28 -15 
-16 17 -32 0 -72 44 22 -19 6 -14 2 -25 -31 -4 7 31 
-12 -20 7 -31 -26 -80 12 26 13 9 24 7 11 -29 -32 0 
23 -6 28 16 84 -4 -28 6 -12 10 -14 21 24 19 10 -31 
1 24 -22 23 -16 83 0 -29 -6 -14 -17 -18 -24 19 28 17 
-23 -5 -17 -27 -76 -36 125 112 -105 -2 
RSSI :-110 
Input angle :257
Zaxis angle :0 
minval :0 

minval :0 



20 22 -22 19 -18 -24 24 -16 15 26 -27 13 -12 -27 27 -11 
-17 17 -24 11 -58 31 17 -6 9 -5 0 -14 -12 -9 2 30 
-12 -21 -4 -27 -12 -64 1 18 3 10 14 2 12 -9 -29 -5 
24 -6 27 2 66 0 -18 -2 -11 0 -6 13 6 14 12 -27 
0 25 -9 25 -17 63 7 -16 1 -10 -11 -8 -15 2 23 18 
-24 -6 -23 -14 -57 -31 78 0 90 2 
RSSI :-110 
Input angle :252
Zaxis angle :0 
minval :0 

minval :0 



2 -36 36 5 -6 36 -35 -8 10 -35 33 13 -15 32 -31 -17 
25 0 30 21 72 21 -23 -2 -13 -2 -11 13 2 23 25 -26 
-6 24 -28 24 -37 65 9 -21 6 -12 -10 -14 -23 -4 19 31 
-22 -11 -14 -33 -51 -55 18 14 10 9 17 -6 10 -21 -35 8 
17 -18 36 -6 65 -37 -19 14 -11 7 1 18 18 14 0 -36 
14 21 -2 36 20 72 -43 -33 -116 -7 
RSSI :-110 
Input angle :252
Zaxis angle :14 
minval :0 

minval :0 



17 -22 21 19 -20 19 -18 -21 22 -17 17 22 -23 16 -14 -24 
15 14 7 24 37 58 -7 -15 -7 -3 -14 -2 -10 20 27 -5 
-17 11 -25 1 -67 17 17 -3 4 -6 6 -13 -17 -14 -1 28 
-6 -20 5 -24 -5 -69 0 17 4 6 11 9 18 -13 -27 -7 
21 -1 23 10 68 13 -16 -5 -7 2 -12 9 7 21 14 -24 
-3 20 -16 19 -29 63 -9 47 -13 -5 
RSSI :-110 
Input angle :257
Zaxis angle :0 
minval :0 

minval :0 



-23 -16 18 -22 20 19 -20 19 -18 -22 22 -17 15 23 -24 14 
17 -10 32 -6 57 -51 -13 16 0 4 -1 26 22 1 -7 -27 
6 19 0 32 37 67 -11 -17 -4 -1 -25 -8 -7 21 28 0 
-20 0 -31 -9 -74 17 20 -6 2 -3 14 -22 -18 -12 -6 27 
5 -19 17 -27 1 -76 0 21 2 3 16 20 16 -14 -24 -15 
17 9 23 23 73 22 -36 95 -36 0 
RSSI :-110 
Input angle :255
Zaxis angle :0 
minval :0 

minval :0 



30 -2 0 30 -30 0 1 -30 30 3 -5 30 -29 -7 8 -29 
4 25 -12 33 -6 65 1 -15 2 -21 -17 -7 -20 5 26 16 
-26 -1 -30 -18 -62 -21 14 5 20 7 11 -15 0 -21 -22 20 
8 -25 26 -24 39 -52 -9 12 -12 17 11 15 20 5 -13 -27 
22 14 14 32 42 49 -9 -12 -13 -16 -18 6 -11 17 30 -6 
-19 17 -35 7 -59 28 -101 112 102 -5 
RSSI :-110 
Input angle :252
Zaxis angle :0 
minval :0 

minval :0 



-3 -29 29 0 0 28 -29 -1 2 -29 28 5 -6 29 -28 -9 
17 -1 28 18 69 22 -14 -2 -13 6 -14 7 15 20 15 -24 
-3 17 -24 22 -38 62 6 -13 -4 -14 -4 -17 -23 9 20 21 
-16 -7 -14 -29 -48 -55 12 10 14 0 15 0 -3 -25 -26 12 
10 -13 31 -6 64 -34 -11 8 -3 13 -5 16 25 2 -7 -28 
10 13 -1 33 18 71 -97 15 15 -4 
RSSI :-110 
Input angle :257
Zaxis angle :0 
minval :0 

minval :0 



-42 21 -19 -44 44 -18 16 45 -46 13 -10 -46 47 -5 2 47 
-9 -45 -3 -58 -54 -110 -5 33 -11 27 45 -3 10 -18 -46 -10 
47 3 57 10 121 -25 -31 -12 -23 -17 -7 45 14 15 22 -42 
-14 44 -24 53 -3 124 20 -26 24 -17 -40 -19 -18 10 36 30 
-40 -25 -46 -35 -118 -36 19 26 12 27 30 -33 -4 -20 -39 26 
35 -30 48 -32 68 -103 -120 -1 -3 0 
RSSI :-110 
Input angle :268
Zaxis angle :0 
minval :0 

minval :0 



24 11 -12 23 -22 -14 15 -21 21 16 -17 19 -18 -19 19 -17 
-8 20 -31 10 -49 46 10 -12 4 -10 3 -17 -20 -3 11 24 
-17 -13 -1 -32 -30 -60 9 13 8 6 15 7 8 -18 -26 4 
17 -14 32 4 65 -16 -15 5 -8 6 -11 13 16 12 1 -26 
9 20 -13 30 -2 67 -2 -16 -4 -10 -9 -14 -15 12 25 8 
-22 3 -25 -20 -64 -19 89 -64 54 -1 
RSSI :-110 
Input angle :254
Zaxis angle :0 
minval :0 

minval :0 



48 -39 37 49 -51 34 -30 -54 55 -27 23 57 -58 19 -17 -59 
38 43 3 58 59 107 -27 -32 -13 -32 -25 6 -18 20 61 -1 
-51 26 -57 -11 -119 30 40 -16 34 -3 1 -26 -13 -23 -17 59 
-7 -58 25 -52 3 -122 5 43 -6 34 24 7 26 -7 -53 -31 
58 5 43 39 118 29 -42 -4 -31 -15 -13 22 0 27 44 -43 
-19 55 -48 32 -62 105 89 -48 82 -7 
RSSI :-110 
Input angle :252
Zaxis angle :0 
minval :0 

minval :0 



-25 -5 5 -25 25 7 -9 24 -23 -11 12 -22 22 14 -14 21 
0 -18 24 -23 24 -65 -5 10 -7 3 12 20 7 1 -16 -20 
17 5 16 28 56 40 -8 -8 0 -8 -22 7 -3 6 23 -10 
-9 15 -32 7 -55 42 9 -6 8 1 -1 -23 -5 -4 4 25 
-13 -12 0 -33 -28 -63 3 11 -3 7 23 5 6 -3 -26 -2 
16 -9 32 9 69 -8 -52 -113 78 -3 
RSSI :-110 
Input angle :252
Zaxis angle :0 
minval :0 

minval :0 



25 56 -57 22 -18 -59 60 -13 10 61 -61 6 -1 -61 61 2 
-27 20 -67 -32 -118 5 23 -18 24 5 20 -32 -25 -28 -19 58 
-13 -31 49 -55 31 -113 10 28 -11 23 26 27 34 -15 -52 -32 
34 -5 43 60 104 56 -29 3 -18 -17 -33 18 7 37 44 -42 
-4 34 -68 27 -78 89 3 -29 20 -14 -9 -36 -38 -1 30 54 
-31 -13 -4 -74 -63 -99 33 -32 -35 5 
RSSI :-110 
Input angle :250
Zaxis angle :14 
minval :0 

minval :0 



-24 -15 15 -23 22 17 -18 21 -19 -19 21 -18 17 22 -22 16 
9 -14 31 -19 45 -47 -11 9 -11 5 5 16 11 2 -9 -26 
11 12 10 34 31 57 -6 -12 -3 -13 -17 1 -5 10 28 -2 
-16 8 -36 1 -63 16 13 -3 13 0 2 -17 -8 -8 -4 28 
-3 -17 8 -35 1 -66 0 13 -3 11 16 7 10 -6 -26 -11 
17 0 32 17 63 18 -95 127 11 -3 
RSSI :-110 
Input angle :252
Zaxis angle :0 
minval :0 

minval :0 



8 32 -32 6 -3 -32 33 -1 0 33 -33 -2 3 -32 32 5 
-24 4 -38 -11 -70 -2 16 -3 15 1 7 -18 -10 -10 -13 30 
1 -24 17 -35 18 -67 0 16 -7 14 16 12 13 -7 -25 -20 
23 7 28 28 59 36 -17 -4 -12 -11 -15 11 2 14 26 -18 
-13 20 -33 21 -51 48 9 -15 12 -11 -7 -18 -14 0 11 30 
-17 -17 -11 -38 -33 -60 59 -64 73 8 
RSSI :-110 
Input angle :252
Zaxis angle :0 
minval :0 

minval :0 



70 15 -18 69 -67 -21 27 -64 64 30 -33 61 -60 -37 39 -58 
-17 48 -50 49 -69 104 6 -28 14 -30 -22 -32 -36 12 44 54 
-42 -30 -35 -63 -85 -92 26 14 26 22 37 -12 -3 -37 -64 27 
38 -33 68 -20 112 -57 -20 22 -24 19 4 39 38 6 -8 -69 
20 46 -1 72 23 123 -15 -23 -9 -31 -39 -6 -18 34 69 7 
-49 8 -68 -17 0 -3 -123 80 -35 -1 
RSSI :-110 
Input angle :252
Zaxis angle :0 
minval :0 

minval :0 



4 -29 28 5 -7 28 -28 -8 10 -27 26 12 -14 25 -25 -15 
21 4 23 22 59 30 -10 -7 -11 -4 -15 9 2 17 21 -19 
-11 18 -27 16 -47 47 10 -8 8 -9 -5 -16 -17 -2 14 25 
-15 -15 -9 -31 -33 -58 5 12 7 10 17 0 7 -16 -29 5 
19 -10 32 0 64 -17 -13 2 -11 4 -3 17 14 11 1 -29 
5 21 -7 31 2 67 -17 -97 -57 -7 
RSSI :-110 
Input angle :252
Zaxis angle :0 
minval :0 

minval :0 



-25 49 -47 -27 30 -46 43 34 -37 41 -39 -39 41 -36 33 43 
-27 -21 -23 -63 -84 -97 7 21 17 21 38 -11 9 -26 -51 21 
28 -21 68 -4 117 -52 -21 2 -25 11 1 40 23 15 -5 -55 
14 32 -11 66 22 125 3 -22 -4 -27 -39 -7 -20 18 55 3 
-35 3 -62 -27 -127 -9 20 8 28 2 17 -36 -12 -24 -20 51 
4 -35 43 -52 41 -121 -35 -97 -78 6 
RSSI :-110 
Input angle :257
Zaxis angle :0 
minval :0 

minval :0 



0 -28 28 0 -2 28 -28 -3 5 -28 28 7 -8 27 -26 -10 
21 0 32 21 66 17 -10 -2 -13 0 -10 15 4 9 16 -23 
-4 20 -28 25 -35 58 5 -9 3 -13 -12 -14 -10 1 17 22 
-18 -10 -16 -34 -48 -48 7 7 11 7 16 -8 0 -10 -26 11 
14 -15 37 -8 60 -34 -9 5 -9 9 3 17 9 3 -4 -28 
11 17 -3 37 18 65 -49 15 17 -6 
RSSI :-110 
Input angle :258
Zaxis angle :0 
minval :0 

minval :0 



-25 17 -15 -26 26 -14 12 28 -28 10 -9 -29 29 -8 7 29 
-11 -17 -3 -39 -22 -61 9 14 6 14 23 -1 7 -13 -30 -1 
20 -6 38 8 65 -4 -16 5 -15 1 -4 22 10 11 10 -28 
0 21 -18 34 -12 64 -1 -16 2 -15 -21 -8 -13 8 25 17 
-20 -4 -30 -24 -59 -26 16 3 14 6 14 -18 -4 -15 -22 20 
9 -19 31 -22 41 -49 -78 111 53 6 
RSSI :-110 
Input angle :245
Zaxis angle :14 
minval :0 

minval :0 



6 26 -27 5 -3 -27 27 -2 0 27 -27 -1 3 -27 27 3 
-20 5 -38 -8 -67 4 15 -1 15 -3 5 -19 -10 -11 -10 25 
0 -20 17 -34 11 -66 -2 15 0 15 17 10 14 -7 -21 -17 
20 5 28 27 61 28 -13 -6 -14 -4 -14 14 3 15 22 -15 
-10 18 -33 20 -42 52 10 -11 8 -13 -11 -17 -15 0 9 25 
-15 -14 -11 -37 -37 -56 84 64 121 5 
RSSI :-110 
Input angle :252
Zaxis angle :0 
minval :0 

minval :0 



-28 0 1 -28 27 2 -3 27 -27 -5 7 -26 26 9 -10 25 
0 -24 18 -30 22 -61 0 16 -10 15 16 13 15 -5 -22 -16 
23 6 24 26 54 36 -16 -2 -12 -14 -17 13 1 16 22 -17 
-11 21 -31 16 -48 44 7 -14 16 -8 -8 -20 -16 -2 10 25 
-17 -16 -8 -34 -30 -58 12 10 4 18 21 -3 6 -14 -27 4 
20 -12 35 0 64 -13 107 95 -44 -1 
RSSI :-110 
Input angle :252
Zaxis angle :0 
minval :0 

minval :0 



6 42 -42 4 -1 -42 43 0 -3 42 -42 -3 5 -42 42 7 
-42 0 -46 -42 -122 -35 31 15 22 17 25 -29 -7 -44 -20 37 
11 -40 51 -35 63 -110 -23 26 -23 17 20 32 44 5 -29 -30 
36 21 19 59 85 95 -19 -29 -11 -26 -36 12 -15 41 36 -22 
-30 29 -62 2 -110 65 33 -12 28 -4 -1 -38 -36 -27 9 41 
-20 -37 14 -60 -30 -123 -16 47 10 7 
RSSI :-110 
Input angle :252
Zaxis angle :0 
minval :0 

minval :0 



15 -21 20 16 -18 18 -18 -19 19 -17 15 21 -22 13 -12 -23 
17 12 7 30 30 57 -7 -11 -3 -13 -21 1 -10 14 25 -6 
-17 12 -30 0 -63 15 13 -4 14 0 3 -20 -11 -13 0 26 
-9 -19 7 -29 2 -65 0 13 -3 13 18 9 15 -7 -25 -7 
20 -3 27 14 63 16 -13 -3 -12 -7 -13 15 3 17 13 -22 
-2 21 -21 22 -34 55 78 48 -2 -6 
RSSI :-110 
Input angle :252
Zaxis angle :0 
minval :0 

minval :0 



-14 19 -19 -14 15 -19 17 17 -18 16 -15 -17 19 -14 13 20 
-19 -12 -8 -30 -33 -55 5 9 1 12 21 1 13 -15 -23 7 
17 -16 31 0 62 -18 -10 2 -11 -1 -5 20 12 16 -2 -24 
12 20 -7 30 4 65 0 -11 4 -11 -18 -11 -18 7 24 3 
-22 6 -27 -16 -63 -14 11 3 9 7 15 -14 -2 -20 -10 22 
0 -23 21 -23 26 -59 -76 95 -58 3 
RSSI :-110 
Input angle :252
Zaxis angle :0 
minval :0 

minval :0 



19 17 -18 18 -17 -19 19 -16 14 21 -22 13 -12 -22 23 -11 
-14 19 -33 7 -55 36 14 -10 12 -5 1 -21 -19 -9 3 25 
-15 -19 3 -34 -18 -64 6 16 1 13 20 7 15 -15 -25 -2 
22 -8 32 10 67 -2 -18 1 -13 -1 -11 18 10 18 9 -24 
3 23 -18 28 -17 64 3 -17 4 -12 -13 -16 -20 4 20 15 
-24 -3 -22 -25 -59 -30 82 80 36 4 
RSSI :-110 
Input angle :252
Zaxis angle :0 
minval :0 

minval :0 



-15 -58 58 -14 10 59 -60 6 0 -60 60 1 -5 59 -59 -7 
38 -15 59 23 119 11 -25 -3 -24 -11 -22 29 7 39 22 -56 
6 40 -36 52 -47 110 10 -24 16 -21 -23 -29 -39 0 48 35 
-40 -5 -43 -47 -99 -69 20 16 16 21 34 -14 13 -37 -47 36 
14 -38 57 -29 92 -76 -20 13 -25 10 5 34 33 21 -22 -58 
31 25 6 65 49 109 -17 -49 -34 -8 
RSSI :-110 
Input angle :252
Zaxis angle :0 
minval :0 

minval :0 



-29 59 -57 -33 37 -54 51 40 -44 49 -48 -45 47 -46 43 49 
-39 -25 -37 -59 -82 -88 24 23 20 20 39 -9 3 -43 -60 26 
33 -32 66 -21 105 -57 -29 17 -25 15 -1 39 40 15 -10 -65 
22 41 4 70 22 117 -9 -33 -6 -28 -37 -13 -25 34 65 9 
-45 10 -67 -17 -119 -11 33 0 29 0 22 -33 -27 -32 -25 61 
0 -46 33 -61 44 -111 -35 95 -8 6 
RSSI :-110 
Input angle :252
Zaxis angle :0 
minval :0 

minval :0 



-39 -33 36 -37 35 38 -40 33 -31 -41 43 -29 27 44 -45 25 
32 -33 57 -23 97 -78 -35 14 -30 3 13 38 32 20 -9 -51 
24 40 5 62 50 113 -4 -37 5 -30 -40 2 -28 25 51 5 
-45 12 -62 -8 -123 17 37 4 27 13 7 -39 -17 -33 -18 48 
0 -46 23 -58 17 -123 -14 35 -19 23 37 16 36 -8 -43 -28 
45 12 49 38 115 47 -71 -17 -67 -7 
RSSI :-110 
Input angle :46
Zaxis angle :0 
minval :0 

minval :0 



11 55 -55 9 -7 -55 55 -5 1 56 -56 -2 5 -56 54 6 
-40 15 -61 -16 -121 7 32 1 24 11 18 -35 -23 -36 -23 50 
-3 -43 31 -55 25 -119 -10 31 -18 21 30 25 40 -12 -42 -35 
42 7 45 43 109 52 -27 -17 -15 -22 -34 21 1 43 45 -32 
-20 38 -54 32 -79 92 23 -22 25 -9 -13 -38 -42 -8 21 51 
-33 -28 -18 -61 -69 -99 14 80 -69 6 
RSSI :-110 
Input angle :257
Zaxis angle :0 
minval :0 

minval :0 



69 -16 14 69 -70 11 -6 -70 70 0 -4 71 -70 -6 8 -69 
19 45 -26 60 -7 122 2 -44 16 -33 -30 -17 -45 12 65 26 
-49 6 -50 -41 -116 -38 41 13 28 23 24 -25 -1 -46 -46 52 
6 -49 53 -38 69 -100 -23 37 -30 20 18 29 45 11 -42 -56 
45 18 24 61 83 89 -30 -31 -12 -34 -33 9 -21 41 65 -25 
-30 39 -65 9 -108 56 -111 -112 103 -1 
RSSI :-110 
Input angle :252
Zaxis angle :0 
minval :0 

minval :0 



14 22 -22 13 -12 -23 24 -10 8 25 -25 6 -5 -25 25 -4 
-15 1 -34 -1 -62 22 17 1 13 9 -2 -28 -8 -7 -3 26 
2 -15 10 -32 -5 -66 -5 16 -13 10 27 5 9 -6 -24 -9 
13 6 28 19 65 14 -13 -9 -6 -15 -13 24 3 11 15 -21 
-9 11 -25 22 -28 60 12 -11 16 -2 -21 -17 -11 1 15 21 
-9 -12 -14 -30 -51 -42 -13 111 84 8 
RSSI :-110 
Input angle :268
Zaxis angle :0 
minval :0 

minval :0 



19 -16 14 20 -21 13 -12 -22 22 -11 10 23 -23 9 -7 -23 
4 12 0 35 26 69 -1 -14 6 -5 -28 0 -1 13 25 0 
-13 0 -34 -10 -73 7 14 2 3 7 8 -28 -13 -5 -6 24 
2 -13 18 -30 13 -72 -6 13 -8 1 25 14 8 -11 -21 -13 
12 5 25 25 65 33 -11 -9 0 -8 -21 19 8 11 18 -17 
-8 10 -31 16 -47 56 63 48 -66 1 
RSSI :-110 
Input angle :257
Zaxis angle :14 
minval :0 

minval :0 



-24 -9 10 -23 22 12 -13 22 -21 -15 16 -20 19 17 -17 18 
6 -11 33 -14 59 -50 -10 7 -2 0 6 27 18 -6 -12 -22 
9 9 6 36 32 70 -4 -12 0 -1 -28 0 1 19 25 -6 
-11 7 -36 -4 -76 12 13 0 1 1 8 -26 -19 -3 0 25 
-3 -12 13 -33 5 -77 0 12 -2 1 25 13 8 -17 -24 -7 
13 0 29 21 72 24 -1 -81 15 -1 
RSSI :-110 
Input angle :257
Zaxis angle :14 
minval :0 

minval :0 



26 5 -7 26 -26 -8 10 -25 24 11 -13 24 -23 -14 15 -22 
-2 14 -32 18 -55 52 8 -11 1 -3 -7 -25 -22 6 17 21 
-13 -6 -9 -35 -36 -66 8 11 2 1 26 0 0 -23 -25 10 
9 -11 37 0 73 -21 -13 5 -2 2 -6 25 22 5 -4 -27 
8 12 -10 35 -1 76 -1 -14 -1 -3 -23 -12 -11 20 27 3 
-14 5 -31 -19 -72 -23 26 0 -93 -1 
RSSI :-110 
Input angle :253
Zaxis angle :0 
minval :0 

minval :0 



-19 23 -22 -20 21 -21 20 22 -24 19 -17 -25 26 -15 13 26 
-16 -8 0 -36 -16 -71 6 13 6 6 22 6 10 -23 -29 6 
12 -13 34 12 73 3 -14 2 -8 4 -11 20 19 16 2 -30 
9 16 -18 31 -23 69 0 -14 -2 -8 -17 -16 -20 15 28 9 
-17 5 -25 -25 -61 -39 13 4 9 0 20 -12 -8 -23 -16 26 
0 -18 31 -18 55 -48 -19 47 93 4 
RSSI :-110 
Input angle :250
Zaxis angle :14 
minval :0 

minval :0 



26 -11 10 27 -27 8 -6 -28 28 -5 4 28 -28 2 -1 -28 
9 15 -15 32 -17 72 0 -12 -1 -8 -18 -14 -19 15 28 6 
-16 6 -27 -23 -66 -35 11 3 9 0 19 -14 -11 -21 -12 26 
-1 -17 29 -21 50 -54 -6 10 -2 8 8 22 24 -3 -21 -19 
17 3 12 33 39 63 -8 -8 -7 -4 -23 3 -1 24 24 -16 
-7 16 -36 2 -70 23 51 -32 -10 -4 
RSSI :-110 
Input angle :248
Zaxis angle :0 
minval :0 

minval :0 



-14 -21 21 -13 11 22 -23 10 -8 -23 24 -7 5 24 -25 4 
10 -8 34 7 73 1 -9 0 -8 1 -10 21 17 16 1 -25 
5 12 -16 31 -19 70 2 -8 0 -8 -18 -15 -19 12 23 9 
-13 2 -25 -24 -63 -37 8 5 8 2 20 -13 -8 -21 -14 20 
2 -14 29 -19 51 -52 -6 6 -4 7 8 22 23 -1 -16 -19 
13 5 9 34 36 64 -46 -17 18 -3 
RSSI :-110 
Input angle :248
Zaxis angle :0 
minval :0 

minval :0 



-8 22 -21 -9 11 -20 20 13 -14 19 -18 -15 15 -18 17 15 
-11 -6 -18 -28 -50 -48 4 9 6 5 22 -9 -2 -22 -20 12 
8 -9 31 -11 57 -39 -10 2 -7 4 3 24 22 2 -6 -23 
6 11 3 33 21 66 0 -10 -3 -8 -24 -2 -8 20 24 0 
-12 4 -32 -5 -69 2 9 3 8 0 8 -22 -17 -13 -6 22 
-1 -12 13 -30 11 -69 -11 31 29 4 
RSSI :-110 
Input angle :257
Zaxis angle :0 
minval :0 

minval :0 



22 -15 14 23 -24 12 -12 -24 24 -11 9 25 -26 7 -5 -26 
6 15 3 33 17 65 1 -12 2 -8 -26 -2 -5 16 27 0 
-16 3 -32 -7 -67 2 11 5 7 4 9 -25 -15 -9 -7 26 
0 -17 15 -29 15 -66 -8 9 -5 6 22 15 13 -11 -23 -14 
16 5 25 21 59 33 -7 -10 -4 -7 -20 17 7 15 19 -19 
-9 14 -27 19 -46 50 64 -112 -42 -2 
RSSI :-110 
Input angle :258
Zaxis angle :0 
minval :0 

minval :0 



0 59 -59 -1 5 -58 59 9 -11 58 -57 -15 18 -56 55 20 
-49 -4 -54 -37 -109 -60 32 18 34 3 27 -17 -17 -53 -35 47 
19 -45 50 -42 84 -92 -26 25 -10 32 10 31 56 -4 -36 -46 
41 27 29 58 68 104 -19 -31 -28 -18 -33 1 -8 56 54 -23 
-39 31 -64 12 -119 36 36 -9 26 -21 7 -31 -50 -24 6 58 
-21 -45 1 -65 -3 -125 62 80 -104 7 
RSSI :-110 
Input angle :252
Zaxis angle :0 
minval :0 

minval :0 



10 -52 51 13 -16 50 -49 -20 22 -48 46 24 -28 45 -43 -29 
40 18 47 45 106 66 -21 -22 -25 -10 -34 19 7 45 41 -33 
-27 35 -55 35 -90 87 27 -13 17 -21 -10 -37 -46 -2 22 48 
-27 -35 -20 -62 -61 -108 6 30 16 22 38 0 14 -44 -52 7 
41 -16 65 -3 121 -30 -31 -1 -25 9 -10 37 38 26 7 -52 
4 44 -13 63 -3 126 -15 79 44 -7 
RSSI :-110 
Input angle :260
Zaxis angle :0 
minval :0 

minval :0 



-57 -13 17 -56 55 21 -25 54 -52 -27 30 -51 50 32 -34 48 
18 -42 51 -43 72 -102 -27 25 -15 22 16 36 49 -7 -35 -47 
35 30 29 61 79 96 -17 -33 -18 -20 -39 6 -4 49 55 -22 
-39 25 -65 15 -113 52 37 -7 23 -12 2 -39 -46 -17 8 59 
-15 -43 4 -67 -17 -124 -1 38 5 26 37 14 30 -40 -58 -6 
46 -3 64 21 124 11 -109 79 -68 -1 
RSSI :-110 
Input angle :258
Zaxis angle :0 
minval :0 

minval :0 



10 58 -58 8 -5 -59 58 -1 -3 58 -58 -7 10 -58 57 12 
-42 -1 -64 -31 -124 -23 32 14 26 9 27 -32 -21 -38 -30 50 
14 -39 46 -54 60 -111 -22 26 -14 23 24 34 42 -11 -41 -42 
35 23 40 58 91 87 -20 -28 -18 -20 -40 13 0 44 50 -30 
-32 27 -67 23 -104 71 33 -11 23 -14 -5 -42 -43 -11 16 56 
-20 -37 -4 -70 -38 -120 25 112 -91 6 
RSSI :-110 
Input angle :257
Zaxis angle :0 
minval :0 

minval :0 



4 -59 59 7 -13 58 -57 -15 18 -57 55 21 -24 54 -53 -26 
42 14 54 43 112 59 -26 -25 -26 -14 -31 24 7 43 40 -43 
-25 36 -56 40 -86 92 30 -19 19 -22 -16 -36 -43 -2 30 50 
-28 -34 -25 -65 -65 -108 10 35 15 25 39 -5 14 -41 -56 17 
40 -19 69 -8 120 -38 -37 1 -28 8 -5 39 36 24 0 -59 
8 44 -9 69 4 126 -7 79 124 -8 
RSSI :-110 
Input angle :252
Zaxis angle :0 
minval :0 

minval :0 



-28 -10 12 -27 26 13 -15 25 -24 -17 18 -23 22 20 -20 21 
12 -18 30 -18 45 -46 -15 10 -9 10 6 19 22 1 -14 -26 
14 17 11 33 30 57 -6 -17 -7 -11 -20 1 -7 21 28 -7 
-19 10 -34 2 -62 15 18 0 13 -4 3 -19 -18 -12 0 29 
-5 -21 6 -34 3 -64 -3 18 0 14 17 9 17 -14 -29 -7 
22 1 31 16 63 16 -110 -97 74 -2 
RSSI :-110 
Input angle :252
Zaxis angle :0 
minval :0 

minval :0 



-26 -8 10 -26 25 11 -12 24 -24 -14 15 -23 22 17 -17 21 
9 -17 27 -22 41 -53 -13 10 -9 8 9 20 19 0 -15 -23 
14 13 14 32 38 55 -5 -16 -5 -11 -21 4 -5 19 26 -8 
-16 10 -34 5 -62 23 17 -2 12 -2 1 -21 -17 -9 1 27 
-5 -18 2 -35 -8 -66 -2 16 -1 12 20 7 14 -13 -27 -5 
19 0 33 11 66 10 -96 -1 -46 -3 
RSSI :-110 
Input angle :252
Zaxis angle :0 
minval :0 

minval :0 



9 24 -26 7 -6 -27 22 -1 3 27 -27 0 0 -28 23 2 
-17 6 -34 -6 -67 1 16 5 12 3 8 -20 -10 -16 -9 26 
2 -18 16 -30 15 -64 -9 15 -6 11 16 13 17 -7 -22 -15 
17 7 26 22 57 33 -11 -12 -9 -9 -17 14 1 19 21 -18 
-11 15 -28 19 -46 47 15 -8 11 -6 -8 -20 -18 -3 11 25 
-11 -14 -10 -32 -35 -56 25 -64 93 6 
RSSI :-110 
Input angle :252
Zaxis angle :0 
minval :0 

minval :0 



16 -22 21 18 -19 20 -19 -20 21 -18 17 22 -23 16 -15 -23 
13 13 15 29 39 53 -5 -16 -4 -11 -20 5 -7 17 26 -8 
-16 9 -32 7 -61 24 17 0 12 -1 0 -21 -14 -11 0 28 
-4 -18 2 -33 -6 -65 -4 16 -2 12 20 5 15 -11 -27 -7 
19 1 31 10 65 7 -15 -8 -11 -5 -11 18 7 17 13 -24 
-5 18 -18 27 -26 60 61 80 12 -5 
RSSI :-110 
Input angle :257
Zaxis angle :0 
minval :0 

minval :0 



-19 21 -21 -19 22 -19 16 22 -24 15 -13 -24 25 -13 11 24 
-11 -16 -11 -30 -36 -54 4 17 2 10 20 -2 8 -17 -27 4 
17 -7 34 -2 62 -17 -17 0 -11 0 -2 20 14 14 2 -28 
3 18 -4 31 3 64 3 -17 3 -10 -19 -7 -16 10 26 9 
-19 -1 -31 -13 -62 -14 14 10 12 7 11 -17 -6 -18 -15 24 
7 -17 21 -25 30 -58 -66 -49 -53 3 
RSSI :-110 
Input angle :257
Zaxis angle :0 
minval :0 

minval :0 



42 41 -42 41 -38 -44 48 -35 34 47 -51 30 -25 -52 53 -23 
-29 25 -64 22 -110 68 38 -9 22 -6 -3 -41 -34 -19 6 59 
-13 -34 -7 -67 -36 -125 0 39 -2 23 41 5 28 -29 -57 -6 
37 -4 65 14 0 -4 -36 -9 -24 -6 -16 38 21 34 22 -54 
-5 38 -27 60 -29 124 17 -33 13 -22 -33 -27 -39 10 46 35 
-36 -14 -51 -43 -113 -59 80 -64 -100 4 
RSSI :-110 
Input angle :37
Zaxis angle :0 
minval :0 

minval :0 



5 -58 60 7 -12 59 -56 -18 19 -58 56 22 -23 53 -54 -26 
37 12 56 39 120 48 -30 -28 -22 -16 -31 27 4 41 40 -43 
-20 32 -51 41 -73 105 30 -24 18 -17 -19 -36 -39 -5 30 51 
-27 -26 -26 -59 -75 -107 14 38 9 26 39 -9 18 -36 -56 13 
32 -18 65 -9 116 -49 -36 3 -25 6 -1 40 32 25 2 -60 
9 38 -6 68 18 126 29 -80 -19 -7 
RSSI :-110 
Input angle :252
Zaxis angle :0 
minval :0 

minval :0 


