
25 -15 14 26 -27 12 -10 -28 28 -8 7 29 -29 5 -3 -29 
7 19 1 33 14 62 1 -19 1 -12 -19 -3 -15 13 29 4 
-20 1 -31 -9 -64 -2 18 5 12 3 8 -18 -9 -18 -12 27 
3 -20 16 -28 18 -61 -10 16 -7 10 15 13 20 -3 -22 -19 
18 8 23 23 53 36 -13 -14 -7 -9 -16 10 -2 20 25 -16 
-13 15 -29 15 -50 40 91 96 98 -3 
RSSI :-110 
Input angle :252
Zaxis angle :0 
minval :0 

minval :0 



-60 3 0 -60 60 2 -6 59 -59 -10 13 -58 57 16 -20 55 
4 -41 30 -60 35 -126 -20 33 -13 23 33 24 40 -10 -50 -33 
38 15 49 45 115 62 -28 -27 -19 -18 -31 26 0 42 46 -38 
-24 32 -55 38 -91 94 33 -19 23 -14 -16 -38 -40 -11 25 54 
-25 -32 -21 -64 -66 -113 10 37 7 26 40 -7 21 -36 -59 8 
37 -17 67 -3 125 -39 -111 -81 -12 -1 
RSSI :-110 
Input angle :257
Zaxis angle :0 
minval :0 

minval :0 



29 6 -7 29 -28 -9 11 -28 27 12 -14 26 -25 -16 18 -24 
-8 19 -24 25 -32 57 13 -14 11 -9 -13 -17 -21 0 18 23 
-17 -12 -19 -29 -46 -47 10 16 6 14 20 -9 5 -21 -27 12 
16 -13 33 -11 56 -33 -19 5 -15 3 1 22 18 10 -3 -29 
8 20 1 34 14 64 0 -20 0 -15 -23 -1 -15 15 29 4 
-21 3 -34 -6 -66 0 114 -32 80 2 
RSSI :-110 
Input angle :252
Zaxis angle :0 
minval :0 

minval :0 



-7 -59 62 -11 0 63 -63 -4 4 -58 64 6 -16 65 -58 -18 
44 1 66 33 126 35 -36 -17 -26 -16 -25 37 10 42 35 -51 
-14 42 -51 53 -67 112 25 -30 22 -21 -28 -35 -43 3 40 47 
-38 -23 -39 -63 -95 -90 23 31 15 27 40 -20 8 -41 -56 25 
33 -30 70 -23 112 -67 -35 16 -30 7 9 44 38 18 -12 -60 
21 38 5 73 37 125 0 0 70 -8 
RSSI :-110 
Input angle :252
Zaxis angle :0 
minval :0 

minval :0 



-41 49 -48 -42 46 -45 42 49 -51 38 -36 -54 56 -33 30 56 
-35 -32 -24 -72 -67 -108 18 33 10 30 42 -9 15 -40 -63 11 
41 -24 76 -5 123 -36 -37 9 -32 1 0 43 35 24 4 -65 
15 45 -11 76 8 127 0 -38 5 -31 -42 -11 -33 26 61 19 
-47 3 -69 -33 -124 -27 37 10 28 14 22 -37 -19 -38 -34 54 
9 -47 48 -59 57 -113 -79 -97 22 6 
RSSI :-110 
Input angle :257
Zaxis angle :0 
minval :0 

minval :0 



63 -18 17 63 -62 14 -8 -65 65 -6 3 64 -65 1 5 -65 
12 47 -20 77 8 121 -3 -39 5 -35 -40 -10 -32 30 61 23 
-48 1 -67 -36 -120 -19 38 8 33 14 20 -36 -21 -39 -38 53 
12 -46 52 -56 54 -111 -18 35 -22 26 28 30 44 -8 -42 -49 
41 24 40 65 93 79 -28 -27 -21 -29 -36 19 -2 44 61 -22 
-35 33 -74 21 -100 68 -124 -16 -42 -4 
RSSI :-110 
Input angle :252
Zaxis angle :0 
minval :0 

minval :0 



-1 60 -59 -5 9 -59 59 12 -13 59 -58 -17 21 -56 55 23 
-41 1 -60 -39 -118 -17 39 17 29 19 21 -31 -16 -38 -36 47 
9 -40 53 -48 50 -109 -26 33 -27 22 25 28 41 -4 -35 -49 
36 20 35 63 92 76 -26 -33 -15 -31 -34 17 -5 41 55 -22 
-28 29 -70 17 -95 73 39 -16 34 -6 -6 -37 -37 -16 5 59 
-22 -34 3 -72 -45 -111 -18 -1 -92 8 
RSSI :-110 
Input angle :252
Zaxis angle :0 
minval :0 

minval :0 



16 59 -58 14 -11 -60 63 -7 2 61 -59 0 1 -61 60 7 
-35 -5 -3 45 -9 4 82 -30 23 64 1 12 3 26 -24 55 
18 -38 -44 -14 2 -12 9 89 -71 -2 -11 -1 -25 -6 -49 -37 
32 25 27 -41 15 3 -85 -21 19 -68 4 -10 13 -24 47 -35 
-37 20 34 35 -4 14 37 -79 61 37 8 7 19 17 18 57 
-11 -34 -43 14 -6 -7 -93 47 90 5 
RSSI :-110 
Input angle :328
Zaxis angle :14 
minval :0 

minval :0 



-6 -58 55 -3 0 57 -59 -1 3 -56 55 8 -13 56 -53 -14 
31 18 1 -49 5 -25 -79 25 -8 -69 2 -21 8 -11 32 -46 
-31 26 47 20 16 12 -9 -84 63 17 18 5 8 13 38 41 
-17 -39 -30 41 -18 17 85 18 -27 63 -11 15 -15 5 -52 24 
41 -7 -26 -40 -12 -22 -39 75 -52 -46 -13 -17 0 -14 -11 -57 
-6 36 46 -19 25 -4 100 -16 77 -4 
RSSI :-110 
Input angle :327
Zaxis angle :25 
minval :0 

minval :0 



-59 -2 3 -59 58 7 -11 57 -58 -14 17 -56 57 18 -19 54 
32 -41 -42 -3 -24 8 13 89 -65 -1 -14 -10 -14 -8 -45 -37 
30 44 14 -40 -1 -26 -90 -12 20 -62 13 -11 11 -12 49 -32 
-49 18 35 24 25 5 36 -82 54 36 5 17 7 15 18 55 
-3 -53 -34 24 -11 23 69 58 -48 44 -18 2 -16 3 -58 1 
52 12 -15 -40 -18 -18 -57 79 -125 -8 
RSSI :-110 
Input angle :329
Zaxis angle :25 
minval :0 

minval :0 



-46 68 -65 -50 52 -62 59 56 -59 57 -55 -59 63 -52 46 67 
-40 -46 -37 30 14 19 102 39 -44 61 -22 0 -2 17 -77 25 
56 -26 -19 -43 -22 9 -69 85 -48 -56 7 -20 -15 -8 0 -81 
8 62 47 -6 -1 -23 -61 -91 69 -27 17 13 11 -12 78 23 
-60 -10 -6 47 24 5 104 -35 8 75 -18 13 9 15 -41 69 
24 -56 -44 -19 -10 21 108 63 43 -2 
RSSI :-110 
Input angle :329
Zaxis angle :0 
minval :0 

minval :0 



55 63 -67 52 -48 -69 72 -43 37 75 -78 30 -26 -81 80 -25 
-45 44 30 40 16 -22 55 -100 82 63 -8 36 18 -4 -1 85 
-29 -53 -48 16 15 22 78 84 -84 59 -33 -17 0 18 -81 -22 
62 -13 -4 -51 -26 8 -102 52 -34 -97 26 -26 -17 -5 44 -73 
-3 63 50 12 -1 -28 -20 -113 104 -5 19 32 10 -15 56 62 
-59 -22 -26 44 27 7 -50 -81 -54 12 
RSSI :-110 
Input angle :138
Zaxis angle :0 
minval :0 

minval :0 



97 -38 31 98 -101 23 -14 -102 103 -6 1 103 -103 -1 4 -103 
35 47 34 -16 -11 -27 -83 -80 65 -61 29 8 -4 -19 95 39 
-55 20 4 38 29 -2 98 -60 38 81 -16 27 19 1 -64 80 
-7 -58 -38 -6 -5 27 29 111 -88 15 -20 -23 -7 19 -62 -84 
57 12 15 -35 -26 -14 -115 -1 6 -89 28 -12 -16 -11 96 -35 
-26 52 29 24 20 -20 -87 -48 -2 3 
RSSI :-110 
Input angle :134
Zaxis angle :14 
minval :0 

minval :0 



-95 22 -16 -95 96 -10 4 97 -97 0 3 -97 97 10 -16 95 
-21 -43 -32 9 0 26 49 86 -65 47 -9 -15 0 28 -85 -45 
48 -6 1 -33 -25 -5 -97 24 -31 -76 16 -5 -27 -8 66 -70 
-6 48 32 9 12 -22 2 -100 82 -6 1 16 15 -24 49 83 
-44 -21 -20 27 18 18 96 30 -16 80 -16 -4 18 21 -94 20 
30 -37 -20 -25 -22 13 106 -113 -33 -5 
RSSI :-110 
Input angle :138
Zaxis angle :0 
minval :0 

minval :0 



75 -42 36 79 -79 31 -24 -83 84 -20 16 85 -84 13 -8 -85 
0 64 65 -27 20 -12 -66 -72 69 -32 4 4 12 -21 84 16 
-60 -14 14 69 7 20 88 -45 13 75 -5 2 17 18 -37 77 
30 -54 -70 -7 -22 1 23 97 -74 -10 -1 -5 -23 10 -62 -59 
42 46 28 -64 5 -22 -99 -8 30 -70 5 0 -4 -25 73 -44 
-56 29 56 42 20 11 119 -96 23 6 
RSSI :-110 
Input angle :328
Zaxis angle :14 
minval :0 

minval :0 



-37 -42 45 -33 30 48 -49 27 -24 -50 51 -22 19 52 -52 18 
46 -9 -25 -43 -6 -20 -64 61 -38 -54 -3 0 -30 -16 0 -56 
-2 48 48 -12 21 0 -42 -77 63 -21 1 -4 24 -23 54 14 
-44 -16 -1 50 -5 20 85 -17 1 67 3 1 14 31 -30 48 
28 -39 -47 -15 -18 -12 -5 88 -64 -16 -2 4 -33 6 -37 -42 
28 38 27 -42 16 -12 71 -112 23 -7 
RSSI :-110 
Input angle :332
Zaxis angle :39 
minval :0 

minval :0 



85 -7 6 84 -85 1 3 -85 84 10 -14 84 -83 -17 21 -82 
0 44 38 7 9 6 -16 -93 71 -4 21 8 26 -3 72 45 
-43 -10 -17 34 -9 7 93 8 -17 70 -14 18 -2 26 -65 54 
23 -36 -29 -26 -5 -10 -31 88 -64 -31 -13 -18 -24 -10 -36 -76 
29 32 33 -19 11 -1 -75 -54 52 -49 21 -7 17 -19 83 -9 
-39 18 9 38 -1 11 71 0 -49 7 
RSSI :-110 
Input angle :324
Zaxis angle :29 
minval :0 

minval :0 



-27 -80 82 -22 16 83 -84 11 -6 -84 84 -2 -4 84 -84 -7 
59 -24 -26 -40 -26 2 -70 76 -49 -75 -12 -9 -34 -22 31 -78 
6 63 45 -16 6 -26 -56 -86 84 -29 11 -8 29 -27 66 51 
-62 -8 -2 48 23 12 99 -28 3 89 4 13 18 37 -68 48 
26 -58 -46 -12 -19 18 0 103 -87 -20 -14 2 -40 8 -28 -78 
50 41 24 -40 -13 -24 89 32 34 -10 
RSSI :-110 
Input angle :157
Zaxis angle :39 
minval :0 

minval :0 



-73 43 -37 -77 77 -33 29 80 -81 24 -22 -83 83 -19 16 83 
-35 -41 -37 35 12 3 82 59 -56 65 -11 -9 -2 38 -84 -13 
50 -22 -22 -46 -8 10 -76 67 -50 -70 12 -8 -35 -13 29 -78 
7 55 50 -9 -14 -14 -42 -93 82 -25 3 14 22 -31 63 56 
-54 -9 -5 52 11 -5 100 -14 3 86 -14 0 24 30 -68 50 
24 -49 -48 -18 0 12 84 -1 -125 -3 
RSSI :-110 
Input angle :143
Zaxis angle :14 
minval :0 

minval :0 



48 74 -76 45 -43 -78 80 -36 33 82 -84 27 -21 -85 86 -15 
-34 26 25 38 8 10 56 -67 37 53 3 9 36 3 -8 87 
-15 -39 -43 14 -12 5 50 70 -64 20 -10 0 -14 34 -82 -31 
42 -3 0 -46 -2 -13 -81 29 -2 -66 2 -10 -29 -22 53 -70 
-6 42 43 12 12 0 -1 -86 64 15 9 4 30 -20 52 71 
-38 -18 -23 39 -5 11 -68 111 41 7 
RSSI :-110 
Input angle :329
Zaxis angle :20 
minval :0 

minval :0 



-95 -3 7 -95 94 12 -18 93 -92 -25 29 -90 87 36 -40 85 
-10 -64 -48 23 0 30 55 86 -86 25 -27 -8 -7 33 -70 -63 
65 8 -11 -53 -28 -9 -96 31 -6 -86 13 -23 -29 -15 78 -51 
-22 62 54 0 17 -25 -2 -102 84 19 18 20 22 -25 29 89 
-53 -39 -18 51 19 24 99 23 -43 76 -24 12 16 30 -94 2 
52 -40 -44 -31 -28 12 -127 -97 83 -8 
RSSI :-110 
Input angle :131
Zaxis angle :20 
minval :0 

minval :0 



46 70 -71 42 -35 -74 76 -32 26 78 -80 22 -17 -81 81 -14 
-39 38 25 16 17 -1 51 -68 53 36 9 12 26 -5 -10 81 
-22 -49 -22 19 -3 17 51 68 -47 42 -13 4 0 27 -75 -36 
53 -11 -11 -27 -14 -7 -80 30 -28 -57 0 -13 -25 -8 52 -62 
-6 55 29 -3 10 -12 -2 -86 63 -10 13 3 14 -23 46 68 
-50 -22 -4 29 7 14 -18 -17 -20 7 
RSSI :-110 
Input angle :338
Zaxis angle :29 
minval :0 

minval :0 



-114 -8 16 -112 111 23 -27 110 -109 -31 37 -109 105 44 -50 101 
-3 -80 -25 0 2 26 18 113 -68 23 -15 -6 -16 32 -84 -75 
77 18 6 -24 -25 -4 -113 -21 -1 -72 11 -13 -27 -24 95 -61 
-38 70 21 11 11 -23 47 -105 70 18 9 13 31 -19 35 107 
-55 -56 -17 17 18 17 89 72 -35 62 -16 5 10 35 -114 1 
69 -38 -11 -21 -22 12 -106 -33 -42 -7 
RSSI :-110 
Input angle :127
Zaxis angle :25 
minval :0 

minval :0 



38 85 -87 34 -28 -89 90 -23 17 92 -93 13 -8 -93 93 -1 
-55 43 6 50 3 -28 73 -63 34 55 12 21 41 22 -22 90 
-27 -65 -49 -8 25 12 43 85 -62 16 -25 6 -33 34 -79 -48 
69 -6 22 -44 -18 21 -96 15 4 -66 0 -26 -23 -41 66 -64 
-13 69 38 32 -16 -23 12 -96 61 19 23 8 45 -12 40 83 
-63 -29 -42 27 26 -8 -66 -113 -1 6 
RSSI :-110 
Input angle :151
Zaxis angle :25 
minval :0 

minval :0 



10 -97 96 15 -20 94 -93 -27 34 -91 89 39 -45 85 -81 -50 
56 7 8 -39 -11 -6 -97 -8 -8 -72 9 -5 -55 -20 68 -67 
-21 53 36 19 10 -9 33 -91 72 13 2 11 33 -48 44 84 
-44 -36 -26 30 6 11 79 56 -32 65 -11 -1 36 45 -93 20 
46 -33 -20 -35 -12 2 -77 59 -55 -48 4 -10 -53 23 6 -96 
21 54 39 -10 0 -13 123 80 -11 -6 
RSSI :-110 
Input angle :131
Zaxis angle :0 
minval :0 

minval :0 



-67 74 -69 -72 75 -65 59 80 -84 53 -48 -87 89 -45 39 90 
-71 -47 -30 39 27 19 87 47 -32 89 -21 11 18 43 -97 16 
64 -56 -29 -39 -26 21 -67 73 -75 -58 -7 -22 -46 6 12 -98 
41 75 46 -16 -14 -29 -51 -85 74 -57 23 0 6 -46 90 39 
-84 14 3 49 33 -3 95 -24 32 90 -5 22 41 21 -65 74 
8 -85 -48 -10 -3 33 64 -113 13 1 
RSSI :-110 
Input angle :147
Zaxis angle :29 
minval :0 

minval :0 



-7 -85 86 -2 -2 86 -85 -7 11 -85 84 15 -22 82 -80 -28 
59 -5 -2 -32 -7 1 -97 13 -28 -72 8 -16 -47 -13 50 -69 
-7 58 32 6 1 -6 10 -97 77 -11 13 12 25 -42 56 64 
-54 -22 -16 29 7 2 90 39 -10 76 -15 9 31 37 -76 37 
38 -45 -23 -23 -5 5 -62 76 -71 -34 -4 -18 -43 21 -13 -84 
34 48 27 -16 -3 -6 104 0 -88 -8 
RSSI :-110 
Input angle :121
Zaxis angle :0 
minval :0 

minval :0 



-75 36 -33 -77 78 -29 24 80 -80 21 -16 -81 83 -10 3 82 
-31 -58 -37 13 5 8 48 75 -59 47 -6 0 6 44 -80 -15 
64 -15 -3 -40 -10 3 -84 27 -31 -69 0 -6 -43 -5 33 -76 
0 65 39 7 1 -10 0 -89 75 -11 5 2 16 -40 59 58 
-63 -20 -18 35 9 3 86 20 -12 73 -4 5 32 28 -71 42 
38 -53 -29 -27 -5 6 113 -97 93 -4 
RSSI :-110 
Input angle :128
Zaxis angle :20 
minval :0 

minval :0 



55 -66 61 60 -63 57 -54 -66 69 -50 45 72 -76 39 -35 -78 
43 42 12 -38 -2 -6 -71 -54 34 -81 7 1 -15 -44 84 -15 
-52 29 32 23 6 0 69 -56 70 54 -4 7 46 0 -10 84 
-13 -59 -32 23 -2 6 30 84 -73 50 -6 -5 -11 45 -77 -33 
60 2 -15 -37 -6 -2 -90 9 -27 -84 8 -4 -41 -22 54 -65 
-19 57 40 -3 5 -4 -79 32 -126 -1 
RSSI :-110 
Input angle :334
Zaxis angle :14 
minval :0 

minval :0 



-78 -7 10 -78 77 15 -20 77 -75 -26 31 -73 71 34 -37 69 
-4 -54 -37 1 -3 1 -4 96 -79 22 -7 -2 -20 45 -53 -58 
53 12 8 -37 -1 -3 -91 -32 0 -83 4 -6 -36 -32 68 -37 
-24 47 33 17 4 0 53 -81 80 22 5 6 42 -28 19 76 
-39 -36 -25 27 0 3 61 74 -42 70 -6 3 15 47 -77 -4 
46 -27 -19 -33 -3 -1 -115 95 123 -8 
RSSI :-110 
Input angle :334
Zaxis angle :25 
minval :0 

minval :0 



30 72 -74 26 -22 -74 76 -17 15 77 -77 12 -7 -78 77 -2 
-43 27 22 20 0 -2 73 -52 62 71 3 10 38 12 -23 73 
-17 -50 -24 18 1 2 22 89 -87 40 -11 0 -22 34 -67 -41 
53 -1 -9 -29 -2 1 -91 0 -15 -94 4 -10 -25 -30 57 -52 
-14 51 30 0 0 -2 26 -87 94 13 8 5 36 -15 34 71 
-45 -28 -6 30 3 0 -72 47 37 11 
RSSI :-110 
Input angle :139
Zaxis angle :32 
minval :0 

minval :0 



33 -81 78 38 -42 76 -72 -47 52 -70 67 56 -60 63 -60 -64 
51 19 7 -43 5 -8 -95 -11 0 -87 -1 -3 -25 -25 75 -42 
-30 44 40 19 5 7 34 -89 83 24 3 -1 32 -17 17 85 
-34 -41 -28 33 -9 4 77 57 -44 74 0 3 9 35 -87 -5 
48 -23 -23 -36 -1 -9 -77 56 -58 -65 -2 -1 -37 -2 31 -82 
8 54 42 -12 9 0 -98 64 22 -5 
RSSI :-110 
Input angle :338
Zaxis angle :36 
minval :0 

minval :0 



80 22 -28 79 -77 -32 35 -75 73 40 -42 71 -68 -46 50 -64 
-11 69 30 6 0 -3 8 -87 76 0 -1 -4 29 -28 45 69 
-63 -30 -14 26 3 1 81 32 -21 72 2 0 17 37 -78 25 
47 -52 -21 -20 -3 3 -52 69 -62 -44 0 2 -40 7 0 -83 
38 59 25 -15 -2 -3 -51 -70 58 -49 -2 -2 5 -40 80 18 
-66 23 5 29 3 -1 55 -32 -46 8 
RSSI :-110 
Input angle :131
Zaxis angle :54 
minval :0 

minval :0 



-56 -50 54 -54 49 58 -62 45 -43 -65 66 -39 35 68 -69 31 
23 -48 -41 -8 5 1 -42 71 -80 -41 4 -3 -48 -1 -10 -75 
41 37 23 -35 -4 4 -54 -59 59 -68 2 3 12 -45 74 11 
-45 28 29 31 -3 -4 71 -38 50 75 -3 0 40 26 -29 69 
-12 -52 -38 18 5 -2 15 81 -86 26 -1 -3 -36 30 -57 -49 
54 0 -7 -41 0 5 -6 -33 -84 -12 
RSSI :-110 
Input angle :148
Zaxis angle :20 
minval :0 

minval :0 



0 88 -87 -7 12 -87 86 15 -20 86 -84 -25 29 -83 80 34 
-55 7 2 31 0 1 95 -15 26 76 -3 -2 26 29 -53 68 
7 -54 -31 -5 -1 0 -12 96 -82 3 2 -2 -35 16 -49 -71 
50 21 15 -28 0 -1 -89 -36 15 -78 1 1 -6 -39 82 -28 
-36 42 23 21 1 1 62 -73 70 40 -4 0 39 1 0 87 
-32 -46 -27 16 -2 1 -111 31 95 7 
RSSI :-110 
Input angle :331
Zaxis angle :20 
minval :0 

minval :0 



29 -83 82 33 -39 78 -75 -46 50 -71 70 53 -56 68 -63 -60 
54 1 4 -35 6 -6 -92 -7 -1 -90 7 -1 -21 -38 74 -46 
-16 52 33 14 4 6 34 -87 87 24 0 7 43 -9 21 84 
-44 -31 -22 28 -7 2 75 54 -48 76 -6 -2 -2 43 -88 0 
42 -34 -20 -29 0 -7 -76 55 -59 -68 5 -5 -41 -14 26 -84 
20 51 34 -11 7 2 -89 112 -2 -6 
RSSI :-110 
Input angle :334
Zaxis angle :14 
minval :0 

minval :0 



-81 57 -51 -85 87 -46 41 90 -92 36 -31 -94 96 -24 19 96 
-44 -42 -34 27 -5 3 75 54 -54 66 -5 4 -13 46 -98 -12 
55 -30 -19 -39 0 -5 -71 56 -47 -70 -2 -6 -41 -24 38 -90 
13 60 42 -7 4 0 -35 -85 81 -25 6 -1 34 -34 80 57 
-63 -2 -7 43 -1 5 93 -5 3 85 -2 5 23 42 -80 56 
21 -58 -40 -18 -4 -4 93 -65 -14 -4 
RSSI :-110 
Input angle :339
Zaxis angle :39 
minval :0 

minval :0 



-59 57 -55 -61 64 -50 48 66 -69 45 -40 -71 73 -35 31 75 
-55 -40 -24 42 0 1 68 45 -55 65 6 5 3 43 -80 11 
52 -41 -33 -34 -1 0 -63 52 -48 -71 -6 5 -42 -8 13 -81 
25 62 42 -22 0 0 -35 -73 82 -26 -2 -7 20 -40 72 36 
-67 6 10 47 1 0 81 -12 2 85 8 0 32 30 -56 59 
11 -66 -48 -2 0 2 87 -17 -46 -3 
RSSI :-110 
Input angle :127
Zaxis angle :54 
minval :0 

minval :0 



69 -41 36 70 -73 31 -25 -76 77 -22 20 78 -79 13 -8 -78 
55 47 32 -34 -6 4 -53 -64 73 -61 -9 1 -3 -34 79 9 
-62 38 27 38 -2 -7 74 -36 38 87 1 -10 33 3 -34 72 
-18 -71 -45 13 8 0 11 81 -94 14 8 2 -14 31 -58 -53 
72 2 1 -47 -2 7 -82 -9 11 -96 -5 7 -26 -21 66 -43 
-21 69 45 12 -7 -4 -78 -96 -91 4 
RSSI :-110 
Input angle :47
Zaxis angle :44 
minval :0 

minval :0 



-73 47 -39 -72 77 -37 34 78 -83 29 -21 -81 83 -17 17 83 
-49 -43 -29 31 -4 -3 58 65 -58 66 3 -3 0 43 -85 -5 
52 -35 -23 -34 4 -3 -80 40 -46 -76 0 6 -42 -11 33 -79 
19 63 39 -10 1 4 -14 -89 86 -23 -6 -1 21 -37 67 53 
-66 -1 0 41 -5 0 90 7 0 90 2 -6 29 32 -67 52 
17 -63 -39 -11 1 -4 80 -97 16 -3 
RSSI :-110 
Input angle :45
Zaxis angle :41 
minval :0 

minval :0 



85 -19 10 83 -83 6 -6 -84 84 2 -9 82 -81 -15 16 -80 
39 61 40 -9 1 8 -24 -92 78 -27 0 4 10 -33 74 38 
-67 14 2 41 -10 -3 94 -3 1 93 -5 -3 28 17 -54 62 
6 -65 -42 -10 6 -9 -18 94 -77 -25 0 -1 -26 22 -43 -72 
61 24 22 -39 -2 6 -79 -41 44 -68 3 6 -12 -32 82 -22 
-40 61 27 24 -9 3 -116 -16 -32 7 
RSSI :-110 
Input angle :336
Zaxis angle :14 
minval :0 

minval :0 



80 -39 37 82 -83 33 -29 -86 86 -24 20 87 -88 16 -9 -89 
36 57 40 -22 -3 -6 -67 -79 62 -64 7 -2 -2 -33 88 15 
-64 18 10 44 7 -1 96 -39 42 78 0 8 33 6 -40 81 
-1 -67 -45 0 -1 7 11 104 -87 18 -7 -2 -15 30 -65 -61 
64 20 14 -42 -7 -2 -103 -13 4 -89 4 -7 -24 -23 77 -45 
-34 59 36 27 5 -5 -86 -48 -79 3 
RSSI :-110 
Input angle :136
Zaxis angle :25 
minval :0 

minval :0 



-86 12 -6 -86 86 -2 0 86 -86 -5 10 -86 85 17 -23 84 
-18 -55 -41 9 1 10 30 91 -82 29 -13 -2 -17 38 -69 -46 
58 0 1 -44 -10 -3 -95 7 -8 -88 5 -12 -32 -28 65 -57 
-14 56 40 13 5 -8 19 -96 87 17 10 7 35 -23 34 79 
-50 -30 -24 38 8 7 86 43 -39 79 -11 8 13 41 -85 16 
44 -39 -28 -34 -9 5 123 -65 80 -8 
RSSI :-110 
Input angle :139
Zaxis angle :25 
minval :0 

minval :0 



60 66 -69 57 -53 -71 76 -45 41 79 -81 38 -32 -83 85 -27 
-32 50 33 19 9 -5 46 -85 72 35 12 10 43 -7 4 88 
-40 -39 -28 26 2 11 68 68 -56 57 -14 7 -3 43 -85 -20 
52 -27 -16 -34 -11 0 -85 47 -43 -68 -4 -15 -40 -15 41 -78 
10 59 37 -8 3 -10 -25 -93 77 -21 16 1 26 -34 63 61 
-59 -7 -2 38 8 6 -4 -81 37 10 
RSSI :-110 
Input angle :127
Zaxis angle :32 
minval :0 

minval :0 



22 90 -91 20 -14 -92 92 -8 4 92 -93 1 3 -93 91 8 
-31 37 18 35 -3 2 85 -32 52 66 3 7 34 9 -36 85 
-28 -39 -40 7 0 -3 9 90 -76 34 -7 1 -19 30 -72 -55 
45 -15 1 -40 2 0 -90 -16 -11 -83 0 -7 -23 -26 73 -55 
2 48 37 12 0 2 39 -82 83 12 6 2 31 -14 30 87 
-47 -11 -24 32 -3 -1 -74 47 122 9 
RSSI :-110 
Input angle :344
Zaxis angle :39 
minval :0 

minval :0 



-20 -95 97 -11 6 97 -97 0 7 -97 97 9 -13 95 -95 -22 
37 -30 -18 -36 0 -9 -79 27 -40 -62 -4 -4 -35 -26 46 -85 
18 44 39 -7 8 2 -2 -84 71 -20 6 -3 36 -24 70 66 
-48 5 -3 40 -5 7 82 15 0 74 2 6 14 41 -85 46 
6 -48 -36 -14 -5 -7 -43 72 -70 -20 -7 0 -44 3 -26 -93 
44 20 24 -33 8 -3 74 -32 4 -8 
RSSI :-110 
Input angle :356
Zaxis angle :51 
minval :0 

minval :0 



-45 72 -69 -48 53 -66 62 56 -61 58 -54 -65 68 -49 46 70 
-45 -14 -16 34 -1 3 72 31 -15 69 0 6 3 38 -80 25 
27 -38 -29 -24 -3 -1 -51 58 -62 -33 -6 -1 -38 -6 -1 -84 
31 34 31 -20 3 -2 -44 -64 48 -52 3 -4 16 -35 81 20 
-42 21 10 36 2 3 75 -22 37 60 4 5 27 27 -44 72 
-6 -46 -38 0 -4 0 118 -33 79 2 
RSSI :-110 
Input angle :334
Zaxis angle :41 
minval :0 

minval :0 



74 -33 29 76 -78 24 -19 -80 80 -14 9 80 -82 5 0 -81 
25 43 30 -34 8 -11 -50 -61 63 -47 0 -9 13 -38 77 24 
-48 11 24 38 8 12 75 -27 27 73 8 4 32 23 -39 71 
3 -49 -45 12 -14 4 9 79 -78 10 -4 7 -31 24 -55 -59 
46 16 0 -46 -1 -15 -77 -15 12 -78 -6 -6 -16 -37 71 -36 
-28 41 45 12 14 3 -115 80 66 4 
RSSI :-110 
Input angle :108
Zaxis angle :56 
minval :0 

minval :0 



-78 24 -19 -81 81 -13 8 84 -83 5 -1 -83 82 4 -7 82 
-19 -47 -42 18 -4 2 30 76 -72 35 4 8 -14 38 -76 -31 
50 -6 -5 -47 -1 -4 -80 8 -9 -79 -8 1 -31 -25 51 -64 
-8 51 46 8 4 0 10 -80 79 10 1 -9 33 -24 47 67 
-46 -21 -19 43 0 4 73 33 -33 73 9 3 14 38 -77 28 
34 -37 -34 -31 -4 -2 -126 15 -76 -7 
RSSI :-110 
Input angle :19
Zaxis angle :54 
minval :0 

minval :0 



-83 -53 59 -80 77 64 -67 74 -71 -68 73 -67 63 77 -81 57 
15 -57 -46 -23 2 1 -25 97 -88 -19 -2 1 -33 18 -33 -92 
50 31 32 -40 -1 2 -87 -50 44 -79 0 -3 -7 -38 99 -5 
-41 42 28 44 -1 -2 75 -67 64 64 4 0 38 1 -18 96 
-26 -52 -50 14 2 -1 43 90 -79 45 -1 3 -12 35 -87 -45 
58 -10 0 -51 0 3 -52 -33 31 -11 
RSSI :-110 
Input angle :164
Zaxis angle :47 
minval :0 

minval :0 



4 86 -85 0 4 -88 85 10 -10 85 -82 -20 22 -82 81 30 
-57 19 5 39 7 1 77 -40 29 88 -2 0 50 17 -45 69 
3 -57 -40 -5 -8 11 10 89 -86 2 -2 -6 -30 42 -50 -67 
60 17 13 -33 -5 -4 -91 -7 21 -90 4 -4 -32 -41 76 -36 
-32 54 31 25 8 -4 35 -81 80 38 1 3 50 -20 13 85 
-40 -43 -30 25 1 10 -121 -33 45 8 
RSSI :-110 
Input angle :146
Zaxis angle :0 
minval :0 

minval :0 



49 -81 81 50 -57 75 -72 -62 69 -67 68 67 -72 61 -54 -78 
66 18 20 -45 2 -19 -101 -16 8 -84 7 -7 -38 -42 88 -36 
-38 59 38 33 18 5 48 -87 81 35 8 9 51 -24 11 96 
-45 -53 -42 29 -10 18 77 66 -52 62 -11 2 10 55 -91 -18 
63 -31 -16 -50 -13 -16 -90 48 -49 -73 0 -10 -56 -6 42 -85 
12 69 50 -3 21 -9 -89 112 73 -4 
RSSI :-110 
Input angle :334
Zaxis angle :20 
minval :0 

minval :0 



99 7 -14 97 -97 -20 27 -94 94 32 -36 92 -89 -43 50 -85 
21 70 47 11 -4 -7 -18 -109 81 -28 23 5 7 -21 70 69 
-73 0 -23 42 8 -2 110 7 9 87 -13 19 21 12 -83 43 
14 -71 -31 -33 6 2 -34 103 -85 -15 -16 -15 -20 15 -26 -95 
63 37 42 -23 -8 -2 -91 -62 40 -76 20 -10 -8 -23 97 5 
-52 49 10 46 4 -8 124 32 -108 7 
RSSI :-110 
Input angle :143
Zaxis angle :25 
minval :0 

minval :0 



-89 -46 51 -85 82 57 -61 79 -76 -65 68 -72 68 73 -77 62 
-6 -68 -32 -26 10 3 0 106 -86 0 -21 -8 -12 1 -31 -94 
67 11 33 -24 -7 9 -101 -32 25 -83 14 -17 0 -12 99 -6 
-29 62 14 39 -6 -8 60 -87 72 45 12 20 12 5 -20 98 
-51 -45 -42 2 10 -3 66 82 -63 59 -21 7 -8 10 -87 -48 
58 -35 10 -40 0 11 -82 15 69 -10 
RSSI :-110 
Input angle :169
Zaxis angle :36 
minval :0 

minval :0 



70 -58 54 72 -76 49 -43 -79 81 -38 32 84 -85 29 -24 -86 
51 31 26 -23 1 0 -72 -49 51 -69 6 1 4 -39 90 3 
-44 39 15 32 0 1 68 -55 53 68 -2 4 37 14 -25 87 
-27 -52 -34 5 0 0 34 81 -80 31 -3 -4 -23 33 -76 -48 
58 -7 3 -35 1 0 -88 8 -9 -85 5 -1 -26 -30 69 -56 
-5 58 32 14 0 0 -85 64 -76 1 
RSSI :-110 
Input angle :331
Zaxis angle :0 
minval :0 

minval :0 



-99 0 5 -99 98 12 -17 98 -98 -21 29 -96 93 35 -37 91 
-18 -56 -39 1 -10 5 22 88 -84 30 -8 1 -26 35 -75 -63 
59 0 8 -37 -3 -10 -90 0 -3 -89 0 -9 -27 -35 79 -57 
-15 58 33 17 10 0 25 -86 87 20 7 2 40 -15 32 93 
-50 -31 -27 27 -3 10 77 49 -45 77 -4 7 4 43 -98 7 
42 -41 -18 -33 -10 -6 -127 -97 -2 -9 
RSSI :-110 
Input angle :340
Zaxis angle :32 
minval :0 

minval :0 



80 42 -49 76 -73 -54 56 -71 69 59 -63 65 -59 -68 72 -53 
-32 61 42 13 11 -1 36 -92 86 33 10 3 35 -26 32 83 
-50 -48 -24 36 -2 12 77 61 -54 74 -6 9 17 41 -89 7 
60 -35 -28 -34 -11 -4 -79 58 -58 -71 -7 -8 -45 4 14 -88 
18 67 39 -17 7 -8 -37 -91 85 -34 10 -5 8 -44 80 40 
-69 -2 4 44 6 10 29 48 -123 11 
RSSI :-110 
Input angle :334
Zaxis angle :29 
minval :0 

minval :0 



13 -85 85 18 -24 82 -80 -30 34 -79 75 39 -44 74 -71 -46 
63 -6 1 -35 9 -7 -89 13 -20 -80 -6 -6 -26 -20 65 -55 
-11 63 33 10 4 11 16 -88 84 5 8 -4 29 -19 34 77 
-57 -27 -19 29 -12 1 82 36 -26 81 2 8 10 32 -83 16 
40 -48 -22 -26 3 -12 -57 70 -69 -46 -9 -1 -34 3 7 -85 
34 54 31 -14 10 5 127 -32 -6 -8 
RSSI :-110 
Input angle :359
Zaxis angle :47 
minval :0 

minval :0 



78 3 -5 78 -77 -10 17 -76 74 23 -27 73 -72 -31 36 -69 
11 67 40 -5 -4 0 -18 -79 84 -6 0 0 20 -27 57 54 
-67 -3 -4 41 1 -2 80 4 -15 83 0 0 21 27 -67 40 
21 -64 -37 -16 2 2 -27 77 -75 -38 0 0 -32 11 -22 -75 
55 39 26 -33 -2 1 -66 -47 55 -64 0 0 -3 -35 77 0 
-53 42 24 33 -1 -3 92 96 -30 8 
RSSI :-110 
Input angle :159
Zaxis angle :32 
minval :0 

minval :0 



-29 -70 71 -26 20 73 -74 14 -9 -75 76 -5 1 76 -75 -2 
44 -45 -24 -26 -11 -5 -57 63 -63 -69 0 -9 -32 1 22 -72 
30 55 33 -15 8 -9 -48 -69 82 -45 9 1 6 -32 65 39 
-60 16 7 35 7 10 81 -28 24 91 -3 8 28 16 -56 49 
-1 -62 -36 -1 -11 4 4 85 -94 -5 -7 -5 -22 22 -30 -69 
59 19 13 -33 -1 -11 63 -48 -62 -12 
RSSI :-110 
Input angle :334
Zaxis angle :20 
minval :0 

minval :0 



-29 81 -79 -33 37 -77 75 42 -45 72 -70 -48 52 -68 65 55 
-66 17 -2 43 5 -11 79 -20 13 83 5 4 15 30 -72 45 
-2 -64 -40 -16 9 8 -4 81 -83 -3 -5 3 -32 7 -25 -81 
65 17 26 -34 -10 6 -77 -25 27 -79 -1 -5 2 -32 85 2 
-38 56 25 35 -3 -12 45 -67 67 51 5 0 31 11 -23 82 
-45 -50 -40 16 12 0 124 -65 -31 6 
RSSI :-110 
Input angle :159
Zaxis angle :51 
minval :0 

minval :0 



90 -31 22 92 -93 18 -12 -94 94 -7 3 94 -95 0 6 -94 
52 40 21 -20 -4 -7 -67 -59 56 -61 10 0 6 -37 86 36 
-53 38 13 25 7 -3 75 -48 45 68 -4 8 33 15 -57 75 
-22 -62 -28 7 0 9 23 86 -78 26 -7 -6 -24 28 -56 -74 
65 -5 1 -29 -7 -2 -90 -1 -3 -82 8 -5 -19 -32 89 -32 
-14 64 27 9 3 -7 -98 -112 -61 2 
RSSI :-110 
Input angle :147
Zaxis angle :20 
minval :0 

minval :0 



84 -22 17 85 -86 11 -6 -88 87 -4 0 87 -86 -5 12 -87 
59 47 28 -8 -7 -6 -38 -76 70 -35 4 1 11 -42 80 32 
-60 44 0 29 8 -5 84 -17 13 78 -3 3 37 22 -55 67 
-24 -71 -27 -10 3 10 -5 86 -78 -7 -2 -4 -31 29 -48 -72 
74 -5 15 -26 -10 0 -80 -29 30 -74 3 -1 -20 -38 83 -25 
-14 74 19 22 2 -11 125 96 62 6 
RSSI :-110 
Input angle :141
Zaxis angle :14 
minval :0 

minval :0 



-87 16 -11 -88 89 -6 0 88 -89 -4 9 -88 88 15 -18 85 
-45 -49 -36 5 -5 4 33 88 -88 21 2 -5 -23 36 -79 -38 
59 -30 5 -37 -1 -6 -93 3 4 -90 4 4 -28 -33 61 -63 
14 65 33 16 7 0 23 -90 85 29 -5 2 39 -19 46 75 
-66 -4 -23 28 -2 6 81 46 -52 74 -2 -5 7 43 -84 25 
25 -62 -20 -29 -5 -4 -118 -33 74 -9 
RSSI :-110 
Input angle :328
Zaxis angle :32 
minval :0 

minval :0 



59 47 -50 55 -52 -54 56 -49 46 58 -62 43 -39 -64 66 -36 
-10 58 42 28 13 -14 40 -93 77 27 5 3 27 -16 16 73 
-53 -25 -40 32 10 17 81 62 -50 66 -5 4 8 31 -74 -6 
40 -42 -16 -48 -19 3 -84 58 -50 -66 -2 -6 -32 -1 26 -70 
30 50 51 -6 1 -20 -34 -96 77 -29 6 0 9 -30 61 44 
-58 15 -7 51 18 6 11 -96 77 10 
RSSI :-110 
Input angle :131
Zaxis angle :32 
minval :0 

minval :0 



-63 -58 60 -59 54 65 -67 51 -48 -70 73 -43 40 75 -77 34 
18 -61 -35 -13 -14 16 -20 98 -76 -20 -5 -1 -26 7 -13 -84 
53 33 24 -28 -11 -18 -88 -48 44 -65 3 -5 0 -27 83 13 
-45 43 21 30 20 -7 71 -69 50 63 2 4 27 6 -33 77 
-28 -57 -35 11 0 21 46 90 -72 32 -5 2 -12 24 -65 -53 
62 -10 -1 -37 -20 -6 -25 -49 54 -10 
RSSI :-110 
Input angle :139
Zaxis angle :36 
minval :0 

minval :0 



96 45 -48 94 -91 -56 62 -85 82 68 -73 77 -73 -77 80 -69 
-2 72 28 12 -21 -21 0 -94 68 20 2 -3 30 -7 45 96 
-68 -23 -19 24 17 -14 89 29 -38 59 3 3 -1 31 -105 14 
38 -62 -18 -24 10 20 -49 80 -50 -48 -4 1 -31 -8 15 -105 
46 55 29 -11 -23 3 -60 -71 62 -32 -1 -4 17 -26 97 41 
-66 30 2 31 2 -22 28 48 -73 8 
RSSI :-110 
Input angle :167
Zaxis angle :51 
minval :0 

minval :0 



-101 -46 50 -98 94 56 -62 91 -87 -68 75 -81 75 81 -84 69 
6 -84 -32 -14 18 15 -9 80 -67 -27 -1 6 -33 26 -49 -97 
80 26 25 -25 -19 12 -73 -34 44 -60 -5 -3 -17 -39 107 -20 
-48 68 20 30 -7 -22 50 -63 45 59 5 -4 44 -6 -14 108 
-53 -64 -35 8 23 -1 46 67 -69 26 2 5 -6 43 -100 -44 
77 -31 -1 -35 -4 23 -18 47 -45 -10 
RSSI :-110 
Input angle :167
Zaxis angle :49 
minval :0 

minval :0 



98 37 -38 99 -94 -44 47 -96 86 54 -57 87 -86 -67 68 -78 
12 75 27 15 -2 -5 -2 -83 72 24 -7 7 28 -31 58 93 
-73 -11 -23 25 5 -2 77 18 -38 72 -7 -6 20 34 -97 39 
29 -70 -16 -29 1 9 -42 70 -57 -59 9 -2 -41 12 0 -103 
56 53 29 -9 -8 -3 -56 -65 72 -46 0 11 0 -42 102 32 
-65 40 -1 32 0 -9 30 -32 127 10 
RSSI :-110 
Input angle :151
Zaxis angle :14 
minval :0 

minval :0 



-23 102 -100 -31 37 -97 95 42 -48 92 -89 -55 62 -84 81 65 
-74 17 1 43 21 -11 93 -34 14 61 5 16 16 16 -84 60 
5 -75 -42 -10 5 23 6 98 -63 -4 -17 1 -20 11 -32 -98 
71 27 21 -37 -24 0 -96 -17 21 -59 2 -16 -6 -21 103 -5 
-43 62 32 29 7 -22 44 -88 50 38 15 8 23 2 -17 103 
-47 -59 -36 23 20 12 -100 47 -30 4 
RSSI :-110 
Input angle :139
Zaxis angle :36 
minval :0 

minval :0 



71 -81 77 76 -78 74 -68 -83 87 -62 59 90 -93 55 -48 -96 
74 26 19 -27 -25 7 -90 -16 28 -63 0 -9 -8 -29 106 -16 
-43 64 19 27 0 -27 37 -83 55 41 8 3 31 0 -8 106 
-51 -58 -30 13 25 7 68 61 -57 40 -5 7 -8 30 -101 -36 
70 -34 -3 -33 -14 22 -77 48 -20 -66 -5 -6 -26 -17 68 -84 
13 77 33 6 -18 -19 -117 64 -109 -1 
RSSI :-110 
Input angle :156
Zaxis angle :41 
minval :0 

minval :0 



-85 32 -26 -85 89 -21 18 89 -90 13 -6 -90 91 -1 -2 89 
-47 -55 -29 8 11 9 64 62 -73 34 -3 4 -3 39 -82 -27 
70 -32 -1 -30 -11 9 -85 55 -4 -71 -2 -4 -36 -8 47 -72 
11 76 38 6 -10 -19 -26 -95 80 6 0 2 17 -32 59 71 
-68 -12 -16 28 16 -1 88 4 -35 63 -2 0 24 32 -77 35 
24 -68 -28 -25 -2 14 126 -33 -94 -7 
RSSI :-110 
Input angle :159
Zaxis angle :0 
minval :0 

minval :0 



93 10 -15 92 -92 -19 25 -90 89 30 -35 86 -84 -41 46 -81 
-2 66 45 7 -5 -20 -23 -87 71 -4 3 -3 28 -23 66 65 
-64 -20 -18 43 21 1 91 4 -17 71 3 4 13 33 -81 48 
39 -55 -36 -29 -5 20 -26 87 -61 -36 -4 1 -36 3 -24 -89 
42 52 37 -26 -17 -12 -76 -49 48 -53 0 -4 4 -35 93 3 
-63 26 13 44 16 -13 70 64 -27 7 
RSSI :-110 
Input angle :146
Zaxis angle :44 
minval :0 

minval :0 



-61 -62 63 -60 56 65 -69 53 -48 -72 74 -44 39 77 -79 34 
25 -55 -10 -48 2 3 -47 76 -72 -37 -7 -17 -16 16 -10 -86 
46 37 49 1 -4 1 -60 -66 54 -59 18 -2 -10 -21 85 14 
-49 34 -16 47 0 -5 82 -38 40 70 -3 18 23 -5 -40 75 
-14 -57 -39 -29 5 1 13 89 -79 19 -17 -8 -1 23 -64 -57 
61 -3 38 -31 -2 4 4 64 -39 -11 
RSSI :-110 
Input angle :151
Zaxis angle :14 
minval :0 

minval :0 



12 -82 82 17 -22 81 -79 -27 29 -78 77 34 -39 73 -71 -42 
64 4 33 -51 -4 1 -95 5 -8 -83 11 -13 -11 -4 59 -57 
-21 61 38 46 0 -5 14 -86 73 13 9 12 7 -8 37 74 
-52 -39 -51 21 5 0 76 44 -38 73 -16 5 3 10 -84 9 
48 -38 -7 -61 -2 5 -66 71 -62 -56 -4 -19 -12 1 7 -82 
21 57 53 8 -3 -3 123 32 -44 -6 
RSSI :-110 
Input angle :136
Zaxis angle :0 
minval :0 

minval :0 



-31 76 -72 -34 36 -70 64 43 -45 66 -62 -51 54 -60 55 56 
-67 -15 -32 51 16 -4 101 4 -10 70 2 9 6 21 -72 38 
31 -61 -40 -43 1 14 -32 91 -60 -33 -9 1 -22 2 -16 -76 
51 42 51 -20 -18 -2 -82 -61 49 -50 1 -9 5 -21 76 5 
-58 38 7 56 5 -12 79 -57 41 60 7 5 22 8 -25 74 
-18 -65 -58 -10 10 11 112 -49 112 2 
RSSI :-110 
Input angle :314
Zaxis angle :0 
minval :0 

minval :0 



48 -59 59 55 -52 53 -57 -52 60 -54 49 60 -69 45 -37 -68 
65 37 37 -45 -18 6 -95 -27 21 -60 0 -12 -7 -26 74 -22 
-48 50 32 41 0 -18 50 -84 56 52 12 1 27 1 2 78 
-37 -62 -57 13 18 12 67 72 -63 39 -6 9 -9 27 -74 -20 
72 -15 0 -58 -8 15 -79 46 -21 -62 -8 -9 -24 -15 45 -64 
-1 66 53 10 -12 -11 -104 0 35 0 
RSSI :-110 
Input angle :156
Zaxis angle :41 
minval :0 

minval :0 



56 -57 53 59 -63 49 -43 -67 69 -39 36 71 -74 31 -26 -75 
55 44 38 -39 -12 0 -89 -37 38 -63 -2 -12 -7 -34 79 -6 
-58 41 28 46 3 -12 61 -74 51 55 12 1 35 2 -16 77 
-22 -67 -55 10 10 5 57 77 -67 33 -4 11 -11 33 -70 -36 
70 -5 2 -55 -8 8 -90 34 -15 -73 -10 -7 -28 -21 54 -58 
-15 69 52 17 -6 -10 -108 -80 -68 0 
RSSI :-110 
Input angle :156
Zaxis angle :44 
minval :0 

minval :0 



-61 50 -47 -64 65 -43 40 68 -69 36 -31 -72 73 -28 23 74 
-52 -39 -38 35 13 3 85 41 -47 54 1 7 3 40 -78 1 
49 -39 -21 -47 -7 11 -65 68 -40 -60 -8 0 -38 -7 19 -75 
23 62 50 -9 -8 -9 -52 -79 68 -22 3 -6 17 -35 67 40 
-65 6 -5 51 12 -5 91 -26 3 72 5 5 29 27 -56 54 
12 -65 -49 -18 3 12 117 -49 20 -2 
RSSI :-110 
Input angle :164
Zaxis angle :44 
minval :0 

minval :0 



-93 7 -3 -93 92 0 -3 92 -92 -9 13 -92 90 19 -24 88 
-24 -62 -31 -6 0 17 34 80 -76 20 -4 0 0 18 -77 -49 
66 -5 13 -28 -17 -5 -86 10 0 -79 1 -4 -17 -5 69 -61 
-13 65 23 21 9 -15 18 -86 76 22 2 3 9 -15 40 82 
-60 -28 -26 15 12 12 78 39 -42 67 -4 3 12 13 -90 17 
44 -50 -9 -30 -14 7 -114 -97 -34 -8 
RSSI :-110 
Input angle :130
Zaxis angle :14 
minval :0 

minval :0 



95 -3 -3 96 -96 -7 12 -95 94 20 -24 93 -90 -30 35 -88 
19 65 52 0 -6 -1 -36 -80 74 -33 9 -6 12 -24 72 61 
-67 0 -15 50 3 -4 87 -10 11 80 2 11 19 19 -78 53 
19 -65 -45 -27 3 5 -16 86 -80 -11 -12 0 -23 12 -31 -89 
58 36 38 -36 -5 2 -80 -36 31 -74 2 -12 -6 -26 94 -8 
-50 45 24 47 0 -6 122 -112 125 6 
RSSI :-110 
Input angle :164
Zaxis angle :39 
minval :0 

minval :0 



-89 2 4 -89 89 7 -10 88 -88 -13 20 -88 85 27 -32 83 
-29 -67 -45 10 9 10 39 78 -72 25 -7 0 -7 24 -70 -55 
73 -11 0 -46 -12 6 -87 16 -2 -75 1 -7 -23 -13 69 -54 
-9 73 44 13 -2 -13 9 -88 74 15 5 4 20 -19 32 82 
-67 -29 -25 38 13 0 82 33 -33 68 -5 5 12 22 -88 8 
47 -57 -30 -36 -4 13 -113 -81 -98 -7 
RSSI :-110 
Input angle :143
Zaxis angle :29 
minval :0 

minval :0 



-94 -30 34 -95 92 40 -47 88 -87 -52 55 -85 82 60 -62 76 
-25 -82 -52 7 -9 22 36 94 -64 20 -3 -9 -9 20 -56 -82 
86 -2 7 -52 -18 -16 -98 12 0 -66 9 -3 -17 -15 96 -26 
-22 83 46 23 20 -12 17 -99 65 20 -1 8 19 -12 1 99 
-72 -46 -33 42 6 22 86 48 -36 58 -7 -1 5 21 -96 -25 
63 -58 -29 -44 -23 1 -90 -49 112 -7 
RSSI :-110 
Input angle :147
Zaxis angle :0 
minval :0 

minval :0 



77 -2 -2 78 -78 -6 10 -77 76 14 -18 75 -74 -23 27 -72 
-11 50 65 20 -19 -4 -34 -94 78 -2 24 0 25 -18 59 49 
-46 -22 -38 57 8 -17 99 -7 -17 76 -6 25 12 30 -62 46 
37 -36 -40 -55 14 13 -22 97 -68 -39 -21 -12 -32 2 -26 -72 
24 45 63 -25 -16 10 -87 -48 56 -54 17 -17 5 -31 77 -5 
-50 11 7 68 -3 -18 76 112 -65 8 
RSSI :-110 
Input angle :176
Zaxis angle :29 
minval :0 

minval :0 



-84 43 -39 -84 87 -36 29 88 -90 23 -18 -91 92 -12 6 92 
-36 -48 -34 1 20 6 53 54 -71 46 -14 6 -6 28 -91 -16 
57 -21 6 -34 -11 17 -66 37 -25 -81 -2 -14 -27 -14 40 -83 
5 61 30 16 -14 -16 -17 -75 84 1 15 2 19 -21 67 63 
-59 -13 -26 22 19 -7 76 4 -23 81 -7 13 13 26 -79 48 
28 -53 -15 -30 3 21 108 95 -64 -6 
RSSI :-110 
Input angle :146
Zaxis angle :20 
minval :0 

minval :0 



52 -93 90 56 -59 88 -85 -62 67 -81 76 75 -76 73 -69 -78 
54 -2 1 -38 -11 18 -72 20 15 -72 12 -21 -16 -21 96 -43 
-12 55 37 12 -14 -15 0 -75 66 34 16 19 26 -9 9 105 
-48 -26 -21 31 19 -9 72 20 -50 54 -21 10 2 27 -104 -14 
40 -38 -24 -30 3 21 -39 64 -38 -65 -3 -24 -25 -5 45 -95 
27 48 36 -14 -20 -4 -112 16 120 -3 
RSSI :-110 
Input angle :151
Zaxis angle :29 
minval :0 

minval :0 



-11 86 -87 -15 19 -85 85 23 -29 84 -81 -35 40 -78 76 44 
-71 -4 7 52 3 1 69 -50 11 67 -10 24 27 26 -61 63 
19 -68 -52 -7 -1 2 31 80 -68 -5 -22 -14 -32 18 -45 -76 
59 38 22 -49 -1 -2 -86 6 27 -61 21 -17 -8 -37 84 -18 
-52 46 40 35 2 -1 20 -83 53 41 10 25 37 1 -4 87 
-32 -63 -44 30 0 3 -114 63 -71 4 
RSSI :-110 
Input angle :141
Zaxis angle :20 
minval :0 

minval :0 



84 3 -9 83 -82 -14 20 -82 79 24 -30 78 -77 -32 34 -75 
14 56 50 15 -11 -20 -26 -108 74 7 -6 4 14 -17 62 55 
-58 0 -29 43 23 -5 110 6 -28 69 -2 -6 12 18 -70 43 
19 -55 -33 -39 -3 23 -38 104 -59 -46 7 1 -21 6 -19 -81 
48 33 47 -21 -22 -8 -90 -64 60 -45 -2 7 -2 -22 83 0 
-44 37 7 52 14 -18 53 48 -62 8 
RSSI :-110 
Input angle :147
Zaxis angle :25 
minval :0 

minval :0 



-60 37 -35 -61 62 -32 30 63 -66 24 -20 -67 69 -16 10 69 
-48 -29 -47 9 34 -9 54 58 -52 49 5 5 -2 22 -69 -9 
42 -39 4 -46 2 27 -70 37 -32 -65 -6 3 -20 -9 27 -64 
26 51 44 17 -26 -3 -16 -78 71 -14 -1 -7 15 -17 55 43 
-55 12 -28 37 11 -25 80 5 -6 73 7 0 12 19 -57 40 
5 -56 -28 -38 20 17 121 63 96 -4 
RSSI :-110 
Input angle :179
Zaxis angle :49 
minval :0 

minval :0 



17 -89 88 23 -26 87 -85 -30 35 -83 80 42 -49 76 -74 -50 
75 6 2 -55 -4 0 -105 15 5 -74 4 1 -22 -28 68 -59 
-25 72 52 18 0 -5 16 -105 68 25 -2 4 35 -12 37 83 
-63 -43 -29 47 4 2 97 43 -41 61 -3 -3 3 36 -90 11 
58 -47 -35 -43 -3 4 -69 79 -44 -60 3 -1 -37 -7 11 -89 
28 70 49 -23 -2 -4 -117 80 -107 -4 
RSSI :-110 
Input angle :141
Zaxis angle :14 
minval :0 

minval :0 



12 97 -98 6 0 -97 97 4 -11 97 -97 -16 19 -96 93 25 
-47 25 -7 59 0 -9 91 -28 24 49 18 -1 31 -2 -53 80 
-9 -52 -55 -25 8 3 -1 95 -54 8 -2 16 -6 29 -64 -72 
53 2 37 -47 -4 6 -92 -22 4 -54 -16 -7 -27 -14 88 -41 
-18 50 35 49 -5 -6 47 -82 50 21 11 -13 20 -21 17 95 
-44 -30 -57 19 7 -3 -63 -1 113 5 
RSSI :-110 
Input angle :176
Zaxis angle :44 
minval :0 

minval :0 



79 10 -14 79 -79 -18 23 -77 75 27 -30 74 -72 -35 41 -69 
19 61 44 13 -14 0 -23 -67 62 -2 19 -11 14 -26 53 60 
-63 3 -23 40 2 -13 71 -1 -15 60 5 21 21 21 -74 32 
14 -62 -30 -36 11 7 -18 69 -54 -32 -22 -1 -26 13 -16 -78 
55 32 42 -19 -10 9 -61 -37 44 -42 7 -21 -6 -29 80 8 
-46 44 7 46 -5 -12 60 -112 -52 6 
RSSI :-110 
Input angle :167
Zaxis angle :32 
minval :0 

minval :0 



-71 32 -26 -72 74 -22 18 76 -77 12 -9 -76 77 -5 0 77 
-40 -36 -31 10 5 -4 65 60 -53 35 -6 12 -12 29 -73 -22 
46 -27 0 -33 2 6 -74 49 -21 -60 -8 -9 -25 -18 43 -64 
15 51 32 8 -12 -7 -25 -85 64 -4 11 -6 24 -18 53 56 
-53 0 -16 29 1 -6 89 -3 -13 64 2 13 10 29 -67 36 
13 -51 -23 -24 6 3 -117 -65 74 -4 
RSSI :-110 
Input angle :167
Zaxis angle :36 
minval :0 

minval :0 



63 -58 53 67 -72 48 -46 -71 74 -41 36 77 -80 31 -26 -81 
62 24 35 -38 -18 1 -75 -54 28 -62 -9 -8 3 -30 84 -3 
-37 55 22 46 -2 -9 76 -58 51 43 9 -3 27 12 -21 80 
-39 -52 -51 10 9 1 35 86 -56 37 1 11 -17 25 -70 -46 
61 -26 0 -51 -3 8 -93 12 -20 -64 -11 0 -18 -22 59 -60 
5 67 49 17 -6 -5 -121 -32 -75 -1 
RSSI :-110 
Input angle :164
Zaxis angle :51 
minval :0 

minval :0 



-52 85 -81 -58 62 -79 76 65 -71 69 -66 -75 78 -63 58 80 
-64 -6 -25 43 2 -13 90 9 -21 77 9 14 13 22 -95 32 
24 -60 -36 -36 12 5 -34 84 -66 -44 -17 4 -25 5 0 -99 
50 39 46 -23 -8 9 -73 -54 60 -52 0 -18 2 -25 97 19 
-52 36 10 49 -2 -19 70 -57 34 72 17 4 24 8 -48 87 
-20 -61 -52 -1 13 -3 97 79 -77 1 
RSSI :-110 
Input angle :167
Zaxis angle :44 
minval :0 

minval :0 



-14 -82 84 -7 4 84 -84 0 5 -83 83 10 -14 83 -82 -16 
51 -32 -11 -41 -4 18 -100 49 -32 -64 -1 12 -19 -20 42 -71 
17 57 43 2 -16 -9 -14 -111 72 -14 -11 -5 25 -13 58 60 
-60 0 -13 41 14 -13 110 15 -7 73 8 -9 5 27 -74 40 
18 -56 -37 -23 8 27 -44 101 -68 -27 6 9 -28 -1 -18 -82 
50 30 31 -29 -20 3 84 48 112 -8 
RSSI :-110 
Input angle :159
Zaxis angle :44 
minval :0 

minval :0 



53 60 -62 51 -47 -65 68 -41 37 72 -72 34 -29 -75 76 -25 
-39 55 28 34 11 -12 57 -78 66 53 -7 2 28 0 2 79 
-42 -53 -41 18 9 15 58 76 -71 47 0 -8 -7 27 -77 -19 
63 -26 -6 -45 -17 4 -88 39 -31 -79 7 1 -22 -14 40 -69 
8 66 44 6 0 -17 -12 -95 86 -1 -3 7 21 -19 59 55 
-67 -9 -17 41 17 5 -37 -97 -111 10 
RSSI :-110 
Input angle :141
Zaxis angle :20 
minval :0 

minval :0 



75 29 -35 73 -72 -37 41 -69 64 47 -52 62 -60 -54 56 -57 
-9 86 43 8 -6 -6 9 -84 78 29 16 5 16 -34 37 71 
-82 -30 -23 37 9 -3 78 33 -53 67 -10 15 28 23 -78 17 
51 -71 -30 -30 1 9 -50 67 -50 -68 -12 -14 -32 20 7 -80 
54 68 38 -21 -9 -1 -50 -68 80 -27 15 -8 -11 -37 76 25 
-82 32 9 43 3 -9 11 64 125 10 
RSSI :-110 
Input angle :151
Zaxis angle :20 
minval :0 

minval :0 



-86 -29 35 -84 81 41 -46 77 -75 -50 53 -72 72 55 -57 69 
-3 -75 -38 -6 9 5 -4 97 -73 3 -11 3 -16 26 -45 -78 
73 18 17 -36 -8 8 -92 -31 15 -71 0 -10 -20 -24 86 -24 
-35 66 30 25 -6 -9 53 -82 65 34 11 2 28 -15 -5 90 
-52 -53 -33 21 10 -3 63 73 -51 52 -5 10 6 31 -87 -24 
67 -34 -11 -37 0 12 -73 -17 43 -8 
RSSI :-110 
Input angle :164
Zaxis angle :41 
minval :0 

minval :0 



95 15 -19 95 -94 -22 29 -92 90 33 -38 88 -85 -46 50 -81 
8 76 44 19 -6 0 -22 -91 69 -2 4 4 25 -21 67 68 
-77 -11 -30 37 1 -6 93 6 -16 67 -5 2 14 30 -85 45 
33 -69 -28 -38 6 3 -29 87 -61 -33 -1 -6 -33 5 -22 -93 
56 52 46 -16 -3 5 -77 -51 49 -50 6 0 3 -34 95 5 
-65 42 2 48 -3 -5 70 -16 -103 7 
RSSI :-110 
Input angle :151
Zaxis angle :0 
minval :0 

minval :0 


