
95 36 -39 94 -92 -44 51 -88 84 56 -62 80 -75 -67 71 -71 
12 58 28 13 -15 0 -11 -103 81 -26 -4 -1 20 -5 49 88 
-58 -3 -21 23 4 -15 101 17 2 85 1 -3 0 22 -99 24 
18 -56 -17 -26 13 8 -40 95 -83 -19 3 3 -20 -5 4 -101 
48 33 30 -9 -11 10 -80 -65 40 -74 -2 2 11 -18 97 29 
-46 37 0 32 -7 -14 121 112 -119 7 
RSSI :-110 
Input angle :164
Zaxis angle :39 
minval :0 

minval :0 



-91 23 -16 -92 95 -10 2 95 -94 0 6 -94 92 12 -19 92 
-37 -57 -36 7 13 -2 50 80 -63 35 -9 -15 -10 27 -83 -43 
66 -20 5 -37 0 14 -92 25 -18 -72 16 -5 -24 -15 63 -69 
0 68 33 14 -13 -4 0 -95 74 3 0 18 23 -17 47 80 
-65 -17 -23 28 7 -11 91 27 -22 70 -18 -4 10 28 -90 26 
33 -59 -22 -31 10 10 0 -33 47 -5 
RSSI :-110 
Input angle :156
Zaxis angle :0 
minval :0 

minval :0 



64 -67 63 68 -72 59 -56 -75 78 -50 45 82 -84 39 -34 -86 
62 17 27 -24 -16 7 -82 -26 17 -69 0 3 -1 -30 92 -7 
-33 54 13 35 -2 -18 52 -66 59 39 -3 -1 29 4 -21 91 
-43 -49 -37 4 17 4 52 67 -52 48 1 -2 -14 26 -82 -43 
59 -27 5 -36 -8 15 -81 28 -29 -65 2 1 -22 -21 63 -67 
8 65 34 14 -12 -11 -115 32 -89 -2 
RSSI :-110 
Input angle :151
Zaxis angle :29 
minval :0 

minval :0 



-25 88 -87 -30 34 -84 83 39 -45 79 -78 -48 53 -75 71 56 
-62 10 -6 34 8 -11 103 -14 20 74 -11 2 18 21 -75 53 
8 -62 -31 -16 9 10 -19 103 -77 -4 0 -11 -25 11 -28 -86 
55 24 24 -25 -12 6 -93 -46 24 -73 11 2 -5 -28 91 -3 
-40 48 18 30 0 -13 68 -78 63 43 -5 9 28 3 -19 89 
-36 -52 -33 9 13 1 -117 15 95 6 
RSSI :-110 
Input angle :147
Zaxis angle :14 
minval :0 

minval :0 



-2 -87 85 3 -7 87 -85 -14 18 -83 83 22 -28 82 -79 -32 
62 -22 -9 -34 -1 10 -93 33 -23 -65 5 -3 -32 -19 52 -67 
3 66 35 2 -9 -4 -6 -97 69 -4 1 5 27 -24 49 70 
-64 -15 -11 33 6 -7 94 19 -13 68 -4 1 17 32 -80 32 
33 -56 -30 -21 5 8 -45 86 -62 -32 0 -5 -36 7 -5 -87 
46 46 28 -22 -9 2 96 96 -57 -7 
RSSI :-110 
Input angle :151
Zaxis angle :0 
minval :0 

minval :0 



-62 -68 73 -57 53 76 -79 48 -43 -82 85 -38 34 87 -86 30 
26 -62 -25 -21 12 13 -41 91 -74 -22 0 -5 -24 9 -8 -92 
53 42 27 -17 -16 9 -76 -64 46 -61 4 0 -2 -26 90 24 
-54 40 10 31 -5 -18 83 -55 46 60 -2 4 25 4 -45 80 
-25 -63 -33 2 18 1 29 95 -72 26 -3 -4 -12 23 -63 -68 
68 -3 8 -32 -5 16 -14 31 115 -10 
RSSI :-110 
Input angle :156
Zaxis angle :0 
minval :0 

minval :0 



66 52 -56 63 -60 -58 63 -57 52 66 -68 50 -47 -71 72 -42 
-21 69 39 24 2 -7 19 -86 64 37 1 13 37 -12 16 83 
-58 -41 -31 32 14 7 76 44 -53 53 -13 0 1 40 -84 -9 
55 -45 -22 -40 -6 4 -63 62 -34 -66 4 -13 -39 -9 29 -79 
31 65 43 -10 -3 -6 -44 -76 72 -17 11 7 19 -34 69 48 
-71 13 -3 44 6 0 -6 -1 90 9 
RSSI :-110 
Input angle :138
Zaxis angle :20 
minval :0 

minval :0 



-49 -5 8 -48 48 11 -13 47 -46 -17 21 -45 43 23 -23 42 
22 53 -32 -61 20 -35 -9 2 24 74 -5 -16 6 -1 -33 -35 
-57 8 66 -17 26 30 0 -10 -78 1 17 0 0 7 43 -23 
6 -57 0 68 -35 20 9 3 13 -78 -3 17 -6 -2 11 47 
54 20 -66 -19 -9 -39 -5 8 69 38 -15 -7 3 -5 -49 -1 
-35 45 36 -58 40 1 35 -33 27 14 
RSSI :-110 
Input angle :183
Zaxis angle :32 
minval :0 

minval :0 



-4 -48 49 0 -1 48 -48 -4 7 -48 47 10 -13 47 -46 -15 
-66 55 37 -65 52 10 -14 -11 -74 40 19 -6 18 -10 27 -40 
-33 -80 55 51 -21 49 15 -10 -18 -82 1 20 4 21 32 36 
86 -10 -66 37 -41 -34 6 17 84 4 -20 -3 -21 -1 -44 20 
-10 86 -20 -73 43 -30 -18 2 -26 79 10 -17 6 -20 -7 -48 
-80 -33 76 0 18 50 -31 110 -58 -12 
RSSI :-110 
Input angle :212
Zaxis angle :0 
minval :0 

minval :0 



31 54 -56 28 -24 -57 59 -21 17 60 -61 13 -11 -61 61 -9 
30 -46 -17 77 -55 8 9 -11 50 -72 -5 3 -18 13 -11 61 
37 42 -69 -39 5 -56 7 12 56 67 -2 -6 -8 -21 -58 -24 
-50 26 56 -56 53 18 -14 4 -80 37 6 0 22 -1 40 -47 
-11 -55 38 69 -34 44 0 -14 -10 -87 -1 6 -3 23 37 50 
56 4 -77 19 -33 -45 99 -95 -51 1 
RSSI :-110 
Input angle :3
Zaxis angle :0 
minval :0 

minval :0 



-70 29 -24 -72 72 -21 16 73 -75 12 -8 -75 75 -3 0 75 
42 22 -72 -35 -7 -56 18 21 36 75 17 -6 -4 -5 -72 -22 
-34 34 53 -60 56 7 -26 11 -82 16 2 18 6 -3 40 -63 
-24 -41 44 67 -21 52 -4 -28 7 -83 -18 -2 1 6 51 55 
46 -13 -77 23 -44 -36 28 2 79 27 7 -17 -7 0 -66 34 
0 48 0 -80 46 -32 68 31 123 17 
RSSI :-110 
Input angle :257
Zaxis angle :0 
minval :0 

minval :0 



-46 -54 57 -43 40 59 -61 37 -34 -63 65 -28 23 68 -68 19 
5 55 -7 -78 41 -25 -20 28 -35 82 -4 -16 13 -7 -2 -71 
-55 -9 77 13 12 48 -21 -27 -69 -57 17 0 4 14 69 18 
22 -51 -32 71 -49 0 32 -12 72 -54 -4 17 -14 1 -35 62 
45 32 -60 -50 12 -48 5 34 33 83 -15 -8 3 -14 -52 -49 
-44 33 66 -42 43 23 -107 78 81 2 
RSSI :-110 
Input angle :193
Zaxis angle :0 
minval :0 

minval :0 



-2 -76 75 2 -6 75 -75 -10 12 -75 74 16 -24 71 -69 -29 
-29 55 56 -47 53 21 -43 3 -81 24 2 -17 9 3 46 -60 
-44 -43 27 68 -32 47 8 -42 -4 -84 16 6 -5 8 44 61 
52 -34 -73 9 -36 -45 38 19 82 19 -11 13 -6 -7 -70 27 
15 60 8 -73 52 -23 -27 33 -39 75 -10 -14 9 -4 -9 -75 
-62 -1 67 29 7 56 16 -81 -58 -16 
RSSI :-110 
Input angle :186
Zaxis angle :14 
minval :0 

minval :0 



42 76 -79 38 -35 -80 82 -31 27 83 -84 22 -14 -86 86 -10 
6 -24 -41 51 -58 -31 22 -27 70 -82 0 23 -11 -25 -14 86 
22 13 -38 -53 48 -45 20 28 59 89 -22 -5 27 -4 -80 -33 
-18 17 62 -22 33 57 -33 12 -99 39 10 -20 -1 28 52 -69 
-12 -22 6 65 -64 15 -2 -34 -8 -106 16 16 -26 -8 49 71 
24 -6 -64 -13 0 -66 -93 33 -68 5 
RSSI :-110 
Input angle :134
Zaxis angle :0 
minval :0 

minval :0 



-41 58 -55 -45 47 -53 50 50 -54 45 -40 -58 61 -36 34 61 
56 1 -63 3 -25 -55 10 5 77 15 2 -6 -7 -3 -68 18 
-16 53 10 -62 59 -11 -8 8 -37 70 5 4 5 -6 0 -70 
-48 -29 57 26 -3 60 -6 -10 -54 -57 -5 4 4 6 67 20 
41 -38 -42 47 -56 -20 11 -2 67 -42 -2 -6 -7 2 -35 60 
23 50 -35 -51 34 -48 102 -80 -117 18 
RSSI :-110 
Input angle :260
Zaxis angle :14 
minval :0 

minval :0 



-73 9 -6 -74 74 -2 -1 74 -74 -6 9 -74 73 13 -17 71 
45 18 -42 -44 24 -45 0 39 10 80 -1 -23 6 0 -63 -38 
-29 39 55 -27 37 35 -39 -8 -81 -5 22 3 -1 6 52 -50 
-28 -39 14 59 -43 29 18 -35 29 -75 -10 20 -5 -3 36 64 
44 -19 -61 -2 -13 -50 29 27 65 47 -16 -15 4 -4 -71 18 
5 48 17 -59 51 0 3 95 9 13 
RSSI :-110 
Input angle :14
Zaxis angle :0 
minval :0 

minval :0 



39 -54 51 41 -45 48 -46 -47 50 -44 40 52 -54 37 -33 -56 
-40 10 77 -12 36 42 -24 -19 -61 -10 0 8 11 8 64 -15 
0 -41 -15 77 -50 23 24 -18 28 -55 -8 -1 -10 9 0 66 
39 12 -72 -31 -11 -54 11 29 46 40 3 -7 -5 -12 -63 -19 
-22 35 48 -61 55 4 -30 3 -50 37 6 5 13 -2 32 -57 
-28 -30 45 64 -19 51 -82 -65 89 -15 
RSSI :-110 
Input angle :13
Zaxis angle :0 
minval :0 

minval :0 



74 12 -16 73 -73 -19 22 -71 70 26 -31 68 -67 -35 36 -65 
-12 -41 55 61 -47 65 -8 -24 -3 -87 0 2 0 34 51 54 
43 -1 -76 33 -48 -64 25 -1 84 21 -2 -1 -32 -9 -66 35 
-10 42 -13 -82 74 -31 -5 24 -42 75 1 -1 17 -29 -13 -74 
-36 -22 82 7 11 79 -22 -12 -63 -59 1 2 24 23 75 5 
31 -29 -30 77 -80 -9 35 -63 26 -12 
RSSI :-110 
Input angle :3
Zaxis angle :0 
minval :0 

minval :0 



17 61 -61 15 -11 -62 63 -7 2 63 -63 0 3 -63 63 6 
34 -48 -39 67 -61 0 7 7 48 -33 0 -14 -5 13 -24 58 
37 47 -53 -57 16 -59 -9 4 20 55 13 2 -11 -8 -50 -38 
-54 25 68 -38 53 30 -2 -9 -58 7 -6 12 11 -8 51 -37 
-10 -59 16 77 -43 43 10 0 10 -57 -10 -9 6 12 22 59 
59 7 -78 -2 -30 -53 -46 -96 -70 6 
RSSI :-110 
Input angle :296
Zaxis angle :14 
minval :0 

minval :0 



-29 73 -70 -36 38 -69 68 40 -43 66 -64 -46 50 -61 56 55 
70 -27 -74 21 -38 -53 24 18 60 35 -3 3 -16 -1 -69 38 
7 76 -2 -77 61 -21 -24 18 -50 49 -2 -3 5 -15 -14 -78 
-75 -14 74 18 5 65 -10 -29 -34 -60 4 -1 12 9 79 3 
32 -69 -39 66 -64 -12 30 -2 67 -19 0 4 -12 10 -22 76 
57 50 -53 -55 29 -58 2 16 -105 17 
RSSI :-110 
Input angle :203
Zaxis angle :20 
minval :0 

minval :0 



-4 -70 70 -1 -2 70 -70 -6 10 -70 69 13 -17 69 -67 -20 
-43 38 61 -45 56 36 -37 9 -73 8 13 -10 18 0 38 -59 
-25 -52 30 70 -51 43 0 -38 13 -73 7 16 -3 18 47 52 
57 -10 -75 14 -30 -60 37 10 68 28 -17 3 -16 -9 -62 33 
-2 57 7 -76 66 -10 -20 33 -49 56 1 -17 12 -13 -11 -69 
-54 -20 70 31 -4 66 83 -65 -72 -16 
RSSI :-110 
Input angle :193
Zaxis angle :0 
minval :0 

minval :0 



50 -41 38 52 -55 34 -32 -57 58 -28 25 60 -61 23 -18 -62 
-56 -17 74 13 5 65 -23 -22 -50 -54 12 6 15 12 65 -1 
29 -50 -32 68 -64 -11 28 -16 65 -33 -9 10 -16 11 -14 63 
38 44 -56 -50 25 -60 8 31 12 72 -7 -12 -6 -19 -57 -30 
-52 26 62 -42 49 42 -32 0 -73 -7 14 -3 20 -2 44 -47 
-11 -57 24 71 -53 37 92 -96 118 -18 
RSSI :-110 
Input angle :207
Zaxis angle :0 
minval :0 

minval :0 



64 25 -27 62 -58 -30 36 -56 55 40 -41 54 -50 -42 46 -45 
-14 -56 32 52 -36 44 -1 -25 10 -79 4 14 6 13 35 58 
58 4 -61 18 -32 -48 24 0 74 29 -13 0 -14 3 -65 18 
-17 55 0 -61 55 -16 -8 23 -48 64 3 -13 3 -15 0 -66 
-49 -31 59 15 4 57 -19 -16 -47 -64 12 6 14 6 64 16 
41 -42 -29 55 -56 -11 43 -127 62 -8 
RSSI :-110 
Input angle :341
Zaxis angle :0 
minval :0 

minval :0 



34 64 -67 29 -26 -67 69 -22 16 70 -71 12 -8 -72 71 -5 
20 -64 -26 61 -55 7 8 -4 43 -51 -1 11 -2 12 -12 71 
58 33 -52 -41 5 -55 1 9 39 54 -10 -4 -12 -4 -65 -32 
-48 46 53 -40 51 21 -10 0 -64 20 6 -9 8 -10 47 -54 
-31 -59 24 61 -33 45 2 -9 -6 -67 7 9 7 10 41 59 
65 -15 -65 6 -34 -44 12 -111 79 3 
RSSI :-110 
Input angle :207
Zaxis angle :0 
minval :0 

minval :0 



-58 37 -34 -61 62 -31 27 64 -66 24 -19 -66 68 -15 10 68 
43 31 -61 -32 0 -60 10 8 41 68 0 -5 -9 -11 -69 -8 
-41 33 45 -52 57 18 -11 8 -76 22 5 1 13 -6 25 -65 
-19 -49 38 57 -32 50 -4 -12 -1 -79 -3 5 2 14 55 41 
53 -6 -66 20 -41 -42 13 -1 76 18 -4 -4 -14 -1 -54 43 
-6 52 -2 -69 53 -28 96 47 61 17 
RSSI :-110 
Input angle :212
Zaxis angle :0 
minval :0 

minval :0 



-64 -17 22 -62 60 28 -31 58 -57 -33 37 -55 53 40 -43 50 
22 57 -26 -58 37 -37 -1 6 -7 65 6 -4 -6 -16 -37 -55 
-61 5 62 -12 29 44 -6 -2 -60 -26 2 7 17 -1 61 -24 
10 -60 -5 63 -50 15 4 -4 39 -53 -7 0 -2 17 5 66 
56 25 -59 -23 0 -52 3 5 40 52 1 -7 -15 -7 -65 -11 
-39 47 38 -52 51 12 18 111 -5 6 
RSSI :-110 
Input angle :359
Zaxis angle :0 
minval :0 

minval :0 



-37 -51 53 -33 28 56 -57 26 -24 -58 60 -20 16 60 -60 14 
-16 63 5 -65 48 -19 -17 2 -35 39 9 7 -3 -20 0 -63 
-58 -28 61 23 5 52 2 -18 -27 -45 -10 7 20 1 59 19 
44 -48 -38 52 -52 -6 16 6 50 -15 -4 -10 -6 19 -34 52 
35 54 -39 -52 21 -47 -11 13 0 52 12 0 -17 -10 -39 -49 
-61 20 59 -27 40 33 47 -49 28 -3 
RSSI :-110 
Input angle :317
Zaxis angle :0 
minval :0 

minval :0 



45 -52 50 47 -50 48 -45 -52 54 -42 37 58 -61 32 -29 -62 
-59 20 55 -1 23 38 -16 -29 -48 -41 7 20 10 -15 68 -11 
-2 -62 -15 53 -43 13 32 -9 52 -36 -21 2 12 13 -5 68 
61 14 -47 -28 0 -45 -1 34 21 59 5 -20 -16 8 -64 -26 
-29 55 40 -37 43 13 -32 -10 -63 2 19 9 -4 -18 41 -55 
-44 -45 25 49 -24 38 50 48 102 -16 
RSSI :-110 
Input angle :315
Zaxis angle :0 
minval :0 

minval :0 



10 71 -72 4 -2 -72 72 1 -6 71 -71 -12 16 -70 68 20 
37 -32 -51 31 -46 -25 28 -16 88 -24 -15 13 -5 -6 -36 61 
20 41 -19 -57 36 -36 7 32 -2 92 -9 -18 7 -4 -49 -52 
-48 7 59 -1 27 45 -33 -1 -89 -22 20 -4 2 8 63 -34 
4 -48 -13 59 -50 16 8 -32 46 -80 -1 20 -8 0 16 69 
45 18 -52 -29 -1 -53 15 -95 -7 15 
RSSI :-110 
Input angle :188
Zaxis angle :0 
minval :0 

minval :0 



-63 30 -28 -64 66 -24 20 67 -68 16 -12 -68 69 -9 5 69 
44 28 -51 -38 11 -54 18 15 53 67 -15 -5 1 -7 -68 -15 
-39 36 50 -38 48 26 -18 14 -78 34 8 -13 6 3 32 -62 
-24 -47 23 59 -36 41 -9 -22 -11 -85 11 11 -4 6 50 47 
51 -11 -63 8 -29 -46 23 -2 85 13 -14 6 -4 -6 -58 38 
-3 53 8 -63 52 -16 124 -17 5 20 
RSSI :-110 
Input angle :188
Zaxis angle :0 
minval :0 

minval :0 



-25 -63 64 -20 15 66 -66 12 -9 -67 67 -4 1 67 -67 0 
-35 48 42 -49 55 10 -20 6 -62 44 8 -12 9 -5 23 -63 
-39 -45 35 53 -26 50 -1 -22 -29 -70 10 13 2 10 58 35 
55 -24 -61 20 -40 -39 20 4 76 -7 -14 7 -11 0 -50 45 
10 59 -4 -64 48 -30 -9 19 -15 74 -2 -16 4 -11 -30 -60 
-60 -5 63 13 15 54 -24 110 31 -8 
RSSI :-110 
Input angle :223
Zaxis angle :51 
minval :0 

minval :0 



69 3 -8 68 -68 -12 16 -67 66 20 -26 63 -62 -30 32 -60 
-22 -48 20 55 -44 40 4 -23 -8 -80 3 18 -5 6 51 46 
52 -9 -58 4 -28 -52 21 9 80 9 -19 -2 -4 -6 -57 37 
-6 52 10 -58 59 -11 -15 18 -33 74 7 -17 8 -2 -21 -65 
-50 -18 52 25 -3 59 -12 -20 -63 -50 15 12 0 8 68 -2 
29 -44 -37 45 -56 -20 4 -31 -14 -13 
RSSI :-110 
Input angle :199
Zaxis angle :0 
minval :0 

minval :0 



-2 66 -65 -7 10 -65 64 16 -20 63 -62 -23 25 -61 59 27 
56 -30 -63 25 -44 -34 20 12 73 -6 -13 -5 -3 2 -46 47 
12 63 -7 -67 46 -31 -17 17 -14 72 9 -11 -1 -4 -34 -56 
-64 -2 67 9 17 53 -11 -21 -64 -34 8 11 4 0 62 -20 
21 -61 -27 62 -55 5 23 -6 49 -54 -13 4 -1 3 5 66 
54 34 -54 -40 10 -55 -98 0 -123 15 
RSSI :-110 
Input angle :26
Zaxis angle :20 
minval :0 

minval :0 



58 -51 49 59 -62 45 -41 -65 67 -37 33 68 -71 28 -25 -72 
-69 -4 85 18 15 52 -21 -28 -64 -59 14 11 12 0 76 -7 
21 -66 -36 80 -55 0 32 -12 75 -43 -15 11 -3 10 -14 75 
57 38 -69 -54 12 -53 3 34 23 84 -6 -17 -10 -6 -68 -34 
-53 44 73 -48 48 25 -34 -5 -87 -1 18 -1 8 -7 51 -57 
-29 -63 29 82 -38 39 101 -96 -26 -22 
RSSI :-110 
Input angle :207
Zaxis angle :0 
minval :0 

minval :0 



-6 73 -72 -10 15 -71 70 20 -22 69 -68 -27 30 -67 65 33 
55 -46 -72 46 -57 -27 31 9 86 8 -19 3 -17 8 -52 50 
29 65 -28 -81 38 -51 -17 27 -28 81 2 -19 -2 -20 -35 -63 
-71 8 85 -7 37 52 -23 -23 -72 -49 19 6 19 1 70 -20 
8 -72 -14 85 -60 22 28 -15 67 -55 -11 16 -7 18 0 72 
67 26 -74 -43 -4 -63 -119 80 8 20 
RSSI :-110 
Input angle :213
Zaxis angle :0 
minval :0 

minval :0 



72 -14 10 72 -73 5 0 -73 73 6 -11 72 -71 -15 18 -70 
-62 -26 61 35 -9 57 4 -30 -22 -77 -1 16 5 6 64 34 
42 -52 -49 50 -54 -23 28 12 80 -3 -15 -5 -7 3 -52 50 
36 56 -34 -62 35 -47 -19 23 -17 78 9 -14 -1 -8 -38 -62 
-63 23 68 -16 33 47 -17 -24 -70 -39 10 13 8 0 71 -17 
-3 -67 -2 71 -55 21 -29 -112 -107 -15 
RSSI :-110 
Input angle :352
Zaxis angle :0 
minval :0 

minval :0 



-11 72 -69 -14 21 -70 67 22 -26 64 -64 -31 35 -64 59 38 
43 -40 -58 40 -50 -32 31 9 84 3 -24 0 -4 5 -53 47 
24 54 -21 -64 44 -41 -17 23 -28 80 6 -21 -3 -6 -34 -62 
-59 9 68 -4 27 54 -19 -22 -70 -45 19 13 7 -2 71 -16 
5 -61 -13 66 -58 12 30 -11 65 -53 -18 15 0 8 -2 69 
54 19 -61 -32 4 -60 -116 -80 111 19 
RSSI :-110 
Input angle :352
Zaxis angle :0 
minval :0 

minval :0 



-25 -82 85 -17 10 81 -83 10 -6 -87 86 -1 -1 86 -83 -4 
-19 40 22 -57 55 6 -33 7 -86 35 29 -10 -9 -10 33 -78 
-34 -29 52 37 -22 51 1 -35 -12 -91 4 32 13 -6 67 50 
35 -26 -50 36 -43 -34 28 11 93 9 -30 -7 3 13 -65 52 
14 43 -27 -59 45 -31 -19 29 -32 88 12 -30 -14 0 -33 -76 
-44 3 62 -5 18 51 -35 126 -54 -15 
RSSI :-110 
Input angle :326
Zaxis angle :0 
minval :0 

minval :0 



-92 51 -49 -93 95 -44 35 99 -103 29 -27 -103 106 -21 14 105 
50 19 -61 -17 -6 -61 12 20 74 84 -17 -28 3 12 -101 -17 
-37 40 31 -50 57 11 -25 6 -103 41 31 -7 -9 -3 43 -96 
-28 -45 42 40 -29 50 -2 -29 -17 -109 1 30 0 -10 82 63 
50 -16 -52 31 -46 -39 26 7 108 20 -26 -9 12 6 -87 62 
7 55 -13 -61 49 -31 -21 -49 51 3 
RSSI :-110 
Input angle :333
Zaxis angle :0 
minval :0 

minval :0 



-25 -100 104 -19 11 103 -104 9 -2 -104 103 3 -10 104 -101 -17 
-32 47 48 -45 54 13 -28 13 -86 42 21 -14 0 3 44 -95 
-38 -46 36 57 -28 48 -5 -32 -17 -95 7 25 -1 -1 80 64 
56 -24 -64 18 -42 -38 32 1 100 12 -25 1 5 -4 -82 63 
8 62 0 -66 44 -30 -7 30 -32 96 7 -25 1 4 -42 -96 
-61 -3 66 13 17 55 -42 79 63 -2 
RSSI :-110 
Input angle :165
Zaxis angle :0 
minval :0 

minval :0 



68 -8 3 69 -69 1 0 -69 68 5 -10 68 -67 -14 18 -66 
-39 -40 28 47 -17 47 7 -19 -19 -86 0 22 3 -10 58 36 
51 -23 -52 16 -41 -28 17 11 88 2 -22 -5 8 5 -50 47 
10 56 0 -55 38 -32 -15 13 -29 83 12 -19 -8 6 -31 -61 
-57 -4 53 15 18 46 -9 -18 -72 -49 15 16 -4 -9 67 -13 
19 -53 -30 46 -50 6 10 -15 104 -15 
RSSI :-110 
Input angle :333
Zaxis angle :0 
minval :0 

minval :0 



-62 49 -43 -66 67 -42 39 68 -71 35 -31 -73 75 -27 23 75 
57 14 -66 -18 -8 -47 6 30 60 48 -12 -18 9 -2 -78 0 
-26 52 34 -59 47 2 -30 -2 -61 47 20 -7 0 9 21 -76 
-43 -39 49 48 -13 45 10 -29 -27 -72 1 21 -8 -2 67 40 
49 -31 -61 32 -38 -28 26 17 77 -9 -22 -3 4 -8 -54 56 
18 56 -17 -67 37 -30 -42 95 76 19 
RSSI :-110 
Input angle :355
Zaxis angle :0 
minval :0 

minval :0 



42 33 -36 40 -38 -38 41 -35 34 43 -44 31 -29 -46 47 -27 
-1 -72 0 70 -46 22 20 -9 34 -79 -4 15 -2 -4 11 53 
70 13 -68 -16 -9 -51 3 22 67 53 -13 -9 5 0 -54 -1 
-33 64 35 -60 51 3 -22 -2 -70 51 12 -11 0 5 17 -51 
-54 -47 49 50 -15 49 7 -21 -29 -81 7 14 -4 -2 46 28 
62 -37 -60 36 -43 -29 89 81 33 -2 
RSSI :-110 
Input angle :181
Zaxis angle :14 
minval :0 

minval :0 



-57 -3 6 -57 56 10 -13 56 -55 -16 20 -54 52 25 -26 51 
59 32 -54 -28 -3 -41 -10 15 41 67 0 -13 0 1 -43 -37 
-46 49 41 -44 41 7 -12 -14 -75 24 12 3 -1 0 49 -29 
-34 -58 32 52 -18 37 17 -8 -2 -79 -6 11 1 -1 15 55 
65 -17 -59 15 -32 -27 2 19 77 13 -9 -8 0 1 -58 1 
0 68 0 -61 34 -22 112 -97 -47 17 
RSSI :-110 
Input angle :327
Zaxis angle :0 
minval :0 

minval :0 



-3 78 -78 -7 12 -78 77 17 -19 75 -74 -24 27 -73 71 31 
43 -40 -41 52 -41 -14 23 -5 75 -19 -10 2 -3 2 -51 59 
27 52 -39 -53 24 -37 -1 23 0 77 0 -10 -1 -4 -43 -65 
-57 13 61 -26 29 32 -21 -7 -74 -22 9 3 4 0 74 -24 
4 -58 9 65 -39 18 14 -18 45 -63 -4 8 -1 4 5 78 
56 18 -66 -9 -8 -42 -44 32 92 14 
RSSI :-110 
Input angle :357
Zaxis angle :0 
minval :0 

minval :0 



-68 -45 49 -66 63 52 -56 59 -57 -58 61 -55 51 64 -66 47 
9 53 -18 -59 45 -20 -12 14 -33 78 8 -13 -5 2 -26 -77 
-53 -5 61 -3 5 49 -10 -15 -62 -58 10 12 0 -5 82 -5 
19 -50 -14 60 -49 -5 17 -6 70 -49 -13 7 5 1 -15 80 
44 31 -54 -28 18 -46 1 18 31 79 -3 -15 -2 5 -73 -37 
-41 34 41 -45 40 30 -85 14 20 2 
RSSI :-110 
Input angle :328
Zaxis angle :0 
minval :0 

minval :0 



101 -32 27 103 -102 24 -16 -103 101 -10 5 107 -109 0 5 -105 
-52 -37 73 43 -18 65 -24 -33 -57 -81 27 24 -11 7 99 38 
48 -40 -58 60 -57 -35 39 -12 91 -34 -29 18 -3 -15 -62 87 
22 58 -41 -73 49 -45 3 42 5 99 -10 -30 15 0 -70 -81 
-62 13 82 -26 32 60 -40 -8 -95 -15 35 3 -1 15 94 -42 
6 -62 -2 83 -64 16 21 -16 69 -3 
RSSI :-110 
Input angle :3
Zaxis angle :0 
minval :0 

minval :0 



-61 -27 31 -59 57 34 -38 55 -54 -40 43 -51 48 46 -49 44 
1 58 -14 -82 42 -37 -8 22 11 89 -5 -29 18 4 -28 -60 
-57 -13 83 8 25 50 -18 -15 -89 -12 30 2 -8 16 65 -11 
29 -50 -30 78 -55 9 19 -14 35 -83 -11 28 -13 -13 -6 66 
40 41 -66 -50 4 -56 9 22 71 54 -24 -16 16 -10 -63 -21 
-50 29 62 -55 53 18 -38 94 68 13 
RSSI :-110 
Input angle :181
Zaxis angle :0 
minval :0 

minval :0 



44 -54 52 48 -50 48 -46 -53 55 -43 40 57 -59 37 -33 -60 
-56 -11 74 12 22 53 -8 -12 -82 -24 18 -3 -1 6 68 -15 
27 -51 -30 69 -57 9 14 -5 43 -72 0 18 -5 -2 0 69 
42 40 -59 -45 7 -57 1 15 58 61 -18 -4 4 -4 -67 -21 
-50 30 59 -46 55 20 -15 -2 -75 39 10 -15 3 5 38 -58 
-17 -55 25 70 -36 45 -71 95 33 -21 
RSSI :-110 
Input angle :175
Zaxis angle :0 
minval :0 

minval :0 



40 43 -45 37 -34 -47 49 -31 28 51 -52 25 -23 -53 55 -21 
12 -64 -10 73 -50 17 14 -13 31 -78 -3 25 -1 1 3 58 
58 28 -68 -28 -5 -53 8 17 71 47 -23 -10 0 -1 -57 -11 
-42 50 45 -58 52 12 -19 4 -64 54 15 -21 1 0 26 -53 
-36 -54 44 59 -22 48 0 -19 -35 -76 16 20 0 1 43 38 
61 -21 -69 27 -40 -35 77 33 -62 -5 
RSSI :-110 
Input angle :199
Zaxis angle :0 
minval :0 

minval :0 



-55 -46 48 -53 50 51 -53 48 -44 -56 59 -41 38 60 -61 36 
-8 60 7 -72 50 -31 -17 12 -32 93 7 -20 6 10 -16 -70 
-54 -27 67 27 16 56 -7 -20 -79 -56 17 13 -11 3 71 1 
40 -45 -44 57 -59 -2 21 -2 74 -64 -17 13 0 -12 -22 67 
32 50 -45 -57 15 -56 -3 21 42 88 -8 -20 11 2 -61 -37 
-57 21 66 -29 50 30 123 78 121 4 
RSSI :-110 
Input angle :172
Zaxis angle :0 
minval :0 

minval :0 



103 -45 40 101 -104 34 -25 -104 105 -20 13 109 -107 10 1 -107 
-35 -41 81 31 -13 65 -7 -16 -58 -74 25 17 -5 15 104 28 
51 -23 -51 68 -59 -34 15 0 86 -39 -15 19 -11 -13 -55 92 
13 54 -53 -69 44 -49 -1 15 18 96 -10 -22 14 -6 -70 -82 
-52 -1 83 -33 35 57 -15 -9 -95 -10 29 -2 4 15 96 -52 
16 -56 15 88 -65 19 15 -48 72 -3 
RSSI :-110 
Input angle :188
Zaxis angle :0 
minval :0 

minval :0 



-80 16 -12 -80 81 -6 0 81 -81 -4 9 -81 80 13 -17 78 
35 44 -53 -43 19 -38 0 14 37 72 -4 -10 5 -9 -70 -39 
-52 23 55 -40 33 27 -13 -3 -80 15 11 -1 8 7 55 -58 
-7 -56 25 63 -37 22 6 -12 5 -80 -1 11 -9 6 43 68 
56 4 -68 5 -14 -40 10 9 76 27 -10 -4 -2 -11 -78 20 
-21 53 13 -66 43 -1 69 79 -35 16 
RSSI :-110 
Input angle :1
Zaxis angle :0 
minval :0 

minval :0 



-21 -73 74 -16 12 75 -76 8 -4 -76 76 0 -4 76 -75 -8 
-49 46 57 -64 49 19 -26 -2 -70 35 8 -8 15 12 28 -70 
-31 -60 49 70 -32 41 10 -24 -11 -78 6 10 -16 11 61 45 
66 -13 -82 27 -33 -41 20 16 78 6 -12 3 -6 -19 -61 45 
-3 67 -3 -86 48 -20 -21 15 -28 74 0 -12 20 -2 -28 -70 
-64 -21 84 18 6 52 -7 -50 -14 -12 
RSSI :-110 
Input angle :191
Zaxis angle :0 
minval :0 

minval :0 



35 -64 62 37 -40 61 -58 -43 47 -56 53 50 -54 49 -45 -57 
-58 -14 76 0 21 53 -6 -9 -80 -40 7 0 6 13 65 -31 
27 -54 -18 73 -57 4 10 -4 59 -68 0 6 -14 1 15 71 
44 41 -65 -37 8 -57 0 11 51 73 -6 -3 1 -15 -72 -6 
-51 32 52 -53 51 25 -11 -2 -84 31 4 -5 13 5 26 -68 
-18 -57 38 64 -37 42 -30 127 -121 -23 
RSSI :-110 
Input angle :193
Zaxis angle :0 
minval :0 

minval :0 



52 21 -24 51 -50 -27 29 -48 45 32 -36 43 -41 -38 39 -40 
4 -68 1 79 -48 27 25 -10 19 -90 -12 5 -12 -3 28 49 
64 23 -77 -14 -13 -54 3 26 81 45 -1 -12 6 -11 -54 12 
-38 56 35 -70 56 3 -26 -4 -63 68 13 1 9 10 0 -56 
-42 -52 58 52 -15 53 10 -25 -48 -79 -4 12 -12 6 54 16 
60 -29 -65 43 -47 -29 99 -47 -60 -8 
RSSI :-110 
Input angle :14
Zaxis angle :25 
minval :0 

minval :0 



-34 -40 42 -31 28 44 -46 26 -24 -46 48 -22 18 49 -50 15 
-7 63 5 -64 51 -26 -11 10 -32 88 4 -19 13 -7 0 -52 
-59 -24 61 22 13 56 -7 -13 -77 -53 17 9 4 14 50 14 
39 -51 -37 53 -57 -1 15 -3 73 -58 -13 14 -15 0 -26 45 
35 54 -41 -50 19 -54 0 15 41 84 -9 -17 4 -14 -38 -35 
-59 24 58 -27 49 31 -114 -18 71 4 
RSSI :-110 
Input angle :199
Zaxis angle :0 
minval :0 

minval :0 



65 -31 28 68 -69 24 -20 -70 71 -14 10 72 -73 7 -4 -72 
-52 -23 70 26 5 55 -8 -18 -60 -46 13 14 -7 17 70 19 
36 -44 -40 63 -55 -8 19 -2 60 -45 -17 9 -15 -11 -33 65 
34 46 -50 -56 21 -51 -2 19 28 70 -4 -18 15 -11 -52 -51 
-53 20 66 -34 43 35 -18 -7 -75 7 19 0 7 18 61 -39 
-6 -57 16 72 -45 32 44 80 45 -19 
RSSI :-110 
Input angle :1
Zaxis angle :0 
minval :0 

minval :0 



24 60 -62 20 -18 -62 63 -15 12 64 -64 8 -3 -65 65 0 
37 -48 -31 60 -59 2 0 -13 67 -62 6 15 -4 8 -17 63 
37 49 -50 -45 13 -57 12 3 40 83 -16 1 -6 -6 -57 -32 
-56 25 59 -33 53 26 -6 11 -90 17 2 -16 7 -5 48 -44 
-7 -61 15 66 -41 42 -9 -9 6 -91 15 7 3 8 32 56 
61 9 -68 3 -33 -49 95 97 -4 6 
RSSI :-110 
Input angle :31
Zaxis angle :14 
minval :0 

minval :0 



-69 -8 13 -69 68 17 -19 67 -67 -21 24 -65 63 29 -34 60 
15 44 -29 -73 37 -44 -18 9 7 88 0 -6 8 1 -49 -49 
-47 1 78 -5 32 48 -5 -20 -88 -12 5 2 -4 7 61 -34 
11 -45 -13 77 -55 18 20 0 36 -81 -3 4 -6 -5 18 67 
41 21 -72 -31 -3 -58 -5 19 70 54 -3 -4 7 -4 -70 -1 
-32 34 48 -61 57 10 -38 126 -78 12 
RSSI :-110 
Input angle :184
Zaxis angle :14 
minval :0 

minval :0 



50 70 -73 48 -45 -74 76 -40 36 78 -80 31 -25 -82 83 -20 
36 -55 -14 75 -62 3 13 -8 56 -69 -6 17 -14 -11 -7 86 
42 52 -69 -33 11 -60 3 15 48 74 -13 -11 14 -10 -82 -25 
-59 30 52 -56 55 27 -15 0 -83 31 14 -11 6 17 48 -71 
-10 -66 41 65 -41 46 3 -15 -7 -88 7 17 -18 1 57 63 
66 6 -73 23 -34 -51 95 -127 -35 3 
RSSI :-110 
Input angle :181
Zaxis angle :0 
minval :0 

minval :0 



-15 -59 61 -11 7 61 -62 6 -2 -61 62 2 -6 61 -61 -8 
-34 41 32 -52 43 12 -12 1 -67 42 6 -5 0 3 23 -56 
-29 -43 40 46 -24 38 1 -12 -17 -77 3 8 -3 0 46 40 
51 -16 -56 26 -30 -33 11 5 79 0 -8 1 0 -2 -50 35 
3 53 -10 -61 40 -22 -7 10 -22 75 1 -8 3 1 -23 -57 
-52 -8 61 6 8 45 -28 94 -21 -10 
RSSI :-110 
Input angle :1
Zaxis angle :0 
minval :0 

minval :0 



59 15 -18 59 -56 -23 27 -55 53 31 -34 51 -49 -37 38 -47 
-14 -53 26 59 -31 40 -1 -3 -3 -85 9 5 -3 -1 36 48 
54 0 -64 10 -31 -40 3 0 82 17 -7 8 3 -2 -57 22 
-12 54 1 -65 45 -17 -1 4 -43 72 -6 -13 3 6 -8 -63 
-46 -27 60 27 2 49 -2 -1 -59 -59 11 0 0 2 63 10 
35 -38 -32 53 -54 -7 36 -79 -98 -11 
RSSI :-110 
Input angle :152
Zaxis angle :14 
minval :0 

minval :0 



-15 70 -69 -20 24 -67 65 29 -33 64 -62 -37 40 -59 56 43 
67 -6 -69 24 -33 -38 16 3 85 7 -10 3 -5 -8 -58 42 
-12 67 -9 -73 45 -24 -7 15 -25 81 0 -11 9 -3 -27 -66 
-62 -26 72 12 11 49 -12 -11 -69 -49 11 2 0 10 71 -5 
45 -51 -30 66 -51 -2 14 -8 65 -54 -5 10 -9 -2 -12 70 
38 56 -56 -48 15 -48 -112 0 96 19 
RSSI :-110 
Input angle :193
Zaxis angle :0 
minval :0 

minval :0 



55 -48 46 58 -59 43 -41 -61 63 -38 34 65 -67 29 -24 -69 
-51 -6 77 2 24 42 -12 -11 -80 -29 18 -1 3 9 73 -2 
20 -47 -20 74 -47 13 14 -8 48 -71 -3 18 -11 2 -13 71 
40 30 -65 -40 0 -45 7 16 55 66 -13 -9 0 -10 -67 -33 
-39 32 56 -52 52 8 -18 -1 -77 36 13 -12 6 1 45 -55 
-17 -50 30 71 -21 41 -68 -113 -16 -22 
RSSI :-110 
Input angle :196
Zaxis angle :0 
minval :0 

minval :0 



65 39 -42 63 -62 -46 50 -56 55 56 -60 51 -48 -61 60 -48 
11 -56 -13 71 -59 19 9 -8 50 -81 3 15 -7 1 29 71 
53 26 -68 -30 -1 -63 5 12 66 69 -13 0 0 -7 -75 10 
-37 41 45 -56 60 14 -17 1 -85 43 2 -15 7 2 11 -78 
-29 -48 40 60 -31 55 6 -12 -22 -94 13 7 -3 6 72 31 
52 -21 -69 27 -45 -44 -125 -31 -94 0 
RSSI :-110 
Input angle :192
Zaxis angle :0 
minval :0 

minval :0 



-47 30 -28 -48 50 -25 24 50 -51 21 -16 -54 54 -13 10 54 
61 49 -70 -56 0 -62 5 22 68 71 -13 -11 4 -6 -55 -3 
-64 47 72 -53 60 16 -22 0 -83 50 13 -11 5 5 19 -52 
-27 -74 31 84 -32 53 7 -21 -24 -95 6 16 -6 3 45 31 
78 -6 -89 8 -43 -44 19 12 98 1 -17 0 -1 -7 -43 33 
-12 78 15 -88 54 -30 -108 31 -111 23 
RSSI :-110 
Input angle :188
Zaxis angle :0 
minval :0 

minval :0 



-6 -55 57 -3 1 57 -58 -3 3 -58 56 5 -10 55 -54 -11 
-42 49 50 -65 54 3 -10 14 -72 60 8 -20 8 3 28 -49 
-33 -54 48 67 -20 51 -9 -12 -37 -85 17 14 -6 8 39 41 
60 -21 -77 33 -44 -32 16 -6 93 -11 -19 13 -6 -7 -50 27 
6 64 -10 -81 40 -35 1 18 -10 93 -8 -19 10 -3 -17 -55 
-64 -11 82 11 21 50 -92 -18 17 -9 
RSSI :-110 
Input angle :184
Zaxis angle :0 
minval :0 

minval :0 



67 -2 -2 66 -65 -6 8 -66 67 13 -18 63 -62 -20 22 -63 
-31 -52 39 65 -27 54 3 -10 -20 -76 14 6 -1 9 56 38 
59 -15 -72 16 -45 -40 13 7 78 3 -10 12 -8 -4 -53 40 
-2 61 0 -76 50 -32 -11 10 -24 73 -8 -15 6 -7 -29 -60 
-58 -15 70 21 18 57 -4 -10 -66 -41 15 -5 5 8 67 -11 
32 -52 -41 64 -61 2 -32 32 -61 -14 
RSSI :-110 
Input angle :191
Zaxis angle :0 
minval :0 

minval :0 



-45 -42 45 -46 42 46 -49 37 -37 -50 57 -30 27 55 -58 25 
-11 72 21 -77 49 -29 -21 23 -33 84 7 -22 8 2 -13 -64 
-68 -27 65 39 16 53 -12 -28 -70 -56 20 13 -5 6 62 4 
45 -58 -53 53 -57 0 29 -9 74 -52 -21 15 -5 -7 -17 59 
41 61 -39 -69 15 -54 0 30 33 83 -10 -21 8 -2 -51 -38 
-70 27 75 -17 47 29 -98 126 11 3 
RSSI :-110 
Input angle :184
Zaxis angle :0 
minval :0 

minval :0 



61 -21 16 66 -67 8 -7 -68 67 -1 0 68 -66 -3 7 -63 
-50 -52 41 60 -8 61 -3 -18 -32 -74 12 13 -6 9 59 23 
64 -34 -68 24 -58 -25 17 4 82 -11 -17 8 -7 -6 -37 54 
19 70 -12 -73 40 -48 -9 15 -11 81 -5 -18 10 -4 -38 -51 
-73 -1 73 10 38 49 -17 -12 -77 -31 17 0 2 10 63 -26 
21 -67 -31 66 -59 21 -67 32 27 -17 
RSSI :-110 
Input angle :191
Zaxis angle :0 
minval :0 

minval :0 



-10 69 -68 -15 19 -68 66 22 -28 64 -62 -32 35 -60 58 39 
66 -22 -75 19 -51 -36 18 3 93 3 -12 5 -8 -3 -52 45 
6 70 4 -78 49 -40 -8 16 -27 88 -1 -12 6 -7 -29 -63 
-68 -15 75 24 23 58 -13 -12 -78 -50 13 1 5 7 68 -12 
34 -61 -40 66 -63 8 16 -10 68 -63 -5 12 -8 3 -5 69 
51 48 -52 -58 8 -62 -82 -80 -69 20 
RSSI :-110 
Input angle :196
Zaxis angle :14 
minval :0 

minval :0 



-61 -39 42 -59 57 45 -47 55 -53 -49 53 -49 44 57 -59 41 
1 64 -3 -81 44 -30 -9 20 -25 78 0 -22 7 -2 -27 -67 
-61 -15 78 19 19 50 -17 -13 -68 -45 22 5 0 7 73 -5 
31 -55 -39 71 -53 5 18 -11 60 -54 -11 19 -7 -1 -15 71 
46 44 -56 -58 8 -53 7 21 35 74 -16 -16 3 -7 -65 -32 
-56 30 71 -39 49 22 -68 62 17 4 
RSSI :-110 
Input angle :193
Zaxis angle :0 
minval :0 

minval :0 



55 -40 35 58 -61 31 -29 -62 63 -25 23 65 -66 19 -15 -66 
-50 -41 65 32 0 58 0 -4 -63 -67 16 1 -1 4 68 3 
53 -36 -50 53 -56 -15 4 0 83 -41 -5 15 -3 -2 -21 65 
19 61 -37 -63 31 -49 -1 4 18 90 -13 -9 3 -3 -56 -39 
-65 1 69 -21 39 43 -3 -3 -92 -7 12 -11 2 3 52 -45 
14 -63 0 73 -51 29 107 96 -52 -23 
RSSI :-110 
Input angle :188
Zaxis angle :0 
minval :0 

minval :0 



-58 -20 24 -56 55 28 -30 54 -52 -32 35 -50 47 39 -41 45 
18 70 -21 -73 37 -46 -18 10 4 88 1 -15 6 0 -30 -53 
-72 -6 76 -1 31 50 -6 -19 -86 -19 14 6 -1 6 59 -15 
21 -68 -17 75 -56 19 20 -1 39 -79 -9 12 -5 -2 -1 61 
58 42 -65 -40 -2 -59 -5 19 64 60 -9 -12 3 -4 -59 -17 
-56 45 56 -51 58 11 -46 -34 -100 11 
RSSI :-110 
Input angle :188
Zaxis angle :0 
minval :0 

minval :0 



27 -64 64 29 -34 60 -58 -38 40 -57 55 42 -44 53 -50 -47 
-65 9 83 -22 45 42 -20 -8 -93 -11 10 0 8 10 60 -35 
6 -65 1 86 -53 32 13 -17 34 -87 -3 8 -12 5 16 67 
60 26 -83 -23 -16 -60 12 18 74 57 -7 -5 -1 -13 -69 0 
-42 49 41 -75 62 0 -20 7 -72 59 7 -5 13 1 16 -67 
-37 -53 61 60 -15 60 100 111 104 -22 
RSSI :-110 
Input angle :25
Zaxis angle :36 
minval :0 

minval :0 



54 64 -68 50 -44 -71 74 -41 37 76 -78 33 -28 -79 80 -24 
22 -61 -9 80 -60 13 22 -15 51 -74 -6 17 -9 -1 4 83 
53 38 -74 -32 3 -61 9 25 55 71 -15 -11 3 -8 -81 -24 
-51 40 48 -64 58 19 -26 1 -82 38 15 -11 7 5 41 -74 
-27 -59 47 65 -33 52 5 -26 -11 -90 7 17 -7 5 58 61 
64 -10 -75 29 -40 -46 107 -31 27 2 
RSSI :-110 
Input angle :209
Zaxis angle :44 
minval :0 

minval :0 



-59 36 -33 -61 64 -29 24 65 -67 20 -16 -68 69 -11 7 69 
48 45 -59 -40 0 -57 5 15 60 72 -13 -9 5 -7 -69 -9 
-59 32 54 -47 55 15 -16 0 -85 38 12 -10 4 7 26 -64 
-18 -64 31 64 -28 49 3 -15 -17 -92 6 15 -8 2 54 43 
67 -1 -70 12 -40 -40 13 7 93 7 -16 1 0 -8 -57 39 
-18 64 8 -71 49 -28 -127 111 47 22 
RSSI :-110 
Input angle :175
Zaxis angle :0 
minval :0 

minval :0 



-39 -61 63 -36 32 66 -67 28 -25 -69 70 -21 17 71 -71 13 
-28 59 26 -77 56 -9 -15 15 -51 62 5 -11 13 4 6 -71 
-55 -44 64 45 -6 55 -10 -18 -49 -65 9 8 -5 13 67 28 
56 -33 -64 50 -53 -20 21 -3 75 -27 -10 8 -11 -8 -44 59 
18 63 -31 -75 33 -46 -1 21 5 80 -4 -12 11 -8 -47 -55 
-65 3 80 -14 36 44 -62 -2 111 -4 
RSSI :-110 
Input angle :193
Zaxis angle :0 
minval :0 

minval :0 



50 46 -48 48 -45 -51 54 -40 37 57 -59 34 -31 -61 61 -28 
12 -65 -12 73 -44 21 13 -8 31 -79 -4 14 -7 -3 10 68 
59 28 -68 -29 -9 -48 4 15 70 49 -12 -8 5 -6 -67 -6 
-41 51 45 -58 49 2 -16 0 -67 52 11 -10 5 6 23 -64 
-36 -54 41 60 -17 46 3 -15 -31 -79 6 13 -7 3 55 39 
62 -19 -68 28 -40 -28 83 65 -61 -4 
RSSI :-110 
Input angle :184
Zaxis angle :0 
minval :0 

minval :0 



-51 67 -64 -57 60 -61 57 63 -66 54 -51 -68 70 -48 44 72 
67 15 -78 0 -26 -52 22 7 78 36 -18 7 -6 -15 -82 23 
-31 62 18 -75 57 -11 -12 19 -54 66 -1 -20 17 -1 0 -85 
-49 -49 66 39 -4 59 -15 -16 -48 -71 19 3 -3 16 82 22 
60 -35 -56 53 -56 -19 21 -10 80 -30 -7 18 -15 -6 -42 74 
19 67 -37 -68 32 -49 31 -96 -105 21 
RSSI :-110 
Input angle :184
Zaxis angle :0 
minval :0 

minval :0 



-67 -14 18 -65 64 24 -27 61 -60 -32 36 -58 57 37 -39 55 
21 63 -30 -67 24 -38 0 13 7 84 -5 -8 0 -3 -44 -51 
-66 6 72 -10 29 33 -12 -3 -83 -15 9 -2 4 0 61 -26 
9 -66 -6 73 -39 21 6 -11 34 -77 0 9 -1 4 12 67 
61 26 -68 -25 -11 -43 9 8 65 54 -9 -1 -3 -2 -67 -4 
-41 52 44 -59 44 0 -24 -50 76 12 
RSSI :-110 
Input angle :25
Zaxis angle :25 
minval :0 

minval :0 



-26 -60 61 -23 21 62 -63 17 -12 -64 65 -8 4 66 -65 2 
-22 46 27 -60 47 5 -12 0 -61 58 13 -8 2 10 18 -62 
-37 -34 49 44 -17 45 2 -11 -40 -74 4 15 -10 0 57 31 
42 -28 -53 39 -37 -29 11 6 82 -20 -16 0 2 -9 -44 47 
16 48 -20 -63 37 -30 -9 8 -1 85 3 -15 8 5 -34 -55 
-51 1 66 -3 16 44 -69 46 -125 -7 
RSSI :-110 
Input angle :1
Zaxis angle :0 
minval :0 

minval :0 



32 -66 63 35 -40 61 -59 -42 46 -56 54 49 -53 50 -47 -55 
-66 -7 80 -10 29 53 -11 -8 -83 -19 13 0 2 16 68 -28 
26 -61 -11 79 -59 13 11 -8 39 -75 -3 13 -16 -1 15 71 
51 42 -74 -31 0 -61 5 12 60 59 -12 -6 5 -16 -72 -9 
-53 38 51 -61 59 17 -14 1 -72 44 9 -10 14 10 26 -68 
-21 -62 49 63 -31 52 -96 -1 -119 -21 
RSSI :-110 
Input angle :188
Zaxis angle :0 
minval :0 

minval :0 



0 72 -73 -4 8 -72 72 11 -16 71 -69 -20 23 -69 66 28 
56 -39 -57 49 -56 -13 17 4 79 -33 -8 3 -7 -7 -44 57 
22 64 -34 -67 28 -49 -8 15 8 85 -2 -9 9 -4 -44 -57 
-68 7 74 -14 39 41 -12 -12 -85 -10 9 0 2 10 65 -31 
13 -67 -4 75 -49 27 14 -9 32 -79 -2 9 -10 0 11 71 
62 28 -71 -23 -15 -55 8 113 -50 13 
RSSI :-110 
Input angle :0
Zaxis angle :0 
minval :0 

minval :0 



-69 7 -4 -69 69 0 -3 68 -69 -8 11 -68 67 14 -18 66 
40 41 -58 -49 14 -50 4 17 41 76 -13 -9 1 -13 -58 -35 
-51 25 61 -45 45 26 -17 1 -82 24 13 -9 12 4 50 -46 
-13 -56 26 72 -36 37 4 -16 -2 -86 6 15 -7 11 32 60 
57 0 -76 11 -27 -44 15 7 84 19 -16 2 -8 -9 -66 17 
-17 54 7 -76 50 -15 99 111 107 19 
RSSI :-110 
Input angle :196
Zaxis angle :0 
minval :0 

minval :0 



-40 -73 77 -52 52 55 -53 32 -15 -77 89 -22 39 71 -65 8 
-7 68 44 -83 23 1 8 -10 -50 72 3 -33 14 29 9 -91 
-23 -39 53 -6 -34 49 -5 -32 -57 -60 31 13 24 -6 59 17 
63 -25 -66 27 -24 -1 25 -14 78 -38 -34 7 16 17 -53 75 
41 59 -14 -78 2 -55 11 24 16 86 -24 1 4 -1 -53 -55 
-54 5 66 -26 33 40 -87 -2 -39 -2 
RSSI :-110 
Input angle :157
Zaxis angle :41 
minval :0 

minval :0 



26 -70 69 30 -33 67 -65 -37 41 -62 60 45 -49 57 -53 -52 
-60 7 71 -13 33 42 -9 -13 -87 -5 16 -1 1 5 64 -39 
7 -59 -4 73 -50 20 15 -5 28 -83 -2 16 -6 0 21 71 
55 22 -69 -24 -5 -54 1 16 75 45 -15 -7 2 -5 -75 1 
-35 48 36 -63 53 11 -16 -2 -64 60 11 -12 4 3 18 -72 
-36 -47 50 53 -22 49 91 79 105 -20 
RSSI :-110 
Input angle :196
Zaxis angle :0 
minval :0 

minval :0 



-26 72 -69 -31 36 -67 65 39 -43 63 -61 -45 50 -58 55 52 
51 -7 -75 29 -39 -41 14 6 85 4 -14 5 -8 -10 -66 37 
-7 51 -10 -79 51 -25 -9 12 -25 81 -2 -15 12 -5 -17 -75 
-49 -16 80 10 13 55 -9 -12 -71 -44 15 1 2 12 76 0 
30 -42 -35 72 -57 -1 14 -6 63 -56 -5 14 -13 -1 -21 73 
31 42 -61 -51 20 -54 -99 48 -55 18 
RSSI :-110 
Input angle :193
Zaxis angle :0 
minval :0 

minval :0 



-76 -20 23 -75 74 27 -33 72 -70 -38 41 -67 65 44 -48 61 
14 58 -34 -75 40 -37 -1 20 -1 82 -10 -16 12 -7 -45 -65 
-60 0 82 -9 26 49 -19 -6 -79 -21 19 -5 4 14 74 -26 
15 -57 -11 82 -54 11 12 -16 40 -72 1 19 -14 0 10 78 
52 29 -76 -33 5 -55 13 15 57 59 -19 -4 2 -13 -78 -10 
-42 42 50 -66 53 17 -25 126 -49 10 
RSSI :-110 
Input angle :184
Zaxis angle :0 
minval :0 

minval :0 



-13 -83 84 -11 7 84 -84 2 4 -84 83 11 -17 82 -81 -21 
-51 34 56 -63 55 26 -31 5 -80 28 16 -14 11 11 42 -73 
-20 -59 44 72 -40 45 2 -31 -1 -85 9 19 -13 8 60 59 
62 -6 -80 25 -29 -53 30 11 83 18 -21 4 -4 -15 -72 43 
-10 61 -1 -84 58 -18 -19 25 -40 75 1 -22 15 0 -22 -81 
-55 -28 82 18 2 61 9 47 45 -15 
RSSI :-110 
Input angle :188
Zaxis angle :0 
minval :0 

minval :0 



52 53 -56 49 -46 -58 61 -42 39 63 -65 36 -31 -67 68 -26 
12 -57 -7 72 -49 16 11 -10 33 -76 0 14 -5 0 5 74 
52 27 -66 -30 -5 -52 6 14 64 53 -13 -3 0 -5 -73 -13 
-41 41 43 -58 51 7 -16 2 -67 49 7 -12 4 2 33 -66 
-31 -50 43 58 -24 47 2 -15 -28 -78 10 10 -3 3 56 48 
56 -16 -68 25 -38 -35 78 -47 15 -2 
RSSI :-110 
Input angle :188
Zaxis angle :0 
minval :0 

minval :0 



-25 76 -74 -31 35 -72 70 39 -43 68 -66 -46 49 -64 62 51 
61 -14 -77 21 -38 -41 18 8 84 6 -16 4 1 -11 -69 42 
-3 63 0 -80 51 -25 -13 15 -28 79 0 -16 10 4 -21 -77 
-60 -21 78 18 10 56 -11 -16 -67 -49 15 4 -6 9 80 -2 
34 -53 -35 71 -57 -4 19 -5 64 -53 -8 14 -7 -8 -21 77 
42 47 -56 -55 17 -54 -105 -48 -39 18 
RSSI :-110 
Input angle :181
Zaxis angle :0 
minval :0 

minval :0 



-74 35 -33 -75 76 -31 27 77 -79 21 -15 -81 82 -8 4 81 
47 34 -66 -35 7 -57 7 14 55 66 -13 -3 3 -9 -80 -17 
-46 36 49 -55 52 21 -15 3 -78 34 7 -11 7 6 35 -74 
-21 -54 39 63 -34 46 1 -16 -15 -84 10 10 -8 5 60 55 
58 -7 -71 20 -35 -46 15 5 85 11 -12 6 -3 -9 -68 46 
-8 58 -3 -74 53 -22 -125 -113 33 20 
RSSI :-110 
Input angle :188
Zaxis angle :0 
minval :0 

minval :0 



-18 -71 72 -13 8 73 -74 4 0 -73 73 5 -12 72 -72 -15 
-41 38 48 -66 52 21 -12 4 -80 37 5 -7 7 5 33 -65 
-23 -51 47 67 -35 46 -1 -13 -11 -88 5 7 -7 5 57 45 
55 -13 -76 31 -34 -45 13 1 88 8 -8 2 -3 -8 -62 39 
-4 56 -5 -82 53 -20 -5 11 -34 81 0 -9 8 -1 -22 -70 
-53 -18 81 14 6 57 -29 110 -72 -14 
RSSI :-110 
Input angle :188
Zaxis angle :0 
minval :0 

minval :0 



52 -52 49 56 -58 46 -42 -60 63 -38 34 66 -67 32 -28 -68 
-60 -19 72 17 11 55 -5 -16 -76 -44 11 5 -5 9 73 -8 
31 -54 -36 65 -56 -5 17 0 66 -58 -8 8 -7 -7 -12 73 
43 46 -53 -52 20 -53 -4 17 38 79 -5 -11 9 -4 -67 -32 
-56 28 64 -37 45 32 -14 -8 -86 15 11 -3 2 10 48 -56 
-13 -61 23 70 -43 36 33 -64 2 -22 
RSSI :-110 
Input angle :184
Zaxis angle :0 
minval :0 

minval :0 



76 26 -29 75 -72 -35 40 -69 68 42 -45 66 -64 -49 52 -59 
-12 -56 26 73 -44 36 14 -14 1 -84 0 15 -11 -1 42 68 
57 3 -77 11 -21 -52 10 17 80 24 -15 -4 5 -10 -76 23 
-17 54 13 -77 56 -10 -20 5 -45 69 7 -12 8 8 0 -79 
-48 -29 70 32 -7 56 0 -20 -57 -61 10 11 -10 6 77 22 
42 -38 -50 59 -52 -22 43 65 73 -10 
RSSI :-110 
Input angle :181
Zaxis angle :14 
minval :0 

minval :0 



18 66 -68 14 -11 -68 69 -6 1 69 -69 -1 4 -69 68 7 
43 -43 -51 60 -55 -16 23 3 78 -46 -16 9 -7 -10 -27 63 
32 52 -45 -65 26 -52 -10 21 22 88 -5 -18 11 -4 -53 -43 
-59 16 74 -28 40 41 -17 -16 -91 0 18 0 1 12 54 -42 
3 -62 8 78 -51 26 20 -12 26 -87 -4 18 -12 -2 24 65 
59 14 -77 -14 -14 -56 66 49 -27 10 
RSSI :-110 
Input angle :1
Zaxis angle :0 
minval :0 

minval :0 



-57 53 -52 -59 61 -49 46 63 -67 41 -36 -69 72 -32 29 72 
58 21 -73 -10 -16 -53 7 19 72 41 -12 -6 1 -9 -78 6 
-35 50 31 -67 55 0 -20 2 -59 58 9 -11 9 4 9 -78 
-39 -48 53 52 -15 52 3 -20 -38 -73 7 12 -6 7 70 33 
56 -24 -62 40 -47 -28 18 8 80 -20 -14 3 -5 -8 -50 59 
8 60 -22 -70 41 -36 -20 127 -45 20 
RSSI :-110 
Input angle :193
Zaxis angle :0 
minval :0 

minval :0 



-71 -15 17 -71 70 21 -24 69 -67 -27 33 -65 62 36 -40 59 
22 54 -45 -67 29 -51 -9 18 21 85 -3 -16 10 -5 -48 -54 
-58 8 76 -25 42 40 -15 -14 -87 -2 16 1 3 11 65 -31 
5 -58 4 80 -50 30 17 -11 26 -83 -5 15 -11 0 11 71 
54 21 -79 -15 -14 -56 6 19 73 46 -13 -9 3 -11 -72 -8 
-37 45 37 -71 59 1 -1 62 -57 14 
RSSI :-110 
Input angle :1
Zaxis angle :0 
minval :0 

minval :0 


