
9 -32 31 10 -12 31 -29 -15 17 -28 27 18 -19 27 -25 -20 
8 91 72 -50 1 -32 36 -28 -62 -74 16 1 10 -20 26 -20 
-90 -17 31 83 31 9 19 42 86 -45 -5 15 17 15 14 30 
37 -83 -87 10 -15 29 -45 5 23 94 -14 -8 -19 12 -32 6 
71 57 10 -87 -23 -22 3 -46 -97 1 11 -11 -7 -21 2 -33 
-70 59 83 30 27 -18 -100 0 75 -48 
RSSI :-110 
Input angle :311
Zaxis angle :32 
minval :0 

minval :0 



-31 11 -10 -31 32 -9 6 32 -32 5 -4 -33 33 -2 0 32 
43 -82 -84 9 -6 36 -53 0 32 92 -24 -10 -21 18 -32 -6 
70 61 12 -84 -33 -15 14 -51 -97 9 16 -21 -12 -25 14 -29 
-75 55 78 32 22 -29 46 26 11 -97 16 20 27 -7 25 21 
-33 -87 -49 69 22 28 -37 38 90 35 -24 12 0 28 -26 20 
92 -15 -57 -62 -33 15 71 -50 -91 40 
RSSI :-110 
Input angle :313
Zaxis angle :44 
minval :0 

minval :0 



41 0 -1 41 -41 -4 6 -40 40 7 -9 40 -39 -11 13 -38 
-62 67 70 40 13 -24 50 26 16 -95 7 18 46 -5 34 22 
-46 -79 -60 54 19 19 -37 42 89 39 -19 2 -6 45 -30 28 
87 -27 -40 -69 -23 15 -33 -45 -58 78 2 -20 -43 -15 -19 -36 
6 91 77 -23 -8 -26 53 -19 -62 -74 19 6 24 -38 39 -12 
-90 -16 4 80 28 -1 -70 -94 52 -23 
RSSI :-110 
Input angle :314
Zaxis angle :36 
minval :0 

minval :0 



-29 3 -2 -29 30 0 -2 30 -30 -3 4 -29 29 5 -7 29 
42 -77 -72 -8 -3 40 -57 -4 26 96 -23 -13 -24 13 -26 -14 
67 56 24 -68 -38 -14 16 -54 -100 5 17 -19 -7 -27 20 -21 
-71 51 60 40 21 -34 49 29 16 -99 14 22 28 0 16 25 
-28 -83 -55 47 28 29 -39 41 92 39 -25 8 -6 27 -27 10 
87 -12 -35 -63 -34 20 31 -82 51 40 
RSSI :-110 
Input angle :310
Zaxis angle :44 
minval :0 

minval :0 



-47 24 -19 -49 50 -16 14 51 -51 11 -8 -53 53 -5 2 53 
27 -90 -68 -28 26 28 -38 -3 27 123 -26 15 -30 0 -52 -9 
79 51 45 -59 -34 18 11 -35 -127 -7 -7 -29 8 -28 20 -50 
-63 67 45 58 -9 -37 30 21 40 -119 29 -1 26 13 42 32 
-49 -80 -66 32 39 0 -26 27 108 66 -6 29 -19 21 -41 34 
90 -27 -12 -72 -6 39 86 47 -52 11 
RSSI :-110 
Input angle :289
Zaxis angle :56 
minval :0 

minval :0 



-19 -23 24 -17 16 25 -26 14 -12 -27 27 -11 9 28 -28 7 
90 25 0 -91 -52 13 6 -80 -86 49 -3 -16 -31 -21 -1 -30 
-47 81 88 23 0 -54 77 23 -28 -95 17 0 28 -26 29 6 
-68 -65 -43 80 53 12 -38 70 99 -6 -4 16 18 33 -13 27 
77 -52 -68 -61 -24 48 -59 -54 -16 98 -14 -8 -37 10 -23 -19 
32 88 76 -49 -41 -35 28 61 80 -20 
RSSI :-110 
Input angle :305
Zaxis angle :47 
minval :0 

minval :0 



23 -13 12 23 -24 10 -8 -25 25 -7 7 26 -26 5 -3 -26 
-19 54 41 -4 5 -17 31 -12 -7 -68 14 0 14 -18 26 2 
-48 -31 -8 40 15 9 4 33 68 10 -3 13 15 17 -8 25 
43 -38 -37 -18 -13 11 -34 -4 -25 63 -12 -6 -20 9 -21 -14 
29 49 24 -33 -8 -15 11 -31 -56 -40 9 -10 -5 -22 19 -18 
-54 17 24 33 17 -4 -47 96 106 -12 
RSSI :-110 
Input angle :314
Zaxis angle :44 
minval :0 

minval :0 



-5 39 -38 -7 10 -37 37 12 -15 36 -35 -17 18 -34 33 20 
-55 -77 -49 84 18 19 -51 70 99 11 -11 18 28 45 -25 29 
86 -37 -74 -63 -23 13 -57 -66 -33 94 -14 -16 -51 17 -21 -32 
10 94 80 -55 -9 -25 79 -37 -84 -52 19 -11 -5 -53 36 -12 
-94 -6 35 91 27 -2 19 85 74 -67 6 20 53 9 4 38 
30 -90 -97 11 -5 26 -100 33 -52 42 
RSSI :-110 
Input angle :315
Zaxis angle :47 
minval :0 

minval :0 



-25 7 -6 -26 26 -5 3 26 -26 2 0 -26 27 1 -2 26 
57 -78 -88 -38 -28 41 -80 -16 -1 101 -4 7 -46 18 -25 -7 
64 72 55 -77 -34 -36 32 -75 -99 -22 -6 -5 -8 -49 13 -23 
-87 43 62 72 44 -24 67 48 48 -89 7 -4 49 5 19 18 
-22 -95 -83 46 14 48 -66 49 76 67 2 8 -14 48 -22 14 
97 -2 -20 -93 -50 2 96 -19 55 29 
RSSI :-110 
Input angle :307
Zaxis angle :44 
minval :0 

minval :0 



27 -8 7 27 -27 6 -4 -28 28 -2 1 28 -28 0 1 -28 
41 89 74 -59 -46 -80 60 -55 -88 -54 8 14 -5 -45 26 7 
-96 18 39 86 87 -29 39 72 70 -76 -16 5 45 4 -12 24 
7 -98 -93 18 5 92 -80 18 54 88 0 -17 -16 43 -20 -18 
94 29 6 -95 -91 -13 -4 -81 -98 31 17 2 -38 -25 22 -15 
-49 85 90 29 37 -84 -84 -81 29 -52 
RSSI :-110 
Input angle :116
Zaxis angle :29 
minval :0 

minval :0 



-36 27 -25 -38 39 -21 20 40 -41 18 -16 -42 43 -12 9 44 
-70 -69 -41 78 80 40 -22 80 100 26 -39 -6 40 35 -44 0 
83 -51 -64 -61 -57 70 -69 -46 -49 91 16 -37 -45 28 11 -42 
28 94 74 -49 -54 -71 59 -59 -76 -70 32 24 -19 -49 38 21 
-98 8 27 84 81 -39 41 72 84 -60 -31 25 53 -5 -28 33 
16 -97 -88 10 16 88 51 -79 104 48 
RSSI :-110 
Input angle :116
Zaxis angle :39 
minval :0 

minval :0 



-40 -5 8 -40 39 10 -11 38 -38 -14 16 -36 36 18 -20 34 
37 -87 -86 -12 2 57 -76 7 18 99 -17 -29 -23 35 -29 -27 
77 56 32 -81 -56 -8 7 -76 -101 -5 33 -9 -28 -31 33 -21 
-73 60 72 48 21 -53 72 27 28 -97 0 34 37 -20 13 37 
-44 -84 -65 58 45 34 -41 64 88 49 -33 -7 12 40 -39 3 
91 -26 -43 -76 -44 36 -47 13 -48 36 
RSSI :-110 
Input angle :108
Zaxis angle :36 
minval :0 

minval :0 



-11 -26 26 -13 7 27 -28 10 -4 -27 29 -6 1 27 -33 -1 
88 -13 -35 -72 -34 14 -46 -39 -71 68 6 -23 -42 0 4 -29 
-3 92 79 -17 -3 -35 47 -36 -49 -85 26 12 7 -41 29 14 
-84 -28 1 84 36 3 22 56 94 -28 -16 19 38 17 -17 25 
47 -79 -79 -19 -12 35 -55 11 6 99 -16 -22 -27 33 -16 -20 
65 62 32 -78 -31 -18 -22 -116 99 -7 
RSSI :-110 
Input angle :319
Zaxis angle :32 
minval :0 

minval :0 



14 -17 17 14 -15 16 -15 -16 17 -13 13 18 -19 12 -11 -19 
38 75 57 -66 -15 -24 25 -47 -91 -37 22 4 -9 -40 21 -6 
-81 21 49 72 28 -8 40 36 60 -77 -9 21 41 0 1 21 
-3 -84 -82 30 1 28 -45 30 61 77 -18 -13 -10 40 -21 -4 
82 17 -11 -87 -28 -5 -20 -50 -90 39 17 -14 -35 -20 9 -19 
-40 74 87 6 12 -26 94 -113 88 -49 
RSSI :-110 
Input angle :318
Zaxis angle :25 
minval :0 

minval :0 



14 14 -15 14 -14 -15 16 -12 11 17 -18 9 -9 -18 18 -8 
-78 32 69 56 29 -17 44 36 41 -90 -3 24 36 -4 4 20 
-10 -83 -72 53 10 33 -45 34 79 60 -22 -9 -3 36 -20 0 
84 5 -34 -83 -34 1 -23 -51 -77 61 14 -19 -34 -11 4 -19 
-24 81 88 -15 5 -33 56 -10 -42 -89 16 18 18 -31 17 9 
-73 -41 -4 89 31 13 2 35 -20 -15 
RSSI :-110 
Input angle :316
Zaxis angle :32 
minval :0 

minval :0 



2 -25 24 3 -5 24 -24 -6 8 -23 23 10 -11 22 -21 -12 
81 40 3 -90 -35 -3 2 -68 -94 29 14 -11 -23 -31 16 -18 
-59 69 88 16 12 -32 65 19 -5 -99 7 17 36 -14 13 20 
-49 -76 -43 78 29 19 -34 58 97 16 -18 3 5 38 -23 8 
85 -32 -70 -56 -25 24 -48 -46 -39 90 0 -18 -39 -4 -3 -24 
11 90 72 -53 -17 -30 118 77 -109 -29 
RSSI :-110 
Input angle :312
Zaxis angle :36 
minval :0 

minval :0 



-24 18 -17 -25 26 -15 13 27 -27 13 -11 -28 28 -9 7 29 
-13 -93 -61 58 16 35 -62 45 74 66 -24 -6 -4 43 -29 1 
94 7 -42 -73 -38 7 -33 -68 -81 57 12 -21 -41 -13 5 -29 
-32 89 82 -22 3 -38 75 -14 -44 -88 19 16 21 -38 27 12 
-79 -51 2 84 37 10 -2 76 97 -18 -20 14 32 28 -17 24 
67 -66 -83 -12 -20 33 -21 -65 -52 49 
RSSI :-110 
Input angle :318
Zaxis angle :36 
minval :0 

minval :0 



7 -19 19 7 -8 18 -18 -9 10 -17 16 12 -13 15 -14 -14 
5 80 82 -36 5 -16 66 -21 -67 -72 9 1 22 -43 17 -12 
-79 -12 19 87 14 9 7 69 85 -49 -3 9 36 32 7 19 
29 -74 -89 -3 -12 12 -68 -10 25 95 -7 -6 -40 27 -20 3 
65 46 25 -86 -9 -15 24 -65 -98 4 7 -6 -18 -45 1 -20 
-60 54 77 45 16 -5 -94 -112 33 -49 
RSSI :-110 
Input angle :308
Zaxis angle :32 
minval :0 

minval :0 



-9 9 -8 -10 10 -8 7 10 -11 6 -6 -11 12 -6 5 12 
-11 -85 -72 57 8 35 -60 33 79 57 -8 -7 -11 45 -12 2 
86 8 -43 -81 -36 0 -19 -66 -75 63 8 -7 -41 -21 0 -13 
-30 81 90 -21 9 -35 69 -1 -40 -89 4 10 30 -36 12 3 
-72 -47 1 92 32 17 -14 67 96 -21 -11 2 28 37 -6 11 
61 -60 -90 -18 -24 27 -14 -65 -35 49 
RSSI :-110 
Input angle :314
Zaxis angle :29 
minval :0 

minval :0 



9 -17 17 11 -11 16 -16 -12 13 -15 14 13 -14 13 -12 -15 
-1 91 76 -41 2 -33 55 -36 -58 -78 14 8 9 -43 17 -8 
-88 -22 22 83 32 10 24 61 90 -38 -11 11 40 18 4 19 
44 -80 -86 2 -17 29 -66 7 17 97 -8 -13 -29 33 -19 0 
66 63 19 -84 -24 -23 9 -65 -98 -2 15 -5 -27 -35 4 -19 
-75 52 79 34 28 -17 -11 -32 33 -47 
RSSI :-110 
Input angle :318
Zaxis angle :14 
minval :0 

minval :0 



0 24 -24 -1 2 -24 24 3 -4 24 -23 -5 7 -23 22 8 
-65 -62 -12 84 10 23 -16 64 95 7 -13 2 10 45 -13 20 
75 -49 -79 -33 -24 5 -60 -29 -27 91 0 -14 -46 -1 -17 -17 
32 84 47 -70 0 -25 42 -51 -83 -46 14 2 10 -45 21 -12 
-89 11 55 65 24 5 39 54 66 -68 -6 12 41 20 7 23 
10 -89 -75 39 -11 22 -94 -95 60 40 
RSSI :-110 
Input angle :320
Zaxis angle :25 
minval :0 

minval :0 



-17 -4 5 -17 17 6 -7 16 -16 -8 9 -15 15 9 -10 14 
86 -35 -69 -52 -30 11 -43 -41 -48 84 1 -16 -38 -12 -11 -13 
13 92 69 -53 -2 -32 50 -31 -72 -64 15 5 20 -34 15 -8 
-93 -8 35 79 32 4 17 57 79 -55 -9 14 29 27 4 17 
30 -88 -86 14 -10 30 -59 7 37 89 -12 -11 -33 22 -17 0 
79 48 1 -87 -27 -17 -7 -52 34 7 
RSSI :-110 
Input angle :314
Zaxis angle :14 
minval :0 

minval :0 



23 -31 29 25 -26 28 -27 -27 28 -26 24 30 -32 21 -19 -32 
-12 87 85 -17 15 -13 53 -7 -41 -87 10 10 41 -16 37 -11 
-82 -31 -6 86 9 17 -6 53 94 -19 -12 7 6 44 4 38 
51 -71 -83 -25 -19 5 -50 -19 -1 96 -4 -14 -44 -4 -38 -5 
60 64 45 -73 0 -19 29 -45 -93 -22 14 0 13 -43 13 -36 
-77 42 65 57 19 3 93 33 123 -44 
RSSI :-110 
Input angle :314
Zaxis angle :14 
minval :0 

minval :0 



2 26 -26 0 0 -26 26 0 -2 26 -26 -4 5 -25 25 6 
-27 -85 -76 54 -7 31 -42 35 75 59 -5 -1 -17 46 -13 23 
89 -6 -33 -87 -29 -14 -25 -48 -73 62 2 -4 -41 -27 -19 -18 
-12 88 92 -15 20 -26 54 -12 -41 -86 4 3 36 -33 21 -15 
-83 -32 -4 93 20 25 1 55 93 -23 -4 3 23 43 10 24 
50 -73 -88 -30 -30 13 -36 -17 25 48 
RSSI :-110 
Input angle :314
Zaxis angle :20 
minval :0 

minval :0 



-13 -14 14 -12 11 15 -16 10 -9 -16 17 -9 7 17 -17 6 
72 43 -4 -94 -27 -24 10 -64 -94 16 11 -3 -16 -42 -2 -19 
-58 61 92 16 30 -21 59 26 0 -95 0 11 45 -4 19 0 
-47 -70 -34 87 14 34 -39 51 92 24 -11 -2 -5 45 -5 18 
78 -31 -74 -57 -36 5 -40 -50 -47 82 4 -10 -43 -15 -16 -10 
11 84 73 -59 3 -36 -39 -83 101 -34 
RSSI :-110 
Input angle :314
Zaxis angle :25 
minval :0 

minval :0 



29 1 -2 28 -28 -4 5 -28 28 7 -8 27 -27 -10 11 -26 
-88 34 77 39 45 -10 58 36 48 -84 -2 24 49 0 22 17 
-10 -94 -59 63 -2 47 -49 48 69 67 -23 -8 -12 47 -23 17 
93 13 -45 -73 -45 -12 -32 -60 -83 49 14 -20 -43 -23 -11 -26 
-36 87 82 -25 25 -39 66 -18 -33 -90 17 17 33 -35 28 -5 
-78 -53 6 86 34 32 12 115 -37 -5 
RSSI :-110 
Input angle :318
Zaxis angle :29 
minval :0 

minval :0 



0 -28 29 1 -3 28 -27 -4 5 -28 27 7 -9 26 -25 -11 
42 83 49 -71 -3 -35 35 -49 -87 -42 12 -4 6 -36 16 -23 
-89 28 60 63 35 3 41 46 59 -76 1 13 33 15 18 21 
-4 -93 -74 44 -12 33 -54 29 63 73 -13 -2 -23 28 -25 13 
91 18 -26 -82 -30 -19 -18 -58 -87 42 5 -12 -22 -29 -7 -27 
-39 85 86 -7 26 -24 93 -81 109 -48 
RSSI :-110 
Input angle :314
Zaxis angle :29 
minval :0 

minval :0 



30 16 -18 30 -29 -19 21 -27 26 22 -24 25 -23 -25 25 -23 
-93 -12 21 79 30 15 14 58 89 -39 -3 15 24 27 16 30 
30 -89 -81 6 -22 25 -59 1 15 97 -14 -7 -33 17 -34 8 
76 55 18 -79 -20 -27 12 -58 -98 -6 10 -12 -8 -36 0 -34 
-70 63 73 36 31 -12 54 24 29 -93 9 13 37 0 33 8 
-46 -82 -52 63 4 33 -85 -110 85 24 
RSSI :-110 
Input angle :308
Zaxis angle :32 
minval :0 

minval :0 



-41 5 -2 -42 42 0 -1 42 -42 -3 6 -41 41 8 -11 40 
80 -49 -61 -63 -32 7 -30 -37 -51 83 -9 -9 -27 -9 -37 -19 
28 89 76 -43 1 -32 43 -21 -68 -70 11 -7 14 -24 28 -31 
-94 6 24 85 32 8 11 47 84 -49 4 13 20 19 24 34 
15 -93 -87 9 -16 28 -48 1 31 93 -13 1 -23 16 -38 17 
87 34 13 -87 -25 -21 -22 124 -88 5 
RSSI :-110 
Input angle :307
Zaxis angle :32 
minval :0 

minval :0 



28 4 -6 27 -26 -7 9 -26 26 10 -12 25 -24 -13 15 -23 
-92 27 64 61 44 3 41 56 66 -74 -7 12 36 10 20 19 
-3 -96 -75 47 -15 41 -63 28 53 83 -10 -10 -19 33 -24 14 
94 16 -29 -83 -37 -23 -12 -68 -93 34 12 -8 -27 -26 -8 -26 
-42 86 88 -10 31 -31 70 3 -11 -98 5 14 31 -21 28 -1 
-73 -62 -7 88 23 36 21 -77 -125 6 
RSSI :-110 
Input angle :316
Zaxis angle :25 
minval :0 

minval :0 



9 31 -32 7 -6 -32 33 -4 2 33 -33 1 0 -33 32 1 
-86 -41 4 88 34 36 -4 73 99 -5 -22 4 18 28 -9 31 
62 -73 -86 -16 -44 23 -69 -21 -24 97 1 -23 -32 11 -28 -16 
54 79 37 -80 -12 -49 35 -64 -89 -45 21 6 -3 -33 22 -24 
-88 37 69 55 50 -1 51 52 63 -77 -12 19 33 4 17 28 
-12 -95 -66 58 -10 49 -8 49 45 39 
RSSI :-110 
Input angle :318
Zaxis angle :20 
minval :0 

minval :0 



-16 24 -23 -17 19 -22 21 20 -21 20 -18 -23 23 -17 16 24 
12 -94 -73 43 -25 47 -67 32 38 91 -13 -23 -22 25 -27 10 
88 34 -24 -82 -39 -36 -14 -72 -97 15 25 -9 -19 -27 -3 -29 
-52 79 85 -4 44 -30 74 1 6 -98 2 26 31 -11 29 3 
-63 -71 -18 83 16 51 -18 71 94 30 -26 -4 3 33 -10 27 
85 -42 -77 -35 -53 5 94 30 -58 42 
RSSI :-110 
Input angle :318
Zaxis angle :20 
minval :0 

minval :0 



38 -14 12 46 -45 3 -9 -41 48 -4 0 39 -43 -5 0 -43 
-58 75 68 36 22 -26 37 4 21 -98 18 20 7 -1 41 13 
-55 -77 -53 56 20 27 -13 35 90 44 -24 12 0 8 -25 35 
86 -39 -44 -62 -31 12 -27 -22 -65 76 -8 -26 -7 -3 -29 -28 
18 92 72 -24 -5 -32 27 -30 -59 -81 27 -3 5 -7 35 -20 
-94 -3 5 79 33 1 -25 -94 88 -19 
RSSI :-110 
Input angle :312
Zaxis angle :32 
minval :0 

minval :0 



-19 -31 36 -13 17 34 -31 14 -14 -35 31 -5 7 37 -35 0 
77 36 11 -82 -11 -21 21 -51 -98 5 0 -13 4 -31 2 -31 
-57 64 79 26 24 -6 43 31 12 -97 13 5 29 11 30 11 
-49 -69 -40 69 0 24 -42 36 91 37 -5 9 -18 26 -22 28 
77 -34 -54 -59 -24 -5 -23 -51 -60 77 -7 -8 -21 -23 -23 -23 
13 83 66 -46 10 -22 -20 109 9 -37 
RSSI :-110 
Input angle :300
Zaxis angle :44 
minval :0 

minval :0 



-35 -18 17 -32 30 19 -23 32 -33 -22 21 -28 22 28 -29 27 
83 -41 -61 -45 -43 17 -43 -34 -55 81 3 -15 -35 -3 -16 -30 
19 90 59 -47 -4 -46 42 -37 -62 -76 12 7 10 -33 37 -13 
-94 2 34 69 45 4 23 47 90 -42 -10 13 29 17 1 37 
22 -88 -72 15 -14 43 -53 12 23 96 -11 -15 -24 23 -36 -5 
84 41 -3 -76 -38 -26 -37 -4 -10 -3 
RSSI :-110 
Input angle :316
Zaxis angle :29 
minval :0 

minval :0 



-39 9 -8 -40 40 -5 2 40 -40 0 2 -40 40 4 -6 39 
46 -78 -81 11 -13 31 -74 -1 13 96 -6 -12 -35 17 -37 -16 
68 59 3 -81 -27 -20 19 -71 -96 -11 14 -3 -9 -38 23 -32 
-76 48 78 23 26 -21 64 37 34 -91 0 14 39 0 25 31 
-30 -85 -43 69 13 30 -53 51 77 58 -13 -3 -10 38 -36 17 
90 -9 -56 -59 -33 6 -57 -99 84 33 
RSSI :-110 
Input angle :316
Zaxis angle :36 
minval :0 

minval :0 



-39 5 -3 -39 40 0 -3 40 -39 -4 6 -39 39 7 -10 38 
48 -73 -82 0 -10 27 -71 -8 12 96 -14 -10 -29 10 -34 -19 
59 64 19 -79 -23 -18 24 -67 -97 -9 13 -12 -3 -31 26 -29 
-76 42 73 35 22 -20 60 38 33 -92 8 16 31 3 23 32 
-24 -84 -51 63 14 26 -51 49 80 56 -17 4 -11 29 -37 14 
87 -5 -47 -66 -28 7 -54 77 26 34 
RSSI :-110 
Input angle :300
Zaxis angle :44 
minval :0 

minval :0 



-32 13 -11 -32 33 -9 6 34 -34 5 -4 -34 34 -3 0 34 
36 -64 -84 5 -5 11 -54 -10 31 90 -14 0 -32 -5 -34 -7 
55 48 17 -82 -9 -9 25 -49 -95 3 3 -14 12 -30 13 -32 
-60 42 77 33 11 -7 43 34 17 -94 13 5 26 19 27 21 
-23 -69 -49 68 4 12 -44 33 87 38 -8 11 -24 21 -27 21 
72 -12 -53 -65 -12 1 53 14 72 38 
RSSI :-110 
Input angle :304
Zaxis angle :47 
minval :0 

minval :0 



12 35 -36 11 -9 -36 37 -7 4 37 -38 2 0 -37 37 2 
-59 -38 -11 84 10 1 -19 43 95 -18 -5 16 -13 28 -9 36 
50 -49 -80 -30 -3 9 -37 -29 -2 96 -15 -9 -24 -19 -33 -18 
35 60 44 -72 -8 -5 35 -31 -94 -24 12 -12 25 -18 25 -28 
-67 20 59 60 7 -6 21 42 46 -84 8 15 11 29 21 30 
-5 -70 -74 40 4 9 67 -110 14 32 
RSSI :-110 
Input angle :298
Zaxis angle :51 
minval :0 

minval :0 



0 -36 36 2 -5 36 -35 -8 9 -35 34 11 -13 34 -32 -15 
33 62 55 -66 2 -4 41 -15 -89 -33 11 -13 26 -21 22 -28 
-67 20 54 68 4 3 4 44 53 -79 11 14 14 30 22 29 
-2 -70 -78 37 -3 3 -43 -6 62 72 -16 7 -32 7 -33 15 
69 13 -16 -85 -2 -4 15 -41 -83 47 -3 -17 1 -33 -7 -36 
-32 62 86 2 5 -1 65 -113 80 -47 
RSSI :-110 
Input angle :300
Zaxis angle :36 
minval :0 

minval :0 



-25 5 -4 -26 26 -2 1 27 -26 0 1 -26 27 2 -3 26 
27 -37 -41 -16 0 4 -15 -11 -9 65 -12 -9 -8 -6 -24 -11 
28 35 25 -36 -4 -1 14 -12 -63 -21 12 -10 8 -7 16 -21 
-41 19 29 33 1 -4 9 16 38 -54 7 13 5 9 17 20 
-10 -45 -39 20 3 2 -18 4 45 48 -15 4 -10 3 -24 11 
46 0 -11 -42 -3 2 21 -65 -95 8 
RSSI :-110 
Input angle :237
Zaxis angle :54 
minval :0 

minval :0 



10 26 -27 8 -8 -26 27 -5 4 27 -28 2 -1 -28 27 0 
-47 -17 -4 41 14 6 -6 17 70 2 -10 11 0 7 -6 27 
28 -42 -39 -14 -9 13 -15 -10 -19 68 -10 -12 -7 -1 -24 -12 
33 38 22 -35 -10 -11 13 -12 -61 -34 14 -6 3 -6 17 -21 
-45 22 28 30 14 -7 9 15 46 -53 2 15 6 4 16 22 
-10 -49 -36 20 4 15 -88 32 18 14 
RSSI :-110 
Input angle :312
Zaxis angle :47 
minval :0 

minval :0 



-25 13 -11 -26 27 -9 8 28 -28 7 -6 -28 28 -4 2 28 
19 -51 -40 -5 -4 11 -19 -4 -2 71 -14 -7 -8 -1 -28 -5 
45 30 14 -38 -10 -6 8 -17 -68 -19 11 -11 3 -7 11 -27 
-41 36 35 22 8 -8 15 12 34 -62 9 13 6 4 23 17 
-25 -48 -30 27 5 10 -16 11 52 48 -15 5 -6 5 -21 19 
52 -15 -18 -37 -11 3 19 31 101 10 
RSSI :-110 
Input angle :302
Zaxis angle :41 
minval :0 

minval :0 



9 -28 27 10 -12 27 -26 -14 16 -24 24 17 -18 23 -22 -19 
20 47 33 -22 -6 -8 18 -5 -46 -54 18 -3 6 -4 23 -17 
-50 9 13 38 9 -3 1 18 63 -33 0 18 2 7 10 27 
0 -51 -40 5 0 10 -19 -3 17 69 -18 -4 -8 1 -29 3 
49 13 4 -40 -10 -1 7 -17 -71 1 7 -16 0 -7 3 -29 
-27 44 36 15 3 -10 62 -112 -94 -18 
RSSI :-110 
Input angle :297
Zaxis angle :44 
minval :0 

minval :0 



21 21 -21 21 -20 -22 23 -18 17 25 -26 14 -13 -26 26 -12 
-47 0 6 38 11 -1 -4 18 66 -24 -3 19 2 7 5 29 
11 -45 -38 -1 -1 11 -16 -8 8 70 -17 -7 -7 0 -29 -1 
41 22 11 -36 -11 -4 11 -15 -71 -9 11 -15 1 -8 8 -28 
-31 34 33 19 6 -9 11 14 26 -66 12 14 7 2 26 14 
-28 -37 -27 27 8 7 -22 112 75 10 
RSSI :-110 
Input angle :305
Zaxis angle :44 
minval :0 

minval :0 



4 -26 25 6 -8 25 -24 -9 11 -24 23 12 -13 23 -22 -14 
12 37 33 -18 -1 -7 19 -1 -49 -47 17 -6 7 -5 19 -18 
-39 2 8 37 8 0 -2 19 59 -34 3 18 4 8 13 22 
5 -39 -38 0 -1 8 -18 -7 23 64 -18 -2 -8 1 -25 7 
37 14 6 -37 -6 -4 11 -15 -68 3 6 -17 0 -9 -1 -26 
-23 31 34 15 5 -6 39 64 -59 -18 
RSSI :-110 
Input angle :293
Zaxis angle :41 
minval :0 

minval :0 



13 22 -23 12 -9 -23 25 -7 5 25 -25 4 -4 -26 25 -2 
-31 -27 -17 34 4 8 -16 14 66 13 -6 13 -5 9 -3 26 
34 -24 -30 -24 -8 2 -9 -19 -29 61 -11 -9 -8 -7 -24 -9 
15 38 31 -23 0 -9 20 -5 -54 -40 12 -8 9 -6 14 -21 
-41 6 14 36 9 1 -1 21 54 -39 5 14 3 10 16 19 
3 -41 -38 5 -4 8 111 -16 -95 15 
RSSI :-110 
Input angle :297
Zaxis angle :44 
minval :0 

minval :0 



-21 -47 47 -21 18 47 -48 16 -12 -48 52 -8 3 50 -50 2 
59 58 31 -71 -9 -18 33 -28 0 -29 12 -22 11 -21 7 -50 
-72 44 60 50 20 -4 19 38 58 -118 18 17 17 16 47 19 
-25 -80 -64 47 0 22 -42 9 103 84 -21 14 -20 13 -30 41 
84 -5 -29 -74 -20 -5 0 -42 -107 76 -9 -24 -7 -24 -31 -39 
-13 83 78 -12 9 -19 -101 111 -91 -16 
RSSI :-110 
Input angle :297
Zaxis angle :47 
minval :0 

minval :0 



-45 -5 7 -45 45 9 -12 44 -43 -15 17 -42 40 20 -23 39 
83 -12 -39 -66 -23 -3 -11 -44 -70 67 -9 -18 -16 -19 -33 -31 
-8 83 74 -20 9 -22 46 -3 -51 -83 19 -3 23 -11 37 -27 
-79 -27 2 77 19 12 -10 44 92 -32 0 20 7 25 15 43 
45 -71 -76 -12 -18 15 -42 -19 6 97 -19 -5 -26 0 -45 3 
59 59 33 -70 -11 -20 -12 76 99 -9 
RSSI :-110 
Input angle :297
Zaxis angle :44 
minval :0 

minval :0 



46 -6 2 46 -47 0 2 -48 46 4 -7 46 -46 -10 11 -44 
-86 34 59 59 26 -1 29 43 71 -105 11 14 26 14 41 21 
-10 -93 -71 44 -4 26 -49 18 86 93 -16 6 -19 22 -30 35 
92 12 -26 -80 -24 -8 -7 -52 -111 62 -4 -18 -16 -24 -26 -39 
-33 87 83 -4 15 -22 51 7 -31 -123 18 0 27 -10 44 -16 
-78 -51 -13 83 17 19 -2 -112 115 -1 
RSSI :-110 
Input angle :300
Zaxis angle :41 
minval :0 

minval :0 



-26 34 -33 -28 30 -31 29 32 -33 27 -26 -34 36 -24 21 37 
37 -78 -81 0 -15 18 -49 -9 23 95 -17 -3 -27 9 -42 12 
68 53 18 -79 -13 -19 17 -47 -97 0 8 -16 -3 -28 -3 -43 
-68 53 72 36 22 -8 40 30 25 -94 14 10 28 4 42 7 
-35 -79 -52 62 2 23 -38 32 87 44 -14 11 -10 27 -18 39 
85 -16 -47 -66 -23 -2 1 -82 41 37 
RSSI :-110 
Input angle :300
Zaxis angle :44 
minval :0 

minval :0 



-2 -49 49 0 -2 48 -47 -5 8 -47 46 12 -15 46 -44 -16 
29 91 62 -63 -2 -21 39 -34 -97 -77 17 -8 12 -22 26 -41 
-96 5 45 76 20 3 20 47 98 -77 3 18 19 16 34 34 
16 -95 -85 25 -8 19 -50 10 49 114 -19 0 -21 14 -42 24 
90 35 -7 -88 -17 -12 3 -51 -121 25 7 -18 -10 -24 -13 -46 
-55 77 87 14 15 -13 12 -96 81 -16 
RSSI :-110 
Input angle :302
Zaxis angle :44 
minval :0 

minval :0 



-40 -17 20 -39 38 22 -23 37 -35 -25 27 -34 32 29 -30 30 
90 -2 -43 -74 -20 -3 -16 -45 -77 59 -3 -13 -15 -20 -22 -38 
-18 88 82 -25 7 -18 48 -8 -40 -88 13 0 23 -10 41 -13 
-83 -35 6 85 16 12 -3 48 95 -21 -4 13 5 25 3 44 
55 -72 -83 -18 -15 12 -45 -17 -1 97 -12 -7 -25 -1 -43 -9 
53 73 39 -76 -9 -18 22 -115 -16 -15 
RSSI :-110 
Input angle :301
Zaxis angle :44 
minval :0 

minval :0 



43 -5 2 43 -43 0 2 -43 43 4 -5 43 -42 -8 10 -41 
-74 53 77 36 19 -9 42 25 29 -93 9 11 23 6 37 21 
-34 -84 -55 65 4 21 -35 34 81 54 -13 6 -10 21 -27 33 
90 -11 -53 -67 -21 0 -25 -42 -71 66 -2 -14 -18 -15 -24 -35 
-7 91 77 -36 5 -21 46 -16 -49 -84 14 1 19 -14 40 -15 
-86 -29 14 84 18 10 -13 -78 68 -14 
RSSI :-110 
Input angle :302
Zaxis angle :41 
minval :0 

minval :0 



6 -24 24 7 -8 24 -23 -9 10 -22 22 12 -12 22 -20 -13 
14 51 36 -28 -1 -10 20 -12 -50 -42 9 -3 6 -7 18 -16 
-53 2 21 41 11 0 7 21 55 -36 1 10 5 7 11 22 
11 -52 -45 11 -3 10 -23 2 23 61 -10 0 -8 4 -24 6 
48 23 0 -46 -9 -6 3 -23 -66 5 3 -9 -1 -9 0 -25 
-32 42 45 10 8 -7 29 -112 106 -17 
RSSI :-110 
Input angle :300
Zaxis angle :41 
minval :0 

minval :0 



7 24 -25 5 -4 -25 25 -2 0 26 -25 0 1 -25 25 4 
-39 -38 -14 44 6 10 -8 20 64 14 -7 6 -1 9 -9 24 
46 -28 -39 -24 -11 4 -18 -12 -27 59 -4 -8 -9 -2 -21 -14 
16 52 33 -32 -1 -11 16 -14 -51 -41 9 -1 5 -8 19 -16 
-55 2 23 40 12 2 9 20 53 -38 0 9 6 7 13 22 
9 -54 -44 14 -4 11 105 -16 26 15 
RSSI :-110 
Input angle :312
Zaxis angle :39 
minval :0 

minval :0 



-25 -2 3 -25 25 4 -6 24 -24 -8 9 -23 23 11 -12 22 
53 -21 -36 -29 -14 1 -15 -13 -40 52 0 -9 -9 -4 -19 -17 
7 57 37 -28 2 -14 17 -11 -41 -52 9 2 7 -7 21 -14 
-57 -2 19 42 14 5 7 19 60 -27 -3 8 6 8 8 24 
19 -54 -45 7 -8 11 -20 2 16 64 -7 -4 -10 3 -25 4 
49 29 2 -46 -9 -11 -14 30 76 -1 
RSSI :-110 
Input angle :314
Zaxis angle :32 
minval :0 

minval :0 



-5 24 -24 -7 8 -24 23 9 -11 22 -22 -12 13 -21 20 13 
-10 -58 -38 28 -4 15 -15 13 42 52 -7 -2 -8 10 -18 17 
59 3 -21 -43 -13 -8 -9 -18 -60 29 5 -6 -7 -10 -13 -22 
-15 57 47 -7 11 -12 20 -4 -12 -66 5 6 11 -5 24 -7 
-51 -28 -1 47 9 13 0 20 67 2 -7 4 1 13 0 25 
41 -42 -45 -14 -15 5 -78 -49 122 16 
RSSI :-110 
Input angle :314
Zaxis angle :25 
minval :0 

minval :0 



-4 -25 25 -2 1 26 -25 0 1 -25 25 3 -5 25 -24 -5 
25 54 29 -39 0 -16 11 -18 -55 -39 8 0 5 -13 11 -22 
-57 14 29 38 15 4 15 16 50 -45 -2 7 11 7 19 16 
0 -59 -44 20 -7 13 -18 10 33 59 -6 -4 -9 9 -20 15 
57 14 -9 -48 -11 -11 -5 -20 -65 18 5 -6 -6 -12 -9 -22 
-27 52 49 3 13 -8 -2 -33 8 -17 
RSSI :-110 
Input angle :314
Zaxis angle :14 
minval :0 

minval :0 



16 19 -21 14 -13 -22 23 -10 11 23 -24 9 -8 -24 25 -8 
-48 -35 -13 47 4 13 -6 21 67 11 -7 3 0 13 0 27 
46 -37 -44 -20 -15 2 -20 -9 -25 64 -1 -5 -15 -1 -24 -5 
21 55 33 -37 5 -17 13 -18 -55 -41 7 0 6 -13 11 -22 
-59 10 28 39 15 6 15 17 50 -46 -1 7 11 8 20 16 
3 -57 -46 18 -10 13 -118 96 57 15 
RSSI :-110 
Input angle :314
Zaxis angle :20 
minval :0 

minval :0 



27 4 -5 27 -27 -6 8 -26 25 10 -11 25 -24 -13 13 -23 
-57 7 25 41 12 5 13 18 51 -41 -2 8 9 8 19 19 
6 -57 -46 15 -9 10 -20 9 26 60 -7 -3 -9 7 -23 14 
54 20 -3 -48 -7 -11 -4 -22 -65 9 5 -6 -5 -11 -8 -25 
-32 48 48 6 13 -5 22 0 3 -65 4 6 12 -2 27 -2 
-37 -43 -19 44 1 14 3 17 -92 4 
RSSI :-110 
Input angle :314
Zaxis angle :0 
minval :0 

minval :0 



-28 1 0 -28 28 1 -3 28 -28 -5 6 -27 27 8 -9 26 
53 -19 -34 -33 -11 -2 -17 -13 -39 49 0 -8 -9 -4 -23 -15 
5 56 41 -25 5 -10 16 -13 -42 -48 7 1 6 -8 20 -19 
-56 -5 13 46 8 7 9 20 58 -26 -3 7 6 8 14 24 
20 -52 -48 4 -9 6 -21 4 12 62 -6 -5 -9 4 -27 8 
47 31 7 -47 -4 -10 -4 -66 -91 -1 
RSSI :-110 
Input angle :311
Zaxis angle :25 
minval :0 

minval :0 



20 -50 50 23 -27 49 -47 -29 32 -46 43 35 -36 42 -40 -37 
-8 110 87 -33 8 -15 35 -25 -62 -107 15 3 13 -12 47 -27 
-105 -33 10 93 12 12 17 39 117 -38 -7 14 8 16 18 52 
57 -95 -93 -6 -14 9 -42 7 11 122 -12 -10 -18 5 -56 3 
82 71 27 -91 -5 -15 3 -41 -122 -20 13 -7 -2 -19 8 -54 
-94 53 78 50 22 -4 107 32 -76 -15 
RSSI :-110 
Input angle :314
Zaxis angle :25 
minval :0 

minval :0 



-50 -6 9 -50 48 12 -15 48 -46 -18 21 -45 44 22 -23 44 
103 -23 -55 -70 -14 4 -41 -25 -78 92 -2 -16 -18 -4 -35 -35 
-1 106 82 -37 0 -15 34 -35 -75 -95 16 2 8 -16 41 -24 
-102 -29 18 88 15 3 25 41 113 -46 -6 15 11 13 14 47 
51 -92 -90 -5 -7 13 -46 15 24 120 -13 -9 -15 9 -48 6 
78 70 22 -87 -11 -9 14 -49 93 -1 
RSSI :-110 
Input angle :312
Zaxis angle :32 
minval :0 

minval :0 



21 -45 44 24 -27 42 -40 -30 32 -39 37 33 -36 36 -33 -38 
-13 105 84 -32 -1 -16 35 -32 -62 -103 17 3 10 -16 43 -23 
-100 -35 8 90 14 5 21 42 113 -41 -7 15 12 12 13 48 
54 -90 -89 -8 -7 13 -46 13 12 119 -13 -11 -16 10 -50 1 
73 76 29 -86 -10 -10 -1 -48 -119 -13 13 -10 -6 -17 11 -49 
-91 53 76 47 12 -8 77 16 -82 -15 
RSSI :-110 
Input angle :314
Zaxis angle :32 
minval :0 

minval :0 



40 37 -43 33 -29 -45 40 -31 25 47 -49 28 -25 -49 42 -18 
-94 -42 3 91 10 9 17 47 115 -22 -8 17 11 15 4 47 
68 -87 -86 -17 -12 11 -45 10 -5 121 -10 -9 -16 6 -52 -8 
63 83 41 -79 -5 -13 8 -46 -115 -30 12 -7 -2 -18 12 -49 
-94 50 67 56 15 -2 47 14 50 -109 5 12 18 2 44 29 
-25 -103 -69 58 0 14 -66 -112 -86 9 
RSSI :-110 
Input angle :314
Zaxis angle :29 
minval :0 

minval :0 



-54 2 4 -55 56 2 -5 52 -54 -7 13 -47 51 20 -17 47 
96 -46 -72 -57 -16 0 -41 -16 -61 100 -3 -15 -17 -4 -40 -28 
17 104 67 -54 4 -15 22 -37 -86 -80 15 2 7 -15 38 -34 
-106 0 37 83 13 7 31 33 96 -67 -5 13 12 11 24 49 
32 -105 -87 13 -11 10 -36 25 33 113 -15 -9 -14 10 -52 12 
94 54 9 -90 -8 -13 22 -17 95 1 
RSSI :-110 
Input angle :314
Zaxis angle :20 
minval :0 

minval :0 



17 -49 45 15 -16 46 -44 -27 31 -49 47 34 -36 44 -40 -38 
13 108 79 -49 12 -15 24 -28 -77 -90 12 3 13 -13 46 -33 
-110 -22 27 87 11 12 24 31 104 -51 -3 13 9 16 16 48 
44 -99 -90 8 -16 8 -36 19 25 115 -11 -10 -17 7 -52 10 
86 64 16 -86 -4 -17 -7 -41 -119 -7 10 -8 -2 -19 0 -54 
-84 72 83 30 18 0 63 48 -46 -15 
RSSI :-110 
Input angle :314
Zaxis angle :20 
minval :0 

minval :0 



-56 12 -11 -57 58 -8 5 58 -59 0 2 -58 58 5 -7 58 
99 -54 -78 -48 -27 -11 -36 -6 -59 105 5 -17 -19 -11 -54 -22 
34 107 66 -64 18 -25 15 -33 -87 -85 15 7 14 -17 33 -47 
-114 0 49 78 20 22 29 22 104 -62 -10 13 14 17 40 43 
21 -112 -88 29 -26 13 -28 23 44 113 -9 -13 -22 8 -51 28 
104 48 -3 -92 -6 -30 12 -49 -85 1 
RSSI :-110 
Input angle :314
Zaxis angle :0 
minval :0 

minval :0 



58 -10 5 59 -60 3 -1 -59 59 1 -4 59 -60 -6 8 -58 
-103 50 77 52 29 15 35 9 73 -101 -7 18 20 10 53 25 
-23 -113 -69 61 -21 25 -17 33 80 94 -15 -11 -15 18 -36 47 
114 0 -46 -80 -19 -27 -28 -25 -109 60 14 -13 -13 -18 -35 -47 
-27 111 90 -19 30 -13 30 -22 -29 -121 9 17 21 -9 53 -25 
-102 -52 -1 92 5 32 -5 16 -124 -1 
RSSI :-110 
Input angle :314
Zaxis angle :14 
minval :0 

minval :0 



-52 -26 27 -51 50 31 -32 48 -46 -36 38 -44 40 42 -42 38 
114 25 -30 -88 -17 -32 -24 -31 -124 33 21 -9 -13 -20 -27 -51 
-53 105 92 -8 35 -10 35 -16 -3 0 5 23 23 -7 55 -17 
-91 -75 -12 92 2 37 7 38 124 26 -23 -1 1 24 2 58 
96 -69 -86 -35 -36 -5 -39 -2 -53 116 5 -23 -24 -3 -57 -8 
52 105 55 -76 15 -33 49 -113 -61 -10 
RSSI :-110 
Input angle :314
Zaxis angle :0 
minval :0 

minval :0 



24 15 -16 23 -21 -18 19 -21 19 20 -21 20 -18 -22 22 -16 
-56 -24 6 46 9 20 7 19 66 -4 -13 3 5 13 9 27 
37 -48 -46 -5 -22 4 -20 2 -13 66 0 -14 -14 2 -28 4 
39 46 15 -44 2 -22 1 -20 -61 -27 13 3 0 -14 2 -28 
-55 24 39 25 21 6 19 7 42 -51 -7 12 14 4 27 9 
-12 -59 -35 31 -11 18 -83 32 -57 12 
RSSI :-110 
Input angle :314
Zaxis angle :14 
minval :0 

minval :0 



-21 -17 18 -20 19 19 -20 18 -16 -21 22 -15 14 23 -22 13 
53 32 0 -46 -8 -24 -1 -20 -69 -8 16 0 -5 -17 -7 -25 
-44 44 45 12 25 -2 19 2 23 -66 -3 16 17 -1 26 0 
-32 -53 -22 40 -3 25 -6 19 60 35 -15 -6 -2 17 -3 26 
58 -22 -36 -29 -24 -9 -16 -11 -51 47 10 -12 -16 -6 -25 -10 
6 62 38 -26 14 -21 104 -49 24 -15 
RSSI :-110 
Input angle :314
Zaxis angle :0 
minval :0 

minval :0 



22 -12 11 23 -24 9 -7 -24 25 -6 4 25 -25 3 -2 -25 
-56 31 40 24 28 2 18 9 41 -59 -8 16 18 4 25 4 
-18 -61 -32 33 -10 26 -13 16 46 56 -13 -12 -7 18 -10 24 
64 -5 -25 -39 -24 -15 -13 -16 -63 34 14 -10 -16 -11 -21 -15 
-11 63 44 -15 21 -19 19 -8 -19 -70 6 16 14 -12 19 -16 
-59 -26 5 46 15 24 34 97 108 -1 
RSSI :-110 
Input angle :316
Zaxis angle :0 
minval :0 

minval :0 



-26 2 -1 -26 26 0 -1 26 -26 -2 4 -26 26 4 -6 25 
64 -7 -30 -37 -25 -13 -15 -14 -62 37 16 -7 -15 -13 -23 -12 
-5 64 43 -19 19 -21 18 -12 -22 -68 3 17 16 -12 17 -20 
-61 -22 9 46 17 22 7 20 72 -5 -18 0 8 18 15 21 
36 -54 -47 0 -26 11 -22 1 -11 71 4 -18 -19 4 -25 9 
45 47 12 -46 -5 -28 -17 -98 -60 -7 
RSSI :-110 
Input angle :314
Zaxis angle :0 
minval :0 

minval :0 



-15 -22 23 -13 11 24 -25 9 -8 -26 25 -6 5 26 -26 4 
28 57 24 -41 4 -28 8 -18 -56 -42 12 12 7 -19 1 -26 
-61 18 36 31 27 8 17 12 53 -46 -15 9 17 11 26 7 
-2 -63 -40 25 -15 24 -16 12 33 62 -6 -17 -16 13 -12 23 
63 13 -17 -44 -20 -20 -9 -18 -69 16 17 -1 -9 -18 -20 -18 
-27 58 47 -4 24 -14 1 -32 52 -18 
RSSI :-110 
Input angle :314
Zaxis angle :0 
minval :0 

minval :0 



4 -26 26 6 -8 26 -25 -9 11 -24 23 12 -13 22 -22 -14 
-22 58 47 -8 24 -16 19 -3 -7 -69 0 17 22 -6 19 -18 
-53 -34 -3 47 9 27 -1 19 68 9 -16 -5 0 23 14 22 
47 -41 -46 -14 -28 4 -19 -6 -24 66 9 -15 -23 -2 -25 8 
29 56 24 -40 3 -29 10 -17 -56 -42 13 12 10 -20 0 -26 
-61 14 33 34 27 10 -37 112 -24 -12 
RSSI :-110 
Input angle :314
Zaxis angle :0 
minval :0 

minval :0 



26 -1 0 26 -25 -2 5 -25 25 5 -7 25 -24 -7 9 -24 
-58 -17 10 46 19 21 1 18 67 -14 -17 3 8 23 21 15 
32 -52 -47 0 -26 12 -18 -3 -1 68 1 -17 -24 2 -19 17 
44 42 12 -45 -6 -28 7 -16 -65 -18 17 3 4 -24 -11 -23 
-51 32 42 21 29 1 15 10 31 -61 -7 16 22 7 25 -6 
-22 -56 -29 36 -6 28 -44 -48 -40 10 
RSSI :-110 
Input angle :313
Zaxis angle :14 
minval :0 

minval :0 



-36 47 -46 -38 41 -43 42 43 -44 40 -37 -47 50 -33 31 51 
90 -63 -80 -38 -45 3 -28 -21 -53 121 7 -30 -40 -21 -59 16 
39 102 58 -66 8 -45 27 -23 -107 -76 26 13 29 -35 -5 -60 
-108 18 50 72 42 16 15 31 97 -89 -20 23 26 38 60 9 
10 -108 -80 36 -27 36 -35 9 65 114 -18 -24 -43 16 -23 55 
104 37 -17 -86 -28 -35 0 -97 99 4 
RSSI :-110 
Input angle :302
Zaxis angle :25 
minval :0 

minval :0 



21 -63 62 28 -31 60 -59 -34 36 -58 55 38 -42 53 -51 -43 
-42 94 86 -2 25 -15 36 -1 -23 -125 5 21 39 3 56 -38 
-81 -63 -15 85 8 27 -6 35 0 4 -22 0 -13 37 25 62 
82 -62 -79 -36 -28 1 -32 -15 -39 122 5 -21 -32 -22 -68 8 
43 93 55 -66 5 -28 22 -28 -108 -68 18 10 29 -26 8 -68 
-100 21 54 67 26 11 -79 -112 57 -12 
RSSI :-110 
Input angle :314
Zaxis angle :32 
minval :0 

minval :0 



-33 63 -61 -38 42 -57 55 44 -47 54 -51 -49 52 -49 46 53 
40 -91 -85 1 -14 11 -34 3 23 125 -4 -17 -32 -5 -64 31 
81 57 20 -83 -8 -18 4 -34 -127 -9 18 -1 12 -31 -13 -70 
-76 64 74 41 19 -4 33 13 43 -119 -3 18 27 19 71 2 
-40 -91 -57 63 -1 19 -21 28 108 66 -16 -6 -25 20 -19 69 
97 -20 -48 -70 -18 -6 76 -81 55 11 
RSSI :-110 
Input angle :314
Zaxis angle :14 
minval :0 

minval :0 



52 45 -48 49 -45 -52 56 -41 38 58 -58 36 -34 -60 60 -31 
-88 -29 -2 81 15 0 9 36 124 -28 -14 10 1 24 16 67 
50 -79 -79 -17 -3 15 -36 1 7 127 -7 -17 -24 -3 -69 1 
66 66 35 -73 -14 -7 8 -35 -122 -29 17 -3 9 -23 15 -67 
-82 45 65 49 10 -12 33 15 56 -114 0 17 20 14 62 32 
-26 -89 -65 47 9 12 -57 16 -5 9 
RSSI :-110 
Input angle :314
Zaxis angle :32 
minval :0 

minval :0 



-69 -1 3 -70 70 5 -10 69 -68 -15 20 -67 66 23 -25 63 
83 -39 -53 -57 -11 11 -30 -21 -64 106 0 -19 -21 -14 -57 -40 
19 91 69 -37 -9 -12 28 -23 -87 -88 20 5 19 -16 51 -45 
-92 -1 22 75 15 -5 17 34 103 -67 -10 17 13 21 31 62 
22 -88 -78 4 1 16 -36 9 38 118 -15 -13 -23 6 -68 15 
81 43 14 -76 -15 -1 3 79 67 1 
RSSI :-110 
Input angle :311
Zaxis angle :36 
minval :0 

minval :0 



-47 41 -38 -49 51 -35 32 52 -54 30 -27 -56 57 -23 20 57 
23 -92 -73 5 -7 19 -38 7 26 117 -10 -24 -33 18 -62 4 
84 45 15 -73 -16 -11 1 -37 -120 0 25 -4 -8 -36 9 -61 
-64 70 68 29 15 -13 36 10 28 -117 0 26 37 0 57 23 
-56 -76 -46 59 11 20 -17 33 108 56 -25 -6 -6 39 -34 46 
87 -34 -44 -59 -19 4 98 95 2 11 
RSSI :-110 
Input angle :314
Zaxis angle :20 
minval :0 

minval :0 



41 -36 34 44 -45 30 -28 -47 48 -26 22 49 -51 21 -19 -51 
-14 101 79 -12 8 -19 40 -11 -36 -115 10 20 35 -24 55 -6 
-97 -33 -2 80 17 14 -1 41 120 -9 -23 4 13 39 -9 53 
59 -84 -76 -22 -17 13 -40 -10 -19 119 0 -24 -42 5 -50 -21 
70 76 40 -69 -10 -20 19 -37 -112 -45 22 5 4 -42 31 -45 
-91 48 58 54 21 -4 -121 32 112 -13 
RSSI :-110 
Input angle :314
Zaxis angle :20 
minval :0 

minval :0 



-36 27 -24 -38 39 -22 19 41 -42 17 -14 -43 43 -12 10 43 
22 -91 -79 6 -12 15 -45 3 21 94 0 -17 -46 14 -45 -1 
83 42 10 -79 -11 -16 5 -45 -97 0 16 3 -4 -49 10 -44 
-62 69 74 28 18 -7 42 15 27 -93 -7 15 48 5 40 20 
-53 -76 -45 65 3 19 -26 37 86 45 -13 -10 -16 46 -29 34 
86 -36 -51 -60 -19 -1 -2 13 74 36 
RSSI :-110 
Input angle :314
Zaxis angle :0 
minval :0 

minval :0 



17 -36 35 19 -21 34 -33 -22 25 -32 30 27 -29 28 -26 -30 
10 93 74 -32 3 -15 43 -11 -59 -76 14 4 36 -25 35 -19 
-93 -10 15 79 14 7 1 44 87 -41 -8 13 16 41 11 39 
28 -89 -81 -5 -9 12 -43 -9 18 94 -11 -11 -44 4 -40 1 
79 50 22 -78 -9 -12 19 -40 -96 -4 13 -7 4 -43 7 -40 
-71 61 70 40 15 -5 -51 96 -111 -47 
RSSI :-110 
Input angle :314
Zaxis angle :29 
minval :0 

minval :0 



23 10 -12 22 -22 -13 14 -21 20 15 -16 19 -18 -17 18 -17 
-54 5 17 39 17 0 7 17 50 -42 -8 8 13 17 13 22 
7 -54 -42 7 -4 16 -18 2 25 61 -6 -10 -20 9 -24 8 
51 19 2 -42 -15 -7 1 -18 -65 11 11 -3 -4 -22 -1 -26 
-30 45 41 12 11 -13 17 6 4 -66 1 12 22 0 25 5 
-38 -38 -21 37 10 13 -2 80 99 5 
RSSI :-110 
Input angle :314
Zaxis angle :25 
minval :0 

minval :0 



16 -22 21 17 -18 20 -19 -19 21 -18 17 21 -23 15 -14 -23 
-2 55 42 -8 2 -17 20 -4 -27 -62 6 7 16 -11 27 -9 
-54 -13 0 43 16 6 0 21 67 -11 -8 4 5 18 1 28 
28 -48 -41 -12 -10 14 -20 -4 -2 68 -2 -9 -19 2 -27 -4 
41 37 20 -37 -10 -13 10 -18 -64 -22 10 0 3 -20 10 -25 
-48 28 31 29 15 -8 -115 0 66 -15 
RSSI :-110 
Input angle :312
Zaxis angle :29 
minval :0 

minval :0 



10 26 -26 8 -7 -27 27 -5 4 27 -28 2 0 -27 28 0 
-46 -30 -16 38 13 10 -6 21 69 11 -7 4 0 18 -6 27 
40 -37 -34 -24 -13 9 -19 -11 -25 65 -2 -8 -17 -3 -24 -14 
25 49 31 -28 -6 -15 16 -15 -56 -41 8 0 7 -16 19 -20 
-54 13 19 37 16 -2 10 19 53 -44 -1 8 13 12 15 23 
0 -55 -41 8 -1 16 115 32 3 16 
RSSI :-110 
Input angle :311
Zaxis angle :32 
minval :0 

minval :0 



-27 -8 8 -27 26 9 -12 25 -24 -13 15 -24 23 16 -16 22 
52 -14 -17 -38 -15 4 -11 -20 -52 47 -2 -10 -14 -9 -17 -22 
1 54 40 -8 0 -16 23 -5 -32 -63 11 0 12 -11 25 -11 
-53 -11 -1 41 16 4 1 23 67 -21 -2 10 9 14 4 27 
22 -49 -40 -9 -7 14 -23 -4 2 70 -10 -4 -16 5 -28 -1 
42 33 21 -36 -13 -10 -26 126 -127 -4 
RSSI :-110 
Input angle :308
Zaxis angle :29 
minval :0 

minval :0 



18 -20 19 19 -20 18 -16 -21 23 -15 14 23 -24 13 -11 -24 
-14 51 41 5 6 -18 24 2 -19 -69 13 1 14 -9 26 -5 
-45 -27 -16 38 16 8 -8 23 71 0 -5 12 5 16 -1 27 
36 -39 -34 -24 -13 13 -20 -13 -17 69 -10 -7 -17 2 -26 -8 
27 44 31 -28 -10 -15 17 -16 -63 -33 9 -8 2 -16 13 -24 
-50 17 19 37 17 -6 -75 0 10 -14 
RSSI :-110 
Input angle :305
Zaxis angle :44 
minval :0 

minval :0 



-9 25 -24 -10 11 -24 23 13 -14 22 -21 -15 17 -20 19 18 
-4 -52 -41 10 2 24 -25 6 44 59 -13 2 -8 14 -22 15 
52 8 0 -43 -23 -1 0 -26 -68 29 0 -14 -11 -11 -10 -24 
-16 50 41 9 7 -22 26 5 -11 -73 13 3 14 -9 26 -3 
-43 -30 -19 38 20 12 -11 23 74 3 -7 12 4 15 -2 26 
38 -35 -33 -27 -17 17 -90 -65 -67 17 
RSSI :-110 
Input angle :305
Zaxis angle :44 
minval :0 

minval :0 



14 21 -23 13 -12 -23 24 -11 9 24 -25 6 -5 -25 25 -4 
-42 -29 -19 39 22 13 -11 24 75 8 -7 12 4 15 -1 26 
39 -34 -34 -27 -18 18 -20 -17 -22 72 -10 -10 -16 1 -25 -7 
25 44 34 -26 -13 -21 21 -16 -62 -42 11 -7 2 -16 13 -22 
-50 12 16 40 24 -8 9 25 56 -51 4 13 15 6 17 19 
-2 -52 -43 7 2 25 -99 -32 84 16 
RSSI :-110 
Input angle :304
Zaxis angle :44 
minval :0 

minval :0 



21 -15 13 22 -22 12 -11 -23 23 -10 8 24 -24 7 -6 -25 
-25 44 40 15 9 -24 24 9 -2 -75 13 6 14 -6 25 0 
-37 -34 -25 35 21 14 -14 22 73 18 -10 11 3 15 -4 25 
43 -27 -30 -31 -19 16 -17 -20 -34 67 -8 -11 -16 0 -23 -11 
20 46 36 -23 -12 -22 22 -13 -59 -46 13 -5 3 -15 15 -20 
-50 7 12 41 24 -7 -19 -112 -1 -13 
RSSI :-110 
Input angle :303
Zaxis angle :47 
minval :0 

minval :0 



-8 -24 24 -6 5 25 -26 2 -2 -26 25 0 -1 25 -25 -2 
34 37 28 -33 -20 -15 16 -19 -73 -21 13 -11 -2 -16 7 -24 
-43 25 26 35 19 -17 16 20 37 -66 9 14 16 0 21 13 
-14 -48 -39 20 11 22 -23 10 54 52 -16 4 -4 15 -18 17 
50 -2 -8 -42 -25 5 -2 -25 -64 40 0 -17 -13 -8 -13 -22 
-10 48 43 3 0 -25 -110 111 52 -18 
RSSI :-110 
Input angle :303
Zaxis angle :41 
minval :0 

minval :0 



-21 -12 12 -20 20 15 -17 19 -17 -17 18 -18 16 18 -20 14 
49 5 -2 -43 -23 3 0 -25 -68 32 4 -19 -12 -9 -9 -23 
-17 45 43 10 2 -26 24 6 -14 -75 17 6 12 -10 25 -4 
-41 -27 -18 39 24 9 -11 22 76 2 -10 16 7 14 -2 25 
35 -34 -33 -28 -15 22 -18 -15 -18 75 -12 -14 -15 3 -24 -8 
24 43 35 -25 -17 -19 -19 -2 108 -9 
RSSI :-110 
Input angle :307
Zaxis angle :47 
minval :0 

minval :0 



-26 1 1 -24 24 0 -2 25 -26 -5 6 -22 24 5 -10 23 
42 -24 -23 -36 -22 17 -16 -20 -38 67 -8 -18 -16 0 -20 -13 
13 46 39 -15 -12 -25 22 -8 -56 -52 19 -4 4 -16 17 -17 
-48 1 4 42 26 -7 2 24 64 -43 0 20 15 8 12 21 
12 -47 -42 -5 0 27 -24 -3 26 73 -19 -5 -11 12 -24 5 
43 22 15 -40 -27 -6 -55 110 89 2 
RSSI :-110 
Input angle :307
Zaxis angle :47 
minval :0 

minval :0 



-3 25 -25 -4 5 -25 24 7 -9 23 -23 -10 12 -22 21 13 
-15 -45 -40 14 15 24 -21 9 60 51 -20 4 -2 17 -17 17 
47 -3 -5 -42 -27 9 -4 -23 -63 47 1 -21 -15 -7 -15 -20 
-8 47 43 2 -3 -29 23 1 -31 -72 20 5 10 -14 23 -9 
-45 -15 -13 41 29 2 -6 22 77 -12 -10 18 11 13 3 25 
26 -39 -37 -22 -11 27 -16 127 -66 19 
RSSI :-110 
Input angle :303
Zaxis angle :39 
minval :0 

minval :0 



23 -8 7 24 -23 5 -4 -24 24 -4 2 24 -25 1 2 -25 
-34 33 33 27 14 -26 18 14 17 -76 13 16 16 -5 24 6 
-24 -41 -34 25 21 21 -19 13 71 34 -19 9 1 17 -12 22 
45 -14 -15 -39 -25 16 -9 -21 -53 57 -3 -20 -17 -1 -18 -17 
3 47 43 -5 -9 -28 23 -4 -44 -65 20 0 5 -16 20 -14 
-47 -7 -4 43 30 -2 31 33 -47 -9 
RSSI :-110 
Input angle :305
Zaxis angle :47 
minval :0 

minval :0 


