
-23 -48 49 -19 19 56 -56 16 -16 -57 57 -7 9 59 -59 6 
-51 61 -40 -35 50 -43 -51 14 -50 61 4 20 25 -47 9 -52 
-45 -62 42 -33 29 59 0 -53 -48 -64 -24 0 41 35 56 24 
71 -27 20 52 -64 14 49 9 72 -29 5 -21 -44 30 -34 45 
10 77 -56 7 2 -65 -21 46 11 78 19 10 -18 -51 -34 -45 
-77 -11 8 -55 62 21 99 -1 -70 -2 
RSSI :-110 
Input angle :323
Zaxis angle :14 
minval :0 

minval :0 



33 -14 11 36 -34 14 -11 -30 32 -4 7 37 -31 4 2 -34 
-85 -40 40 -41 64 54 -27 -45 -67 -27 -20 2 52 31 36 6 
55 -76 30 48 -68 49 51 -14 44 -59 0 -19 -45 42 -15 33 
54 76 -55 16 -27 -80 -5 49 46 59 20 5 -29 -54 -28 -25 
-86 35 0 -56 84 -9 -52 -15 -70 28 -10 16 59 -16 27 -18 
-13 -93 59 12 -11 84 -82 -17 -42 -38 
RSSI :-110 
Input angle :338
Zaxis angle :0 
minval :0 

minval :0 



41 4 -4 42 -48 -3 6 -50 50 11 -21 40 -41 -14 26 -45 
-96 -2 36 -71 66 21 -6 -40 -38 -44 -52 10 77 4 41 29 
22 -87 62 55 -40 57 47 2 53 -26 4 -53 -25 73 -32 29 
80 52 -70 49 -45 -52 -22 46 9 57 48 23 -63 -45 -8 -45 
-68 66 -34 -76 62 -34 -40 -23 -58 -4 -28 43 57 -49 42 -5 
-42 -80 78 -8 14 68 33 80 87 -7 
RSSI :-110 
Input angle :326
Zaxis angle :14 
minval :0 

minval :0 



-33 68 -65 -38 42 -63 61 44 -46 59 -55 -52 55 -52 47 59 
60 -92 39 75 -56 67 31 7 46 -23 34 -22 -39 65 -69 30 
73 79 -83 15 -56 -69 -13 29 11 49 13 37 -54 -52 -15 -74 
-97 50 3 -84 81 -35 -24 -21 -51 -2 -40 2 65 -40 75 6 
-23 -106 80 26 11 88 27 -17 16 -49 7 -40 14 74 -28 70 
109 4 -48 68 -87 -11 89 -32 -95 3 
RSSI :-110 
Input angle :63
Zaxis angle :0 
minval :0 

minval :0 



-40 46 -46 -42 45 -42 37 49 -52 32 -32 -52 55 -30 25 56 
90 -38 3 61 -82 9 44 32 63 -14 19 -2 -59 10 -61 12 
14 96 -61 -9 12 -82 -41 36 -1 64 0 19 5 -60 4 -62 
-98 -8 24 -56 77 30 -24 -49 -62 -19 -18 -6 57 21 59 19 
31 -94 47 39 -51 65 54 -10 34 -55 10 -17 -33 50 -33 52 
82 55 -51 35 -55 -62 92 -112 -50 5 
RSSI :-110 
Input angle :329
Zaxis angle :14 
minval :0 

minval :0 



-57 -54 57 -55 51 62 -66 45 -41 -68 70 -36 34 72 -73 31 
33 75 -73 11 -3 -65 -19 54 10 52 9 9 -14 -73 -12 -79 
-80 12 7 -74 64 14 -47 -33 -53 -3 -11 6 75 3 79 9 
6 -81 69 25 -31 58 44 -37 16 -51 -3 -13 -24 71 -31 74 
74 30 -43 60 -48 -44 25 52 44 29 13 0 -63 -41 -65 -45 
-45 66 -46 -57 55 -35 -79 -81 114 4 
RSSI :-110 
Input angle :348
Zaxis angle :0 
minval :0 

minval :0 



-87 -2 6 -87 87 11 -16 85 -85 -22 26 -83 81 30 -33 79 
94 63 -84 28 -39 -76 10 40 44 57 20 26 -54 -63 -69 -55 
-85 74 -9 -88 84 -16 -40 0 -67 27 -31 13 73 -38 71 -52 
-53 -100 87 14 -2 86 7 -40 -10 -72 -3 -33 18 81 33 81 
110 -24 -37 81 -82 -24 36 18 72 12 33 3 -82 -8 -87 11 
-5 114 -68 -57 45 -73 -57 79 -127 8 
RSSI :-110 
Input angle :237
Zaxis angle :14 
minval :0 

minval :0 



50 14 -14 62 -50 -26 21 -59 55 36 -40 50 -47 -30 43 -46 
29 -21 -68 -61 -11 -111 15 19 -21 36 23 2 20 10 31 55 
19 33 67 -47 110 14 -14 13 -30 -35 -2 20 -15 19 -54 13 
-34 7 36 81 -43 101 -2 -26 38 -23 -15 -9 -12 -17 -11 -61 
0 -34 -87 2 -88 -63 25 -4 6 44 11 -11 20 -9 54 14 
39 12 10 -91 85 -70 -91 31 -120 0 
RSSI :-110 
Input angle :22
Zaxis angle :25 
minval :0 

minval :0 



72 -4 0 71 -71 -3 6 -71 71 11 -15 70 -68 -19 22 -67 
27 -24 -86 -27 -52 -96 15 7 -26 40 20 -6 26 9 58 40 
16 33 49 -76 105 -27 -11 12 -33 -34 0 21 -14 23 -53 48 
-36 6 63 65 1 107 -9 -13 41 -23 -21 -4 -17 -20 -31 -65 
2 -36 -81 40 -104 -25 16 -5 11 46 9 -19 24 -13 69 -15 
34 11 -21 -88 50 -96 -96 15 16 0 
RSSI :-110 
Input angle :26
Zaxis angle :32 
minval :0 

minval :0 



54 -51 48 57 -60 43 -41 -62 63 -38 34 67 -68 28 -25 -71 
31 -44 -89 22 -98 -37 3 -1 -7 66 14 -34 36 0 75 -6 
34 42 0 -92 60 -85 0 3 -62 -24 31 19 -10 35 -12 74 
-48 24 89 24 66 81 -3 -1 37 -55 -26 25 -31 -16 -68 -30 
-12 -53 -46 81 -92 48 2 -2 44 49 -17 -31 24 -26 48 -58 
54 2 -64 -65 -21 -102 -122 95 127 3 
RSSI :-110 
Input angle :33
Zaxis angle :20 
minval :0 

minval :0 



-21 -32 34 -19 17 35 -35 14 -11 -37 38 -8 6 38 -38 5 
-70 -48 -20 71 -52 18 50 3 75 13 -20 11 17 -55 3 -39 
65 -54 -63 -38 -3 -55 -16 48 -31 69 -6 -22 51 27 36 14 
35 77 54 -52 54 10 -42 -27 -59 -47 24 0 -38 43 -22 32 
-83 17 38 64 -23 51 36 -34 61 -44 -4 23 -32 -48 -25 -30 
2 -85 -72 20 -43 -35 -21 -80 118 35 
RSSI :-110 
Input angle :33
Zaxis angle :0 
minval :0 

minval :0 



3 -57 57 6 -11 56 -56 -14 16 -55 53 19 -21 53 -51 -24 
-26 -48 -43 81 -88 30 20 -13 49 10 -5 -15 -1 -44 39 -43 
53 -12 -65 -65 -8 -93 8 22 -21 46 16 0 44 11 32 45 
-3 54 78 -50 91 14 -23 1 -39 -33 -4 15 -21 39 -53 18 
-53 -12 28 88 -39 85 3 -22 41 -30 -14 -8 -34 -29 -6 -57 
27 -48 -94 6 -74 -57 36 112 22 6 
RSSI :-110 
Input angle :18
Zaxis angle :0 
minval :0 

minval :0 



-35 -42 44 -34 30 47 -48 28 -25 -49 52 -21 18 51 -53 15 
-39 -73 -27 81 -76 44 39 13 14 36 -5 -33 17 -11 -3 -55 
80 -21 -73 -45 -21 -85 -20 35 -39 3 32 2 6 18 54 11 
1 84 61 -57 87 -3 -28 -29 5 -39 -10 31 -19 2 -23 50 
-80 -21 41 75 -16 86 36 -19 35 15 -27 -17 4 -19 -41 -35 
38 -74 -82 20 -78 -40 -47 127 -5 3 
RSSI :-110 
Input angle :27
Zaxis angle :25 
minval :0 

minval :0 



-27 -78 79 -24 21 80 -81 16 -12 -81 83 -8 2 83 -82 -2 
-40 -64 -22 109 -99 68 20 -1 33 28 -16 -42 15 -7 26 -79 
73 -20 -101 -48 -39 -113 -1 21 -33 27 45 -4 4 17 71 42 
3 75 74 -82 118 -14 -19 -7 -16 -41 -6 45 -18 0 -59 58 
-73 -16 60 93 -19 119 11 -17 43 -4 -42 -15 4 -17 -40 -72 
31 -69 -106 38 -110 -48 -16 95 125 5 
RSSI :-110 
Input angle :35
Zaxis angle :20 
minval :0 

minval :0 



41 -59 58 43 -47 54 -50 -51 53 -48 45 56 -59 41 -39 -59 
-1 -60 -82 48 -116 -20 12 -7 22 41 5 -23 21 -14 67 -23 
59 13 -26 -91 48 -108 3 14 -46 10 22 10 8 24 4 71 
-27 54 95 0 93 72 -15 0 2 -47 -16 18 -25 2 -71 -11 
-45 -40 -24 93 -94 72 3 -13 44 16 -13 -20 3 -25 29 -66 
49 -34 -85 -44 -49 -107 -48 -97 26 5 
RSSI :-110 
Input angle :23
Zaxis angle :25 
minval :0 

minval :0 



33 -51 49 36 -37 48 -46 -39 43 -43 40 45 -48 37 -34 -50 
-5 -64 -90 48 -97 -37 14 13 20 43 6 -20 28 -13 57 -23 
63 8 -27 -99 55 -88 -16 10 -47 9 18 11 6 30 4 60 
-24 59 102 -1 69 77 -5 -18 1 -48 -15 15 -31 -1 -61 -6 
-53 -35 -22 99 -92 46 19 -2 46 12 -10 -18 9 -30 21 -57 
49 -42 -90 -49 -20 -101 -51 -65 56 5 
RSSI :-110 
Input angle :23
Zaxis angle :29 
minval :0 

minval :0 



27 -42 40 28 -29 40 -37 -32 35 -35 31 37 -39 30 -27 -40 
-21 -64 -70 54 -88 -24 26 5 37 41 -4 -11 24 -30 47 -17 
68 -6 -32 -82 40 -82 -10 24 -49 26 12 -1 22 32 5 50 
-13 67 87 -14 68 61 -20 -16 -13 -54 0 12 -36 15 -50 -7 
-62 -28 -9 88 -77 50 22 -15 56 2 -11 -3 -4 -39 19 -46 
44 -52 -82 -32 -30 -86 -29 127 -64 6 
RSSI :-110 
Input angle :28
Zaxis angle :0 
minval :0 

minval :0 



34 -44 42 36 -41 38 -35 -43 45 -32 30 46 -49 27 -24 -50 
-19 -57 -80 45 -108 -32 29 -7 23 48 10 -22 18 -19 54 -13 
60 -5 -22 -88 61 -95 0 29 -51 12 19 16 13 23 -2 56 
-9 60 92 2 77 82 -28 -7 1 -53 -21 14 -26 7 -53 -15 
-55 -26 -23 89 -97 58 16 -25 50 14 -9 -23 0 -26 28 -49 
38 -46 -82 -42 -30 -108 -55 -65 -52 5 
RSSI :-110 
Input angle :26
Zaxis angle :20 
minval :0 

minval :0 



66 -9 7 66 -67 4 -1 -67 67 4 -9 66 -65 -13 16 -64 
37 -44 -89 -38 -56 -88 6 17 -15 53 17 -1 30 7 59 30 
32 47 60 -76 98 -36 -18 3 -48 -27 -2 17 -14 28 -47 47 
-55 18 56 78 9 104 1 -19 38 -39 -16 -6 -23 -21 -37 -56 
-7 -57 -90 35 -103 -16 17 7 27 48 11 -14 27 -16 63 -21 
56 8 -15 -94 40 -95 -108 -49 -10 1 
RSSI :-110 
Input angle :27
Zaxis angle :14 
minval :0 

minval :0 



56 -4 3 56 -57 0 4 -55 56 5 -9 55 -54 -12 14 -55 
65 -43 -77 -43 -31 -89 8 16 -30 60 17 -15 32 15 48 29 
27 73 60 -67 93 -9 -18 3 -51 -45 9 21 -22 27 -39 40 
-78 6 47 76 -10 93 0 -18 56 -38 -22 4 -19 -28 -28 -48 
11 -78 -86 23 -86 -36 18 5 23 65 1 -24 33 -13 54 -17 
72 29 -2 -90 59 -74 118 -49 -28 0 
RSSI :-110 
Input angle :27
Zaxis angle :0 
minval :0 

minval :0 



56 25 -27 52 -47 -30 20 -54 48 38 -39 45 -41 -41 43 -38 
59 -5 -47 -95 15 -107 -3 12 -45 35 28 10 13 17 25 53 
-10 59 102 -24 103 40 -12 -5 -22 -52 -17 25 -20 8 -57 12 
-54 -22 -6 106 -65 87 8 -10 55 -9 -20 -23 -5 -21 0 -59 
34 -48 -102 -32 -69 -86 7 9 -4 57 27 -12 21 1 57 16 
37 46 59 -88 98 -49 -110 95 -69 -3 
RSSI :-110 
Input angle :27
Zaxis angle :14 
minval :0 

minval :0 



16 56 -58 15 -11 -57 58 -7 3 59 -59 1 1 -58 58 6 
49 41 24 -91 85 -37 -3 16 -61 -19 20 23 -5 35 -20 56 
-53 39 86 40 13 92 -14 -7 28 -56 -26 15 -31 -15 -47 -35 
-24 -60 -62 71 -92 -6 11 -11 46 43 -7 -30 22 -26 44 -38 
65 -7 -51 -80 30 -88 9 13 -54 31 30 0 20 27 27 51 
-7 65 89 -31 77 51 -34 95 0 -8 
RSSI :-110 
Input angle :27
Zaxis angle :25 
minval :0 

minval :0 



-14 52 -50 -18 21 -50 48 24 -26 46 -44 -29 31 -43 42 33 
5 47 82 -57 90 2 0 -12 -36 -30 0 24 -20 14 -41 33 
-47 -7 38 92 -27 86 12 3 39 -28 -23 -6 -10 -23 -22 -47 
19 -43 -100 14 -78 -46 -6 10 18 44 9 -21 24 -3 54 -7 
38 28 9 -99 62 -64 -9 -9 -47 5 17 16 -3 24 -5 53 
-37 28 93 38 44 80 13 -80 21 -6 
RSSI :-110 
Input angle :27
Zaxis angle :14 
minval :0 

minval :0 



-42 7 -3 -43 43 -1 0 43 -43 -2 5 -42 42 8 -9 41 
-45 58 68 26 49 64 -2 -29 30 -57 -7 17 -31 -15 -38 -20 
-43 -60 -41 59 -75 30 28 5 47 44 -15 -12 23 -25 29 -32 
68 -27 -47 -55 -9 -80 -12 26 -53 36 15 -11 18 29 24 36 
9 73 66 -30 80 10 -21 -19 -21 -61 7 17 -32 12 -41 14 
-73 -7 12 71 -29 75 6 66 -30 -3 
RSSI :-110 
Input angle :24
Zaxis angle :14 
minval :0 

minval :0 



-35 -63 64 -32 29 66 -67 23 -17 -69 70 -14 10 71 -71 8 
-58 -25 -5 79 -41 78 -4 -11 52 -1 -13 -7 -15 -15 11 -71 
37 -51 -73 -30 -66 -57 12 -2 -11 50 11 -10 17 -10 65 28 
39 49 44 -64 73 -49 0 12 -47 -22 6 12 5 21 -44 58 
-56 28 52 58 30 83 -12 -3 34 -38 -14 4 -22 0 -46 -55 
-14 -60 -70 36 -88 7 58 -16 43 5 
RSSI :-110 
Input angle :212
Zaxis angle :20 
minval :0 

minval :0 



-15 -67 68 -13 9 68 -68 5 0 -69 68 3 -6 68 -66 -9 
-49 -71 -59 85 -60 37 2 17 62 33 -19 -18 22 -31 26 -63 
82 -28 -69 -78 -20 -67 -17 -1 -48 51 22 -13 25 28 55 41 
12 85 92 -49 69 -6 5 -15 -39 -59 8 24 -33 18 -54 41 
-86 -12 23 102 -13 68 15 9 67 -20 -26 0 -7 -37 -27 -63 
33 -81 -104 0 -62 -31 9 -48 -70 8 
RSSI :-110 
Input angle :19
Zaxis angle :14 
minval :0 

minval :0 



50 -20 17 52 -53 13 -10 -52 54 -8 5 53 -54 2 0 -54 
12 -50 -94 0 -76 -67 16 6 15 40 -2 -8 32 -24 51 16 
47 23 19 -94 81 -59 -8 15 -41 5 7 2 13 36 -28 46 
-34 38 86 40 37 94 -10 -13 4 -43 -4 6 -39 4 -39 -37 
-28 -43 -61 72 -101 10 16 -6 41 16 -5 -5 6 -38 46 -28 
48 -18 -53 -77 12 -101 -51 -1 -90 4 
RSSI :-110 
Input angle :26
Zaxis angle :0 
minval :0 

minval :0 



73 -29 25 75 -76 20 -16 -76 77 -11 8 78 -78 3 1 -78 
64 -39 -86 -19 -71 -97 3 14 -46 45 33 -15 31 18 76 21 
22 72 39 -79 112 -40 -14 0 -30 -57 8 34 -26 25 -38 68 
-76 1 65 59 11 119 4 -13 63 -14 -35 -2 -17 -32 -54 -55 
17 -73 -73 50 -119 -18 12 7 0 65 10 -34 36 -9 65 -43 
67 33 -30 -82 42 -112 -127 111 38 -2 
RSSI :-110 
Input angle :29
Zaxis angle :20 
minval :0 

minval :0 



59 1 -6 58 -59 -8 12 -58 57 15 -18 56 -56 -21 22 -54 
90 -22 -47 -57 -24 -68 -13 23 -72 35 22 -19 21 35 44 38 
2 92 67 -33 71 -7 -17 -20 -16 -79 12 27 -42 9 -50 33 
-88 -24 13 73 -10 72 22 -14 78 5 -29 5 -1 -42 -22 -55 
43 -82 -76 -5 -66 -28 7 26 -26 75 2 -30 41 10 59 -7 
69 62 21 -73 42 -58 116 31 41 -5 
RSSI :-110 
Input angle :16
Zaxis angle :14 
minval :0 

minval :0 



47 16 -18 46 -45 -21 24 -43 42 27 -29 40 -38 -32 33 -36 
75 -18 -28 -67 -3 -69 -1 13 -63 45 16 -16 31 26 26 42 
1 77 72 -16 68 13 -12 -4 -27 -72 11 20 -32 25 -48 14 
-74 -18 -9 72 -29 62 8 -10 76 -7 -21 6 -16 -37 -2 -50 
37 -67 -69 -23 -52 -45 9 10 -9 76 0 -22 40 -7 50 8 
58 50 40 -61 54 -41 114 95 0 -4 
RSSI :-110 
Input angle :23
Zaxis angle :0 
minval :0 

minval :0 



-18 51 -49 -21 23 -48 47 24 -27 46 -43 -31 33 -41 40 35 
29 76 98 -39 78 12 -27 -13 -56 -55 -7 14 -28 33 -46 28 
-81 5 10 106 -32 71 20 -20 69 -39 -12 -10 -25 -36 -17 -51 
11 -81 -105 -18 -62 -47 16 24 20 76 11 -9 41 -15 53 -5 
74 33 41 -98 64 -46 -28 9 -81 -1 6 13 5 45 -9 53 
-49 65 84 66 30 74 36 -80 53 -10 
RSSI :-110 
Input angle :22
Zaxis angle :20 
minval :0 

minval :0 



-57 0 1 -57 57 4 -8 56 -56 -12 15 -55 55 18 -20 53 
-40 31 80 68 10 79 7 4 11 -59 -12 7 -34 -2 -46 -34 
-20 -46 -88 57 -79 -9 -5 6 55 25 -4 -13 10 -32 43 -36 
49 -8 -32 -99 28 -75 -4 -6 -39 45 14 0 29 20 22 52 
-4 50 105 -9 62 51 7 -2 -34 -49 -3 14 -25 24 -56 9 
-48 -15 -16 104 -62 50 111 64 76 -3 
RSSI :-110 
Input angle :21
Zaxis angle :32 
minval :0 

minval :0 



-60 0 3 -60 61 7 -11 59 -58 -13 15 -60 59 17 -20 57 
-67 4 54 87 10 94 32 -1 35 -40 -33 -13 -13 -25 -48 -36 
13 -67 -97 36 -93 -11 -5 30 31 43 18 -29 28 -8 46 -40 
61 28 -13 -103 29 -88 -28 -13 -49 20 23 27 2 30 28 54 
-42 54 102 18 78 54 19 -25 -6 -53 -32 17 -28 -6 -59 11 
-40 -55 -43 94 -73 58 106 -48 -74 0 
RSSI :-110 
Input angle :23
Zaxis angle :32 
minval :0 

minval :0 



-22 -29 29 -19 21 30 -35 22 -24 -39 38 -21 15 38 -38 13 
-57 -23 -28 81 -50 39 22 1 64 18 -13 -8 8 -27 -1 -40 
40 -47 -71 -48 -25 -59 -7 20 -32 58 10 -11 24 14 40 8 
35 52 61 -60 63 -11 -19 -11 -46 -48 8 13 -20 19 -17 37 
-57 24 39 76 -2 64 16 -15 56 -34 -15 5 -14 -23 -32 -25 
-11 -61 -83 22 -61 -18 -82 -112 122 31 
RSSI :-110 
Input angle :32
Zaxis angle :25 
minval :0 

minval :0 



60 11 -14 56 -62 -8 12 -64 54 20 -20 61 -49 -28 30 -45 
78 0 -63 -82 -12 -84 -22 2 -45 17 36 3 12 36 47 37 
-12 70 100 -36 81 13 4 -15 -10 -50 -12 35 -40 3 -53 36 
-62 -38 9 97 -32 76 16 1 49 7 -25 -18 5 -36 -19 -54 
51 -57 -101 -17 -69 -46 -15 19 -12 46 25 -26 36 17 65 -9 
33 65 34 -96 64 -54 -84 127 3 -3 
RSSI :-110 
Input angle :27
Zaxis angle :25 
minval :0 

minval :0 



41 35 -31 33 -33 -30 35 -40 37 34 -42 28 -27 -35 45 -31 
85 35 -1 -73 51 -69 -16 -5 -83 -16 34 5 -10 44 18 45 
-53 73 69 18 52 69 3 -21 44 -75 -15 27 -41 -20 -52 -2 
-66 -71 -40 63 -79 39 19 9 65 56 -22 -23 31 -31 6 -46 
92 -38 -52 -50 -12 -86 -21 13 -69 47 28 -16 23 34 40 20 
17 98 61 -45 92 6 -62 63 -88 -10 
RSSI :-110 
Input angle :19
Zaxis angle :20 
minval :0 

minval :0 



-37 3 -1 -37 37 1 -4 37 -36 -6 9 -36 36 10 -12 35 
-49 54 68 36 16 87 -2 -17 35 -58 -20 17 -40 -11 -31 -19 
-39 -62 -52 57 -89 -7 17 2 48 48 -12 -23 19 -36 27 -25 
69 -22 -43 -64 30 -84 -6 16 -59 33 26 -5 30 29 18 32 
1 73 73 -25 74 49 -14 -9 -19 -65 0 27 -36 21 -36 9 
-72 -13 8 77 -64 61 39 -30 26 -1 
RSSI :-110 
Input angle :28
Zaxis angle :14 
minval :0 

minval :0 



-25 -46 47 -21 21 47 -48 19 -14 -50 51 -11 7 51 -51 5 
-61 -43 -48 102 -76 35 12 -1 59 14 -14 -19 10 -22 7 -51 
59 -46 -87 -70 -14 -81 -1 11 -28 53 23 -9 19 16 48 20 
32 68 92 -65 83 2 -11 -4 -45 -39 2 24 -20 13 -31 40 
-73 15 43 103 -27 79 6 -10 51 -33 -24 -2 -8 -22 -31 -41 
2 -75 -111 14 -70 -47 36 -96 99 7 
RSSI :-110 
Input angle :27
Zaxis angle :25 
minval :0 

minval :0 



23 34 -35 21 -19 -37 38 -16 13 39 -40 12 -11 -40 41 -8 
68 39 8 -80 62 -53 -27 -2 -80 -18 33 13 -10 45 -2 42 
-54 56 75 30 36 73 9 -25 38 -71 -21 28 -41 -21 -39 -14 
-40 -67 -48 65 -80 18 23 15 59 56 -22 -27 30 -35 21 -36 
73 -26 -54 -60 0 -82 -20 18 -69 44 32 -15 27 38 28 31 
4 78 73 -34 78 23 44 -81 28 -39 
RSSI :-110 
Input angle :27
Zaxis angle :0 
minval :0 

minval :0 



-33 22 -21 -35 36 -19 17 36 -37 15 -14 -38 39 -11 8 39 
-38 70 83 20 45 73 -18 -22 15 -68 -17 13 -40 -5 -41 0 
-59 -54 -36 77 -82 27 26 -13 61 32 -8 -20 14 -37 10 -39 
66 -45 -66 -53 -6 -86 5 28 -46 51 21 -3 32 24 35 21 
27 75 70 -48 84 20 -29 -1 -39 -56 -1 22 -31 25 -28 29 
-80 6 31 79 -38 77 6 -46 -74 -13 
RSSI :-110 
Input angle :25
Zaxis angle :20 
minval :0 

minval :0 



-5 -39 39 -3 0 39 -40 -2 3 -39 39 5 -8 39 -38 -10 
-30 -28 -47 75 -80 27 25 1 53 10 -2 -11 1 -47 19 -34 
34 -22 -63 -62 -10 -84 -8 24 -25 47 11 0 45 11 28 28 
13 39 78 -43 84 14 -21 -13 -40 -35 -3 11 -23 41 -34 21 
-41 1 25 85 -33 78 18 -18 43 -31 -10 -5 -34 -32 -11 -38 
9 -40 -89 0 -67 -52 -76 -112 98 24 
RSSI :-110 
Input angle :24
Zaxis angle :25 
minval :0 

minval :0 



23 25 -27 22 -20 -28 29 -19 17 30 -31 15 -14 -32 32 -12 
49 1 -12 -86 43 -69 -7 6 -52 29 12 -3 17 33 4 35 
-12 47 86 12 60 55 -4 -8 -16 -57 0 13 -36 8 -35 -5 
-42 -25 -30 81 -70 41 9 -1 60 0 -12 -2 2 -37 13 -33 
33 -35 -71 -51 -25 -77 0 9 -13 58 5 -11 35 11 28 21 
25 42 68 -54 82 0 77 -114 57 -13 
RSSI :-110 
Input angle :27
Zaxis angle :14 
minval :0 

minval :0 



-30 59 -56 -34 38 -55 52 41 -44 48 -44 -48 50 -42 40 51 
-21 103 103 -53 110 9 -33 -34 -20 -80 -7 45 -44 19 -61 24 
-94 -49 30 111 -38 103 40 -24 82 0 -41 -18 -8 -48 -9 -66 
68 -80 -115 -1 -89 -66 12 44 -22 79 28 -35 48 4 66 6 
63 85 27 -112 83 -73 -47 0 -72 -39 27 36 -15 45 -22 62 
-100 33 101 55 46 100 112 16 71 -8 
RSSI :-110 
Input angle :27
Zaxis angle :20 
minval :0 

minval :0 



-48 -32 35 -46 43 37 -40 42 -42 -41 43 -38 37 45 -46 34 
-76 0 31 69 -19 88 16 -29 84 -19 -43 8 -15 -50 -22 -54 
19 -74 -74 14 -80 -42 24 23 0 85 -1 -43 53 -4 57 -8 
66 38 6 -76 59 -68 -29 16 -82 -21 42 10 -9 51 -7 58 
-50 57 72 24 47 77 -10 -32 39 -75 -22 38 -48 -22 -54 -21 
-40 -66 -41 64 -86 27 122 80 96 7 
RSSI :-110 
Input angle :27
Zaxis angle :0 
minval :0 

minval :0 



75 -25 23 76 -77 18 -13 -78 79 -7 3 80 -79 -1 5 -78 
64 -56 -77 -74 -51 -83 -7 23 -41 57 22 -14 14 41 76 23 
40 76 88 -61 93 -29 -21 -12 -45 -56 8 26 -44 5 -41 68 
-84 16 30 102 7 98 16 -17 65 -30 -27 0 7 -43 -56 -57 
5 -86 -106 9 -97 -17 11 21 14 70 5 -26 39 18 69 -38 
82 25 16 -106 40 -89 110 -49 -72 -1 
RSSI :-110 
Input angle :19
Zaxis angle :25 
minval :0 

minval :0 



-10 71 -70 -15 18 -69 68 20 -23 66 -66 -28 32 -64 60 36 
14 67 98 -27 91 4 -13 -6 -33 -58 -1 30 -46 -6 -50 51 
-69 -4 -1 101 -30 87 9 -12 64 -17 -28 -8 17 -41 -36 -62 
18 -67 -99 -20 -80 -46 8 11 0 67 15 -26 36 28 68 -20 
58 36 46 -91 68 -62 -13 5 -65 -17 20 20 -35 29 2 72 
-50 47 76 67 42 81 65 48 -87 -8 
RSSI :-110 
Input angle :33
Zaxis angle :14 
minval :0 

minval :0 



-76 -33 39 -74 71 43 -48 67 -64 -52 56 -61 58 60 -63 54 
-71 -12 9 104 -34 93 11 -16 62 -8 -26 -8 20 -45 -36 -76 
27 -67 -103 -14 -79 -59 14 13 -4 62 15 -24 39 30 83 -14 
56 45 40 -96 80 -59 -17 9 -58 -20 19 20 -39 30 -4 84 
-56 46 85 62 41 90 -4 -19 34 -51 -24 14 -19 -45 -79 -27 
-30 -65 -81 66 -97 20 84 0 -89 5 
RSSI :-110 
Input angle :33
Zaxis angle :14 
minval :0 

minval :0 



67 47 -50 67 -63 -52 55 -60 56 60 -63 52 -48 -66 68 -46 
67 35 -2 -104 54 -80 -19 18 -62 2 32 8 -18 49 24 79 
-49 58 101 24 67 71 -11 -24 15 -59 -16 29 -43 -31 -82 4 
-44 -60 -46 92 -86 43 27 -5 56 26 -25 -22 41 -33 14 -81 
71 -25 -77 -70 -20 -95 0 27 -41 46 27 -19 21 48 75 34 
8 75 89 -54 97 2 -72 -49 -100 -7 
RSSI :-110 
Input angle :27
Zaxis angle :14 
minval :0 

minval :0 



-64 48 -46 -66 68 -43 39 70 -73 34 -30 -75 77 -26 22 77 
-53 48 104 28 60 81 -1 -22 15 -56 -18 33 -40 -29 -80 -1 
-33 -64 -56 92 -95 35 22 3 51 27 -25 -27 39 -31 19 -78 
70 -18 -76 -77 -13 -101 -9 21 -39 43 33 -17 20 44 70 40 
0 72 92 -56 100 12 -18 -14 -32 -49 8 37 -49 6 -57 57 
-70 -19 29 104 -36 94 110 -96 -106 -3 
RSSI :-110 
Input angle :19
Zaxis angle :0 
minval :0 

minval :0 



75 24 -26 73 -72 -29 33 -71 68 37 -42 66 -62 -47 50 -58 
78 9 -36 -92 27 -82 -26 10 -51 22 47 -13 -9 38 44 64 
-29 73 97 -14 73 46 -5 -28 -8 -55 0 50 -34 -18 -73 27 
-66 -42 -6 98 -62 61 29 2 55 5 -48 -9 26 -28 -12 -78 
57 -52 -92 -34 -42 -76 -9 27 -18 53 21 -44 22 31 77 8 
34 71 54 -82 83 -23 -96 -65 25 -4 
RSSI :-110 
Input angle :19
Zaxis angle :14 
minval :0 

minval :0 



-29 62 -60 -33 36 -58 55 39 -43 53 -50 -46 47 -49 46 49 
-25 77 94 -25 65 40 -7 -32 -9 -51 5 51 -37 -16 -59 34 
-68 -44 -1 97 -52 55 33 0 52 3 -51 -8 24 -31 -16 -66 
60 -54 -95 -21 -38 -67 -7 32 -15 48 20 -48 24 32 69 2 
40 70 43 -87 74 -21 -29 -15 -43 -28 42 30 -36 16 -19 65 
-78 18 72 65 1 76 76 -96 0 -5 
RSSI :-110 
Input angle :19
Zaxis angle :0 
minval :0 

minval :0 



-51 -35 36 -49 46 40 -42 44 -42 -45 47 -40 35 51 -51 32 
-72 -37 6 93 -46 56 30 -7 63 0 -53 1 17 -40 -17 -59 
56 -60 -92 -18 -42 -59 0 32 -13 62 12 -52 35 24 62 -1 
44 67 41 -82 68 -26 -30 -8 -55 -29 45 26 -34 26 -14 61 
-77 25 69 61 7 72 15 -27 42 -46 -36 38 -19 -39 -55 -27 
-7 -80 -77 53 -73 -11 67 112 -73 6 
RSSI :-110 
Input angle :19
Zaxis angle :0 
minval :0 

minval :0 



-21 65 -62 -25 28 -61 60 30 -32 59 -58 -34 37 -56 54 40 
-8 74 89 -36 86 26 -10 -1 -30 -45 14 45 -38 11 -54 40 
-70 -25 13 96 -49 75 3 -10 52 -16 -47 2 1 -40 -27 -62 
43 -61 -96 -9 -61 -66 8 6 4 55 8 -46 39 11 68 -9 
51 56 34 -90 78 -45 -8 6 -53 -10 43 19 -18 35 -9 67 
-67 34 80 55 19 87 49 -48 -2 -7 
RSSI :-110 
Input angle :33
Zaxis angle :0 
minval :0 

minval :0 



-45 -57 60 -43 38 61 -65 34 -32 -67 68 -29 26 68 -68 23 
-55 -55 -15 91 -70 65 11 -14 49 0 -36 -20 5 -37 -3 -73 
67 -38 -85 -37 -46 -82 10 15 -13 46 27 -31 34 14 72 14 
21 74 55 -74 90 -23 -17 7 -42 -23 25 33 -23 29 -33 65 
-78 4 55 74 -1 95 -3 -18 34 -35 -39 13 -23 -28 -55 -48 
15 -76 -84 39 -92 -21 48 -48 60 5 
RSSI :-110 
Input angle :33
Zaxis angle :0 
minval :0 

minval :0 



73 11 -14 72 -71 -18 22 -70 68 26 -30 68 -64 -34 37 -62 
67 0 -64 -74 2 -110 6 14 -20 44 24 -12 26 14 50 54 
-12 65 87 -46 109 22 -15 5 -39 -28 5 26 -20 22 -65 36 
-58 -32 21 96 -50 98 0 -15 37 -29 -25 0 -16 -25 -20 -70 
44 -49 -98 0 -82 -73 15 4 20 43 7 -24 28 -10 74 -1 
37 54 24 -94 91 -61 -97 -17 2 1 
RSSI :-110 
Input angle :27
Zaxis angle :0 
minval :0 

minval :0 



-42 17 -14 -43 43 -13 11 43 -44 7 -5 -45 45 -2 0 45 
-31 28 86 8 62 70 -8 5 -20 -53 -2 21 -37 10 -44 -9 
-20 -37 -31 81 -84 40 -3 -9 56 -8 -20 -7 -1 -39 20 -40 
41 -11 -69 -52 -21 -91 10 0 -6 57 11 -17 38 8 35 28 
0 42 66 -57 93 1 -1 10 -53 -21 14 16 -18 34 -38 25 
-41 -10 38 78 -23 90 -2 -48 29 -24 
RSSI :-110 
Input angle :33
Zaxis angle :20 
minval :0 

minval :0 



58 -2 0 59 -59 -3 7 -58 57 10 -12 57 -56 -13 16 -55 
79 -28 -48 -71 -6 -99 -9 27 -52 46 38 -9 0 32 47 34 
5 83 81 -28 97 18 -23 -16 -29 -64 0 39 -32 -8 -44 38 
-82 -17 9 86 -39 92 23 -17 68 -12 -38 -10 17 -28 -24 -54 
39 -75 -84 -19 -74 -65 10 26 -3 69 21 -33 24 22 59 -11 
64 54 34 -79 79 -60 122 -49 71 -3 
RSSI :-110 
Input angle :27
Zaxis angle :20 
minval :0 

minval :0 



-24 56 -56 -25 27 -54 52 31 -33 50 -49 -36 39 -46 43 41 
-22 57 84 -27 102 31 2 -18 -21 -60 -5 28 -28 4 -52 30 
-51 -35 9 87 -59 89 16 6 64 -12 -26 -11 2 -29 -18 -59 
46 -41 -87 -15 -72 -80 -8 14 -5 64 18 -22 27 9 61 -3 
29 54 35 -80 93 -52 -11 -13 -61 -21 17 22 -17 23 -12 59 
-60 14 70 53 28 104 72 48 66 -7 
RSSI :-110 
Input angle :19
Zaxis angle :14 
minval :0 

minval :0 



-20 -47 47 -18 14 48 -49 12 -9 -49 50 -8 5 50 -49 2 
-23 -46 -43 70 -95 32 10 1 55 39 -25 -26 20 -5 11 -49 
51 -11 -54 -61 -6 -100 -3 9 -50 45 33 -19 0 21 44 23 
-3 52 73 -38 99 18 -8 -6 -29 -60 9 37 -20 -4 -35 36 
-51 -12 19 81 -40 92 8 -6 65 -15 -37 1 8 -19 -26 -43 
25 -45 -82 -3 -77 -65 -2 95 90 8 
RSSI :-110 
Input angle :19
Zaxis angle :14 
minval :0 

minval :0 



-7 50 -48 -8 12 -49 47 15 -18 46 -45 -21 24 -44 43 26 
22 65 85 -18 79 42 -22 -12 -35 -71 0 26 -25 15 -34 37 
-69 0 0 87 -57 68 16 -18 77 -18 -25 -4 -7 -28 -25 -43 
14 -67 -82 -24 -47 -75 14 20 -4 79 11 -23 29 -2 48 -14 
60 32 43 -74 84 -28 -22 8 -77 -20 19 16 -6 28 2 50 
-44 53 61 61 10 88 77 0 85 -9 
RSSI :-110 
Input angle :30
Zaxis angle :14 
minval :0 

minval :0 



-46 -27 28 -45 44 32 -34 42 -40 -36 38 -38 36 40 -42 32 
-65 -39 -20 66 -47 54 18 -11 76 15 -25 -11 22 -22 -20 -51 
53 -54 -60 -34 -39 -60 6 20 -38 68 16 -22 16 27 53 -6 
38 65 47 -51 68 -22 -21 0 -58 -53 17 21 -30 8 -7 54 
-73 23 36 58 6 71 4 -22 64 -43 -25 12 -2 -31 -50 -19 
-2 -76 -65 22 -71 -10 48 32 94 9 
RSSI :-110 
Input angle :27
Zaxis angle :0 
minval :0 

minval :0 



58 -42 40 61 -62 36 -33 -64 65 -28 25 68 -68 21 -17 -69 
54 -40 -76 -29 -53 -79 5 27 -39 62 21 -29 6 23 71 2 
22 64 47 -66 91 -28 -27 0 -48 -54 23 27 -24 0 -21 68 
-67 6 51 63 7 95 9 -26 66 -32 -32 15 4 -24 -62 -36 
10 -66 -74 37 -94 -15 23 14 15 72 -8 -35 22 11 50 -51 
63 24 -17 -79 38 -87 106 -49 -44 -1 
RSSI :-110 
Input angle :27
Zaxis angle :25 
minval :0 

minval :0 



-15 -63 64 -11 8 63 -64 5 -1 -65 64 1 -4 63 -63 -7 
-44 -53 -35 61 -87 11 33 0 55 46 -37 -19 15 -21 27 -58 
63 -27 -50 -48 10 -88 -8 32 -60 39 30 -31 17 19 50 40 
9 68 59 -37 84 30 -29 -15 -25 -67 23 34 -23 12 -52 37 
-69 -7 18 68 -48 74 22 -24 71 -9 -41 13 -5 -26 -22 -60 
23 -66 -70 2 -60 -65 -20 -81 1 9 
RSSI :-110 
Input angle :27
Zaxis angle :14 
minval :0 

minval :0 



58 30 -32 56 -56 -34 39 -52 50 42 -44 48 -45 -46 49 -42 
68 12 -30 -72 57 -70 -23 23 -66 4 43 -17 2 28 29 58 
-26 65 77 -8 53 73 -17 -27 14 -66 4 46 -28 -5 -64 14 
-55 -42 -6 78 -81 38 31 -10 59 28 -45 -6 11 -26 3 -65 
54 -44 -74 -25 -18 -88 2 32 -41 51 16 -43 21 18 62 18 
29 63 44 -64 90 9 -79 -65 44 -7 
RSSI :-110 
Input angle :27
Zaxis angle :14 
minval :0 

minval :0 



27 -65 64 32 -34 61 -60 -38 41 -57 56 43 -47 53 -50 -50 
9 -72 -80 44 -91 -51 18 19 5 60 -7 -41 24 2 62 -35 
69 26 -20 -88 74 -76 -22 14 -59 -7 41 3 -8 24 16 69 
-44 59 91 3 53 91 -5 -26 26 -53 -13 39 -20 -14 -70 2 
-47 -56 -23 88 -100 31 26 0 46 39 -33 -24 17 -15 17 -68 
66 -32 -80 -42 0 -105 -96 -65 126 4 
RSSI :-110 
Input angle :47
Zaxis angle :62 
minval :0 

minval :0 



43 56 -67 38 -37 -62 66 -33 19 68 -73 22 -17 -75 74 -19 
64 42 2 -93 93 -58 -21 2 -48 -24 38 11 -8 20 3 75 
-53 50 88 26 28 104 -2 -22 37 -40 -27 28 -20 -14 -65 -25 
-29 -66 -49 87 -107 1 27 4 36 44 -22 -32 17 -15 42 -57 
71 -11 -69 -64 20 -107 -10 24 -52 22 33 -18 9 21 46 46 
0 72 85 -50 97 50 -19 31 4 -7 
RSSI :-110 
Input angle :27
Zaxis angle :0 
minval :0 

minval :0 



-75 0 -3 -77 71 0 -7 77 -74 -15 13 -67 72 21 -20 65 
-61 32 88 44 6 112 3 -24 32 -33 -26 30 -22 -9 -60 -36 
-19 -66 -60 78 -110 -10 22 7 24 41 -17 -32 15 -18 56 -52 
64 -3 -56 -86 45 -102 -13 20 -50 14 34 -8 12 18 36 68 
-17 66 97 -34 85 72 -16 -19 0 -51 1 41 -23 7 -75 19 
-54 -31 7 98 -88 69 102 -96 0 1 
RSSI :-110 
Input angle :27
Zaxis angle :0 
minval :0 

minval :0 



18 70 -72 15 -9 -73 73 -4 0 73 -73 -3 7 -73 72 10 
36 36 20 -107 114 -39 -8 20 -35 -9 22 17 21 19 -33 65 
-46 24 96 49 12 119 -18 -14 17 -32 -23 16 -24 14 -56 -46 
-13 -50 -72 79 -118 -20 18 -14 25 24 -10 -27 -8 -27 57 -45 
51 2 -61 -89 46 -111 9 20 -29 20 29 -2 28 0 25 68 
-11 51 102 -35 95 73 -24 79 -56 -5 
RSSI :-110 
Input angle :31
Zaxis angle :0 
minval :0 

minval :0 



-74 21 -15 -76 77 -9 3 77 -78 0 4 -77 77 9 -13 77 
-55 32 109 39 30 116 -7 -6 22 -35 -26 16 -16 4 -71 -30 
-15 -62 -64 96 -119 4 7 -5 31 28 -8 -29 -1 -16 46 -62 
64 -3 -78 -85 24 -118 2 9 -36 21 30 0 16 3 49 59 
-16 62 103 -51 105 55 -8 1 -12 -40 -5 29 -7 15 -71 32 
-56 -30 28 112 -79 91 82 -32 -64 -1 
RSSI :-110 
Input angle :26
Zaxis angle :14 
minval :0 

minval :0 



-11 -73 74 -7 3 74 -74 0 1 -74 73 6 -12 72 -71 -18 
-19 -68 -54 102 -110 10 7 10 33 31 -11 -32 14 -17 33 -66 
71 -1 -86 -77 14 -109 -12 3 -39 24 34 -3 13 17 58 47 
-15 69 99 -62 102 42 0 -13 -12 -44 -5 33 -20 8 -62 41 
-61 -35 35 110 -64 90 13 3 46 0 -30 -12 -2 -21 -22 -70 
48 -51 -115 8 -64 -89 -20 95 -94 5 
RSSI :-110 
Input angle :27
Zaxis angle :0 
minval :0 

minval :0 



62 34 -38 60 -58 -42 44 -55 53 47 -51 50 -47 -53 55 -43 
74 23 -48 -96 72 -77 -22 4 -51 3 34 5 10 25 30 64 
-40 68 105 -20 59 86 0 -23 11 -50 -13 32 -26 3 -71 10 
-53 -56 -2 108 -100 36 23 6 46 22 -28 -20 1 -26 3 -71 
65 -42 -104 -27 -8 -105 -10 20 -32 39 28 -21 24 8 67 24 
21 75 57 -91 104 15 -63 -65 5 -5 
RSSI :-110 
Input angle :27
Zaxis angle :0 
minval :0 

minval :0 



13 -66 66 14 -17 64 -63 -21 24 -63 60 28 -31 60 -56 -34 
-17 -53 -67 68 -93 -17 2 0 39 65 -18 -26 35 -21 49 -45 
56 -2 -43 -86 42 -85 0 2 -72 23 31 -9 10 39 30 61 
-11 55 94 -18 75 57 -2 -1 0 -76 4 33 -41 1 -65 16 
-50 -23 0 95 -76 55 2 -2 75 15 -32 -6 7 -41 0 -67 
35 -43 -93 -24 -36 -88 -66 -113 -80 8 
RSSI :-110 
Input angle :30
Zaxis angle :0 
minval :0 

minval :0 



46 36 -38 44 -42 -43 45 -38 35 48 -49 33 -30 -51 52 -27 
42 26 -11 -82 57 -69 0 5 -82 0 24 1 0 48 16 57 
-36 35 83 7 55 71 -5 -2 19 -81 -7 23 -46 -14 -60 1 
-26 -42 -26 79 -81 38 4 -4 73 38 -20 -13 25 -41 13 -58 
47 -12 -68 -48 -14 -89 2 5 -56 60 17 -18 33 34 52 29 
3 50 61 -56 89 8 -93 63 93 -9 
RSSI :-110 
Input angle :33
Zaxis angle :0 
minval :0 

minval :0 



-79 0 7 -79 78 12 -17 77 -77 -20 23 -76 74 27 -32 71 
-67 7 92 41 18 117 5 12 45 -42 -30 17 -10 -8 -61 -50 
6 -68 -62 78 -118 -9 -13 2 34 52 -10 -32 10 -8 63 -47 
64 24 -59 -81 43 -109 1 -13 -60 15 33 0 6 12 32 73 
-40 56 95 -36 97 67 13 5 2 -62 -7 34 -12 1 -78 10 
-41 -53 13 100 -91 74 123 64 34 2 
RSSI :-110 
Input angle :27
Zaxis angle :25 
minval :0 

minval :0 



16 64 -66 12 -8 -67 67 -3 0 66 -67 -4 7 -67 65 10 
52 60 24 -83 88 -40 -13 -23 -59 -36 29 8 -25 3 -27 60 
-72 33 77 40 20 94 25 -8 47 -51 -13 27 4 -26 -54 -41 
-16 -78 -60 62 -97 -2 0 26 36 59 -21 -22 23 9 52 -41 
79 3 -46 -74 29 -91 -26 -4 -66 19 27 -14 -15 20 25 63 
-25 75 84 -24 84 47 -4 79 70 -9 
RSSI :-110 
Input angle :27
Zaxis angle :0 
minval :0 

minval :0 



-59 -3 6 -58 58 9 -13 58 -57 -15 18 -56 55 22 -25 53 
-66 27 63 68 -3 91 0 -14 53 -41 -18 20 -4 -19 -45 -39 
-10 -70 -84 39 -87 -28 14 4 27 63 -13 -23 19 0 48 -34 
70 9 -20 -91 46 -79 -7 12 -67 10 26 -8 -5 20 21 55 
-23 67 93 5 62 66 -10 -10 3 -68 2 28 -18 -8 -59 7 
-58 -41 -26 90 -77 48 -126 32 -78 2 
RSSI :-110 
Input angle :27
Zaxis angle :0 
minval :0 

minval :0 



9 -30 30 11 -13 29 -28 -14 16 -27 27 17 -18 26 -24 -20 
-37 -51 -64 45 -81 -13 2 -3 63 52 -33 -6 20 -18 26 -18 
59 -24 -31 -73 35 -74 3 3 -64 52 14 -30 13 23 10 30 
9 63 79 -8 63 53 -4 2 -33 -74 26 22 -26 7 -32 2 
-63 -6 -9 79 -67 47 -1 -4 81 -12 -26 21 -1 -27 3 -32 
24 -59 -75 -26 -30 -77 -69 -97 99 41 
RSSI :-110 
Input angle :30
Zaxis angle :14 
minval :0 

minval :0 



35 15 -17 34 -33 -19 21 -32 31 23 -25 29 -28 -27 28 -26 
23 -20 -29 -69 24 -84 10 3 -33 65 7 -18 28 20 17 35 
14 27 74 -13 76 42 -5 9 -53 -50 16 12 -26 22 -38 10 
-29 7 -8 75 -59 64 -7 -7 61 -40 -16 12 -13 -32 0 -39 
0 -30 -70 -26 -45 -74 9 -5 22 69 -8 -19 33 -6 38 7 
29 7 40 -63 83 -25 -72 61 29 3 
RSSI :-110 
Input angle :37
Zaxis angle :39 
minval :0 

minval :0 



4 -43 43 7 -10 43 -42 -12 14 -41 40 16 -18 39 -38 -20 
-39 -43 -54 32 -69 -8 5 -3 44 53 -12 -15 24 -8 30 -32 
53 -27 -21 -59 26 -64 1 6 -62 29 18 -7 2 25 22 38 
12 57 62 -6 56 41 -6 0 -12 -68 3 19 -25 -3 -42 12 
-58 -4 -11 62 -55 43 1 -6 68 7 -19 -1 11 -22 0 -44 
18 -55 -57 -26 -29 -64 91 -97 31 33 
RSSI :-110 
Input angle :30
Zaxis angle :29 
minval :0 

minval :0 



27 32 -33 24 -22 -35 36 -20 19 37 -38 18 -17 -38 39 -13 
43 -21 -12 -78 52 -57 -5 0 -68 40 13 -9 2 38 3 41 
12 47 79 5 42 66 1 -5 -22 -76 5 15 -38 -7 -41 -7 
-49 0 -25 75 -74 22 4 3 79 0 -16 1 16 -35 19 -38 
12 -47 -64 -47 -5 -77 -4 3 -18 77 2 -16 29 24 32 28 
42 24 62 -50 76 13 -76 61 78 -16 
RSSI :-110 
Input angle :13
Zaxis angle :14 
minval :0 

minval :0 



26 -26 24 27 -29 23 -21 -30 32 -19 17 32 -34 15 -13 -34 
-30 -57 -66 14 -48 -19 8 15 14 59 -15 -18 20 9 37 -4 
63 -13 0 -67 31 -41 -17 3 -60 0 22 -10 -14 17 -4 37 
-5 64 65 18 30 41 0 -17 16 -58 3 24 -12 -18 -34 -14 
-61 -19 -34 58 -47 20 17 4 52 30 -24 -2 21 -8 21 -30 
33 -55 -48 -47 -7 -51 -80 -98 -73 21 
RSSI :-110 
Input angle :49
Zaxis angle :58 
minval :0 

minval :0 



59 28 -30 57 -56 -32 35 -55 54 38 -42 49 -47 -45 47 -43 
85 14 -27 -97 14 -92 2 -13 -31 -6 5 18 -2 -13 31 57 
-39 76 101 -3 84 38 13 4 15 -28 -18 0 13 1 -63 14 
-66 -54 -24 97 -56 74 -7 12 24 20 4 -19 -4 12 0 -65 
70 -50 -89 -48 -55 -74 -8 -11 -25 18 18 7 -10 -6 63 14 
33 81 66 -77 85 -38 -24 -65 72 -4 
RSSI :-110 
Input angle :316
Zaxis angle :0 
minval :0 

minval :0 



-58 5 -1 -58 58 2 -5 59 -58 -6 8 -58 57 13 -16 55 
8 40 70 15 31 78 -4 -19 -40 -81 27 23 -53 1 -50 -30 
-41 -3 -32 62 -84 14 19 0 88 -21 -29 19 12 -50 43 -40 
13 -39 -52 -46 3 -85 -5 19 0 90 -12 -32 46 23 30 51 
33 24 57 -40 79 30 -16 -9 -86 -26 35 -3 -36 38 -55 16 
-30 27 22 67 -49 68 88 80 26 -10 
RSSI :-110 
Input angle :16
Zaxis angle :14 
minval :0 

minval :0 



-26 -24 25 -24 23 26 -28 21 -19 -29 30 -17 15 32 -32 13 
-74 -12 0 75 -36 45 6 0 50 21 -4 -10 7 -2 -5 -35 
29 -69 -72 -18 -35 -46 0 6 -32 44 11 -1 0 7 35 3 
59 46 37 -65 53 -24 -6 -2 -32 -44 -1 11 -7 -1 -12 33 
-58 47 54 51 6 57 3 -5 51 -20 -11 -3 3 -7 -29 -19 
-28 -69 -64 38 -58 -6 78 0 52 27 
RSSI :-110 
Input angle :30
Zaxis angle :29 
minval :0 

minval :0 



-19 46 -44 -21 24 -43 42 25 -26 41 -38 -30 33 -36 33 35 
-10 53 63 -23 71 33 -8 -5 -22 -58 9 25 -30 10 -43 25 
-50 -19 8 67 -52 59 7 -7 61 -7 -27 3 -1 -32 -12 -48 
30 -44 -68 -8 -47 -64 5 9 -9 62 3 -28 31 5 49 -1 
33 41 24 -63 74 -28 -10 2 -57 -23 25 11 -12 29 -8 49 
-49 22 54 41 11 78 75 80 -16 -7 
RSSI :-110 
Input angle :23
Zaxis angle :14 
minval :0 

minval :0 



-43 -31 35 -42 39 38 -39 37 -35 -41 43 -33 29 45 -46 28 
-52 -28 -15 65 -44 62 17 -6 57 25 -20 -18 9 -33 -16 -52 
40 -44 -60 -29 -46 -61 1 18 -40 47 21 -14 30 18 55 -1 
33 50 43 -50 71 -30 -18 -2 -35 -51 8 25 -24 24 -12 54 
-56 20 38 53 14 75 7 -16 57 -23 -26 2 -16 -30 -48 -25 
-4 -60 -63 21 -75 -6 15 -64 -64 7 
RSSI :-110 
Input angle :27
Zaxis angle :25 
minval :0 

minval :0 



24 19 -21 22 -21 -22 23 -20 19 25 -25 18 -16 -26 26 -15 
41 -12 -10 -51 41 -49 -1 8 -70 2 23 1 -7 24 6 30 
1 43 52 2 39 51 -7 -3 16 -68 -7 22 -22 -12 -31 0 
-42 -8 -14 50 -58 26 4 -6 63 31 -20 -12 17 -19 7 -30 
18 -39 -45 -26 -10 -63 4 6 -46 52 16 -16 13 21 27 15 
32 28 37 -36 64 5 -68 -34 52 -29 
RSSI :-110 
Input angle :27
Zaxis angle :14 
minval :0 

minval :0 



47 -33 29 49 -50 26 -24 -52 52 -21 18 54 -55 14 -12 -55 
30 -51 -75 18 -90 -40 32 13 36 60 -22 -43 65 -43 58 2 
42 42 3 -77 65 -73 -19 29 -68 19 48 -10 26 75 -17 54 
-51 31 75 21 60 78 -21 -28 -5 -70 -3 48 -80 4 -51 -27 
-18 -57 -34 69 -93 33 32 -15 70 13 -47 -14 14 -78 38 -41 
59 -5 -55 -54 -14 -98 -61 31 -26 7 
RSSI :-110 
Input angle :27
Zaxis angle :0 
minval :0 

minval :0 



17 46 -46 15 -12 -47 48 -9 5 49 -49 1 0 -48 48 2 
75 32 25 -78 65 -62 -8 17 -62 -30 23 23 1 43 -14 47 
-51 63 70 41 49 76 -14 -13 45 -54 -28 16 -42 -7 -42 -25 
-51 -64 -57 58 -85 31 16 -10 40 57 -8 -31 17 -38 35 -34 
74 -33 -40 -70 -4 -92 6 18 -65 25 33 0 33 26 24 42 
12 80 80 -16 88 21 -18 31 66 -9 
RSSI :-110 
Input angle :26
Zaxis angle :25 
minval :0 

minval :0 



47 14 -16 47 -46 -18 21 -45 44 24 -26 42 -41 -28 31 -39 
44 -42 -51 -53 -24 -90 5 2 -39 77 12 -27 36 18 28 41 
28 54 64 -36 94 -4 -3 5 -63 -59 22 18 -27 30 -47 19 
-60 13 16 71 -18 92 -4 -5 71 -47 -23 18 -24 -33 -7 -50 
2 -62 -73 1 -83 -42 5 -3 27 81 -12 -27 37 -15 50 6 
60 15 19 -71 60 -72 85 -113 -11 0 
RSSI :-110 
Input angle :25
Zaxis angle :20 
minval :0 

minval :0 



-22 50 -49 -24 27 -47 46 31 -33 44 -42 -36 37 -39 38 39 
18 73 73 -37 92 10 -1 -6 -45 -67 5 28 -33 12 -49 26 
-75 0 14 80 -33 86 6 0 77 -26 -29 0 -3 -35 -12 -53 
16 -73 -83 -8 -75 -53 -1 6 5 81 7 -27 35 4 55 0 
67 35 25 -78 71 -60 -5 -2 -81 -9 25 14 -14 33 -14 53 
-50 56 68 46 43 82 62 -96 -66 -10 
RSSI :-110 
Input angle :27
Zaxis angle :0 
minval :0 

minval :0 



-47 -44 47 -44 42 49 -51 38 -36 -54 56 -32 30 58 -58 26 
-68 -4 15 97 -30 85 18 -3 53 -27 -19 1 -16 -42 -11 -65 
20 -65 -98 -9 -77 -48 0 18 10 58 4 -20 45 -2 64 6 
57 35 34 -92 68 -60 -17 -6 -60 -1 18 9 -7 44 -20 61 
-47 48 82 56 43 78 9 -15 17 -57 -13 14 -41 -19 -54 -36 
-33 -59 -74 65 -88 20 101 -64 4 4 
RSSI :-110 
Input angle :27
Zaxis angle :0 
minval :0 

minval :0 



3 39 -39 0 1 -39 39 3 -5 39 -39 -7 10 -38 37 12 
16 52 34 -51 84 -16 -22 -2 -55 -36 10 31 -9 29 -23 32 
-54 3 39 48 -8 85 7 -21 48 -46 -33 3 -26 -15 -26 -30 
10 -53 -55 28 -80 -30 18 12 34 56 3 -33 21 -21 34 -18 
50 22 -12 -60 49 -69 -16 14 -64 18 30 12 15 26 9 39 
-35 42 62 1 55 65 -12 47 -67 -34 
RSSI :-110 
Input angle :23
Zaxis angle :0 
minval :0 

minval :0 



-31 -18 20 -30 29 22 -23 27 -25 -25 26 -25 24 27 -29 21 
-56 2 25 47 -2 85 -3 1 30 -61 -37 13 -14 -21 -15 -33 
11 -55 -52 14 -81 -22 0 -4 51 45 -2 -38 24 -9 36 -5 
50 24 0 -54 41 -74 4 0 -56 38 38 7 2 26 -2 36 
-34 44 52 15 60 59 -1 3 -22 -65 -16 35 -25 -3 -33 -13 
-33 -45 -25 47 -72 43 32 34 -125 -4 
RSSI :-110 
Input angle :33
Zaxis angle :39 
minval :0 

minval :0 



44 -26 22 45 -46 22 -19 -47 48 -15 12 49 -49 10 -6 -50 
18 -57 -54 -3 -73 -41 -12 5 29 52 -10 -34 28 -3 50 4 
49 32 16 -50 59 -59 -2 -13 -60 15 35 -2 -1 29 -17 48 
-41 43 44 28 44 69 13 1 -1 -61 -6 34 -27 -10 -42 -30 
-30 -52 -38 37 -80 25 -4 12 60 15 -33 -14 17 -24 39 -33 
57 -16 -25 -47 -7 -82 -59 -33 -34 6 
RSSI :-110 
Input angle :27
Zaxis angle :25 
minval :0 

minval :0 



19 49 -52 15 -13 -52 52 -10 7 53 -53 5 -2 -54 53 0 
55 23 17 -67 53 -46 1 -6 -69 -8 17 7 -18 19 -13 51 
-34 50 60 35 32 63 4 3 24 -65 -10 14 -13 -22 -45 -28 
-38 -47 -47 51 -69 14 -5 3 56 41 -12 -14 25 -6 39 -36 
54 -26 -38 -59 4 -71 -3 -5 -53 45 16 -8 0 25 26 46 
11 59 66 -20 68 20 -61 -113 -5 -9 
RSSI :-110 
Input angle :23
Zaxis angle :36 
minval :0 

minval :0 



-29 -64 63 -23 22 68 -65 16 -13 -64 67 -6 2 72 -70 6 
-46 -55 -7 82 -89 65 21 4 77 21 -41 -22 -1 -36 10 -68 
65 -33 -76 -27 -42 -105 -9 19 -39 68 34 -31 35 11 59 30 
20 76 42 -66 111 -14 -21 -12 -55 -55 27 38 -18 32 -48 56 
-75 -4 53 59 -12 111 17 -12 67 -44 -44 17 -27 -25 -32 -55 
19 -72 -73 40 -104 -40 46 112 -117 9 
RSSI :-110 
Input angle :27
Zaxis angle :0 
minval :0 

minval :0 



43 -17 21 38 -47 23 -15 -43 45 -6 14 43 -54 12 0 -52 
35 -46 -61 -34 -82 -68 20 -15 11 54 -13 -21 33 -14 50 11 
39 41 51 -48 88 -58 11 22 -55 -4 21 -12 6 34 -14 45 
-54 25 36 60 39 102 -33 2 18 -55 4 21 -34 -3 -38 -30 
-13 -57 -68 19 -108 9 5 -28 47 32 -21 0 11 -33 39 -29 
59 2 1 -70 16 -106 -85 -17 -37 4 
RSSI :-110 
Input angle :33
Zaxis angle :14 
minval :0 

minval :0 



-48 27 -24 -47 50 -15 13 57 -58 11 -14 -55 53 -9 1 55 
-18 42 87 10 53 21 28 -16 -15 -46 -8 17 -37 1 -54 -14 
-34 -29 -34 81 -34 46 10 26 47 -3 -15 -11 5 -37 25 -53 
35 -26 -76 -53 -37 -43 -33 0 -7 46 10 -14 33 16 43 33 
13 40 69 -58 52 -23 5 -31 -44 -19 10 19 -24 29 -41 36 
-42 1 38 82 11 56 59 -96 118 -5 
RSSI :-110 
Input angle :27
Zaxis angle :14 
minval :0 

minval :0 



50 7 -10 55 -58 -9 19 -52 45 15 -11 51 -56 -20 28 -44 
46 -21 -52 -56 -1 -88 12 33 -36 65 27 -40 50 14 37 40 
13 48 69 -45 91 16 -28 4 -51 -48 25 38 -29 44 -42 25 
-57 -1 22 73 -39 81 2 -27 60 -41 -48 20 -36 -37 -11 -52 
20 -53 -79 -2 -65 -60 32 13 20 71 -3 -50 46 -23 51 -10 
41 29 16 -82 76 -50 107 -113 -36 0 
RSSI :-110 
Input angle :30
Zaxis angle :0 
minval :0 

minval :0 


