
-32 15 -14 -34 34 -14 11 35 -35 10 -7 -36 36 -4 3 35 
9 -18 -4 -33 -14 -76 24 25 26 17 19 11 -5 -30 -36 -3 
17 14 34 0 76 0 -29 19 -22 22 -15 15 31 1 10 -35 
-16 14 -6 34 -15 75 -11 -32 -16 -26 -12 -17 -8 30 31 18 
-10 -19 -31 -15 -68 -34 34 -5 29 -11 21 -8 -28 -13 -24 28 
20 -5 20 -28 49 -58 12 -16 -68 3 
RSSI :-110 
Input angle :257
Zaxis angle :0 
minval :0 

minval :0 



-35 7 -4 -35 37 -3 1 37 -37 -1 3 -36 36 5 -8 36 
14 -14 3 -32 9 -77 16 30 18 21 13 17 5 -34 -34 -12 
11 16 31 9 74 24 -33 9 -25 13 -20 8 32 11 21 -30 
-19 7 -14 29 -40 66 -3 -34 -9 -27 -4 -21 -16 30 26 24 
-4 -19 -25 -22 -58 -50 34 3 28 -2 22 0 -24 -23 -32 19 
21 -1 26 -21 60 -48 -6 -81 -117 3 
RSSI :-110 
Input angle :262
Zaxis angle :0 
minval :0 

minval :0 



-35 -4 4 -35 34 7 -9 34 -33 -13 16 -31 32 16 -16 30 
20 -9 17 -28 34 -68 3 32 9 28 7 20 13 -29 -26 -22 
4 21 25 22 59 47 -33 -3 -30 3 -22 2 24 20 27 -20 
-22 0 -28 18 -61 47 7 -31 2 -30 1 -21 -24 21 14 33 
4 -20 -13 -29 -34 -68 28 15 29 9 21 5 -16 -27 -35 7 
20 8 32 -6 74 -19 -29 -113 62 3 
RSSI :-110 
Input angle :287
Zaxis angle :20 
minval :0 

minval :0 



-20 -31 32 -18 16 32 -34 14 -13 -35 35 -11 7 37 -36 6 
20 9 33 -8 75 -23 -19 24 -12 28 -10 16 29 -7 0 -37 
-14 17 0 34 9 79 -21 -22 -24 -17 -15 -14 2 29 36 8 
-14 -16 -33 -7 -79 -7 27 -15 22 -21 17 -11 -29 -4 -15 34 
19 -9 13 -31 24 -74 10 29 16 25 8 18 11 -28 -29 -22 
6 21 28 19 69 38 -56 -33 39 1 
RSSI :-110 
Input angle :260
Zaxis angle :0 
minval :0 

minval :0 



-12 -35 36 -8 4 37 -37 2 -1 -38 36 0 -1 36 -36 -5 
18 13 33 2 76 3 -29 20 -21 20 -15 15 31 0 10 -36 
-15 15 -5 33 -18 75 -13 -32 -15 -25 -12 -18 -8 31 32 19 
-11 -18 -31 -15 -69 -33 35 -5 27 -10 20 -6 -29 -14 -26 27 
21 -8 20 -28 46 -61 -1 33 2 29 2 20 20 -26 -22 -30 
3 22 22 25 50 58 -59 -65 -76 -1 
RSSI :-110 
Input angle :257
Zaxis angle :0 
minval :0 

minval :0 



-14 -32 34 -11 10 33 -35 9 -6 -35 35 -4 1 35 -35 0 
20 11 37 -4 74 -9 -24 17 -18 21 -16 18 32 -3 8 -34 
-13 17 -3 36 -5 75 -10 -28 -17 -22 -14 -19 -3 31 32 13 
-14 -17 -35 -11 -72 -21 30 -6 25 -12 22 -10 -30 -7 -20 30 
20 -11 16 -33 34 -68 0 30 6 27 5 24 15 -28 -24 -25 
7 22 27 24 60 46 -59 63 69 0 
RSSI :-110 
Input angle :257
Zaxis angle :0 
minval :0 

minval :0 



15 -34 33 17 -20 31 -30 -22 24 -28 27 26 -26 25 -24 -29 
0 22 24 25 58 53 -35 -2 -27 5 -22 2 22 19 33 -17 
-20 -2 -29 20 -63 47 9 -34 3 -27 2 -23 -24 16 9 36 
7 -20 -13 -33 -33 -70 31 15 27 8 20 8 -11 -28 -38 2 
17 11 34 -5 75 -19 -22 26 -13 25 -11 20 30 -5 5 -37 
-15 14 -2 36 0 78 -44 127 -55 -3 
RSSI :-110 
Input angle :257
Zaxis angle :0 
minval :0 

minval :0 



40 -76 73 44 -49 71 -69 -52 55 -66 62 60 -62 59 -56 -64 
15 93 21 -99 -29 8 -106 -39 9 38 56 56 -77 -33 75 -42 
-93 -2 93 42 -2 -31 64 -94 -39 0 -69 39 48 -67 23 82 
23 -91 -62 81 31 5 77 82 8 -38 -24 -76 58 60 -84 6 
83 41 -67 -77 -9 29 -95 59 35 17 80 -4 -74 39 11 -85 
-60 72 89 -51 -25 -17 -49 15 -15 3 
RSSI :-110 
Input angle :331
Zaxis angle :14 
minval :0 

minval :0 



-73 -1 17 -68 55 12 -3 63 -73 -17 31 -61 62 18 -21 50 
70 -36 -98 -11 10 40 -19 103 50 -29 30 -62 8 84 -47 -49 
34 77 29 -96 -43 2 -103 -19 17 46 50 48 -73 -7 58 -34 
-93 12 107 52 11 -24 58 -98 -54 0 -56 38 35 -64 18 51 
5 -82 -63 93 35 -5 76 82 1 -55 -27 -63 59 40 -56 17 
76 23 -77 -77 -6 18 109 -48 -46 1 
RSSI :-110 
Input angle :328
Zaxis angle :0 
minval :0 

minval :0 



61 -41 35 66 -78 22 -31 -70 68 -17 17 69 -75 18 -2 -76 
-26 96 101 -62 -42 -25 -53 -80 -11 47 0 72 -41 -73 83 12 
-96 -45 35 99 35 -38 99 -46 -42 -16 -65 -9 85 -28 -25 78 
64 -81 -114 20 27 21 11 95 32 -34 26 -66 14 88 -66 -32 
66 72 -6 -113 -29 19 -105 1 27 38 53 37 -83 -3 55 -61 
-81 49 114 16 -20 -50 -78 -65 -58 2 
RSSI :-110 
Input angle :328
Zaxis angle :0 
minval :0 

minval :0 



67 53 -64 58 -59 -68 70 -54 56 73 -76 48 -41 -72 83 -41 
-95 23 90 49 0 -55 74 -68 -44 -8 -74 24 56 -64 21 90 
-2 -115 -73 74 41 17 57 102 23 -48 -5 -79 48 72 -87 0 
97 22 -57 -87 -21 60 -116 28 45 31 80 13 -83 32 12 -89 
-45 86 100 -51 -41 -33 -12 -125 -33 37 -30 72 -10 -80 84 35 
-84 -66 24 108 36 -36 -59 -49 78 -6 
RSSI :-110 
Input angle :326
Zaxis angle :0 
minval :0 

minval :0 



-76 -9 10 -78 77 12 -17 74 -74 -24 27 -72 72 29 -34 69 
83 -70 -112 9 20 47 -35 104 48 -27 57 -54 -6 72 -67 -47 
72 120 6 -107 -88 41 -74 -70 20 62 52 67 -57 0 60 -47 
-105 24 107 36 0 -52 73 -82 -56 1 -75 24 46 -64 30 71 
2 -109 -62 94 51 13 63 89 10 -55 -9 -78 55 57 -74 18 
105 22 -82 -77 -21 48 106 -32 120 2 
RSSI :-110 
Input angle :326
Zaxis angle :14 
minval :0 

minval :0 



50 39 -42 48 -44 -44 47 -41 37 51 -53 36 -33 -55 55 -31 
-87 -12 89 60 -6 -39 78 -58 -60 -24 -78 1 59 -44 15 61 
34 -82 -77 73 39 2 33 92 38 -51 17 -76 29 67 -61 4 
75 47 -55 -92 -11 38 -94 18 42 48 69 35 -72 12 10 -61 
-64 62 101 -36 -34 -19 2 -97 -55 34 -47 60 2 -73 58 23 
-48 -75 12 106 25 -30 -40 -81 90 -8 
RSSI :-110 
Input angle :328
Zaxis angle :25 
minval :0 

minval :0 



-49 -38 40 -48 47 42 -44 45 -41 -48 49 -38 36 52 -53 34 
91 -1 -92 -43 5 38 -78 62 43 16 84 -10 -66 48 -20 -59 
-18 89 59 -83 -40 -3 -45 -89 -27 37 -5 84 -31 -78 61 -8 
-81 -40 66 77 12 -37 96 -26 -31 -33 -80 -25 81 -16 -7 62 
55 -72 -89 50 35 20 5 99 40 -22 41 -75 -1 83 -58 -19 
60 68 -24 -99 -26 29 27 112 -110 5 
RSSI :-110 
Input angle :328
Zaxis angle :29 
minval :0 

minval :0 



60 32 -37 56 -55 -41 42 -53 50 45 -48 48 -45 -50 52 -43 
-91 23 100 1 0 -37 69 -80 -39 -6 -81 39 54 -79 28 61 
-2 -95 -25 96 38 8 66 82 12 -37 -26 -86 72 64 -65 15 
92 18 -88 -47 -14 36 -94 46 34 20 90 -1 -80 52 -2 -66 
-34 88 63 -76 -31 -22 -23 -103 -26 28 -18 89 -30 -91 65 14 
-76 -55 62 78 27 -26 -42 -81 -64 -5 
RSSI :-110 
Input angle :318
Zaxis angle :14 
minval :0 

minval :0 



31 -73 71 36 -39 69 -67 -43 46 -64 62 48 -51 60 -55 -55 
-13 54 46 -67 -57 14 -58 -87 -43 19 16 85 -79 -55 65 -41 
-51 -25 53 62 -1 -58 97 -39 -10 -46 -86 0 71 -65 26 74 
36 -43 -69 41 56 11 18 104 47 0 17 -84 45 85 -78 6 
34 45 -24 -78 -22 54 -105 -7 -11 47 77 37 -93 27 6 -78 
-51 25 80 -7 -47 -34 -86 95 116 -3 
RSSI :-110 
Input angle :316
Zaxis angle :41 
minval :0 

minval :0 



-2 69 -68 -7 11 -67 66 14 -16 66 -65 -20 24 -63 61 30 
5 -72 -9 92 43 -29 80 66 28 -41 -63 -73 102 8 -39 54 
68 22 -88 -28 17 47 -86 59 34 38 88 -42 -28 99 -44 -49 
-37 62 48 -79 -51 9 -41 -96 -44 25 25 95 -86 -56 58 -32 
-52 -50 64 66 0 -49 102 -20 -14 -48 -98 7 67 -75 18 63 
58 -44 -75 52 48 12 101 -16 93 -1 
RSSI :-110 
Input angle :323
Zaxis angle :44 
minval :0 

minval :0 



-27 -13 15 -26 25 16 -17 24 -22 -19 21 -21 20 21 -22 18 
30 16 -40 -21 4 24 -46 22 17 25 43 -14 -27 42 -14 -25 
-22 26 27 -36 -24 -1 -11 -50 -28 11 3 45 -36 -34 28 -6 
-21 -27 26 36 7 -23 52 0 -4 -28 -8 24 73 -26 58 40 
54 10 23 37 5 -22 0 55 29 2 6 -92 44 69 -67 -53 
5 0 -15 -112 7 -12 -28 -49 75 7 
RSSI :-110 
Input angle :316
Zaxis angle :47 
minval :0 

minval :0 



-51 35 -32 -54 57 -27 22 58 -61 18 -15 -61 62 -15 13 61 
53 -42 -54 48 37 12 8 108 56 -30 18 -97 46 87 -60 -1 
28 63 -36 -63 -21 32 -106 -21 14 61 88 40 -96 26 13 -59 
-67 16 69 -23 -29 -25 38 -102 -63 4 -57 79 -10 -99 56 27 
-1 -69 6 72 33 -21 88 61 8 -61 -64 -73 98 15 -37 49 
67 13 -71 -7 13 36 118 96 -76 2 
RSSI :-110 
Input angle :326
Zaxis angle :39 
minval :0 

minval :0 



4 -74 72 7 -11 71 -71 -17 23 -70 68 25 -27 66 -64 -32 
3 70 -24 -61 -44 20 -96 -63 -37 55 71 69 -111 -14 47 -54 
-68 -11 66 -7 -9 -48 85 -79 -45 -50 -82 54 42 -103 42 56 
27 -64 -4 65 48 1 60 101 59 -33 -35 -92 93 65 -65 30 
54 43 -63 -18 -11 48 -110 37 17 65 98 -9 -80 77 -16 -69 
-53 45 30 -59 -43 -23 120 -33 -75 0 
RSSI :-110 
Input angle :323
Zaxis angle :44 
minval :0 

minval :0 



-66 0 4 -67 66 6 -10 67 -65 -14 17 -65 64 22 -24 62 
28 6 -42 -8 66 30 -65 90 54 47 53 -75 5 89 -54 -36 
-11 26 17 -40 -43 58 -74 -82 -58 43 61 71 -88 -14 46 -47 
-22 -18 37 24 -49 -53 97 -55 -30 -66 -80 46 30 -84 34 57 
22 -18 -32 30 63 -35 29 107 71 -16 -27 -89 75 48 -63 20 
12 26 -19 -39 17 70 -2 63 40 9 
RSSI :-110 
Input angle :318
Zaxis angle :47 
minval :0 

minval :0 



19 -19 18 20 -22 16 -15 -23 23 -13 13 24 -25 12 -10 -25 
-18 11 11 -3 -23 12 -17 -67 -36 21 19 51 -47 -24 26 -5 
-6 -20 1 10 -8 -25 69 -3 -13 -39 -54 5 33 -41 -3 26 
21 -3 -11 0 26 0 -13 68 40 -4 7 -53 32 42 -25 -7 
-1 21 2 -11 -4 26 -63 -28 -6 41 51 18 -47 23 12 -23 
-21 -5 9 5 -25 -9 98 -17 -31 -4 
RSSI :-110 
Input angle :314
Zaxis angle :39 
minval :0 

minval :0 



3 28 -28 1 0 -28 28 1 -3 28 -27 -4 5 -27 27 7 
6 -32 -5 15 -6 -24 69 25 -3 -41 -53 -13 40 -21 -12 24 
29 14 -14 -9 25 -2 -40 62 42 2 24 -49 12 44 -21 -17 
-20 25 11 -10 -4 24 -52 -53 -12 40 45 32 -46 2 21 -16 
-21 -24 8 14 -23 -9 63 -39 -36 -20 -44 34 5 -46 12 24 
29 -15 -15 6 14 -20 117 -80 94 -8 
RSSI :-110 
Input angle :310
Zaxis angle :36 
minval :0 

minval :0 



-27 -19 22 -25 23 22 -25 23 -21 -26 27 -20 18 28 -28 16 
22 33 -12 -31 18 12 -65 44 31 20 43 -26 -11 38 -9 -32 
-37 16 32 -3 -16 15 -23 -75 -26 26 15 48 -33 -20 33 -2 
-6 -39 -3 32 -11 -19 78 -7 -20 -32 -50 7 26 -28 -4 32 
40 0 -31 -11 21 -8 -5 78 35 -12 4 -51 22 32 -31 -11 
-11 38 16 -28 1 22 12 80 -126 9 
RSSI :-110 
Input angle :311
Zaxis angle :29 
minval :0 

minval :0 



1 73 -71 -1 7 -71 72 12 -15 70 -70 -18 19 -69 68 22 
-17 -67 -21 95 37 -50 127 24 -2 -31 -58 -32 45 5 -40 59 
67 -1 -92 -43 40 48 -51 120 30 4 44 -48 -14 43 -48 -52 
-12 67 59 -78 -54 30 -106 -75 -12 26 39 53 -39 -23 63 -36 
-63 -27 64 75 -16 -59 97 -87 -25 -17 -61 27 31 -33 22 68 
40 -55 -89 45 62 -3 43 96 60 -3 
RSSI :-110 
Input angle :323
Zaxis angle :29 
minval :0 

minval :0 



-90 13 -7 -91 92 -1 -2 92 -91 -4 9 -91 90 13 -19 89 
44 -5 -94 8 60 54 -8 113 2 -6 15 -44 -18 15 -82 -40 
-2 43 10 -95 -66 47 -109 -31 6 3 39 25 -10 -21 54 -73 
-43 -12 91 28 -31 -76 58 -96 -6 5 -33 32 23 -5 59 69 
24 -36 -50 80 80 -15 82 76 -4 -7 -24 -40 0 23 -81 41 
31 30 -67 -67 -4 81 13 0 -105 -1 
RSSI :-110 
Input angle :331
Zaxis angle :14 
minval :0 

minval :0 



63 38 -42 60 -59 -46 49 -55 53 52 -55 49 -46 -58 59 -43 
-17 -30 66 33 3 -63 70 -47 -35 -4 -38 27 3 -5 30 67 
32 -11 -47 58 60 16 31 78 10 -33 -19 -43 4 2 -71 13 
4 34 -45 -58 -32 55 -84 9 30 18 46 -10 -3 4 1 -74 
-35 -5 68 -30 -47 -42 5 -84 -23 26 -1 47 -3 -4 71 17 
12 -32 19 71 50 -37 -39 63 95 -4 
RSSI :-110 
Input angle :328
Zaxis angle :29 
minval :0 

minval :0 



-78 28 -23 -80 82 -19 15 81 -82 10 -7 -83 83 -3 -4 82 
31 0 -71 49 49 54 13 93 3 -37 -8 -46 8 11 -80 -21 
-4 31 -34 -79 -64 38 -94 -6 34 11 48 1 -13 6 36 -74 
-29 -10 86 -14 -20 -71 30 -89 -20 30 -12 47 -2 -14 65 52 
17 -26 -8 87 75 -6 78 51 -26 -25 -44 -21 13 0 -65 50 
21 22 -82 -26 -9 73 62 96 83 -3 
RSSI :-110 
Input angle :328
Zaxis angle :14 
minval :0 

minval :0 



98 28 -32 96 -94 -37 43 -91 90 47 -52 87 -82 -59 62 -79 
-39 28 80 -5 -37 -103 22 -104 -21 28 -20 62 -28 -2 65 77 
-18 -45 -12 79 108 -17 93 51 -22 -27 -54 -36 9 -26 -90 44 
48 -7 -75 -28 -4 109 -67 85 30 -17 47 -47 24 15 -20 -98 
-1 48 43 -67 -105 -27 -66 -85 10 33 37 54 -18 20 102 0 
-46 -13 55 58 52 -96 -69 127 56 0 
RSSI :-110 
Input angle :332
Zaxis angle :25 
minval :0 

minval :0 



-14 98 -98 -19 21 -96 96 25 -30 94 -91 -38 45 -89 84 50 
-31 -43 8 99 100 -37 104 11 -35 -12 -88 -4 19 -41 -68 72 
50 -20 -98 -14 14 106 -35 97 19 -32 25 -85 35 28 -56 -81 
8 53 33 -94 -106 -13 -87 -56 28 27 78 42 -35 28 91 -39 
-53 -1 85 51 30 -102 75 -71 -31 23 -59 65 -19 -41 17 98 
10 -52 -69 72 92 54 -27 31 -103 -5 
RSSI :-110 
Input angle :179
Zaxis angle :0 
minval :0 

minval :0 



-15 118 -117 -25 32 -115 114 34 -38 112 -110 -43 50 -107 102 56 
-40 -49 -14 89 119 -40 109 16 -36 -23 -74 5 0 -54 -80 87 
55 -31 -83 -33 15 125 -40 102 32 -29 10 -74 51 13 -69 -95 
13 61 48 -76 -125 -13 -93 -59 20 37 69 25 -25 46 109 -46 
-63 1 61 63 40 -121 79 -76 -40 14 -40 63 -41 -34 23 116 
10 -62 -76 46 110 61 -11 111 -84 -6 
RSSI :-110 
Input angle :179
Zaxis angle :0 
minval :0 

minval :0 



-50 -65 64 -49 43 70 -73 44 -43 -74 74 -35 27 77 -81 25 
49 52 -22 -86 -59 52 -95 55 99 13 47 -44 19 46 -15 -81 
-59 39 90 -6 -41 -65 -35 -104 -39 97 31 58 -47 8 84 9 
-22 -68 -17 91 73 -16 110 -7 -83 -59 -65 19 1 -49 -27 83 
71 -9 -85 -34 3 78 -14 109 75 -68 -4 -65 48 11 -69 -44 
-7 71 53 -75 -79 -12 101 48 -7 10 
RSSI :-110 
Input angle :139
Zaxis angle :41 
minval :0 

minval :0 



40 -77 78 28 -38 66 -74 -40 33 -60 47 47 -61 58 -58 -51 
-16 67 55 -39 -68 -35 -88 -67 25 94 62 36 -49 33 57 -27 
-67 -39 35 63 41 -70 88 -65 -98 7 -44 55 -18 -49 24 71 
41 -64 -82 8 63 56 49 109 16 -94 -43 -56 55 -8 -84 9 
47 60 2 -76 -75 41 -113 33 85 33 66 -28 -5 56 2 -76 
-56 32 85 18 -22 -75 -106 47 -112 9 
RSSI :-110 
Input angle :179
Zaxis angle :0 
minval :0 

minval :0 



-69 -28 32 -67 65 36 -40 62 -60 -44 48 -57 54 50 -52 52 
69 -4 -77 -64 -5 92 -54 110 55 -40 34 -72 38 30 -42 -60 
-11 69 80 -62 -87 -24 -97 -74 27 62 65 48 -39 27 69 -27 
-63 -27 46 89 44 -80 96 -79 -66 13 -64 48 -20 -43 10 72 
39 -59 -97 23 72 56 56 109 0 -68 -36 -72 48 -9 -74 -3 
47 50 -2 -100 -73 54 -123 96 -55 1 
RSSI :-110 
Input angle :179
Zaxis angle :0 
minval :0 

minval :0 



79 1 -5 79 -78 -10 15 -77 77 20 -22 77 -75 -25 30 -73 
-65 26 100 33 -27 -87 8 -126 -41 59 -1 77 -47 -15 64 45 
-8 -70 -59 87 90 -4 121 39 -46 -53 -74 -20 24 -43 -59 53 
69 1 -74 -74 -13 89 -62 110 63 -34 37 -68 37 32 -38 -69 
-20 67 88 -56 -85 -31 -93 -85 23 66 60 49 -39 29 75 -24 
-61 -32 34 99 48 -77 114 -97 24 1 
RSSI :-110 
Input angle :179
Zaxis angle :0 
minval :0 

minval :0 



-83 2 2 -84 82 6 -12 83 -81 -16 19 -80 80 22 -26 78 
64 -21 -95 -40 25 78 -18 125 56 -55 -1 -78 41 21 -70 -44 
9 66 61 -82 -81 9 -120 -40 42 66 77 15 -28 37 59 -57 
-67 -4 68 76 10 -82 65 -109 -73 26 -34 71 -29 -35 45 68 
20 -64 -89 50 78 27 94 84 -7 -78 -63 -46 41 -21 -77 27 
58 32 -30 -97 -41 70 -97 32 -25 0 
RSSI :-110 
Input angle :176
Zaxis angle :0 
minval :0 

minval :0 



76 31 -35 74 -70 -40 47 -67 64 50 -53 61 -59 -56 58 -57 
-47 -9 60 67 7 -53 71 -93 -83 -8 -43 71 -19 -44 42 70 
17 -43 -79 45 51 20 79 87 27 -79 -61 -57 47 -8 -75 30 
38 27 -28 -86 -29 47 -105 55 71 44 71 -44 -2 48 -8 -82 
-36 31 90 -11 -38 -40 -33 -114 -60 58 29 78 -47 -11 81 10 
-23 -41 -14 91 48 -29 -91 -65 -2 -10 
RSSI :-110 
Input angle :327
Zaxis angle :14 
minval :0 

minval :0 



-77 4 -1 -77 76 1 -8 76 -75 -14 18 -73 72 22 -26 71 
42 -1 -71 -32 14 31 -32 107 86 -4 19 -80 30 42 -62 -40 
-9 42 46 -62 -34 8 -92 -60 -11 86 73 39 -48 21 52 -52 
-39 -16 50 58 0 -35 76 -80 -79 -31 -52 64 -10 -51 42 62 
26 -34 -66 40 33 7 62 92 48 -70 -49 -67 53 2 -69 27 
28 31 -24 -73 -15 31 123 32 117 7 
RSSI :-110 
Input angle :324
Zaxis angle :29 
minval :0 

minval :0 



24 -72 70 28 -33 68 -67 -35 40 -64 61 47 -49 58 -55 -50 
-8 32 47 -54 -51 8 -72 -70 -10 51 60 45 -40 3 61 -44 
-30 -15 43 57 1 -52 83 -55 -46 -20 -57 48 3 -39 33 67 
22 -26 -66 30 50 14 36 93 30 -40 -33 -65 38 13 -73 13 
21 26 -15 -71 -24 47 -99 18 34 39 72 -18 -20 34 5 -75 
-30 15 72 4 -40 -33 -94 63 -29 2 
RSSI :-110 
Input angle :326
Zaxis angle :25 
minval :0 

minval :0 



45 22 -23 43 -42 -27 30 -40 38 31 -34 37 -34 -37 38 -31 
-2 -8 5 1 -24 -58 70 20 16 -37 -47 -22 34 2 23 44 
9 0 -3 6 61 -11 -33 64 32 24 33 -41 -11 33 -47 14 
0 9 -4 -4 -1 62 -54 -48 -31 26 33 40 -28 -20 -2 -49 
-8 -3 4 -4 -61 -15 57 -45 -19 -36 -47 23 22 -26 48 8 
4 -7 3 5 29 -56 78 48 -97 -2 
RSSI :-110 
Input angle :292
Zaxis angle :54 
minval :0 

minval :0 



13 -23 34 20 -16 24 -12 -25 38 -17 28 34 -22 22 -7 -23 
-36 -27 -19 15 19 16 80 -67 -74 -50 -24 44 -7 -45 25 -2 
26 -52 -16 -46 -16 18 33 111 65 -63 -29 -33 44 3 8 41 
47 38 25 -2 4 1 -98 25 47 78 40 -21 -34 45 -42 -17 
-44 39 -1 44 -1 5 20 -117 -99 40 9 43 -37 -42 7 -42 
-24 -51 -46 -7 9 23 -40 -81 106 -12 
RSSI :-110 
Input angle :175
Zaxis angle :0 
minval :0 

minval :0 



37 -8 14 41 -43 10 -15 -37 44 -4 10 40 -44 0 -4 -33 
-16 17 39 9 -27 -6 -30 -66 -25 21 8 23 -16 -6 32 13 
-22 -24 -26 30 0 -24 73 -9 -21 -31 -21 2 18 -22 -19 30 
33 -3 -24 -33 22 14 -10 64 31 -9 5 -27 18 19 -32 -28 
0 23 27 -25 -18 20 -70 -13 2 34 19 10 -16 6 23 -30 
-29 2 3 36 -14 -24 124 127 -105 -1 
RSSI :-110 
Input angle :315
Zaxis angle :29 
minval :0 

minval :0 



-31 30 -30 -32 33 -28 25 35 -37 22 -20 -39 39 -17 15 41 
17 -36 -21 16 23 -6 38 65 21 -19 -19 -39 31 8 -43 6 
31 25 -9 -24 0 24 -70 24 13 24 42 -10 -15 28 2 -43 
-32 25 26 -4 -23 -4 -10 -74 -27 8 0 44 -24 -21 41 10 
-18 -36 -1 26 9 -22 75 7 -1 -28 -42 -10 25 -20 -20 38 
39 -8 -26 -6 19 14 113 -96 53 1 
RSSI :-110 
Input angle :323
Zaxis angle :36 
minval :0 

minval :0 



-23 -26 27 -21 20 28 -29 18 -16 -31 32 -13 12 32 -33 10 
34 19 2 -18 -8 20 -64 5 15 36 37 -6 -7 33 -2 -34 
-26 30 16 6 -17 -13 8 -64 -39 7 -3 37 -31 -14 34 5 
-24 -32 -9 14 17 -14 61 23 1 -39 -36 -11 21 -26 -12 32 
37 -15 -12 -12 11 19 -35 55 38 10 19 -32 20 27 -28 -19 
6 39 15 -9 -21 5 -77 63 -25 8 
RSSI :-110 
Input angle :326
Zaxis angle :29 
minval :0 

minval :0 



15 61 -62 12 -9 -63 63 -7 4 63 -63 0 2 -63 62 7 
-5 -15 14 27 5 -44 71 2 11 -28 -29 4 17 -14 -18 60 
16 0 -30 7 42 15 -14 70 25 16 1 -29 10 19 -53 -32 
-2 15 0 -31 -24 38 -65 -29 -23 20 28 10 -21 6 45 -42 
-14 -6 30 7 -32 -31 41 -58 -15 -27 -14 25 -1 -22 33 52 
9 -12 -13 27 38 -23 116 96 -105 -3 
RSSI :-110 
Input angle :323
Zaxis angle :47 
minval :0 

minval :0 



-10 -18 19 -8 8 19 -19 7 -6 -20 20 -5 4 20 -20 2 
-11 39 14 -12 8 15 -47 -54 -33 41 15 42 -30 -9 0 -21 
-36 -18 9 16 -17 4 64 -32 -33 -41 -45 6 16 -28 19 6 
27 -30 -18 4 0 -18 21 69 45 -27 2 -45 23 21 -9 18 
25 33 -1 -19 16 3 -71 6 14 51 43 12 -26 18 -15 -14 
-38 16 19 2 -6 16 42 -49 -54 0 
RSSI :-110 
Input angle :291
Zaxis angle :39 
minval :0 

minval :0 



88 53 -59 83 -80 -66 71 -75 73 73 -77 70 -63 -81 83 -58 
14 -27 103 6 -62 -73 63 -22 55 -49 -15 -20 54 1 41 93 
25 20 -29 99 84 -45 8 67 35 64 23 -10 -13 52 -100 23 
-25 18 -91 -49 22 94 -67 -3 -70 19 5 24 -49 -23 0 -104 
-14 -28 67 -78 -96 1 23 -64 -3 -73 -25 0 35 -40 100 22 
31 -7 59 85 15 -95 -111 -48 -88 1 
RSSI :-110 
Input angle :329
Zaxis angle :58 
minval :0 

minval :0 



17 -58 58 20 -24 56 -55 -27 29 -53 50 33 -37 48 -46 -39 
-29 47 -13 -6 -29 13 -47 -75 -77 60 7 67 -47 -25 49 -35 
-39 -39 8 -11 -6 -32 83 -27 -40 -87 -67 -4 34 -41 23 54 
48 -29 9 10 32 1 7 87 95 -17 21 -65 33 41 -58 10 
18 52 -11 7 -8 32 -87 -7 -2 98 59 34 -48 23 3 -60 
-55 6 -4 -13 -27 -14 67 127 -14 -4 
RSSI :-110 
Input angle :310
Zaxis angle :49 
minval :0 

minval :0 



-36 88 -87 -38 45 -84 82 49 -53 79 -76 -56 59 -74 70 63 
7 -35 -40 37 85 -74 75 87 15 -57 -40 -45 36 16 -78 52 
32 17 -25 -48 55 99 -105 50 52 29 52 -28 -21 32 -34 -88 
-24 28 53 -12 -110 30 -30 -112 -39 46 18 57 -24 -28 92 -15 
-23 -30 4 54 -10 -112 116 -9 -37 -45 -59 4 34 -18 -4 94 
33 -16 -55 -6 112 15 106 0 -95 -4 
RSSI :-110 
Input angle :320
Zaxis angle :25 
minval :0 

minval :0 



106 68 -74 100 -97 -77 81 -95 90 86 -93 83 -78 -96 100 -71 
27 -22 85 19 -61 -110 81 -23 45 -34 -39 -10 61 4 50 113 
16 32 -40 79 120 -40 5 85 23 52 19 -36 -16 60 -122 25 
-33 7 -65 -58 13 126 -82 -18 -55 8 31 25 -54 -30 7 -124 
0 -34 70 -53 -125 -18 31 -78 -1 -57 -32 26 41 -45 121 31 
34 8 43 76 35 -121 113 0 -121 1 
RSSI :-110 
Input angle :318
Zaxis angle :49 
minval :0 

minval :0 



-119 -14 22 -117 117 26 -31 116 -115 -37 45 -112 109 50 -56 105 
-15 58 -64 11 96 72 -66 29 -24 65 41 3 -64 29 -90 -80 
-54 -26 3 -65 -90 79 -15 -69 -58 -36 -14 41 -17 -67 94 -74 
37 -47 63 16 -57 -106 71 0 49 -49 -35 -24 70 -1 45 110 
35 48 -31 57 116 -32 -16 70 38 58 29 -31 -11 69 -117 22 
-54 26 -49 -42 5 120 125 31 108 3 
RSSI :-110 
Input angle :314
Zaxis angle :51 
minval :0 

minval :0 



105 -45 35 108 -112 32 -31 -113 112 -23 11 112 -114 6 1 -113 
-52 -52 49 -46 -110 -5 50 -72 -23 -63 -36 20 25 -62 110 24 
63 -41 30 59 26 -105 57 65 67 -9 -10 -40 55 38 -51 103 
26 71 -64 17 96 48 -76 42 -4 69 40 -2 -48 45 -90 -71 
-75 6 -3 -68 -66 83 -27 -84 -66 -19 -5 39 -33 -59 89 -72 
7 -74 66 10 -69 -83 64 -32 74 -8 
RSSI :-110 
Input angle :314
Zaxis angle :56 
minval :0 

minval :0 



-95 61 -57 -98 100 -52 44 104 -107 37 -32 -109 109 -30 24 110 
54 46 -52 47 93 -29 -42 95 38 47 35 -31 -27 65 -112 0 
-57 42 -34 -62 9 98 -82 -62 -54 28 23 40 -58 -40 28 -109 
-31 -64 67 -23 -99 -12 80 -64 -15 -59 -45 11 50 -47 101 49 
69 -15 6 70 34 -93 47 91 59 -2 -2 -47 34 61 -73 85 
-2 72 -71 -8 84 50 -24 -65 -116 7 
RSSI :-110 
Input angle :314
Zaxis angle :47 
minval :0 

minval :0 



-24 39 -37 -27 29 -36 34 31 -33 32 -30 -35 36 -29 27 38 
45 1 -16 34 14 -34 0 57 25 0 11 -36 15 39 -42 18 
-11 43 -29 -23 30 20 -55 -11 -5 25 34 17 -41 6 -8 -45 
-40 -19 28 -25 -41 -1 5 -45 -18 -13 8 -6 0 -76 27 -55 
34 -57 -7 96 6 -43 64 47 19 -20 -74 -27 23 42 -60 81 
49 33 -83 -32 13 6 56 48 2 4 
RSSI :-110 
Input angle :314
Zaxis angle :54 
minval :0 

minval :0 



54 -67 64 57 -61 60 -56 -65 68 -52 49 71 -73 44 -39 -75 
-80 -2 43 -55 -27 66 9 -119 -50 5 -22 69 -31 -68 83 -22 
22 -77 44 54 -55 -46 112 39 6 -48 -61 -37 74 -11 2 86 
69 41 -63 29 54 -46 -63 100 47 16 49 -52 1 75 -84 -15 
-54 60 -15 -69 33 63 -85 -82 -27 41 40 59 -72 -18 34 -79 
-47 -66 71 -1 -69 16 -71 -97 127 -5 
RSSI :-110 
Input angle :314
Zaxis angle :44 
minval :0 

minval :0 



-53 52 -49 -56 58 -47 45 60 -63 39 -35 -65 68 -30 28 67 
63 32 -42 44 37 -68 -28 101 47 -2 40 -56 9 65 -73 14 
-45 55 -31 -51 59 51 -91 -52 -8 47 43 54 -66 -7 -1 -73 
-46 -55 55 -23 -62 48 71 -78 -45 -17 -60 33 22 -62 71 19 
63 -31 6 60 -31 -71 62 85 26 -39 -19 -66 57 32 -34 65 
15 69 -60 -5 78 -16 66 80 113 4 
RSSI :-110 
Input angle :314
Zaxis angle :44 
minval :0 

minval :0 



-17 -60 60 -14 13 61 -60 9 -6 -63 62 -2 -1 62 -61 -5 
-42 19 -19 -53 27 76 -43 -69 -18 33 12 51 -48 -31 18 -58 
-11 -47 56 -4 -80 8 76 -26 -29 -24 -51 1 41 -40 54 30 
47 -1 -5 56 7 -81 9 81 31 -23 9 -50 29 50 -41 44 
-9 47 -54 -17 75 28 -80 -9 15 36 49 20 -54 19 -36 -50 
-43 -19 29 -47 -41 69 -79 79 -27 0 
RSSI :-110 
Input angle :311
Zaxis angle :47 
minval :0 

minval :0 



-54 -35 37 -53 50 39 -42 48 -45 -46 48 -42 40 50 -51 37 
11 36 -54 -43 18 84 -44 -4 10 25 22 21 -39 -6 -26 -59 
-39 3 54 -44 -86 1 15 -42 -26 4 -23 18 13 -38 62 -14 
2 -39 31 63 16 -84 37 22 2 -26 -11 -27 34 22 0 65 
37 13 -68 15 78 37 -29 32 27 9 30 -5 -28 29 -62 -12 
-21 32 -2 -70 -51 69 -26 15 -9 2 
RSSI :-110 
Input angle :315
Zaxis angle :41 
minval :0 

minval :0 



72 -35 32 72 -75 26 -21 -77 78 -16 12 79 -78 8 -6 -78 
-40 0 72 -37 -84 -25 15 -49 -26 -3 -18 14 19 -26 78 15 
7 -39 24 78 47 -76 43 26 8 -25 -10 -22 19 23 -29 73 
35 16 -81 0 63 61 -34 37 23 13 21 -4 -27 14 -66 -44 
-24 32 16 -79 -75 46 -29 -41 -19 19 -1 23 -7 -31 58 -55 
-25 -30 74 34 -29 -83 -28 -81 26 -3 
RSSI :-110 
Input angle :317
Zaxis angle :44 
minval :0 

minval :0 



-82 15 -11 -83 83 -6 3 83 -84 -1 5 -83 82 11 -15 80 
32 2 -88 17 73 47 -15 62 35 6 9 -16 -13 10 -76 -32 
-10 31 4 -88 -65 59 -58 -28 -14 33 12 13 -6 -16 52 -64 
-28 -17 84 27 -41 -76 42 -48 -29 -22 -15 9 17 -4 51 64 
22 -23 -41 78 84 -24 38 52 27 -24 -6 -18 0 17 -74 35 
17 28 -66 -58 6 88 35 0 23 4 
RSSI :-110 
Input angle :323
Zaxis angle :36 
minval :0 

minval :0 



79 -6 2 81 -80 -2 5 -79 79 10 -14 77 -76 -21 24 -74 
-29 -6 88 -4 -59 -51 21 -66 -45 -5 -7 14 10 -5 67 41 
13 -27 -20 86 63 -48 62 30 16 -40 -11 -11 3 9 -54 57 
24 18 -80 -38 32 72 -46 50 37 26 13 -10 -11 0 -44 -66 
-22 19 53 -71 -78 17 -38 -56 -34 29 7 15 1 -10 73 -29 
-14 -25 58 66 1 -79 -50 -33 82 -5 
RSSI :-110 
Input angle :323
Zaxis angle :29 
minval :0 

minval :0 



34 -56 52 38 -42 50 -49 -43 44 -44 44 47 -52 39 -36 -53 
-32 18 40 -68 -52 16 -39 -54 -29 41 6 16 8 -14 60 -21 
-13 -34 56 54 -6 -55 59 -26 -33 -37 -18 2 11 11 9 63 
38 -2 -65 44 56 4 13 62 42 -24 2 -18 -13 9 -64 -6 
-4 38 -27 -74 -19 53 -66 -2 16 45 19 7 -6 -15 17 -63 
-35 -11 78 -10 -49 -30 -107 -17 77 0 
RSSI :-110 
Input angle :323
Zaxis angle :25 
minval :0 

minval :0 



-33 47 -46 -36 38 -44 42 40 -41 40 -38 -44 47 -35 31 48 
41 -21 -37 67 47 -18 33 50 19 -43 -4 -22 -14 22 -55 18 
13 44 -57 -53 8 49 -55 21 38 30 22 0 -17 -20 -9 -58 
-47 2 64 -43 -48 -3 -9 -59 -37 29 -6 22 22 -14 58 3 
7 -46 29 72 15 -47 60 5 -23 -42 -19 -11 9 25 -18 54 
43 20 -77 11 42 25 92 96 65 -2 
RSSI :-110 
Input angle :324
Zaxis angle :20 
minval :0 

minval :0 



25 -63 61 30 -31 59 -56 -36 40 -55 52 43 -44 50 -47 -46 
-36 52 5 -73 -40 16 -40 -53 3 33 17 31 -9 -41 57 -35 
-39 -49 70 22 -5 -43 63 -27 -32 -4 -34 10 42 0 24 63 
55 -27 -35 65 44 4 13 67 12 -31 -2 -34 -7 42 -66 7 
16 61 -55 -49 -13 42 -69 1 27 17 35 5 -38 -17 6 -67 
-63 3 58 -43 -37 -23 -49 47 -84 2 
RSSI :-110 
Input angle :324
Zaxis angle :20 
minval :0 

minval :0 



-31 -67 69 -27 22 70 -71 16 -11 -73 72 -8 6 74 -72 1 
24 60 -46 -66 -22 59 -82 -1 23 25 35 11 -37 -16 16 -71 
-65 9 75 -30 -50 -38 21 -79 -31 15 -16 32 24 -32 67 31 
3 -65 12 80 48 -41 72 38 -9 -32 -27 -24 25 31 -43 59 
62 19 -81 -6 32 56 -53 61 34 0 28 -23 -35 18 -49 -55 
-29 57 22 -78 -61 17 -12 -113 56 4 
RSSI :-110 
Input angle :326
Zaxis angle :25 
minval :0 

minval :0 



78 7 -15 77 -77 -14 17 -74 76 23 -27 71 -68 -34 41 -67 
-62 -5 87 0 -48 -51 48 -57 -26 13 -26 11 33 -17 59 49 
17 -60 -14 85 59 -44 51 57 -7 -29 -8 -32 12 36 -62 42 
53 32 -81 -31 26 63 -69 32 28 0 31 0 -37 0 -32 -67 
-42 46 50 -68 -69 9 -15 -74 -5 28 -9 29 8 -36 77 -16 
-35 -51 57 66 8 -72 -48 -1 -100 -2 
RSSI :-110 
Input angle :326
Zaxis angle :29 
minval :0 

minval :0 



-73 -17 19 -73 71 26 -31 70 -67 -35 37 -66 65 40 -43 61 
49 8 -95 -17 49 61 -57 45 23 0 39 -4 -41 2 -51 -54 
-19 47 38 -87 -68 38 -31 -65 -3 23 -5 41 8 -40 66 -34 
-39 -30 81 54 -19 -77 69 -17 -21 -8 -38 -14 38 16 23 71 
37 -34 -72 64 79 0 1 71 12 -19 21 -34 -23 34 -75 6 
26 43 -48 -83 -11 77 33 -32 51 2 
RSSI :-110 
Input angle :324
Zaxis angle :29 
minval :0 

minval :0 



71 -23 19 72 -74 14 -9 -74 75 -5 0 75 -75 -4 6 -75 
-37 4 73 -38 -80 -23 21 -61 -13 15 -27 23 31 -18 71 24 
4 -36 24 79 40 -73 53 37 -13 -17 -17 -32 12 34 -35 65 
35 12 -83 5 64 53 -46 45 18 -9 34 -9 -36 5 -56 -49 
-18 32 14 -81 -68 49 -36 -54 4 19 2 35 3 -35 60 -44 
-26 -25 77 31 -31 -77 -41 -33 41 0 
RSSI :-110 
Input angle :336
Zaxis angle :29 
minval :0 

minval :0 



20 -78 77 24 -31 74 -72 -34 36 -73 71 39 -44 69 -66 -45 
-18 29 -1 -88 -52 47 -53 -10 1 -9 2 10 28 -39 60 -54 
-24 -24 87 15 -34 -61 20 -50 7 3 -11 0 34 32 41 70 
29 -17 -36 82 67 -20 42 32 -6 7 2 -10 -42 24 -77 24 
10 33 -71 -52 2 70 -41 35 -6 -6 9 4 -17 -44 -4 -81 
-34 3 68 -57 -69 -10 14 48 80 -1 
RSSI :-110 
Input angle :328
Zaxis angle :44 
minval :0 

minval :0 



26 103 -105 20 -16 -106 106 -10 0 107 -107 -4 10 -106 105 15 
-4 -35 46 94 33 -69 67 -33 0 2 -11 -3 5 44 -40 99 
35 4 -102 23 59 48 18 72 -3 0 5 -10 -45 -3 -87 -61 
-13 33 1 -104 -59 47 -75 2 0 -2 9 7 15 -43 76 -74 
-30 -20 101 19 -35 -68 12 -73 2 1 -10 6 38 24 56 90 
26 -26 -40 96 74 -20 -5 127 71 0 
RSSI :-110 
Input angle :336
Zaxis angle :39 
minval :0 

minval :0 



51 0 -4 51 -51 -7 9 -50 50 12 -14 49 -48 -18 20 -47 
0 3 53 -6 -67 -29 0 -42 14 1 0 10 17 5 41 30 
-4 -1 -4 53 42 -60 40 9 -4 12 -9 -1 -10 15 -40 31 
1 -3 -50 -18 48 55 -17 37 -11 -7 3 -10 -12 -13 -23 -45 
3 3 28 -45 -64 35 -32 -26 9 -10 8 5 15 -9 49 -13 
-2 2 38 37 -20 -70 32 64 -48 2 
RSSI :-110 
Input angle :337
Zaxis angle :25 
minval :0 

minval :0 



-88 46 -41 -91 94 -33 27 96 -97 24 -17 -98 101 -11 4 100 
2 -5 -75 48 123 -17 -11 94 8 20 15 -48 -24 36 -81 -16 
10 -10 -32 -94 -21 127 -79 -29 -18 0 39 23 -32 -34 32 -104 
4 7 79 -14 -116 -25 48 -97 6 -16 -31 32 14 -34 97 54 
-9 4 0 78 74 -108 54 62 26 1 -23 -39 28 25 -74 79 
-7 -10 -78 -20 91 94 -27 127 -86 1 
RSSI :-110 
Input angle :130
Zaxis angle :36 
minval :0 

minval :0 



-29 -96 89 -9 28 98 -122 7 15 -105 115 7 1 110 -119 -26 
5 23 -44 -80 -1 92 -103 -41 -26 10 37 20 -32 -26 36 -82 
-17 6 106 -6 -93 -32 35 -105 -1 -30 -33 31 7 -28 93 55 
-17 -31 2 93 69 -71 74 52 20 4 -24 -34 39 28 -71 61 
31 -4 -105 -29 75 66 -80 66 -10 13 42 -16 -29 21 -56 -88 
12 7 52 -79 -86 64 -40 111 -58 -2 
RSSI :-110 
Input angle :323
Zaxis angle :47 
minval :0 

minval :0 



-65 -50 64 -61 69 56 -61 44 -57 -60 75 -47 47 68 -81 55 
5 40 -53 -57 20 59 -42 25 -13 17 26 0 -25 -2 -29 -75 
-23 -1 71 -43 -67 1 -8 -59 -14 -12 -5 25 8 -25 80 -12 
6 -21 26 78 10 -65 60 3 16 -11 -24 -12 22 14 -4 82 
20 9 -82 12 64 21 -15 57 7 18 16 -20 -17 19 -77 -24 
-14 17 10 -82 -37 55 -39 63 -96 0 
RSSI :-110 
Input angle :308
Zaxis angle :49 
minval :0 

minval :0 



24 -43 69 20 -47 67 -65 -36 57 -39 42 36 -55 30 -40 -34 
-19 -14 56 -38 -45 22 27 -58 -33 -22 -13 34 0 -29 46 -27 
17 -16 38 41 -1 -64 69 28 31 -29 -29 -27 39 22 17 78 
32 35 -47 28 47 4 -26 42 20 36 30 -27 -15 23 -88 0 
-43 5 -19 -67 -3 63 -49 -49 -40 13 18 35 -23 -41 16 -79 
1 -49 68 -3 -70 -35 -24 -1 1 -6 
RSSI :-110 
Input angle :308
Zaxis angle :44 
minval :0 

minval :0 



15 66 -69 26 -6 -66 64 0 7 49 -70 9 -18 -62 48 -5 
30 8 -14 41 11 -49 15 56 44 -25 -9 -47 23 42 -23 55 
-12 46 -39 -19 46 24 -80 1 6 41 47 0 -47 32 -43 -17 
-28 -1 31 -46 -39 38 25 -66 -44 -4 -13 45 -4 -32 38 -59 
9 -24 28 23 -51 -56 69 15 16 -40 -39 -27 35 -11 45 38 
19 12 -28 21 62 -43 76 -48 -52 2 
RSSI :-110 
Input angle :313
Zaxis angle :44 
minval :0 

minval :0 



-62 -21 30 -51 59 28 -38 45 -59 -37 27 -56 43 31 -33 53 
-14 28 -27 -39 46 69 -65 -51 -24 47 36 27 -50 4 -44 -43 
-24 -21 39 -6 -74 32 61 -55 -45 -28 -36 28 11 -38 56 -15 
34 -18 12 45 -19 -80 37 52 35 -37 -22 -43 37 17 20 55 
14 35 -40 -13 82 -2 -60 27 19 50 44 -10 -23 26 -59 -8 
-28 7 7 -43 -14 74 -92 95 101 2 
RSSI :-110 
Input angle :307
Zaxis angle :44 
minval :0 

minval :0 



9 -62 61 12 -17 60 -59 -21 27 -57 54 29 -31 54 -51 -33 
-39 -6 35 -26 -53 49 16 -78 -46 -9 -18 47 -18 -35 44 -42 
14 -37 20 38 -34 -63 73 34 22 -42 -41 -30 39 -9 31 54 
33 23 -41 12 70 -19 -48 64 37 31 36 -34 1 40 -58 21 
-29 26 -1 -43 5 73 -52 -59 -36 31 27 43 -40 -7 -6 -61 
-18 -34 43 6 -72 -12 -42 31 -72 -6 
RSSI :-110 
Input angle :310
Zaxis angle :47 
minval :0 

minval :0 



-48 17 -15 -48 49 -13 10 49 -50 7 -4 -50 50 -2 0 50 
26 36 -36 -16 57 11 -51 64 40 36 27 -39 -3 17 -49 -9 
-40 20 20 -35 -14 56 -50 -66 -41 34 32 35 -16 -9 21 -46 
-7 -44 28 29 -46 -37 75 -33 -18 -50 -41 22 13 -13 39 31 
45 2 -35 20 45 -37 16 81 52 -9 -14 -45 11 16 -39 29 
-11 43 -14 -38 27 52 -7 127 -71 6 
RSSI :-110 
Input angle :313
Zaxis angle :44 
minval :0 

minval :0 



15 -39 38 16 -19 37 -36 -22 24 -34 34 26 -27 32 -30 -28 
-50 -18 39 -19 -43 26 -8 -68 -55 5 8 47 2 -20 35 -24 
28 -46 11 42 -15 -47 68 5 6 -56 -47 -1 19 7 15 39 
37 39 -44 2 49 -4 -20 65 52 19 9 -47 -10 17 -41 6 
-44 28 8 -44 -4 50 -60 -32 -28 47 43 19 -14 -15 1 -43 
-17 -50 42 15 -48 -14 -82 -65 92 -5 
RSSI :-110 
Input angle :301
Zaxis angle :36 
minval :0 

minval :0 



41 47 -49 41 -35 -54 54 -34 32 56 -59 26 -24 -58 60 -22 
79 -53 11 88 -19 -99 118 48 52 -100 -75 -29 34 34 8 64 
37 86 -90 -14 97 0 -74 102 88 69 43 -70 -42 25 -62 -7 
-93 16 32 -85 -24 96 -91 -91 -90 68 59 60 -14 -46 15 -62 
0 -96 80 48 -88 -46 110 -70 -50 -100 -67 43 45 -4 54 32 
93 19 -63 68 67 -76 110 -96 -119 -2 
RSSI :-110 
Input angle :308
Zaxis angle :32 
minval :0 

minval :0 



-37 25 -23 -37 38 -22 18 40 -43 14 -11 -42 43 -11 7 43 
46 68 -70 -15 92 -2 -58 102 72 49 25 -56 -28 23 -45 0 
-75 30 35 -61 -16 90 -89 -77 -64 62 49 35 -18 -31 10 -43 
-10 -81 55 48 -85 -35 95 -68 -46 -74 -48 37 35 -11 40 19 
81 6 -55 46 56 -71 45 108 84 -24 -26 -55 1 38 -30 33 
-21 79 -26 -65 59 71 40 -80 32 22 
RSSI :-110 
Input angle :301
Zaxis angle :25 
minval :0 

minval :0 



18 -32 31 19 -21 29 -28 -22 24 -27 26 25 -27 25 -24 -26 
-75 -46 62 0 -83 34 25 -116 -86 -14 -7 59 10 -32 32 -16 
60 -64 -13 64 -16 -89 108 54 33 -81 -56 -17 29 18 9 35 
48 75 -56 -28 90 5 -72 96 72 49 32 -51 -25 25 -36 1 
-82 36 39 -52 -26 87 -78 -91 -64 59 43 40 -20 -28 5 -36 
-15 -87 40 49 -81 -40 79 -1 -25 -20 
RSSI :-110 
Input angle :297
Zaxis angle :20 
minval :0 

minval :0 



20 26 -27 17 -17 -29 29 -15 12 30 -30 11 -10 -31 31 -8 
88 -30 -37 45 14 -87 73 94 62 -65 -42 -43 28 27 1 33 
11 92 -36 -46 81 31 -107 51 47 76 51 -34 -32 23 -33 -3 
-92 -8 52 -27 -47 74 -32 -115 -84 33 23 55 -16 -36 12 -31 
27 -88 14 56 -58 -66 119 -1 -14 -90 -60 7 37 -5 27 17 
81 43 -58 1 77 -41 107 17 -66 1 
RSSI :-110 
Input angle :296
Zaxis angle :32 
minval :0 

minval :0 



-11 -40 41 -9 4 41 -41 4 -2 -40 42 0 -1 41 -40 -5 
-98 -28 30 -13 -46 39 29 -108 -106 17 -5 70 -21 -53 13 -39 
46 -88 5 32 -30 -53 99 51 5 -106 -68 -18 55 -9 35 22 
74 69 -32 -2 57 -19 -73 84 104 27 33 -62 -5 56 -29 29 
-84 58 9 -32 2 61 -63 -91 -51 94 52 47 -53 -15 -22 -35 
-39 -94 29 13 -60 -5 -65 -114 -55 -19 
RSSI :-110 
Input angle :299
Zaxis angle :36 
minval :0 

minval :0 



65 38 -41 65 -63 -45 48 -59 54 54 -56 54 -49 -56 57 -45 
58 -96 34 53 -23 -77 112 60 27 -117 -90 -39 73 -3 34 67 
85 75 -60 26 79 -6 -76 99 112 49 55 -81 -11 72 -75 19 
-93 66 -14 -63 -8 80 -82 -96 -75 95 66 71 -68 -27 -2 -75 
-44 -105 65 3 -73 -28 114 -53 -75 -97 -83 49 42 -60 75 11 
111 -19 -15 65 42 -69 106 -80 112 -4 
RSSI :-110 
Input angle :307
Zaxis angle :49 
minval :0 

minval :0 



-69 80 -75 -76 79 -70 66 83 -86 61 -57 -89 92 -50 48 95 
95 49 -74 65 87 -28 -28 122 105 33 34 -94 1 74 -101 25 
-64 82 -46 -88 8 91 -108 -55 -55 96 81 48 -68 -12 -1 -112 
-60 -80 100 -33 -91 -10 77 -102 -82 -72 -71 73 27 -68 103 20 
106 -63 14 105 17 -95 59 104 42 -54 -54 -87 54 41 -39 95 
25 87 -98 -15 77 45 45 -32 98 6 
RSSI :-110 
Input angle :314
Zaxis angle :44 
minval :0 

minval :0 



46 -39 36 51 -52 34 -30 -54 56 -28 24 57 -58 21 -18 -58 
-54 -19 49 -38 -46 17 8 -75 -49 -10 -12 54 -3 -39 61 -4 
31 -48 27 58 -7 -49 72 21 20 -45 -50 -26 39 3 -7 60 
41 39 -63 14 49 0 -37 64 39 30 35 -41 -14 37 -58 -20 
-48 30 0 -63 -10 46 -54 -52 -38 32 33 44 -32 -20 32 -51 
-18 -55 63 12 -45 -21 -48 -65 -108 -6 
RSSI :-110 
Input angle :300
Zaxis angle :47 
minval :0 

minval :0 



-10 -68 69 -5 2 71 -70 0 4 -70 70 7 -10 70 -68 -14 
-43 41 -11 -69 2 54 -80 -37 -20 39 47 36 -44 -13 29 -61 
-30 -49 68 6 -51 -12 57 -68 -33 -29 -45 39 21 -39 53 43 
55 -18 -22 66 19 -49 55 68 35 -26 -29 -53 34 29 -53 43 
4 58 -59 -35 42 33 -80 38 19 40 58 -13 -36 27 -31 -61 
-58 -9 46 -52 -40 35 -86 -65 39 1 
RSSI :-110 
Input angle :305
Zaxis angle :47 
minval :0 

minval :0 



47 59 -61 45 -41 -62 65 -39 36 66 -69 29 -22 -72 73 -19 
14 -52 47 55 -27 -50 89 -7 0 -41 -62 -8 46 -12 6 76 
45 24 -60 38 54 -17 -8 90 39 9 20 -59 0 48 -75 -11 
-35 39 -19 -69 4 57 -84 -31 -18 36 52 33 -46 -11 26 -71 
-30 -42 72 -2 -58 -8 48 -77 -32 -24 -45 43 19 -43 61 43 
48 -21 -15 70 23 -52 65 0 -89 -4 
RSSI :-110 
Input angle :304
Zaxis angle :47 
minval :0 

minval :0 



-83 -6 9 -82 83 12 -17 81 -80 -23 31 -78 76 33 -36 75 
30 38 -77 0 55 16 -54 76 29 26 49 -43 -27 45 -64 -51 
-45 20 17 -75 -25 51 -64 -69 -33 21 32 57 -37 -35 65 -50 
-12 -49 69 32 -43 -36 82 -45 -13 -36 -62 17 42 -29 38 74 
50 -1 -46 61 47 -32 28 89 38 -5 -4 -64 20 49 -79 20 
-10 49 -50 -56 25 51 -3 111 12 5 
RSSI :-110 
Input angle :302
Zaxis angle :47 
minval :0 

minval :0 



63 -60 54 68 -72 49 -47 -73 75 -43 39 78 -79 34 -27 -81 
-52 -2 54 -55 -48 30 -26 -95 -40 4 -1 68 -18 -55 85 -12 
12 -50 42 63 -21 -52 98 -2 4 -38 -67 -15 59 -4 -8 86 
47 21 -70 32 54 -10 -18 96 38 13 29 -61 -5 58 -82 -24 
-33 40 -13 -76 -6 55 -91 -39 -20 33 54 42 -54 -20 43 -75 
-31 -41 77 2 -53 -16 -59 111 -102 -4 
RSSI :-110 
Input angle :300
Zaxis angle :47 
minval :0 

minval :0 



12 -79 80 16 -21 77 -76 -26 31 -74 71 37 -36 69 -69 -40 
-48 43 8 -65 -7 55 -96 -54 -21 34 51 52 -50 -37 54 -59 
-31 -56 62 22 -51 -20 79 -73 -31 -24 -61 41 53 -27 36 70 
65 -21 -39 60 30 -48 62 90 31 -24 -24 -68 29 55 -73 31 
5 64 -47 -46 40 42 -103 40 16 36 72 -8 -60 16 -11 -79 
-63 -10 56 -34 -49 31 -80 111 74 1 
RSSI :-110 
Input angle :303
Zaxis angle :32 
minval :0 

minval :0 



69 3 -6 68 -67 -11 15 -67 66 17 -20 65 -64 -25 29 -62 
-45 -52 44 3 -55 -1 58 -90 -44 -17 -51 54 34 -57 55 40 
60 -33 -13 42 15 -54 75 75 28 -41 -40 -62 47 46 -51 44 
16 67 -39 -22 49 24 -91 56 33 35 71 -25 -55 37 -31 -61 
-69 2 30 -32 -33 44 -33 -101 -42 24 9 74 -22 -62 65 -16 
11 -68 24 37 -32 -45 -33 15 48 -6 
RSSI :-110 
Input angle :302
Zaxis angle :36 
minval :0 

minval :0 



-36 33 -30 -38 39 -29 27 40 -43 24 -23 -43 44 -19 15 45 
48 34 -2 19 47 -27 -29 81 59 2 27 -68 3 68 -48 6 
-45 41 -20 -7 17 50 -75 -44 -14 57 59 42 -67 -13 2 -48 
-28 -52 10 -17 -54 3 59 -64 -54 -26 -53 50 26 -64 47 12 
57 -19 13 13 4 -53 48 72 36 -47 -37 -61 57 37 -22 43 
4 60 -17 9 51 18 76 -112 -24 5 
RSSI :-110 
Input angle :299
Zaxis angle :47 
minval :0 

minval :0 



-18 -70 70 -13 9 71 -71 6 -2 -72 72 1 -5 72 -71 -8 
-46 -15 -50 -40 -16 63 -26 -58 -65 11 15 61 -47 -58 26 -66 
25 -41 51 -40 -57 -31 62 -11 1 -65 -64 0 67 -32 60 38 
35 33 27 58 41 -50 0 63 62 16 12 -63 15 72 -54 48 
-41 26 -63 12 38 52 -62 -14 -30 56 58 26 -74 -1 -37 -62 
-16 -47 1 -65 -58 28 -101 31 -14 -6 
RSSI :-110 
Input angle :301
Zaxis angle :51 
minval :0 

minval :0 



-87 -2 6 -87 86 12 -21 85 -82 -26 29 -82 81 33 -38 79 
-20 72 -85 17 63 15 -63 0 -30 77 57 21 -84 17 -70 -52 
-67 -32 -1 -89 -26 59 10 -62 -68 -45 -33 50 -1 -86 68 -56 
48 -57 86 19 -53 -38 58 25 61 -55 -41 -43 84 17 40 76 
45 60 -37 79 49 -43 -39 50 41 71 50 -32 -37 77 -85 16 
-68 30 -70 -53 29 58 99 -33 86 3 
RSSI :-110 
Input angle :311
Zaxis angle :49 
minval :0 

minval :0 



47 -73 70 53 -55 67 -64 -60 63 -60 58 66 -68 54 -50 -69 
-71 -52 33 -79 -36 55 26 -61 -47 -66 -36 33 30 -77 80 -33 
69 -56 69 49 -44 -48 54 37 75 -31 -25 -42 68 48 14 86 
39 80 -64 58 56 -34 -48 45 15 81 46 -16 -61 55 -86 -5 
-87 21 -43 -74 21 61 -35 -56 -82 -1 6 48 -45 -70 24 -82 
-5 -88 81 -23 -65 6 46 16 -32 -11 
RSSI :-110 
Input angle :311
Zaxis angle :44 
minval :0 

minval :0 



78 25 -29 86 -84 -45 41 -85 75 52 -52 80 -71 -43 51 -56 
-4 -104 75 28 -56 -5 95 -26 28 -48 -55 1 71 -17 60 74 
103 15 -56 79 16 -53 5 102 58 35 10 -53 -2 71 -78 28 
-42 77 -52 -58 34 49 -88 -33 -45 47 51 21 -78 -39 -27 -86 
-66 -64 69 -39 -34 41 34 -89 -38 -56 -28 46 48 -73 83 7 
70 -67 21 76 -27 -38 114 0 -88 -2 
RSSI :-110 
Input angle :318
Zaxis angle :36 
minval :0 

minval :0 



-63 -3 6 -65 61 10 -12 60 -60 -17 20 -60 58 23 -21 57 
59 82 -59 -13 26 -15 -108 58 28 59 64 -32 -57 52 -50 -38 
-92 42 25 -55 10 29 -42 -115 -63 18 16 67 -38 -66 44 -44 
-20 -100 47 37 -30 2 122 -6 -2 -64 -69 0 72 -25 33 54 
101 -2 -48 38 5 -29 -24 120 62 11 12 -68 5 75 -57 17 
-25 97 -25 -55 27 9 -55 -49 94 7 
RSSI :-110 
Input angle :310
Zaxis angle :25 
minval :0 

minval :0 


