
15 -12 11 16 -17 10 -9 -17 18 -8 6 18 -19 5 -4 -19 
12 83 -12 -23 -8 -11 84 -38 -62 -73 -31 3 15 5 20 0 
-84 -5 25 -9 12 -6 23 89 84 -47 2 -31 -7 14 -3 20 
22 -81 3 27 3 14 -92 2 30 91 30 9 -12 -10 -19 -6 
74 40 -27 -2 -14 0 13 -91 -95 9 -14 28 12 -10 11 -16 
-51 66 7 -25 2 -14 79 -112 -57 -49 
RSSI :-110 
Input angle :105
Zaxis angle :0 
minval :0 

minval :0 



15 3 -4 14 -11 -5 5 -13 12 7 -7 13 -12 -8 10 -10 
-71 41 20 -31 6 -12 70 60 40 -88 -14 -23 1 10 10 11 
-28 -79 26 28 10 5 -72 58 80 52 25 -12 -12 -2 -11 8 
81 -15 -32 22 -12 9 -41 -82 -70 65 4 32 2 -8 -3 -13 
-5 82 -11 -34 -4 -10 90 -20 -50 -82 -30 0 8 4 13 -1 
-81 -21 38 -5 11 -5 -29 66 -123 -16 
RSSI :-110 
Input angle :108
Zaxis angle :0 
minval :0 

minval :0 



-3 6 -6 -3 3 -6 6 4 -4 5 -5 -5 5 -5 4 5 
0 -76 20 40 3 6 -89 26 50 79 26 5 0 -9 -6 4 
74 14 -43 12 -7 4 -9 -92 -86 38 -9 25 9 1 -2 -7 
-29 69 -4 -45 -3 -7 92 11 -17 -92 -23 -14 -3 9 7 0 
-62 -41 44 5 8 -2 -27 89 94 3 18 -19 -8 -5 0 7 
53 -52 -14 43 0 8 64 95 116 46 
RSSI :-110 
Input angle :117
Zaxis angle :20 
minval :0 

minval :0 



-10 -1 1 -10 10 2 -2 10 -10 -3 3 -10 10 4 -4 9 
104 -11 -77 63 -6 18 -46 -97 -81 74 -18 83 52 16 -8 -6 
-5 105 -47 -88 -17 -8 104 -26 -53 -95 -78 -34 -25 48 8 -6 
-102 -24 96 -28 11 -15 2 108 105 -31 49 -70 -41 -36 4 9 
46 -94 7 100 12 15 -107 -15 9 109 59 61 41 -32 -10 3 
84 62 -99 -11 -16 9 -109 -100 0 -4 
RSSI :-110 
Input angle :110
Zaxis angle :32 
minval :0 

minval :0 



4 -11 10 4 -5 10 -9 -7 7 -9 8 7 -8 8 -7 -8 
97 40 -95 30 -11 17 3 -107 -105 28 -47 67 47 37 11 -6 
-52 91 -13 -99 -14 -14 104 22 -7 -109 -58 -58 -44 40 4 11 
-77 -71 100 9 16 -12 -42 98 107 19 69 -44 -28 -53 -12 1 
84 -63 -26 96 7 19 -86 -63 -40 101 28 77 57 -19 0 -12 
43 96 -91 -43 -20 4 4 13 123 -29 
RSSI :-110 
Input angle :117
Zaxis angle :14 
minval :0 

minval :0 



-3 20 -27 -3 9 -28 27 8 -12 25 -24 -15 9 -20 22 13 
-102 13 52 -86 -2 -1 63 87 68 -84 -20 -92 -58 15 -22 15 
13 -103 71 70 12 3 -99 38 67 85 94 -1 -4 -59 -13 -22 
100 28 -80 57 -2 7 -20 -105 -95 51 -14 93 57 7 24 -6 
-49 91 -39 -90 -6 -3 107 -3 -29 -105 -87 -36 -19 55 4 26 
-80 -67 97 -18 4 -5 105 83 -62 -6 
RSSI :-110 
Input angle :117
Zaxis angle :0 
minval :0 

minval :0 



-2 -17 17 -1 0 17 -17 0 1 -17 17 1 -2 17 -17 -3 
60 19 -15 30 -3 2 -31 -62 -59 45 15 27 13 -6 7 -16 
-32 54 -25 -22 -1 -3 68 -15 -34 -65 -29 11 3 14 14 10 
-45 -43 26 -21 3 0 5 69 71 -20 -4 -31 -14 1 -12 12 
51 -36 15 30 0 4 -69 -11 5 74 31 2 2 -14 -8 -15 
27 57 -32 10 -3 0 -84 -3 -72 -6 
RSSI :-110 
Input angle :108
Zaxis angle :0 
minval :0 

minval :0 



37 6 -8 37 -36 -9 11 -36 36 13 -15 34 -33 -17 19 -32 
-22 16 -8 24 -33 64 2 -39 -14 -39 -8 -20 -18 31 28 25 
-12 -25 -22 -12 -55 -46 38 9 41 -7 21 -3 -26 -23 -31 21 
27 -6 17 -18 59 -41 -16 35 -2 41 0 21 29 -21 -13 -35 
0 27 14 21 31 64 -31 -23 -40 -7 -21 -4 16 32 37 -8 
-27 -5 -22 10 -69 17 35 -48 66 -5 
RSSI :-110 
Input angle :262
Zaxis angle :0 
minval :0 

minval :0 



26 26 -28 24 -23 -28 30 -22 20 31 -32 18 -17 -32 34 -15 
-27 2 -22 13 -64 33 21 -32 6 -40 5 -18 -31 16 7 36 
3 -26 -9 -23 -17 -70 26 29 38 15 16 8 -6 -34 -37 -2 
25 9 26 -3 73 -2 -33 21 -23 34 -12 15 34 -2 7 -36 
-14 22 -2 25 -13 70 -12 -36 -29 -28 -11 -15 -6 34 34 15 
-19 -18 -24 -8 -66 -29 63 0 -48 -4 
RSSI :-110 
Input angle :262
Zaxis angle :0 
minval :0 

minval :0 



26 28 -29 24 -22 -31 31 -21 19 32 -34 16 -13 -35 35 -12 
-24 0 -24 11 -68 27 21 -34 2 -39 7 -18 -31 14 5 37 
3 -24 -4 -27 -13 -73 28 27 38 12 15 10 -6 -34 -38 -2 
22 8 27 1 75 0 -33 22 -19 34 -14 13 36 -2 9 -37 
-12 20 -6 27 -14 72 -15 -37 -29 -27 -10 -16 -7 34 35 17 
-18 -16 -24 -12 -68 -29 63 -32 4 -3 
RSSI :-110 
Input angle :266
Zaxis angle :0 
minval :0 

minval :0 



21 29 -31 20 -18 -31 33 -15 14 33 -34 12 -10 -34 35 -10 
-23 -4 -33 15 -70 23 19 -26 9 -35 7 -21 -30 11 1 37 
8 -22 -7 -34 -9 -74 21 24 34 15 19 11 -4 -32 -35 -7 
20 13 37 -1 74 5 -27 16 -22 29 -15 15 31 0 13 -34 
-16 17 -6 35 -19 72 -10 -30 -25 -28 -12 -18 -6 30 30 19 
-13 -21 -33 -14 -66 -34 64 0 -78 -3 
RSSI :-110 
Input angle :262
Zaxis angle :0 
minval :0 

minval :0 



8 37 -37 7 -5 -39 39 -3 1 39 -38 0 1 -38 38 3 
-12 -8 -38 -7 -81 -16 29 -21 24 -28 21 -10 -36 -7 -13 36 
11 -10 15 -36 35 -76 13 33 23 31 6 22 15 -32 -32 -21 
8 13 31 22 69 45 -34 6 -33 17 -23 0 30 21 27 -27 
-14 4 -28 27 -61 55 0 -35 -10 -36 2 -23 -25 25 22 32 
-1 -15 -20 -33 -42 -70 76 -112 -127 -1 
RSSI :-110 
Input angle :256
Zaxis angle :0 
minval :0 

minval :0 



-6 41 -41 -8 9 -41 40 12 -15 39 -38 -16 17 -38 37 19 
-14 -14 -31 -19 -68 -40 38 -6 33 -19 20 -3 -28 -17 -27 31 
16 -10 23 -27 55 -59 0 40 11 36 0 20 23 -23 -25 -34 
6 17 21 29 45 66 -38 -10 -37 5 -20 -3 17 27 37 -17 
-19 1 -33 16 -72 33 16 -37 0 -39 8 -18 -30 12 12 40 
0 -20 -10 -34 -14 -79 73 80 46 1 
RSSI :-110 
Input angle :266
Zaxis angle :0 
minval :0 

minval :0 



-22 26 -24 -23 26 -22 22 27 -28 20 -18 -28 29 -17 15 30 
2 -20 -16 -29 -31 -75 29 18 38 1 22 11 -18 -33 -33 8 
17 5 31 -9 80 -15 -22 25 -9 37 -15 20 35 -11 -2 -34 
-9 17 3 32 0 82 -20 -27 -35 -14 -17 -19 4 38 34 6 
-14 -12 -33 -3 -81 -16 31 -13 22 -30 22 -12 -38 -3 -13 32 
16 -10 10 -30 32 -75 51 -16 124 3 
RSSI :-110 
Input angle :268
Zaxis angle :0 
minval :0 

minval :0 



-30 24 -21 -32 32 -21 19 33 -33 17 -16 -35 36 -13 11 36 
3 -21 -9 -33 -19 -74 31 20 38 11 18 13 -10 -35 -38 2 
20 6 34 -2 76 -6 -26 26 -18 35 -16 16 38 -2 5 -38 
-10 18 -3 35 -11 75 -20 -32 -30 -27 -10 -20 -4 37 36 12 
-15 -14 -33 -11 -71 -25 34 -14 32 -24 22 -7 -35 -14 -19 32 
17 -11 19 -30 38 -64 35 48 -112 4 
RSSI :-110 
Input angle :269
Zaxis angle :0 
minval :0 

minval :0 



-35 18 -17 -35 36 -16 12 38 -38 10 -8 -39 38 -6 5 39 
5 -19 0 -33 -5 -76 28 30 31 19 14 12 -1 -31 -39 -5 
18 8 32 7 76 9 -35 21 -24 27 -14 12 31 4 12 -38 
-11 16 -12 30 -25 72 -16 -38 -21 -30 -9 -16 -10 29 34 20 
-13 -14 -27 -19 -66 -38 40 -7 33 -15 17 -5 -27 -16 -26 30 
17 -11 23 -23 49 -59 17 32 -116 4 
RSSI :-110 
Input angle :262
Zaxis angle :0 
minval :0 

minval :0 



-37 -9 11 -37 36 13 -16 35 -33 -18 20 -32 31 22 -23 30 
17 -12 20 -26 39 -63 3 37 11 33 5 20 18 -23 -23 -28 
7 19 23 26 53 53 -36 -3 -34 4 -20 1 20 22 34 -17 
-20 3 -30 16 -63 41 12 -34 0 -35 2 -20 -25 16 10 36 
0 -22 -11 -32 -26 -70 31 18 33 9 19 8 -9 -28 -38 2 
20 5 34 -4 74 -13 -34 -65 -58 3 
RSSI :-110 
Input angle :262
Zaxis angle :0 
minval :0 

minval :0 



-30 -23 24 -29 27 28 -30 24 -24 -29 30 -23 21 32 -33 18 
23 -6 27 -18 62 -40 -14 36 -2 35 -3 19 25 -15 -11 -36 
1 24 10 31 25 69 -34 -20 -34 -10 -19 -6 9 27 39 -2 
-24 -3 -33 5 -73 12 27 -28 16 -32 10 -17 -29 2 -4 39 
7 -22 1 -33 2 -74 21 32 27 23 14 14 2 -30 -36 -11 
21 12 32 6 72 16 -56 -65 3 3 
RSSI :-110 
Input angle :262
Zaxis angle :0 
minval :0 

minval :0 



-24 -27 30 -22 20 30 -31 20 -17 -31 34 -16 14 34 -34 12 
22 -2 31 -11 71 -27 -19 35 -6 36 -9 17 29 -10 -4 -36 
-2 21 4 33 9 76 -30 -28 -33 -14 -15 -11 3 31 37 2 
-20 -6 -33 0 -76 -5 31 -25 20 -30 14 -13 -31 0 -12 35 
11 -17 7 -32 18 -74 17 37 25 26 8 18 10 -30 -31 -18 
15 13 30 14 70 33 -63 79 110 2 
RSSI :-110 
Input angle :262
Zaxis angle :0 
minval :0 

minval :0 



2 -34 35 5 -7 34 -34 -8 11 -34 33 12 -13 31 -32 -15 
11 12 31 13 73 28 -33 10 -28 19 -22 7 32 12 21 -28 
-14 9 -19 27 -45 65 -4 -35 -13 -32 -2 -23 -18 29 24 25 
-6 -15 -23 -23 -57 -55 34 3 32 -6 24 1 -24 -24 -29 18 
17 -3 27 -18 70 -39 -9 34 0 34 -7 22 28 -17 -12 -33 
-1 18 12 31 27 75 -68 -65 28 -1 
RSSI :-110 
Input angle :262
Zaxis angle :0 
minval :0 

minval :0 



1 -35 36 2 -5 35 -35 -7 9 -35 33 12 -14 32 -32 -16 
15 14 30 11 74 23 -33 9 -26 20 -19 13 30 4 22 -28 
-18 11 -18 26 -39 68 -2 -35 -12 -30 -9 -22 -11 27 24 26 
-7 -20 -23 -23 -59 -51 35 3 32 -6 24 -3 -24 -17 -31 17 
21 -3 27 -17 60 -49 -11 33 0 32 0 24 22 -20 -10 -34 
0 21 12 30 34 71 -65 79 31 -1 
RSSI :-110 
Input angle :262
Zaxis angle :0 
minval :0 

minval :0 



29 -21 20 29 -31 18 -16 -32 32 -15 12 34 -35 11 -10 -34 
-4 20 9 31 28 71 -31 -19 -33 -10 -20 -8 11 28 36 -2 
-19 -7 -32 3 -77 13 23 -27 16 -29 12 -18 -30 6 -6 36 
11 -17 2 -33 -2 -77 21 28 26 20 13 15 0 -31 -34 -13 
14 14 31 10 75 16 -33 14 -28 20 -19 10 30 7 19 -31 
-17 10 -16 27 -30 71 -29 -97 48 -4 
RSSI :-110 
Input angle :262
Zaxis angle :0 
minval :0 

minval :0 



33 -13 11 33 -34 8 -6 -34 34 -4 2 35 -35 1 0 -35 
-8 21 -2 32 4 75 -24 -29 -27 -22 -16 -12 2 30 34 8 
-19 -13 -32 -7 -75 -9 31 -17 28 -21 16 -13 -31 -3 -14 32 
17 -16 13 -29 23 -71 13 35 15 31 10 18 9 -29 -28 -20 
11 18 26 19 65 38 -38 3 -34 9 -19 5 26 15 25 -23 
-21 9 -22 22 -49 58 -6 -49 -104 -5 
RSSI :-110 
Input angle :257
Zaxis angle :0 
minval :0 

minval :0 



35 -5 4 35 -36 2 0 -37 36 1 -4 36 -36 -7 9 -34 
-12 16 -7 33 -10 75 -19 -32 -24 -27 -12 -16 -5 32 32 16 
-15 -14 -30 -16 -71 -25 34 -10 32 -17 18 -8 -30 -12 -22 29 
18 -11 22 -26 41 -64 2 37 10 35 4 20 16 -27 -24 -28 
8 20 21 26 54 54 -36 -5 -36 2 -21 0 23 22 32 -18 
-21 4 -30 16 -62 44 8 0 85 -5 
RSSI :-110 
Input angle :256
Zaxis angle :0 
minval :0 

minval :0 



30 17 -20 29 -28 -21 23 -27 26 24 -26 25 -23 -27 27 -21 
-22 6 -26 21 -54 53 7 -37 -2 -36 0 -22 -20 23 15 31 
-2 -23 -16 -28 -41 -63 35 14 34 3 22 3 -18 -25 -34 8 
23 2 32 -10 70 -25 -22 32 -11 33 -9 20 27 -13 -2 -36 
-6 22 3 34 11 75 -26 -27 -31 -18 -18 -12 6 31 36 6 
-20 -11 -33 -2 -75 -1 47 -16 -61 -4 
RSSI :-110 
Input angle :262
Zaxis angle :0 
minval :0 

minval :0 



31 24 -26 29 -28 -28 30 -26 24 31 -33 22 -20 -34 34 -19 
-22 4 -29 16 -64 41 12 -34 1 -38 7 -20 -30 18 12 37 
0 -23 -10 -32 -24 -72 30 19 37 8 19 10 -10 -33 -40 3 
22 4 33 -4 76 -11 -25 25 -16 34 -13 16 35 -3 4 -40 
-8 21 -3 34 -4 77 -20 -30 -30 -23 -12 -17 -1 35 38 13 
-18 -13 -31 -10 -73 -20 58 64 -33 -4 
RSSI :-110 
Input angle :262
Zaxis angle :0 
minval :0 

minval :0 



30 24 -27 27 -27 -28 29 -25 25 30 -31 22 -20 -33 34 -17 
-21 2 -32 16 -67 35 12 -34 4 -37 6 -21 -28 16 10 38 
2 -21 -10 -34 -22 -73 30 19 36 11 19 11 -11 -32 -39 2 
21 6 36 -2 76 -8 -24 26 -17 33 -14 16 33 -4 4 -38 
-10 19 -4 36 -6 76 -21 -28 -29 -24 -13 -17 -3 33 37 12 
-16 -13 -34 -12 -72 -23 59 16 -10 -4 
RSSI :-110 
Input angle :262
Zaxis angle :0 
minval :0 

minval :0 



7 38 -38 3 0 -37 37 1 -1 37 -38 -4 6 -37 37 6 
-17 -11 -34 -8 -78 -11 32 -16 25 -25 16 -12 -30 -2 -16 34 
15 -14 15 -30 29 -72 10 35 21 30 9 17 8 -29 -30 -21 
11 17 27 21 64 44 -36 2 -34 13 -19 5 26 16 28 -25 
-19 7 -26 24 -54 55 5 -36 -7 -36 0 -20 -19 23 20 31 
-3 -20 -17 -30 -41 -66 75 -32 -15 -1 
RSSI :-110 
Input angle :262
Zaxis angle :0 
minval :0 

minval :0 



-8 35 -35 -10 12 -35 33 13 -15 33 -32 -17 18 -31 30 20 
-12 -18 -29 -19 -66 -40 37 -5 33 -13 21 -6 -28 -14 -26 25 
19 -7 25 -24 53 -55 -2 38 6 35 1 23 18 -25 -19 -31 
2 21 19 29 46 62 -37 -11 -36 0 -22 -2 20 23 34 -13 
-21 -2 -32 11 -70 32 18 -33 9 -35 6 -21 -28 14 5 37 
6 -21 -5 -34 -14 -76 65 112 -25 1 
RSSI :-110 
Input angle :262
Zaxis angle :0 
minval :0 

minval :0 



-14 33 -33 -15 17 -31 30 19 -21 29 -28 -22 24 -26 26 25 
-5 -18 -22 -24 -57 -53 36 5 35 -8 22 -1 -25 -19 -29 20 
18 -2 27 -19 66 -41 -12 35 0 36 -2 21 24 -21 -11 -33 
-3 19 11 31 28 73 -30 -20 -35 -7 -21 -7 15 29 35 -5 
-18 -5 -32 4 -78 9 24 -28 15 -32 11 -19 -31 10 -2 36 
10 -16 2 -34 4 -78 61 80 -121 2 
RSSI :-110 
Input angle :262
Zaxis angle :0 
minval :0 

minval :0 



-33 1 0 -34 33 1 -3 33 -33 -6 6 -33 33 8 -10 31 
15 -13 9 -29 23 -71 12 38 19 31 12 18 5 -30 -28 -19 
11 17 26 15 66 37 -39 5 -34 13 -20 7 29 10 21 -25 
-19 7 -20 21 -50 56 2 -39 -5 -37 -3 -21 -17 25 19 27 
-3 -20 -18 -23 -46 -60 37 11 36 0 22 0 -22 -20 -31 14 
21 1 27 -12 67 -33 -17 -33 117 4 
RSSI :-110 
Input angle :262
Zaxis angle :0 
minval :0 

minval :0 



-30 -20 23 -28 26 23 -25 25 -24 -26 27 -22 20 29 -29 19 
19 -3 24 -15 65 -36 -15 37 -8 37 -2 22 26 -18 -11 -33 
0 20 11 28 24 72 -33 -22 -35 -13 -21 -5 13 28 35 -6 
-18 -4 -28 5 -74 10 28 -27 19 -32 11 -18 -30 9 -1 36 
9 -17 1 -29 3 -75 21 33 26 26 16 14 -2 -32 -35 -10 
16 13 28 8 71 22 -63 15 -42 2 
RSSI :-110 
Input angle :262
Zaxis angle :0 
minval :0 

minval :0 



13 -33 32 15 -17 32 -29 -19 20 -28 29 22 -24 27 -25 -26 
5 20 22 19 53 55 -38 -8 -36 -2 -23 3 26 20 29 -20 
-20 2 -22 19 -64 42 15 -35 9 -35 1 -23 -26 19 15 32 
1 -20 -12 -26 -25 -72 31 23 34 15 22 5 -13 -29 -36 6 
20 5 27 -10 75 -12 -29 26 -21 29 -10 20 32 -8 1 -35 
-9 18 2 30 -4 77 -50 79 -97 -4 
RSSI :-110 
Input angle :257
Zaxis angle :0 
minval :0 

minval :0 



28 -21 18 31 -31 18 -17 -31 30 -16 15 33 -34 11 -10 -34 
-5 21 10 26 18 75 -28 -27 -29 -20 -22 -9 11 31 35 0 
-18 -10 -28 3 -77 2 32 -20 25 -25 13 -20 -34 6 -4 36 
13 -16 0 -29 12 -75 13 37 20 29 17 17 0 -34 -34 -12 
14 17 27 7 73 26 -37 8 -33 14 -20 13 32 7 19 -30 
-20 9 -12 26 -42 63 -12 -81 102 -5 
RSSI :-110 
Input angle :257
Zaxis angle :0 
minval :0 

minval :0 



36 -5 3 36 -37 1 1 -36 37 3 -6 36 -35 -7 8 -35 
-14 14 -4 28 -22 74 -9 -38 -15 -31 -16 -19 -4 33 32 16 
-11 -17 -26 -10 -66 -38 39 -1 33 -9 22 -10 -33 -11 -23 28 
20 -7 15 -24 49 -58 -4 38 3 34 6 23 18 -29 -22 -29 
3 21 20 20 48 60 -36 -12 -34 -4 -25 2 25 23 33 -17 
-21 0 -23 16 -68 37 25 -112 -40 -5 
RSSI :-110 
Input angle :257
Zaxis angle :0 
minval :0 

minval :0 



26 25 -25 24 -24 -26 28 -21 20 29 -30 18 -17 -31 32 -15 
-22 -2 -26 13 -71 29 23 -32 14 -32 5 -24 -29 17 6 35 
6 -20 -8 -28 -16 -75 27 27 28 20 22 9 -9 -31 -37 0 
18 10 28 -1 76 1 -33 20 -25 25 -13 21 33 -3 6 -35 
-12 15 -2 28 -13 75 -13 -36 -19 -30 -17 -18 -2 33 33 14 
-12 -17 -27 -9 -73 -27 67 -112 64 -2 
RSSI :-110 
Input angle :257
Zaxis angle :0 
minval :0 

minval :0 



-7 34 -34 -8 10 -33 32 13 -14 31 -32 -14 16 -31 29 18 
-10 -19 -21 -14 -64 -41 39 3 34 -6 21 -9 -29 -14 -25 24 
21 -6 18 -18 52 -54 -12 37 -2 35 3 23 18 -28 -19 -29 
1 21 14 22 41 63 -33 -19 -34 -9 -23 -1 21 26 31 -12 
-22 -3 -24 10 -70 27 25 -29 14 -31 5 -23 -29 14 4 35 
7 -21 -5 -26 -11 -75 53 -32 -60 2 
RSSI :-110 
Input angle :257
Zaxis angle :0 
minval :0 

minval :0 



-30 21 -19 -31 32 -17 15 33 -34 13 -11 -35 36 -11 8 35 
3 -23 -8 -24 -20 -70 29 26 29 18 21 3 -13 -27 -37 0 
22 8 25 -3 73 -9 -33 22 -23 24 -7 20 28 -9 5 -37 
-11 20 -1 24 -6 73 -14 -37 -19 -30 -18 -12 0 30 34 13 
-17 -15 -24 -7 -71 -22 38 -7 32 -13 14 -15 -29 -4 -20 31 
18 -15 12 -23 35 -65 12 32 84 4 
RSSI :-110 
Input angle :257
Zaxis angle :0 
minval :0 

minval :0 



-34 16 -14 -35 35 -11 10 36 -36 9 -7 -37 37 -5 4 37 
7 -22 -2 -26 -10 -74 24 31 25 25 19 9 -8 -29 -37 -6 
20 11 26 4 73 8 -35 17 -28 20 -12 18 30 -2 14 -34 
-13 17 -8 25 -21 70 -8 -38 -13 -33 -13 -16 -2 29 31 19 
-13 -19 -23 -13 -63 -37 40 0 35 -6 18 -11 -27 -10 -26 27 
21 -10 16 -19 46 -57 1 48 113 4 
RSSI :-110 
Input angle :257
Zaxis angle :0 
minval :0 

minval :0 



-33 14 -14 -34 34 -11 9 35 -34 7 -5 -37 36 -3 0 36 
5 -21 -1 -27 -5 -72 23 32 25 27 19 10 -4 -28 -36 -7 
19 11 26 5 71 11 -36 15 -32 19 -12 16 28 0 14 -34 
-15 16 -11 25 -24 68 -6 -39 -13 -35 -13 -16 -4 28 31 19 
-13 -17 -22 -16 -59 -40 39 0 37 -3 18 -9 -26 -12 -27 25 
20 -10 19 -18 49 -52 -4 -1 -79 4 
RSSI :-110 
Input angle :257
Zaxis angle :0 
minval :0 

minval :0 



-29 -12 14 -28 27 16 -17 27 -26 -18 21 -24 22 22 -21 23 
23 -2 18 -23 51 -57 -6 37 2 34 2 24 19 -28 -16 -28 
-3 23 19 23 47 61 -34 -12 -34 -3 -24 -2 24 25 30 -10 
-23 -6 -25 13 -70 37 19 -32 12 -31 7 -23 -30 18 4 32 
11 -22 -10 -27 -20 -75 25 26 29 19 20 11 -10 -34 -32 -3 
19 16 30 -3 77 -5 -49 63 62 3 
RSSI :-110 
Input angle :257
Zaxis angle :0 
minval :0 

minval :0 



-29 -20 21 -27 27 23 -25 24 -24 -26 26 -22 20 28 -29 18 
22 -3 21 -16 57 -47 -11 33 -4 34 3 23 20 -23 -13 -33 
-1 23 12 23 36 64 -30 -17 -32 -12 -23 -1 18 24 34 -6 
-21 -6 -25 6 -71 22 25 -25 19 -28 7 -22 -28 12 -1 34 
10 -20 -3 -26 -4 -74 21 28 26 23 20 11 -6 -30 -33 -9 
18 13 26 2 74 9 -56 79 -116 2 
RSSI :-110 
Input angle :259
Zaxis angle :0 
minval :0 

minval :0 



-23 -28 29 -22 20 31 -31 19 -17 -32 33 -15 13 35 -34 12 
21 0 24 -10 66 -29 -22 29 -12 32 -3 23 27 -17 -3 -37 
-4 22 5 26 15 71 -23 -27 -29 -17 -20 -8 11 30 36 3 
-20 -8 -26 0 -72 2 31 -19 23 -24 11 -20 -31 4 -11 35 
12 -18 5 -26 10 -71 12 35 19 28 16 16 1 -32 -33 -19 
15 16 25 10 68 23 -65 111 -99 1 
RSSI :-110 
Input angle :257
Zaxis angle :0 
minval :0 

minval :0 



1 -32 31 3 -4 32 -31 -6 8 -31 30 9 -11 29 -28 -13 
12 21 29 6 72 24 -37 5 -30 15 -21 10 34 10 20 -25 
-23 9 -12 26 -41 64 3 -36 -6 -33 -5 -24 -16 32 20 24 
-2 -25 -23 -18 -57 -50 35 10 33 -1 24 0 -27 -23 -27 17 
25 1 24 -18 61 -45 -17 33 -6 33 -5 24 28 -23 -9 -30 
-7 24 14 25 32 69 -64 111 0 -2 
RSSI :-110 
Input angle :257
Zaxis angle :0 
minval :0 

minval :0 



6 -37 35 7 -10 35 -35 -13 13 -34 34 15 -17 32 -31 -19 
10 19 21 13 64 39 -38 -2 -34 4 -20 11 29 11 25 -27 
-21 6 -18 18 -51 55 9 -36 3 -34 -6 -22 -15 25 20 31 
-1 -22 -14 -21 -42 -61 35 17 33 9 23 -1 -21 -21 -35 13 
21 3 24 -10 69 -28 -25 29 -17 29 -2 22 25 -16 -6 -36 
-6 20 3 25 14 74 -56 -113 115 -3 
RSSI :-110 
Input angle :266
Zaxis angle :0 
minval :0 

minval :0 



14 -34 33 17 -18 32 -30 -20 21 -29 29 22 -24 28 -27 -25 
13 25 19 14 56 44 -38 -10 -29 -2 -25 7 27 15 32 -18 
-27 7 -17 17 -53 47 17 -34 8 -28 -2 -26 -21 24 10 36 
0 -28 -13 -19 -31 -64 30 25 25 15 26 2 -21 -23 -36 5 
28 3 22 -9 68 -22 -31 24 -19 22 -7 25 28 -13 1 -37 
-11 27 4 24 9 71 -39 127 7 -3 
RSSI :-110 
Input angle :242
Zaxis angle :0 
minval :0 

minval :0 



31 -22 20 32 -35 18 -16 -35 35 -14 12 36 -37 10 -7 -37 
-6 23 8 28 13 75 -22 -30 -25 -23 -23 -11 8 31 39 0 
-21 -12 -29 1 -76 -1 34 -15 28 -19 16 -20 -33 3 -8 37 
16 -18 3 -29 13 -76 8 35 14 30 17 19 2 -32 -36 -14 
15 19 27 9 71 26 -36 0 -33 7 -23 12 31 7 20 -32 
-21 10 -13 25 -39 65 -6 -97 -98 -5 
RSSI :-110 
Input angle :257
Zaxis angle :0 
minval :0 

minval :0 



34 -22 21 35 -36 21 -20 -37 38 -15 12 40 -40 11 -8 -40 
-6 23 9 28 13 75 -23 -29 -24 -22 -23 -11 7 32 42 0 
-19 -11 -29 4 -76 0 34 -16 26 -19 16 -22 -33 1 -7 40 
15 -17 2 -29 14 -75 7 36 12 29 16 19 4 -33 -38 -16 
15 18 28 8 70 29 -37 1 -31 7 -23 12 32 11 24 -34 
-21 9 -13 25 -44 61 -2 -1 -30 -5 
RSSI :-110 
Input angle :257
Zaxis angle :0 
minval :0 

minval :0 



38 -7 5 39 -39 2 0 -39 39 3 -4 39 -39 -7 9 -38 
-21 15 0 32 -15 77 -6 -34 -12 -28 -15 -22 -7 35 35 17 
-11 -23 -31 -7 -73 -25 35 0 30 -7 25 -11 -33 -14 -24 31 
25 -6 13 -29 43 -64 -7 35 0 31 4 27 21 -28 -26 -28 
1 25 25 19 55 55 -32 -14 -31 -5 -27 1 23 26 34 -20 
-25 -3 -22 22 -65 44 22 -96 77 -4 
RSSI :-110 
Input angle :257
Zaxis angle :0 
minval :0 

minval :0 



38 -4 1 38 -38 -1 2 -38 38 5 -7 38 -37 -8 11 -36 
-24 15 -1 33 -17 78 -3 -36 -11 -28 -12 -24 -10 36 34 17 
-10 -27 -32 -8 -74 -30 35 3 30 -6 26 -8 -31 -19 -25 28 
28 -3 15 -29 49 -63 -10 33 -1 30 3 27 24 -27 -23 -30 
-1 29 26 21 55 58 -30 -16 -30 -6 -27 -1 22 28 34 -16 
-27 -8 -25 21 -67 42 28 -32 -92 -4 
RSSI :-110 
Input angle :257
Zaxis angle :0 
minval :0 

minval :0 



41 12 -14 39 -39 -15 17 -38 37 19 -22 36 -34 -24 26 -32 
-22 6 -18 32 -40 71 3 -31 -2 -28 -5 -25 -17 27 27 31 
-1 -24 -27 -24 -58 -57 30 10 26 4 26 0 -22 -23 -37 19 
23 3 29 -23 68 -46 -14 28 -8 24 -4 25 27 -18 -13 -40 
-8 21 15 33 27 76 -24 -20 -22 -14 -23 -9 12 30 42 -4 
-20 -12 -36 9 -80 18 35 64 105 -3 
RSSI :-110 
Input angle :257
Zaxis angle :0 
minval :0 

minval :0 



27 23 -24 25 -24 -26 27 -22 20 28 -31 18 -15 -32 32 -13 
-21 -8 -31 20 -72 44 14 -28 2 -27 7 -24 -29 17 7 35 
12 -19 -14 -34 -28 -80 24 19 25 7 21 13 -10 -31 -35 0 
16 16 37 -6 82 -15 -24 21 -14 22 -17 20 33 -3 7 -35 
-18 12 -1 37 -4 85 -15 -27 -21 -16 -15 -21 -3 33 33 13 
-9 -21 -37 -7 -82 -19 41 64 -13 -3 
RSSI :-110 
Input angle :257
Zaxis angle :0 
minval :0 

minval :0 



25 25 -25 25 -24 -26 27 -23 22 28 -30 19 -18 -31 31 -15 
-21 -1 -25 18 -64 44 15 -33 0 -30 4 -21 -25 17 8 35 
7 -20 -11 -29 -30 -72 28 22 29 6 21 8 -12 -29 -36 0 
18 10 30 -6 76 -15 -25 24 -11 27 -12 18 30 -4 7 -35 
-13 16 -1 30 0 77 -18 -30 -24 -16 -15 -16 0 30 34 11 
-13 -17 -30 -6 -77 -15 44 -80 112 -3 
RSSI :-110 
Input angle :262
Zaxis angle :0 
minval :0 

minval :0 



13 33 -34 11 -10 -34 34 -9 6 35 -34 4 -2 -36 35 0 
-14 -13 -35 0 -81 0 30 -19 20 -23 13 -17 -29 0 -7 34 
17 -11 6 -35 15 -80 11 34 19 24 13 16 4 -29 -32 -13 
8 17 32 13 77 27 -36 6 -27 13 -19 10 27 10 21 -28 
-20 2 -20 30 -45 68 0 -37 -9 -30 -6 -22 -15 24 24 26 
0 -20 -24 -25 -56 -59 63 -48 -97 -1 
RSSI :-110 
Input angle :260
Zaxis angle :0 
minval :0 

minval :0 



-11 36 -35 -12 14 -35 34 17 -18 32 -31 -20 22 -30 29 23 
-6 -22 -28 -19 -60 -51 37 7 35 -4 23 -5 -25 -17 -29 24 
23 -2 22 -24 60 -48 -13 34 -2 35 0 24 24 -21 -17 -34 
-3 22 18 27 36 69 -30 -20 -34 -10 -23 -4 16 27 36 -10 
-21 -6 -30 11 -75 22 27 -25 17 -31 9 -22 -29 10 2 38 
11 -20 -3 -32 -5 -79 53 -64 -28 2 
RSSI :-110 
Input angle :257
Zaxis angle :0 
minval :0 

minval :0 



-24 32 -30 -27 28 -29 28 28 -30 25 -25 -32 32 -22 20 33 
4 -25 -24 -27 -47 -65 27 12 27 8 25 6 -19 -28 -38 13 
23 9 31 -17 73 -32 -19 24 -13 26 -11 23 30 -14 -4 -40 
-15 20 11 32 17 78 -20 -23 -21 -19 -21 -16 7 32 39 3 
-17 -18 -35 4 -81 3 26 -15 22 -17 19 -18 -33 0 -12 38 
19 -14 4 -35 15 -79 23 0 64 3 
RSSI :-110 
Input angle :257
Zaxis angle :0 
minval :0 

minval :0 



-38 9 -6 -39 39 -5 3 40 -39 0 1 -39 39 4 -6 39 
15 -15 0 -37 1 -79 21 22 17 19 14 17 0 -30 -36 -15 
11 18 35 9 78 17 -28 16 -22 12 -19 8 30 7 23 -33 
-20 7 -14 33 -33 72 -8 -29 -8 -25 -4 -22 -11 28 29 27 
-4 -21 -29 -21 -63 -48 31 -3 26 -3 22 0 -25 -18 -33 22 
21 0 26 -25 60 -53 -3 15 94 3 
RSSI :-110 
Input angle :257
Zaxis angle :0 
minval :0 

minval :0 



-13 -33 33 -12 10 34 -34 9 -6 -35 35 -4 2 35 -34 0 
13 10 34 -3 79 -8 -27 25 -17 25 -10 16 30 -3 8 -34 
-12 11 -3 34 -6 78 -18 -32 -21 -23 -14 -13 0 31 32 13 
-9 -14 -32 -10 -75 -23 36 -11 26 -17 16 -12 -29 -7 -20 28 
16 -6 17 -29 34 -72 5 36 12 29 8 17 12 -27 -24 -26 
2 16 26 22 61 49 -62 111 107 0 
RSSI :-110 
Input angle :262
Zaxis angle :0 
minval :0 

minval :0 



-7 -35 35 -6 3 36 -35 1 0 -36 36 3 -3 36 -35 -5 
15 15 32 6 78 5 -30 15 -26 17 -17 16 29 0 13 -34 
-17 12 -11 31 -19 75 -9 -32 -12 -28 -12 -20 -6 29 31 21 
-8 -20 -29 -16 -70 -37 33 -2 30 -6 23 -8 -28 -11 -26 25 
20 -4 23 -24 50 -60 -4 33 -1 30 3 23 17 -24 -19 -31 
0 21 19 27 48 62 -61 15 3 -1 
RSSI :-110 
Input angle :257
Zaxis angle :0 
minval :0 

minval :0 



20 -32 30 21 -24 29 -27 -24 26 -26 24 27 -30 23 -20 -30 
0 21 20 27 52 58 -33 -8 -27 -5 -23 -2 21 24 33 -16 
-20 -3 -30 15 -67 38 12 -31 12 -25 8 -22 -27 17 6 37 
7 -20 -7 -33 -22 -74 26 19 21 17 20 12 -11 -29 -37 0 
18 10 34 -1 78 -5 -25 21 -21 18 -15 18 31 -4 8 -36 
-14 13 -4 34 -8 77 -28 31 -15 -4 
RSSI :-110 
Input angle :257
Zaxis angle :0 
minval :0 

minval :0 



37 -3 2 37 -37 1 0 -37 37 2 -4 37 -35 -7 10 -35 
-17 15 -4 34 -17 77 -13 -31 -14 -21 -12 -18 -5 28 33 17 
-10 -21 -32 -10 -72 -31 33 -8 23 -11 21 -8 -28 -11 -24 28 
22 -5 18 -29 45 -64 2 34 5 25 3 21 15 -25 -23 -28 
2 23 26 22 53 58 -34 -5 -27 1 -21 0 20 21 32 -16 
-23 -2 -27 20 -68 40 8 -80 -68 -4 
RSSI :-110 
Input angle :262
Zaxis angle :0 
minval :0 

minval :0 



33 18 -19 32 -31 -20 22 -30 28 25 -26 26 -25 -27 28 -22 
-21 0 -25 27 -54 51 7 -35 1 -28 0 -21 -21 22 15 33 
3 -21 -19 -30 -38 -66 31 13 27 6 21 4 -17 -25 -35 10 
20 6 35 -13 70 -29 -20 29 -11 25 -8 19 29 -11 -2 -37 
-10 18 5 36 12 74 -24 -25 -22 -17 -18 -11 6 30 38 4 
-15 -15 -37 -1 -75 -3 39 -112 -103 -3 
RSSI :-110 
Input angle :257
Zaxis angle :0 
minval :0 

minval :0 



-9 35 -34 -11 12 -33 33 15 -17 32 -31 -19 21 -29 28 22 
-4 -19 -30 -23 -69 -41 33 -5 28 -5 21 -4 -25 -15 -28 22 
19 0 28 -25 57 -57 -2 34 0 28 0 21 21 -21 -15 -32 
-4 20 17 33 43 69 -33 -8 -28 -4 -20 -5 17 23 35 -9 
-19 -8 -37 9 -75 28 14 -31 12 -25 9 -19 -27 12 1 36 
12 -17 -4 -37 -14 -80 48 -96 4 2 
RSSI :-110 
Input angle :257
Zaxis angle :0 
minval :0 

minval :0 



-36 -11 14 -35 34 16 -17 34 -32 -20 22 -31 30 24 -25 28 
21 -4 22 -29 46 -61 0 33 3 29 3 20 19 -23 -22 -30 
0 22 23 29 47 59 -32 -6 -30 -3 -20 -1 18 23 34 -17 
-21 -4 -33 18 -67 37 12 -31 8 -29 5 -20 -27 15 8 38 
8 -20 -11 -35 -23 -72 27 19 26 14 18 9 -7 -28 -38 0 
18 12 38 -3 75 -6 -40 127 -31 2 
RSSI :-110 
Input angle :257
Zaxis angle :0 
minval :0 

minval :0 



-22 -29 31 -20 19 31 -31 17 -16 -33 34 -14 12 34 -35 10 
18 6 33 -10 73 -20 -21 25 -17 25 -10 18 29 -5 -1 -37 
-12 17 4 35 7 74 -20 -25 -20 -22 -16 -14 0 29 36 7 
-14 -15 -34 -4 -75 -11 31 -13 26 -16 17 -13 -29 -7 -13 33 
17 -12 10 -33 21 -72 5 33 11 29 11 19 13 -27 -31 -19 
8 19 31 16 65 37 -63 -65 -120 0 
RSSI :-110 
Input angle :257
Zaxis angle :0 
minval :0 

minval :0 



23 -21 21 23 -25 20 -18 -26 27 -16 14 28 -29 13 -11 -29 
-4 19 11 27 31 70 -28 -21 -32 -11 -20 -7 12 31 33 -4 
-17 -8 -29 5 -75 12 25 -24 17 -29 11 -19 -34 5 -1 33 
11 -15 0 -29 0 -78 17 30 26 22 17 15 0 -34 -30 -8 
13 14 29 6 75 18 -33 11 -27 19 -17 13 32 7 14 -28 
-17 9 -10 27 -31 70 -30 -81 48 -4 
RSSI :-110 
Input angle :262
Zaxis angle :0 
minval :0 

minval :0 



35 1 -3 35 -36 -5 9 -35 34 8 -12 34 -32 -13 15 -32 
-19 11 -13 29 -22 75 -14 -35 -19 -23 -11 -17 -6 31 27 23 
-6 -21 -26 -18 -67 -42 37 -5 26 -13 19 -7 -30 -12 -27 23 
21 -2 23 -21 51 -61 -1 38 6 29 3 20 17 -28 -17 -31 
-2 22 16 27 50 62 -37 -8 -30 1 -20 0 23 22 34 -10 
-20 -6 -30 9 -71 34 9 32 50 -4 
RSSI :-110 
Input angle :262
Zaxis angle :0 
minval :0 

minval :0 



34 18 -20 34 -31 -22 23 -30 29 25 -26 30 -27 -28 29 -24 
-24 2 -28 22 -56 55 4 -30 0 -25 3 -20 -21 20 18 35 
2 -24 -16 -32 -40 -65 29 10 25 5 18 7 -15 -25 -38 9 
23 7 35 -10 72 -30 -16 25 -12 22 -10 17 28 -8 -3 -39 
-13 20 1 36 14 76 -22 -21 -21 -15 -14 -13 3 28 39 5 
-17 -17 -36 -4 -77 -1 39 -112 -39 -3 
RSSI :-110 
Input angle :257
Zaxis angle :0 
minval :0 

minval :0 



6 32 -33 4 -2 -32 33 0 -2 33 -33 -3 4 -33 32 6 
-12 -12 -31 -5 -75 -10 34 -12 27 -21 19 -15 -31 -3 -15 30 
15 -8 9 -28 25 -69 5 36 15 30 12 21 10 -30 -28 -20 
7 16 26 17 65 39 -36 -2 -33 8 -23 8 27 16 23 -23 
-18 2 -20 23 -52 53 8 -35 -2 -34 -4 -24 -20 25 18 27 
0 -17 -19 -24 -46 -59 67 80 -114 0 
RSSI :-110 
Input angle :257
Zaxis angle :0 
minval :0 

minval :0 



-38 -3 6 -37 37 8 -10 37 -36 -12 12 -35 34 15 -17 33 
21 -7 14 -31 30 -74 5 33 13 29 8 21 15 -28 -29 -24 
3 22 27 20 67 44 -33 -1 -30 8 -21 4 25 20 29 -23 
-22 -1 -25 22 -54 59 7 -33 -1 -31 0 -21 -25 20 17 34 
5 -21 -18 -29 -45 -67 30 14 31 4 21 5 -14 -29 -37 10 
19 8 32 -13 75 -29 -23 127 -99 3 
RSSI :-110 
Input angle :260
Zaxis angle :0 
minval :0 

minval :0 



-14 -33 34 -13 12 34 -35 9 -8 -35 37 -5 2 36 -36 1 
19 10 33 1 79 0 -27 17 -22 23 -15 17 30 0 7 -36 
-13 17 -7 32 -14 77 -11 -30 -19 -27 -13 -18 -6 30 33 14 
-12 -17 -30 -13 -72 -29 32 -4 29 -13 23 -10 -28 -11 -20 31 
19 -9 18 -28 43 -65 -2 33 6 31 6 24 16 -26 -25 -26 
5 21 22 25 57 54 -66 -81 11 0 
RSSI :-110 
Input angle :257
Zaxis angle :0 
minval :0 

minval :0 



26 -27 24 27 -28 24 -21 -31 32 -19 19 32 -33 17 -16 -34 
-1 21 15 32 37 67 -27 -15 -27 -7 -21 -8 13 30 37 -7 
-20 -6 -34 6 -74 18 21 -24 13 -25 13 -19 -31 8 0 38 
11 -18 -1 -35 -5 -76 20 25 22 17 15 17 0 -32 -37 -7 
16 14 34 5 77 8 -28 14 -21 18 -19 13 33 5 13 -35 
-17 12 -12 33 -23 74 -29 31 -26 -4 
RSSI :-110 
Input angle :257
Zaxis angle :0 
minval :0 

minval :0 



32 18 -19 31 -30 -21 22 -28 27 24 -26 25 -23 -28 29 -20 
-22 0 -26 23 -60 54 8 -33 0 -31 1 -21 -23 24 13 34 
3 -21 -18 -32 -41 -70 31 15 30 5 21 4 -16 -29 -35 8 
21 7 34 -10 76 -27 -21 28 -12 29 -8 19 31 -11 0 -36 
-12 18 4 37 13 79 -23 -26 -25 -17 -17 -12 5 34 36 5 
-16 -14 -36 -1 -80 -4 43 64 77 -3 
RSSI :-110 
Input angle :262
Zaxis angle :0 
minval :0 

minval :0 



0 36 -37 -1 3 -36 36 5 -6 35 -35 -8 10 -34 33 12 
-11 -15 -33 -10 -76 -19 32 -10 27 -13 19 -11 -31 -9 -19 30 
18 -7 16 -29 36 -68 1 33 8 29 7 21 16 -28 -26 -25 
4 19 26 22 60 48 -32 -4 -30 2 -22 2 26 19 30 -19 
-19 0 -27 20 -61 46 11 -31 3 -30 1 -22 -25 21 13 33 
3 -19 -13 -31 -33 -70 56 96 87 1 
RSSI :-110 
Input angle :259
Zaxis angle :0 
minval :0 

minval :0 



-22 32 -30 -25 27 -27 27 30 -30 25 -23 -30 32 -23 21 32 
-1 -23 -24 -27 -50 -55 34 5 28 0 19 1 -19 -20 -37 13 
23 4 32 -16 66 -36 -13 31 -6 27 -5 19 26 -13 -5 -39 
-8 21 10 34 23 71 -28 -20 -25 -13 -17 -10 10 27 39 2 
-21 -12 -36 2 -73 10 26 -22 17 -23 13 -15 -29 3 -9 38 
17 -16 2 -36 6 -75 35 32 -31 2 
RSSI :-110 
Input angle :238
Zaxis angle :0 
minval :0 

minval :0 



-31 21 -20 -32 33 -18 16 34 -35 14 -12 -36 36 -10 8 37 
6 -18 -5 -33 -15 -73 22 20 23 17 19 12 -2 -31 -38 0 
17 11 33 2 74 -1 -25 17 -21 19 -16 15 31 3 8 -37 
-14 13 -8 33 -18 72 -11 -28 -15 -25 -11 -20 -10 29 35 14 
-11 -17 -31 -13 -67 -30 29 -6 28 -10 21 -8 -27 -13 -22 30 
19 -6 20 -27 42 -61 7 112 -72 3 
RSSI :-110 
Input angle :257
Zaxis angle :0 
minval :0 

minval :0 



-43 0 2 -43 43 5 -6 42 -43 -9 11 -42 42 14 -15 41 
19 -13 16 -34 30 -75 9 31 9 26 7 19 11 -27 -36 -24 
10 21 29 23 67 45 -32 2 -27 2 -19 4 23 16 30 -30 
-22 5 -30 25 -56 58 5 -31 3 -27 1 -19 -20 20 24 36 
-1 -24 -17 -33 -43 -68 30 10 26 7 20 4 -16 -23 -40 16 
23 5 37 -10 76 -27 -28 -81 -23 2 
RSSI :-110 
Input angle :257
Zaxis angle :0 
minval :0 

minval :0 



-18 -33 34 -15 13 36 -36 12 -10 -35 36 -9 7 38 -37 5 
19 9 34 -3 78 -18 -24 26 -13 26 -8 21 30 -10 4 -37 
-15 17 -4 34 0 80 -19 -30 -22 -20 -18 -13 3 33 36 11 
-12 -18 -32 -12 -78 -17 33 -13 24 -18 17 -15 -32 -3 -20 33 
20 -8 18 -29 29 -74 8 34 12 26 11 20 8 -31 -29 -25 
6 21 25 23 66 45 -58 63 -17 0 
RSSI :-110 
Input angle :262
Zaxis angle :0 
minval :0 

minval :0 



17 -32 31 18 -20 29 -28 -21 24 -26 26 25 -27 23 -22 -27 
3 21 24 22 54 50 -33 -5 -29 0 -24 0 24 22 32 -16 
-20 0 -25 20 -62 40 11 -30 6 -29 4 -23 -27 19 9 35 
4 -20 -14 -29 -30 -68 28 18 27 11 22 8 -15 -30 -36 3 
20 8 31 -7 73 -16 -23 23 -17 23 -13 19 33 -6 4 -35 
-13 17 0 34 0 74 -43 -33 103 -3 
RSSI :-110 
Input angle :257
Zaxis angle :0 
minval :0 

minval :0 



33 -22 20 36 -36 17 -17 -36 37 -15 15 38 -38 12 -9 -39 
-9 22 7 36 19 77 -25 -20 -24 -13 -19 -10 7 28 40 0 
-19 -14 -36 0 -79 2 25 -20 18 -21 13 -17 -28 2 -6 39 
17 -16 7 -35 10 -78 14 28 16 22 15 15 1 -28 -37 -16 
12 20 33 13 75 25 -30 9 -25 11 -18 11 27 8 23 -34 
-22 8 -20 29 -41 67 -14 -1 -95 -4 
RSSI :-110 
Input angle :257
Zaxis angle :0 
minval :0 

minval :0 



31 21 -23 28 -27 -25 26 -26 24 27 -30 23 -21 -31 32 -19 
-22 -1 -28 20 -61 48 10 -34 1 -29 0 -21 -24 21 12 35 
6 -21 -14 -32 -37 -69 30 17 29 7 20 3 -15 -28 -37 4 
20 10 35 -7 76 -20 -21 28 -14 26 -8 18 30 -9 2 -37 
-15 17 0 35 2 78 -22 -28 -23 -18 -17 -11 2 31 36 9 
-15 -17 -34 -7 -78 -9 45 -80 -97 -3 
RSSI :-110 
Input angle :262
Zaxis angle :0 
minval :0 

minval :0 



13 35 -36 11 -9 -36 37 -8 7 38 -37 4 -2 -36 38 0 
-19 -11 -35 2 -77 8 27 -21 18 -22 12 -16 -31 3 -8 37 
16 -16 4 -35 8 -77 18 29 19 22 15 15 3 -31 -34 -15 
12 18 33 11 75 20 -33 9 -26 14 -18 12 29 7 22 -30 
-21 8 -19 30 -37 68 -4 -34 -9 -27 -7 -20 -15 27 26 27 
-3 -23 -27 -23 -59 -49 59 48 -76 -1 
RSSI :-110 
Input angle :257
Zaxis angle :0 
minval :0 

minval :0 



-4 34 -34 -5 8 -34 34 9 -12 33 -32 -14 15 -31 29 16 
-11 -17 -31 -16 -67 -36 33 -1 29 -8 21 -7 -28 -15 -24 26 
20 -7 22 -26 47 -59 -5 33 1 30 1 23 19 -25 -20 -28 
2 21 23 25 48 59 -30 -11 -29 -4 -23 -3 19 26 32 -13 
-20 -1 -31 14 -69 34 19 -28 11 -28 8 -22 -30 13 6 34 
5 -20 -7 -34 -17 -75 49 32 0 2 
RSSI :-110 
Input angle :257
Zaxis angle :0 
minval :0 

minval :0 



-19 33 -31 -21 23 -31 30 25 -26 28 -26 -27 29 -25 24 30 
-3 -19 -22 -27 -52 -57 34 9 28 0 23 1 -21 -22 -35 16 
20 2 30 -18 65 -41 -14 32 -4 28 -4 22 26 -16 -8 -37 
-4 20 11 33 28 71 -29 -21 -26 -9 -20 -8 10 29 39 0 
-18 -8 -34 3 -75 14 25 -23 16 -23 12 -19 -31 5 -8 38 
12 -15 4 -34 0 -77 38 16 -95 2 
RSSI :-110 
Input angle :257
Zaxis angle :0 
minval :0 

minval :0 



-37 0 0 -38 38 2 -5 37 -37 -7 9 -37 36 11 -11 36 
17 -14 8 -35 17 -75 11 30 15 24 11 19 7 -31 -32 -19 
9 19 32 16 70 33 -31 4 -27 10 -21 6 29 14 25 -28 
-21 6 -23 29 -45 64 2 -32 -4 -29 -3 -23 -19 25 21 32 
-2 -21 -23 -27 -48 -60 30 9 28 2 22 1 -19 -24 -35 14 
21 3 31 -17 68 -38 -17 -113 -118 3 
RSSI :-110 
Input angle :257
Zaxis angle :0 
minval :0 

minval :0 



-11 -36 36 -10 8 38 -38 7 -4 -38 39 0 -1 39 -38 -3 
17 10 34 1 78 2 -28 17 -21 20 -16 17 31 0 12 -36 
-14 15 -8 33 -16 76 -12 -30 -15 -25 -12 -19 -4 30 34 19 
-11 -17 -31 -15 -72 -32 31 -5 27 -8 22 -6 -29 -12 -25 29 
19 -7 21 -27 44 -64 -2 33 2 29 3 23 18 -24 -24 -29 
3 20 22 26 53 57 -61 127 -101 -1 
RSSI :-110 
Input angle :259
Zaxis angle :0 
minval :0 

minval :0 



26 -25 23 26 -29 21 -20 -30 31 -18 16 32 -33 15 -12 -32 
-4 20 13 30 31 67 -28 -17 -25 -11 -22 -9 13 31 35 -5 
-19 -8 -31 7 -71 17 21 -26 16 -23 14 -21 -33 8 -1 36 
12 -16 0 -32 -2 -74 18 26 18 20 16 18 -1 -34 -35 -6 
13 16 31 6 72 12 -29 15 -23 14 -21 13 34 6 15 -33 
-17 11 -13 30 -29 68 -23 31 -53 -4 
RSSI :-110 
Input angle :238
Zaxis angle :0 
minval :0 

minval :0 



37 2 -4 37 -36 -6 9 -36 36 11 -13 35 -35 -15 15 -33 
-17 11 -12 31 -29 71 -7 -30 -10 -27 -9 -22 -11 30 28 24 
-8 -20 -27 -19 -65 -42 31 0 29 -4 24 -5 -27 -17 -29 23 
21 -3 24 -23 54 -55 -4 30 -1 30 0 24 21 -24 -16 -33 
0 21 18 28 43 64 -29 -11 -30 -7 -25 -4 20 25 36 -10 
-20 -4 -31 12 -72 28 25 -64 -107 -4 
RSSI :-110 
Input angle :254
Zaxis angle :0 
minval :0 

minval :0 



11 35 -36 11 -9 -36 37 -7 3 37 -37 1 0 -37 37 1 
-16 -10 -33 0 -76 0 28 -18 20 -20 18 -16 -34 0 -10 35 
14 -14 7 -32 15 -75 13 31 16 24 12 21 10 -32 -33 -17 
11 17 31 12 70 31 -32 6 -26 11 -23 6 30 15 24 -29 
-18 7 -17 28 -43 64 0 -34 -5 -28 -3 -24 -20 27 24 28 
-2 -20 -23 -24 -55 -53 58 64 3 0 
RSSI :-110 
Input angle :257
Zaxis angle :0 
minval :0 

minval :0 



-14 31 -30 -16 18 -30 28 20 -21 27 -26 -23 22 -26 25 24 
-4 -20 -24 -23 -57 -52 31 6 31 0 22 0 -23 -23 -29 19 
20 0 28 -18 62 -46 -12 29 -7 30 -3 23 26 -18 -12 -32 
-3 20 14 30 34 69 -26 -17 -28 -12 -21 -9 11 30 34 -6 
-19 -7 -33 5 -75 17 23 -21 17 -25 12 -19 -32 5 -1 35 
11 -17 0 -34 -3 -77 45 32 -42 2 
RSSI :-110 
Input angle :257
Zaxis angle :0 
minval :0 

minval :0 



-32 15 -14 -33 34 -11 10 35 -35 8 -6 -36 36 -5 2 36 
10 -19 -5 -35 -11 -77 24 26 23 18 18 14 -5 -32 -36 -4 
17 12 35 0 78 0 -29 20 -21 20 -17 14 33 1 12 -34 
-16 13 -7 34 -15 76 -12 -32 -15 -25 -10 -19 -9 32 31 18 
-11 -18 -31 -15 -69 -35 34 -5 28 -9 21 -6 -30 -14 -24 26 
20 -6 21 -28 47 -63 11 48 -66 3 
RSSI :-110 
Input angle :259
Zaxis angle :0 
minval :0 

minval :0 



-33 -19 19 -33 32 21 -24 29 -27 -26 28 -25 25 29 -29 23 
22 -1 27 -23 59 -51 -8 32 -2 29 0 23 25 -20 -16 -34 
-4 22 19 29 39 68 -29 -15 -27 -8 -22 -4 16 28 37 -9 
-21 -7 -34 11 -74 23 21 -25 13 -26 9 -20 -30 9 0 39 
13 -18 -4 -35 -9 -77 21 25 24 17 18 12 -3 -31 -38 -7 
16 15 35 3 78 7 -46 -97 -127 2 
RSSI :-110 
Input angle :260
Zaxis angle :0 
minval :0 

minval :0 



-9 -38 39 -6 4 38 -39 1 0 -39 39 2 -4 39 -38 -5 
14 16 36 2 78 5 -29 15 -23 18 -18 14 34 2 15 -37 
-18 12 -10 35 -22 75 -8 -32 -12 -27 -10 -19 -10 32 34 19 
-8 -20 -33 -15 -71 -32 33 -3 29 -8 21 -7 -30 -15 -27 28 
21 -4 22 -27 50 -62 -3 33 3 29 2 22 23 -26 -20 -32 
0 21 23 27 48 62 -60 95 -125 -1 
RSSI :-110 
Input angle :257
Zaxis angle :0 
minval :0 

minval :0 



15 -32 31 16 -19 30 -29 -22 23 -27 26 24 -26 25 -24 -26 
2 20 21 23 52 55 -30 -8 -31 -1 -22 0 22 23 31 -18 
-21 -1 -28 15 -65 39 14 -28 9 -30 4 -23 -28 19 12 34 
5 -20 -11 -31 -23 -72 24 19 27 13 21 8 -11 -30 -36 3 
18 9 32 -4 75 -8 -23 20 -19 24 -13 19 32 -6 2 -36 
-14 17 -1 33 -4 77 -42 -97 3 -3 
RSSI :-110 
Input angle :259
Zaxis angle :0 
minval :0 

minval :0 



35 -10 9 36 -36 7 -5 -37 36 -3 0 38 -36 -2 3 -36 
-13 17 2 36 5 77 -18 -30 -22 -18 -17 -13 1 32 35 11 
-14 -16 -36 -5 -76 -9 32 -14 23 -17 17 -13 -32 -6 -18 32 
19 -10 12 -33 26 -73 8 34 12 27 9 19 12 -29 -28 -24 
6 20 31 19 66 41 -35 1 -28 7 -21 5 28 16 30 -22 
-22 3 -25 26 -56 54 -4 -97 90 -4 
RSSI :-110 
Input angle :262
Zaxis angle :0 
minval :0 

minval :0 



31 21 -23 30 -28 -24 27 -27 24 29 -30 23 -22 -31 31 -21 
-24 0 -25 22 -62 45 12 -30 7 -29 6 -22 -28 18 12 37 
5 -23 -16 -30 -33 -67 28 17 26 13 22 8 -12 -30 -39 5 
21 8 33 -11 74 -18 -23 22 -18 23 -14 19 32 -6 2 -39 
-15 19 3 35 1 76 -17 -27 -20 -21 -16 -16 -1 33 36 9 
-17 -17 -34 -4 -75 -16 51 0 38 -2 
RSSI :-110 
Input angle :257
Zaxis angle :0 
minval :0 

minval :0 



8 37 -37 7 -4 -37 38 -2 0 38 -38 -1 3 -37 37 6 
-18 -13 -34 0 -75 -6 30 -16 22 -17 17 -14 -34 -3 -13 35 
18 -16 9 -33 20 -73 9 33 13 27 10 20 8 -32 -32 -20 
12 20 30 16 69 33 -33 4 -28 7 -21 6 30 14 27 -27 
-23 7 -20 27 -46 61 1 -34 -1 -29 -3 -22 -21 27 21 32 
-2 -24 -23 -26 -50 -57 56 80 104 0 
RSSI :-110 
Input angle :259
Zaxis angle :0 
minval :0 

minval :0 



-16 34 -33 -18 19 -32 30 22 -24 29 -28 -25 27 -26 25 28 
-6 -24 -28 -23 -56 -49 33 5 28 -1 22 0 -26 -23 -33 19 
24 0 28 -23 58 -47 -11 32 -2 29 -3 23 28 -21 -12 -36 
-3 24 15 31 32 68 -28 -18 -27 -10 -21 -8 15 30 38 -4 
-23 -8 -35 9 -73 17 22 -25 14 -24 11 -18 -33 8 -4 37 
12 -21 -2 -35 -2 -76 41 -80 106 2 
RSSI :-110 
Input angle :257
Zaxis angle :0 
minval :0 

minval :0 



-25 25 -24 -26 27 -24 22 28 -29 21 -20 -30 32 -18 16 32 
2 -20 -16 -29 -33 -68 31 17 28 6 21 6 -17 -30 -36 8 
20 6 33 -7 74 -22 -21 28 -11 26 -10 19 33 -9 -1 -35 
-11 18 2 34 9 76 -22 -27 -23 -17 -18 -13 3 34 37 5 
-16 -15 -34 -2 -77 -6 31 -17 21 -19 15 -15 -34 -4 -13 34 
18 -12 9 -32 22 -73 29 -16 11 3 
RSSI :-110 
Input angle :238
Zaxis angle :0 
minval :0 

minval :0 



-25 27 -27 -25 26 -25 22 29 -30 21 -20 -30 33 -18 15 34 
2 -23 -16 -30 -40 -66 32 14 28 5 21 4 -19 -27 -36 8 
21 6 33 -8 72 -28 -18 30 -10 27 -8 20 30 -12 -1 -37 
-11 20 2 34 13 76 -23 -25 -24 -15 -17 -11 6 32 36 6 
-18 -13 -35 -3 -77 -1 30 -18 20 -21 16 -14 -33 0 -12 34 
18 -14 11 -33 18 -75 32 16 11 3 
RSSI :-110 
Input angle :262
Zaxis angle :0 
minval :0 

minval :0 


