
-22 -18 18 -16 20 16 -18 19 -18 -20 21 -11 11 21 -24 11 
47 7 5 -41 -30 0 4 -25 -73 26 7 -18 -12 -11 -6 -27 
-24 43 41 16 6 -30 23 7 -9 -77 17 12 13 -9 22 -2 
-34 -29 -24 36 28 12 -14 17 78 9 -17 12 6 17 -1 27 
37 -32 -27 -30 -18 25 -15 -13 -27 73 -10 -19 -17 2 -25 -12 
17 42 39 -20 -18 -24 -7 62 121 -12 
RSSI :-110 
Input angle :303
Zaxis angle :39 
minval :0 

minval :0 



-22 7 -6 -22 21 -9 8 26 -23 7 -6 -23 24 -5 3 28 
29 -38 -32 -27 -15 28 -20 -10 -12 77 -13 -17 -16 7 -25 -8 
29 38 34 -29 -22 -22 14 -16 -71 -31 20 -9 -3 -16 10 -21 
-42 17 18 39 25 -17 9 19 48 -61 3 17 18 1 23 15 
-6 -44 -40 13 11 29 -25 4 50 61 -21 0 -5 17 -18 13 
49 2 -1 -45 -30 3 -36 126 -66 8 
RSSI :-110 
Input angle :314
Zaxis angle :39 
minval :0 

minval :0 



-40 -12 12 -44 40 14 -19 44 -44 -18 20 -41 37 26 -25 39 
82 -23 -18 -77 -54 24 -11 -42 -67 73 1 -43 -38 -10 -27 -36 
0 87 78 -1 -11 -60 47 -2 -53 -84 42 10 20 -33 41 -19 
-81 -20 -18 75 60 4 -6 46 93 -33 -21 37 28 26 12 45 
42 -75 -67 -40 -19 57 -41 -20 5 100 -32 -30 -32 22 -41 -1 
64 58 51 -60 -50 -33 -23 92 -120 -8 
RSSI :-110 
Input angle :312
Zaxis angle :39 
minval :0 

minval :0 



13 24 -25 12 -11 -25 26 -9 8 26 -27 7 -5 -27 27 -3 
-41 -26 -23 37 28 15 -13 22 79 4 -14 15 10 18 -3 27 
35 -34 -30 -31 -21 24 -18 -17 -26 75 -11 -18 -20 5 -25 -9 
25 42 38 -22 -19 -26 22 -13 -68 -40 20 -6 -1 -20 15 -23 
-46 14 12 42 29 -12 8 24 56 -56 1 21 20 2 19 19 
-2 -49 -44 2 5 32 -81 96 -62 16 
RSSI :-110 
Input angle :308
Zaxis angle :39 
minval :0 

minval :0 



12 -24 23 12 -14 23 -22 -15 16 -21 20 17 -18 19 -17 -20 
0 49 43 -2 -3 -32 26 0 -40 -68 20 3 9 -19 23 -13 
-48 -10 -9 42 32 4 -3 25 76 -23 -8 19 16 14 6 25 
20 -44 -40 -17 -10 31 -23 -10 5 79 -17 -12 -17 13 -26 0 
37 31 28 -33 -28 -17 15 -20 -78 -9 17 -12 -8 -20 5 -26 
-38 29 25 35 24 -22 121 96 85 -19 
RSSI :-110 
Input angle :305
Zaxis angle :41 
minval :0 

minval :0 



-15 -23 24 -13 12 24 -25 10 -8 -26 26 -7 5 27 -26 4 
41 26 23 -37 -29 -13 14 -21 -77 -4 14 -15 -10 -19 1 -27 
-36 33 30 32 22 -24 17 19 23 -74 10 17 21 -6 26 9 
-24 -42 -38 22 19 26 -22 13 68 38 -19 6 0 22 -14 23 
47 -14 -14 -41 -30 11 -6 -25 -56 54 -2 -20 -21 -4 -19 -19 
2 49 44 -2 -4 -32 88 -17 114 -17 
RSSI :-110 
Input angle :308
Zaxis angle :39 
minval :0 

minval :0 



-11 -25 25 -10 9 25 -26 8 -6 -26 26 -4 2 27 -27 0 
40 28 25 -37 -27 -12 13 -22 -78 -4 13 -14 -10 -17 5 -27 
-38 32 29 33 18 -23 18 18 21 -75 11 16 19 -7 25 11 
-23 -44 -38 22 19 22 -21 13 65 44 -18 8 0 21 -17 21 
48 -14 -12 -42 -26 11 -9 -24 -55 55 -2 -19 -20 -2 -17 -20 
0 50 44 -4 -6 -29 80 -1 -124 -17 
RSSI :-110 
Input angle :305
Zaxis angle :41 
minval :0 

minval :0 



25 50 -51 22 -18 -53 54 -16 14 54 -55 10 -6 -55 55 -4 
54 -50 -43 -80 4 -86 -71 70 -49 20 39 30 65 51 -5 55 
37 63 87 -27 83 22 -53 -84 -9 -53 -38 31 -65 51 -51 -20 
-70 21 7 90 -39 76 95 -31 54 2 -20 -45 -32 -76 31 -46 
-4 -73 -90 -12 -64 -57 8 100 -17 51 48 -10 81 -13 38 40 
72 12 34 -83 70 -49 65 -49 -89 -7 
RSSI :-110 
Input angle :26
Zaxis angle :20 
minval :0 

minval :0 



65 4 -9 64 -66 -10 11 -63 63 16 -16 60 -62 -23 26 -60 
-12 -64 -86 7 -86 -46 22 81 -4 50 55 -17 66 -41 51 39 
64 1 13 -86 64 -75 -86 4 -47 -17 1 58 25 73 -48 41 
-16 62 79 34 57 81 13 -85 27 -42 -58 -8 -77 9 -28 -57 
-55 -32 -52 70 -91 35 78 35 35 35 23 -54 10 -76 62 -13 
43 -47 -54 -68 -16 -96 81 31 -84 6 
RSSI :-110 
Input angle :29
Zaxis angle :14 
minval :0 

minval :0 



61 -2 -6 61 -60 -10 10 -57 62 16 -19 57 -56 -22 24 -58 
-5 -72 -83 -7 -80 -37 -12 93 -12 48 50 -7 86 -35 46 38 
74 10 31 -77 53 -71 -86 -30 -46 -23 -3 54 17 89 -47 38 
-26 69 74 43 57 68 47 -78 33 -39 -49 -15 -93 -3 -30 -56 
-60 -42 -60 57 -78 40 65 63 30 41 27 -46 25 -88 60 -15 
55 -51 -46 -68 -21 -86 69 -1 75 5 
RSSI :-110 
Input angle :26
Zaxis angle :20 
minval :0 

minval :0 



68 -16 11 69 -69 6 -6 -72 69 -3 -2 69 -70 -8 10 -67 
3 -61 -93 4 -89 -34 2 88 -13 64 51 -28 77 -22 65 25 
58 15 19 -90 51 -81 -88 -19 -60 -27 18 56 2 81 -39 57 
-29 52 84 44 67 68 37 -82 39 -55 -58 4 -78 -18 -49 -49 
-44 -40 -58 72 -83 47 71 56 42 51 11 -58 34 -71 59 -34 
50 -34 -57 -72 -26 -92 14 -33 111 7 
RSSI :-110 
Input angle :21
Zaxis angle :25 
minval :0 

minval :0 



45 -38 36 47 -50 32 -29 -51 52 -27 24 54 -56 21 -18 -56 
-40 -65 -84 49 -89 20 60 85 20 54 30 -52 42 -60 59 -6 
73 -24 -29 -93 0 -91 -97 37 -58 7 42 42 48 54 -8 59 
5 77 97 -7 87 20 -14 -103 6 -58 -51 31 -64 36 -56 -19 
-77 -8 -15 96 -40 82 104 3 55 19 -19 -57 -22 -70 34 -48 
27 -72 -90 -36 -68 -60 -122 -33 -74 12 
RSSI :-110 
Input angle :21
Zaxis angle :20 
minval :0 

minval :0 



23 -48 47 26 -29 45 -44 -32 34 -41 40 36 -38 37 -35 -40 
-73 -29 -49 78 -67 49 95 29 58 37 -4 -51 11 -77 47 -27 
43 -66 -66 -65 -36 -75 -47 87 -49 49 51 6 74 27 18 50 
56 56 76 -54 81 -19 -77 -62 -37 -59 -17 48 -44 64 -54 3 
-67 41 31 87 -4 83 79 -60 66 -22 -42 -29 -51 -59 8 -53 
-24 -75 -92 12 -80 -22 28 -64 75 17 
RSSI :-110 
Input angle :22
Zaxis angle :29 
minval :0 

minval :0 



11 -62 62 16 -19 61 -59 -22 24 -58 57 27 -32 55 -52 -35 
-69 -13 -41 91 -59 66 88 24 53 17 -5 -54 -21 -85 44 -44 
32 -63 -82 -57 -53 -72 -41 81 -28 47 54 6 87 0 31 55 
55 44 78 -63 81 -34 -68 -59 -40 -37 -18 51 -18 86 -60 19 
-54 44 47 89 9 88 74 -52 46 -29 -44 -32 -76 -42 -3 -63 
-28 -64 -96 27 -88 -6 72 112 22 13 
RSSI :-110 
Input angle :26
Zaxis angle :20 
minval :0 

minval :0 



8 -59 59 11 -14 58 -57 -20 23 -55 54 27 -29 53 -51 -31 
-71 -10 -28 96 -62 61 93 20 50 19 -8 -56 -15 -71 44 -41 
26 -66 -87 -51 -48 -73 -38 87 -28 44 56 5 72 0 29 52 
59 40 69 -73 83 -28 -77 -56 -37 -38 -16 54 -16 70 -57 16 
-54 46 54 85 8 87 74 -61 46 -27 -48 -29 -66 -30 -4 -59 
-33 -63 -94 35 -86 -11 64 112 -34 12 
RSSI :-110 
Input angle :26
Zaxis angle :14 
minval :0 

minval :0 



-51 -42 44 -50 47 46 -50 43 -42 -51 54 -38 34 57 -58 31 
-41 51 68 67 28 88 53 -84 33 -44 -46 -16 -76 -22 -18 -63 
-41 -51 -82 49 -92 3 68 72 34 43 27 -40 37 -70 66 -2 
59 -29 -29 -91 16 -91 -83 52 -50 23 33 35 58 53 -13 65 
13 64 95 -9 87 34 -30 -94 -11 -54 -41 24 -65 45 -60 -28 
-66 -1 -13 95 -56 74 -33 -16 -77 0 
RSSI :-110 
Input angle :26
Zaxis angle :20 
minval :0 

minval :0 



-41 -51 53 -39 34 56 -58 30 -26 -60 62 -23 20 63 -63 17 
-59 30 37 89 -2 96 77 -53 43 -21 -36 -37 -63 -42 -2 -66 
-17 -64 -95 17 -92 -25 35 87 12 47 45 -24 55 -51 65 12 
66 -2 3 -97 43 -85 -93 15 -48 0 14 50 37 66 -26 60 
-12 65 93 25 74 60 5 -94 10 -47 -52 3 -72 25 -52 -40 
-60 -28 -46 85 -77 56 -81 112 -31 4 
RSSI :-110 
Input angle :26
Zaxis angle :14 
minval :0 

minval :0 



-49 -39 42 -47 44 46 -48 40 -38 -50 52 -35 34 53 -55 30 
-57 45 67 67 35 93 70 -70 50 -27 -55 -21 -60 -34 -17 -61 
-29 -66 -80 51 -99 13 56 82 16 54 31 -50 47 -49 63 -2 
71 -14 -29 -90 9 -99 -94 31 -57 1 38 45 36 59 -8 63 
-1 72 95 -6 94 33 -10 -99 9 -56 -52 28 -64 25 -57 -26 
-70 -19 -13 94 -54 84 -49 -96 -97 5 
RSSI :-110 
Input angle :18
Zaxis angle :25 
minval :0 

minval :0 



-32 -44 46 -30 27 47 -48 24 -21 -50 51 -18 14 53 -53 12 
-71 40 46 79 8 89 89 -66 68 -17 -54 -28 -56 -55 1 -55 
-21 -79 -88 26 -89 -11 47 99 1 70 41 -43 66 -42 53 10 
82 -2 -5 -92 29 -84 -108 22 -69 -11 36 48 27 74 -23 50 
-12 81 92 12 75 48 5 -110 30 -63 -57 21 -79 9 -42 -34 
-76 -30 -36 85 -66 60 -37 -48 18 11 
RSSI :-110 
Input angle :21
Zaxis angle :25 
minval :0 

minval :0 



-53 -18 20 -52 52 23 -25 51 -49 -28 30 -47 45 34 -37 42 
-9 83 85 24 53 60 2 -103 22 -63 -47 10 -88 13 -35 -44 
-78 -29 -46 75 -70 38 97 33 57 34 1 -48 9 -88 51 -25 
43 -72 -66 -60 -25 -75 -50 90 -45 48 47 11 84 28 13 55 
58 60 73 -50 80 -5 -78 -66 -35 -56 -21 43 -48 75 -56 -1 
-72 43 32 83 -13 78 -5 -16 89 -6 
RSSI :-110 
Input angle :26
Zaxis angle :20 
minval :0 

minval :0 



-34 39 -38 -36 39 -35 31 42 -43 29 -28 -45 46 -25 22 48 
72 45 57 -68 68 -30 -93 -55 -52 -44 -5 52 -31 83 -51 12 
-59 60 53 71 17 72 71 -81 55 -40 -50 -18 -72 -50 0 -52 
-43 -72 -82 35 -74 -3 60 90 25 64 27 -45 62 -63 51 11 
80 -28 -19 -87 18 -72 -100 41 -67 12 37 37 44 77 -22 47 
6 85 89 4 65 34 10 16 -39 -18 
RSSI :-110 
Input angle :12
Zaxis angle :25 
minval :0 

minval :0 



-58 17 -14 -60 60 -11 8 61 -61 4 -1 -61 61 1 -3 61 
33 63 87 -26 83 17 -54 -79 -20 -59 -36 35 -61 62 -59 -17 
-69 19 2 91 -37 76 90 -33 62 -6 -24 -43 -46 -74 30 -53 
-1 -72 -89 -19 -65 -53 15 94 -7 62 48 -15 83 -29 46 39 
70 14 38 -83 68 -51 -95 -10 -59 -20 4 50 11 87 -51 33 
-29 66 72 54 37 76 -127 -32 -23 -14 
RSSI :-110 
Input angle :26
Zaxis angle :14 
minval :0 

minval :0 



-27 55 -53 -30 32 -52 50 34 -37 49 -45 -40 43 -43 41 45 
76 17 49 -73 70 -40 -95 -20 -59 -23 0 50 0 79 -51 32 
-33 71 61 61 25 76 39 -88 36 -53 -48 -11 -75 -20 -19 -58 
-62 -47 -75 46 -80 7 80 54 43 47 20 -45 37 -69 61 -4 
62 -48 -30 -82 12 -80 -72 65 -55 32 39 29 62 48 -9 60 
33 70 87 -9 74 30 -67 -1 79 -16 
RSSI :-110 
Input angle :26
Zaxis angle :20 
minval :0 

minval :0 



12 64 -64 8 -5 -65 65 -2 -1 65 -65 -4 7 -64 64 11 
69 -22 -10 -92 32 -85 -95 25 -49 8 32 46 41 63 -26 59 
6 73 92 7 76 49 -9 -98 3 -49 -51 22 -70 25 -52 -39 
-71 -13 -27 88 -65 63 97 17 47 16 -7 -55 -5 -75 49 -42 
27 -67 -79 -48 -44 -79 -37 92 -25 42 56 3 74 12 31 57 
59 42 63 -67 86 -29 106 63 -53 -9 
RSSI :-110 
Input angle :26
Zaxis angle :20 
minval :0 

minval :0 



57 -6 3 57 -58 0 4 -57 57 9 -13 56 -56 -16 18 -54 
-25 -81 -96 10 -82 -30 29 98 14 61 49 -31 69 -31 49 29 
85 -6 10 -95 50 -71 -103 2 -62 -1 19 54 16 74 -38 43 
-12 84 90 33 56 67 19 -101 17 -60 -57 5 -75 0 -31 -48 
-80 -29 -52 80 -74 43 96 36 56 26 5 -58 15 -74 52 -24 
44 -72 -69 -66 -22 -85 99 -33 106 12 
RSSI :-110 
Input angle :18
Zaxis angle :20 
minval :0 

minval :0 



44 -41 38 46 -48 36 -32 -51 52 -31 28 53 -56 23 -20 -56 
-58 -47 -71 63 -92 20 79 63 43 34 19 -53 33 -68 60 -8 
61 -44 -49 -82 2 -94 -80 62 -43 34 47 32 60 46 -5 61 
30 69 92 -26 91 24 -43 -91 -22 -50 -43 38 -58 48 -57 -20 
-74 11 4 96 -44 83 97 -26 54 -12 -29 -48 -34 -68 33 -50 
2 -75 -94 -18 -72 -61 -1 111 -45 13 
RSSI :-110 
Input angle :18
Zaxis angle :20 
minval :0 

minval :0 



-24 48 -47 -27 30 -45 43 32 -34 41 -40 -36 39 -37 36 40 
72 23 47 -76 69 -44 -95 -34 -54 -22 -3 55 -12 81 -47 25 
-40 63 62 64 23 78 57 -84 33 -48 -53 -14 -75 -30 -13 -52 
-50 -57 -79 41 -81 5 68 75 39 43 25 -49 48 -66 54 -1 
66 -37 -26 -85 13 -80 -89 49 -51 27 43 35 53 61 -11 52 
21 72 89 -7 74 32 -71 -81 4 -14 
RSSI :-110 
Input angle :18
Zaxis angle :20 
minval :0 

minval :0 



20 52 -53 17 -13 -55 55 -11 9 55 -56 5 -2 -55 55 2 
63 -37 -20 -91 24 -80 -89 45 -54 24 43 39 51 61 -14 54 
19 71 94 -2 74 39 -25 -97 -12 -58 -48 34 -73 33 -49 -25 
-73 3 -22 91 -56 61 100 1 59 0 -22 -54 -14 -78 35 -42 
12 -72 -85 -39 -47 -68 -26 97 -14 57 58 -9 80 2 33 44 
68 26 58 -74 77 -33 45 -65 77 -7 
RSSI :-110 
Input angle :18
Zaxis angle :20 
minval :0 

minval :0 



41 37 -39 39 -38 -41 43 -34 31 46 -47 29 -25 -49 50 -23 
40 -58 -61 -70 -16 -84 -59 79 -36 45 53 13 73 34 14 53 
45 56 82 -44 86 1 -69 -72 -32 -47 -25 48 -50 63 -55 0 
-62 36 25 90 -19 84 87 -46 52 -23 -42 -35 -52 -63 9 -54 
-18 -69 -93 3 -76 -39 29 95 10 57 44 -33 73 -34 51 23 
72 -3 17 -92 54 -67 25 15 -25 -1 
RSSI :-110 
Input angle :18
Zaxis angle :14 
minval :0 

minval :0 



58 1 -4 57 -57 -8 11 -56 55 15 -19 54 -53 -22 25 -51 
-12 -71 -92 -7 -69 -50 9 100 1 59 51 -24 80 -20 46 34 
72 3 32 -87 63 -57 -100 -14 -58 -9 12 54 1 82 -44 36 
-18 70 80 47 45 72 33 -95 22 -54 -56 2 -81 -14 -26 -51 
-63 -33 -65 66 -81 25 85 53 47 35 12 -55 32 -76 56 -13 
47 -54 -49 -78 -6 -85 81 -65 -44 9 
RSSI :-110 
Input angle :18
Zaxis angle :20 
minval :0 

minval :0 



31 -44 43 32 -34 42 -40 -36 38 -38 36 40 -42 33 -29 -44 
-72 -29 -60 72 -73 41 93 43 55 30 6 -54 19 -81 50 -19 
48 -61 -58 -74 -17 -82 -64 80 -44 46 50 20 75 34 8 53 
51 59 85 -41 84 0 -65 -79 -36 -52 -32 44 -53 63 -54 -4 
-69 35 17 93 -20 81 92 -45 59 -23 -36 -41 -50 -66 16 -51 
-18 -76 -94 0 -74 -37 39 16 -48 15 
RSSI :-110 
Input angle :18
Zaxis angle :14 
minval :0 

minval :0 



53 -13 9 54 -54 7 -4 -54 55 -1 -2 54 -54 -6 8 -54 
-30 -70 -93 14 -83 -24 37 95 21 58 41 -35 65 -49 51 18 
76 -14 1 -94 41 -76 -101 15 -60 9 25 48 31 76 -29 45 
-1 77 91 20 65 56 4 -103 3 -62 -53 14 -80 13 -37 -40 
-74 -21 -48 80 -70 49 98 28 59 19 0 -54 3 -81 47 -27 
38 -67 -69 -63 -32 -80 0 15 46 13 
RSSI :-110 
Input angle :18
Zaxis angle :20 
minval :0 

minval :0 



45 -39 35 47 -49 33 -32 -50 51 -30 27 53 -55 22 -19 -56 
-62 -42 -74 55 -85 16 79 64 46 38 21 -48 41 -71 59 -8 
56 -50 -37 -85 3 -86 -80 64 -48 37 42 32 59 57 -7 59 
34 67 90 -18 82 25 -42 -93 -23 -56 -40 34 -69 45 -56 -20 
-73 18 -2 92 -40 76 100 -21 59 -11 -23 -47 -30 -77 33 -49 
-4 -75 -89 -28 -64 -56 1 96 60 15 
RSSI :-110 
Input angle :18
Zaxis angle :20 
minval :0 

minval :0 



55 -19 18 55 -56 15 -12 -56 57 -8 5 58 -58 3 0 -58 
-44 -58 -88 30 -88 -10 56 84 34 51 33 -42 61 -57 56 13 
67 -29 -7 -93 28 -83 -94 38 -56 23 34 41 43 71 -23 53 
17 71 93 6 74 47 -16 -101 -7 -61 -47 24 -79 26 -45 -36 
-73 0 -31 87 -64 60 102 8 61 6 -11 -51 -6 -84 44 -37 
20 -70 -77 -52 -46 -75 -75 -49 -90 14 
RSSI :-110 
Input angle :18
Zaxis angle :20 
minval :0 

minval :0 



56 14 -16 54 -55 -19 25 -53 50 28 -29 49 -49 -31 34 -46 
-1 -73 -88 -23 -66 -59 -3 100 -1 61 52 -14 82 -15 38 43 
73 14 45 -79 70 -51 -98 -25 -59 -14 1 53 -1 85 -51 26 
-28 68 70 61 34 82 45 -91 26 -55 -51 -10 -80 -23 -14 -56 
-58 -43 -76 52 -87 12 78 63 47 39 20 -49 36 -75 57 -1 
55 -48 -30 -88 9 -86 58 15 12 9 
RSSI :-110 
Input angle :18
Zaxis angle :20 
minval :0 

minval :0 



30 44 -46 28 -26 -48 49 -23 22 49 -50 19 -16 -51 52 -12 
46 -56 -50 -77 -11 -85 -68 75 -42 43 48 22 71 41 0 53 
45 58 85 -33 85 5 -58 -82 -33 -49 -31 43 -57 59 -53 -11 
-66 31 11 91 -27 81 95 -33 56 -21 -36 -39 -45 -68 22 -49 
-16 -71 -92 -7 -73 -43 18 99 7 60 47 -25 78 -27 43 33 
73 4 32 -86 61 -60 14 -17 -49 -2 
RSSI :-110 
Input angle :18
Zaxis angle :20 
minval :0 

minval :0 



50 18 -22 48 -48 -24 25 -47 46 27 -30 44 -42 -33 34 -40 
5 -73 -89 -30 -59 -62 -15 101 -4 62 56 -13 80 -7 30 44 
70 20 51 -80 73 -43 -94 -40 -59 -20 -2 58 -9 79 -49 20 
-35 65 66 67 23 82 59 -83 32 -53 -56 -14 -75 -28 -7 -52 
-53 -50 -79 51 -85 5 68 76 45 43 27 -51 45 -66 53 2 
60 -40 -33 -89 11 -84 51 111 14 9 
RSSI :-110 
Input angle :18
Zaxis angle :20 
minval :0 

minval :0 



39 41 -42 38 -36 -43 45 -34 32 46 -48 29 -25 -50 51 -21 
47 -51 -61 -71 -21 -84 -66 75 -39 42 53 19 69 38 11 54 
40 57 84 -41 88 0 -57 -82 -30 -48 -28 49 -52 58 -56 -2 
-65 26 20 92 -21 86 94 -35 53 -19 -41 -38 -49 -61 16 -53 
-9 -69 -94 -2 -79 -39 15 100 7 57 47 -31 72 -30 49 26 
70 4 23 -91 56 -69 26 95 1 -1 
RSSI :-110 
Input angle :18
Zaxis angle :20 
minval :0 

minval :0 



23 49 -50 19 -17 -51 52 -14 11 53 -53 8 -5 -53 53 -2 
61 -34 -26 -85 16 -81 -89 44 -52 30 42 37 55 60 -9 53 
17 68 90 -4 75 33 -24 -97 -15 -58 -47 29 -71 38 -49 -22 
-70 1 -14 88 -51 65 100 -1 60 -2 -21 -52 -20 -78 32 -43 
16 -68 -82 -35 -51 -66 -23 96 -12 59 56 -5 81 0 34 42 
64 28 54 -71 75 -35 33 63 16 -6 
RSSI :-110 
Input angle :18
Zaxis angle :14 
minval :0 

minval :0 



31 47 -48 28 -26 -50 51 -23 21 52 -53 17 -13 -54 55 -10 
51 -46 -45 -84 1 -85 -83 61 -45 38 46 31 66 51 0 56 
31 61 91 -27 82 20 -42 -94 -27 -52 -40 39 -63 53 -54 -13 
-67 19 7 95 -42 74 101 -19 57 -13 -28 -48 -36 -75 25 -50 
-1 -70 -94 -16 -66 -52 -3 103 1 58 53 -16 80 -21 43 36 
68 15 37 -88 68 -50 26 31 -7 -4 
RSSI :-110 
Input angle :18
Zaxis angle :20 
minval :0 

minval :0 



16 54 -56 13 -9 -56 57 -6 4 57 -58 1 0 -57 56 4 
61 -27 -23 -92 22 -84 -90 41 -52 23 39 39 47 66 -15 55 
14 65 95 0 76 43 -21 -96 -12 -55 -47 28 -74 35 -51 -27 
-66 -1 -23 93 -58 65 98 4 56 2 -19 -51 -19 -79 37 -43 
13 -65 -86 -40 -50 -71 -23 96 -13 55 54 -8 81 1 33 46 
60 29 60 -74 81 -32 47 -97 16 -6 
RSSI :-110 
Input angle :18
Zaxis angle :14 
minval :0 

minval :0 



-10 52 -51 -12 14 -50 50 18 -20 49 -47 -24 27 -45 44 29 
67 10 32 -88 62 -57 -99 -15 -58 -6 9 53 10 82 -39 36 
-24 64 80 50 41 74 35 -93 20 -54 -54 -2 -83 -6 -26 -46 
-56 -38 -70 62 -82 21 79 62 47 33 16 -51 27 -78 51 -13 
51 -45 -47 -81 -3 -85 -75 67 -41 41 47 27 70 44 3 53 
33 60 90 -25 83 14 -123 15 123 -13 
RSSI :-110 
Input angle :18
Zaxis angle :14 
minval :0 

minval :0 



-51 14 -11 -47 49 -12 7 54 -51 1 -1 -53 52 0 -4 53 
23 66 89 -17 79 25 -37 -95 -22 -54 -39 36 -70 46 -47 -14 
-70 12 -8 91 -38 74 100 -14 57 -8 -25 -43 -29 -80 25 -45 
6 -71 -86 -28 -62 -58 -11 100 -5 57 50 -13 84 -9 36 37 
69 20 45 -78 69 -50 -97 -33 -53 -17 2 51 -5 84 -41 28 
-37 62 67 61 29 80 112 0 43 -13 
RSSI :-110 
Input angle :18
Zaxis angle :20 
minval :0 

minval :0 



-52 7 -3 -50 53 -1 -5 55 -52 -10 9 -49 49 15 -13 48 
16 70 93 -2 75 42 -15 -94 -6 -57 -41 25 -75 36 -46 -23 
-69 -2 -19 91 -56 68 96 7 59 1 -15 -45 -16 -82 32 -38 
17 -67 -83 -42 -51 -70 -25 92 -17 55 52 -6 84 2 33 44 
62 31 57 -73 80 -35 -86 -39 -50 -28 -7 52 -18 82 -50 22 
-48 55 56 72 16 88 -92 -48 -62 -12 
RSSI :-110 
Input angle :18
Zaxis angle :20 
minval :0 

minval :0 



-53 -22 27 -50 50 30 -32 50 -49 -32 35 -44 41 40 -41 41 
-18 68 82 41 51 70 23 -95 15 -55 -53 3 -81 -1 -29 -49 
-62 -30 -62 69 -79 36 86 48 50 27 7 -52 18 -79 54 -16 
46 -51 -53 -75 -14 -87 -68 72 -39 42 47 20 71 41 2 57 
37 57 86 -35 87 6 -53 -81 -32 -46 -30 45 -54 61 -57 -7 
-65 24 13 92 -27 83 -35 16 -28 -6 
RSSI :-110 
Input angle :18
Zaxis angle :14 
minval :0 

minval :0 



-59 -12 14 -58 56 19 -23 55 -53 -26 30 -52 50 33 -35 48 
-7 67 90 28 65 58 10 -95 7 -60 -52 13 -81 12 -41 -44 
-64 -21 -46 82 -73 49 90 32 57 19 0 -54 6 -82 52 -30 
36 -57 -70 -62 -28 -84 -53 80 -33 50 52 12 79 23 18 56 
48 48 79 -51 87 -13 -68 -67 -42 -44 -24 48 -41 71 -60 2 
-57 36 32 89 -6 88 -53 -16 -96 -9 
RSSI :-110 
Input angle :18
Zaxis angle :20 
minval :0 

minval :0 



-42 -37 40 -39 37 42 -44 35 -33 -46 48 -30 26 50 -51 23 
-38 58 63 70 23 82 52 -76 32 -49 -51 -13 -77 -28 -12 -55 
-48 -49 -83 43 -85 3 62 68 40 43 21 -48 45 -68 56 -2 
60 -35 -27 -89 15 -83 -79 47 -50 31 41 33 58 57 -11 55 
19 67 94 -5 78 32 -26 -89 -19 -55 -43 31 -70 42 -51 -24 
-69 4 -16 92 -53 67 -27 0 -44 -2 
RSSI :-110 
Input angle :18
Zaxis angle :20 
minval :0 

minval :0 



22 -54 53 25 -28 51 -49 -32 35 -46 44 38 -40 42 -40 -42 
-67 -15 -43 86 -66 55 88 23 58 16 -4 -51 -1 -84 48 -31 
32 -61 -73 -63 -37 -78 -45 80 -30 52 50 7 82 22 20 55 
53 44 76 -57 84 -18 -70 -59 -43 -41 -17 48 -36 76 -57 8 
-56 41 39 88 0 86 73 -55 50 -33 -43 -28 -63 -55 5 -58 
-28 -63 -94 18 -83 -21 87 16 -29 13 
RSSI :-110 
Input angle :18
Zaxis angle :14 
minval :0 

minval :0 



37 -44 41 40 -41 40 -38 -43 44 -37 33 46 -48 30 -27 -50 
-59 -36 -64 67 -78 35 76 56 48 39 12 -48 25 -83 55 -15 
51 -48 -54 -76 -12 -85 -72 62 -50 37 44 22 74 46 1 57 
34 60 87 -33 86 3 -45 -84 -25 -57 -31 38 -61 62 -56 -9 
-67 20 12 92 -23 83 92 -23 61 -12 -29 -39 -43 -75 23 -52 
-1 -70 -92 -14 -73 -46 -12 111 -105 15 
RSSI :-110 
Input angle :22
Zaxis angle :20 
minval :0 

minval :0 



-4 56 -55 -7 11 -54 54 13 -16 53 -52 -20 24 -50 48 27 
68 -8 15 -93 47 -72 -94 5 -57 5 20 46 32 77 -37 42 
-11 67 87 35 59 62 16 -93 10 -56 -50 9 -83 16 -32 -45 
-64 -25 -54 76 -75 41 85 40 52 23 3 -50 6 -84 51 -22 
39 -56 -59 -73 -25 -82 -56 75 -32 47 48 13 81 22 8 55 
44 51 83 -42 86 -3 101 -97 46 -11 
RSSI :-110 
Input angle :26
Zaxis angle :14 
minval :0 

minval :0 



-53 -10 13 -52 52 17 -18 51 -50 -21 23 -49 47 27 -30 45 
0 68 90 22 65 51 2 -94 0 -57 -47 14 -80 26 -39 -37 
-66 -14 -47 80 -64 54 90 26 55 13 -4 -49 -8 -84 46 -28 
30 -60 -66 -64 -38 -74 -46 82 -24 51 48 8 85 11 18 51 
52 44 75 -54 82 -18 -71 -62 -44 -35 -20 44 -30 79 -54 4 
-54 41 36 85 0 84 -80 48 13 -9 
RSSI :-110 
Input angle :18
Zaxis angle :14 
minval :0 

minval :0 



-41 -37 39 -38 35 43 -45 33 -30 -46 48 -27 25 49 -50 22 
-39 54 60 70 31 81 58 -82 34 -45 -48 -16 -81 -25 -12 -54 
-43 -50 -81 45 -85 8 64 77 38 42 24 -44 42 -72 55 1 
58 -31 -25 -89 10 -85 -90 45 -49 28 38 33 60 60 -14 53 
14 64 92 -4 82 27 -24 -97 -16 -54 -41 29 -71 45 -49 -24 
-66 3 -17 91 -44 74 -33 64 65 -1 
RSSI :-110 
Input angle :18
Zaxis angle :14 
minval :0 

minval :0 



20 -53 52 23 -25 50 -50 -27 30 -48 46 32 -36 44 -42 -37 
-66 -18 -35 81 -61 60 96 23 58 11 -4 -51 -10 -82 46 -33 
32 -60 -69 -56 -44 -74 -45 87 -28 52 51 4 82 8 22 52 
51 45 67 -58 82 -26 -75 -64 -47 -35 -17 48 -28 77 -55 9 
-56 39 38 80 8 86 77 -62 47 -36 -42 -28 -69 -44 3 -56 
-26 -63 -87 19 -85 -13 98 0 94 13 
RSSI :-110 
Input angle :18
Zaxis angle :14 
minval :0 

minval :0 



45 -36 33 47 -49 30 -28 -50 52 -24 20 53 -55 16 -15 -55 
-48 -47 -77 55 -85 20 71 68 41 37 23 -50 31 -71 57 -2 
56 -36 -38 -86 0 -87 -84 52 -46 32 43 34 64 44 -10 56 
23 63 93 -17 85 20 -30 -94 -20 -52 -43 34 -58 52 -53 -19 
-66 7 -3 94 -36 80 97 -14 55 -7 -23 -50 -36 -69 34 -46 
7 -67 -90 -26 -69 -55 -24 79 31 14 
RSSI :-110 
Input angle :18
Zaxis angle :14 
minval :0 

minval :0 



59 -8 7 59 -59 3 1 -59 58 5 -9 58 -58 -11 13 -57 
-16 -65 -95 13 -85 -26 24 97 12 52 46 -30 63 -43 52 27 
67 -1 11 -95 44 -78 -99 3 -54 1 21 51 28 71 -37 45 
-10 65 91 31 65 61 17 -98 9 -53 -54 10 -75 14 -35 -46 
-61 -27 -47 84 -74 49 91 39 48 22 3 -55 2 -76 53 -25 
39 -53 -68 -68 -33 -83 122 -65 -117 10 
RSSI :-110 
Input angle :22
Zaxis angle :14 
minval :0 

minval :0 



1 61 -61 -2 5 -61 61 10 -13 60 -59 -18 20 -58 57 21 
64 -7 1 -94 41 -78 -98 7 -54 5 23 49 35 68 -34 51 
-8 65 90 25 66 58 12 -97 7 -54 -53 12 -74 17 -41 -45 
-61 -21 -43 83 -71 52 91 33 52 17 0 -55 -2 -77 53 -29 
32 -56 -70 -62 -35 -81 -53 82 -29 45 53 13 75 15 18 58 
45 45 77 -52 87 -14 110 -17 -42 -11 
RSSI :-110 
Input angle :26
Zaxis angle :20 
minval :0 

minval :0 



1 63 -63 -1 5 -63 63 9 -14 62 -60 -18 22 -59 57 26 
61 -13 4 -95 43 -75 -95 10 -52 8 26 48 35 68 -36 52 
-3 63 91 28 61 62 14 -95 6 -52 -53 14 -74 17 -42 -47 
-61 -17 -44 84 -72 50 91 30 51 15 -3 -54 -3 -77 56 -30 
30 -56 -72 -63 -28 -83 -50 82 -26 46 54 9 75 13 19 60 
45 44 77 -55 87 -9 96 -1 36 -9 
RSSI :-110 
Input angle :18
Zaxis angle :0 
minval :0 

minval :0 



-33 52 -50 -36 39 -47 46 41 -43 44 -41 -46 48 -38 35 50 
56 29 59 -70 77 -38 -81 -47 -49 -26 -9 52 -11 75 -57 22 
-41 48 52 75 18 84 64 -69 39 -40 -48 -20 -71 -27 -9 -61 
-37 -51 -83 38 -87 -1 52 78 32 46 30 -42 45 -61 62 6 
59 -24 -16 -90 23 -83 -88 34 -52 21 33 40 48 58 -19 58 
10 63 91 3 76 42 -27 -113 -26 -15 
RSSI :-110 
Input angle :26
Zaxis angle :20 
minval :0 

minval :0 



-1 60 -60 -4 6 -60 59 9 -13 58 -57 -16 20 -56 55 23 
62 -3 18 -90 52 -70 -96 -1 -54 -3 18 46 23 76 -37 47 
-10 62 83 41 57 66 25 -93 13 -52 -49 4 -78 10 -37 -46 
-57 -26 -58 72 -78 40 86 42 48 24 5 -49 8 -79 51 -28 
36 -50 -54 -75 -21 -85 -60 76 -36 40 47 16 74 28 13 58 
42 45 84 -39 88 -4 123 31 66 -11 
RSSI :-110 
Input angle :26
Zaxis angle :20 
minval :0 

minval :0 



5 57 -57 2 0 -57 57 2 -6 57 -56 -10 12 -56 55 15 
61 -11 8 -93 42 -76 -95 16 -51 7 22 43 35 73 -29 49 
-1 62 89 28 65 57 6 -95 2 -52 -47 13 -79 20 -41 -38 
-59 -16 -45 81 -72 50 92 27 50 15 0 -49 0 -81 47 -32 
33 -53 -67 -64 -34 -81 -47 84 -25 46 48 7 80 14 22 53 
47 40 77 -53 86 -16 98 63 30 -9 
RSSI :-110 
Input angle :26
Zaxis angle :20 
minval :0 

minval :0 



-60 6 -4 -59 59 -1 -1 59 -59 -5 9 -59 58 11 -14 57 
21 59 95 -1 79 38 -18 -93 -12 -53 -46 24 -65 44 -53 -27 
-63 6 -24 93 -53 69 95 0 55 -1 -13 -50 -32 -72 38 -45 
8 -63 -87 -40 -55 -68 -23 92 -9 53 52 -2 78 -10 34 48 
58 23 64 -71 80 -36 -83 -46 -50 -21 -9 51 -4 79 -55 21 
-35 53 58 76 19 85 -122 48 65 -11 
RSSI :-110 
Input angle :18
Zaxis angle :14 
minval :0 

minval :0 



-8 -60 60 -5 2 60 -60 0 3 -60 60 9 -12 58 -58 -14 
-58 18 -2 95 -41 78 94 -19 49 -16 -28 -47 -40 -63 27 -53 
-3 -60 -93 -21 -66 -59 -2 96 2 51 53 -14 71 -24 44 40 
59 12 47 -82 69 -53 -94 -22 -51 -5 5 54 9 74 -49 34 
-26 54 72 61 32 81 48 -83 20 -48 -54 -8 -74 -11 -23 -55 
-48 -36 -77 56 -86 16 -85 64 87 7 
RSSI :-110 
Input angle :18
Zaxis angle :20 
minval :0 

minval :0 



32 -51 49 36 -40 47 -45 -42 45 -41 41 46 -46 40 -35 -49 
-52 -32 -62 68 -81 27 79 58 47 31 14 -50 22 -76 57 -21 
44 -42 -48 -79 -9 -85 -73 65 -40 40 46 24 70 36 8 60 
35 50 86 -33 85 9 -47 -86 -29 -48 -34 40 -51 60 -60 -6 
-59 18 13 91 -32 80 93 -28 54 -18 -31 -42 -48 -63 18 -58 
-7 -61 -92 -11 -71 -47 26 -32 22 14 
RSSI :-110 
Input angle :18
Zaxis angle :0 
minval :0 

minval :0 



2 -60 59 5 -9 59 -59 -12 15 -58 57 18 -21 55 -54 -25 
-61 0 -19 90 -56 71 96 4 54 2 -13 -49 -24 -75 37 -47 
16 -59 -83 -39 -56 -71 -27 93 -13 52 51 -2 78 -5 38 45 
54 27 54 -73 80 -38 -84 -48 -46 -26 -11 49 -14 78 -54 26 
-39 47 54 74 17 88 68 -68 35 -41 -46 -20 -73 -30 -11 -58 
-36 -49 -84 37 -90 -1 127 -32 -57 10 
RSSI :-110 
Input angle :26
Zaxis angle :20 
minval :0 

minval :0 



14 -60 59 16 -18 58 -56 -21 26 -55 53 30 -33 51 -49 -35 
-61 -9 -33 86 -65 62 92 23 52 8 -7 -50 -9 -76 45 -41 
25 -56 -75 -54 -47 -77 -39 86 -20 49 52 4 77 8 28 53 
50 36 66 -64 85 -27 -73 -60 -43 -30 -14 49 -26 72 -58 16 
-46 40 43 82 7 90 76 -56 39 -35 -44 -25 -65 -40 -3 -61 
-28 -55 -88 29 -88 -14 95 -48 -21 11 
RSSI :-110 
Input angle :18
Zaxis angle :20 
minval :0 

minval :0 



57 -18 15 58 -59 10 -6 -60 60 -2 0 60 -60 -3 4 -59 
-20 -59 -91 12 -87 -30 23 93 17 50 41 -30 63 -44 57 19 
61 -6 9 -92 51 -76 -96 1 -52 6 22 46 30 70 -30 52 
-10 62 87 28 63 66 20 -95 9 -52 -50 9 -76 9 -44 -41 
-59 -22 -47 78 -77 49 87 39 49 20 3 -51 6 -76 51 -32 
35 -51 -65 -65 -28 -88 -122 -1 -22 10 
RSSI :-110 
Input angle :26
Zaxis angle :20 
minval :0 

minval :0 



43 40 -43 40 -37 -44 48 -34 30 50 -51 28 -26 -53 54 -23 
43 -45 -59 -70 -22 -89 -66 70 -37 39 46 21 73 32 13 57 
33 52 82 -41 92 0 -54 -79 -30 -45 -30 41 -48 63 -59 -1 
-59 20 22 89 -18 91 90 -35 50 -19 -35 -36 -53 -60 12 -58 
-9 -62 -92 3 -84 -37 15 95 9 53 44 -24 71 -37 53 26 
62 6 22 -89 55 -74 40 -65 10 -1 
RSSI :-110 
Input angle :18
Zaxis angle :0 
minval :0 

minval :0 



-4 61 -60 -7 10 -60 59 15 -18 59 -57 -21 24 -56 54 28 
63 6 24 -86 62 -69 -99 -14 -53 -4 12 48 18 75 -39 47 
-20 60 79 42 54 75 33 -94 14 -51 -50 0 -78 -2 -38 -48 
-53 -33 -59 68 -84 39 85 51 47 26 10 -48 15 -76 56 -25 
44 -45 -54 -71 -18 -91 -69 72 -36 40 44 22 70 34 11 59 
34 53 81 -37 93 2 -124 47 -43 -12 
RSSI :-110 
Input angle :18
Zaxis angle :20 
minval :0 

minval :0 



-54 -18 21 -53 52 22 -24 51 -50 -28 31 -47 45 34 -37 42 
-18 61 83 40 60 71 31 -93 15 -52 -51 1 -78 2 -35 -44 
-55 -31 -60 70 -83 43 84 50 47 26 10 -49 14 -77 52 -22 
44 -45 -55 -74 -25 -89 -68 70 -35 41 46 21 73 30 12 55 
37 52 84 -39 93 0 -58 -78 -31 -45 -31 39 -45 64 -57 2 
-59 24 16 91 -17 91 -53 96 -3 -6 
RSSI :-110 
Input angle :18
Zaxis angle :0 
minval :0 

minval :0 



-37 -42 45 -33 31 46 -48 28 -24 -50 51 -22 20 51 -52 18 
-50 41 46 79 9 92 75 -65 40 -37 -44 -24 -68 -41 -5 -55 
-28 -58 -87 26 -91 -15 45 88 24 49 34 -37 56 -55 55 8 
62 -15 -7 -91 31 -86 -96 25 -53 13 27 41 44 66 -20 52 
1 64 90 13 78 49 -7 -99 -3 -55 -46 18 -74 28 -47 -30 
-62 -13 -32 86 -68 62 -37 64 -122 2 
RSSI :-110 
Input angle :18
Zaxis angle :20 
minval :0 

minval :0 



-17 -55 56 -14 11 57 -58 8 -4 -58 58 0 -2 58 -57 -5 
-61 21 12 90 -27 87 95 -30 54 -16 -31 -41 -46 -61 16 -56 
-8 -64 -91 -7 -78 -45 13 98 5 56 48 -20 69 -33 50 28 
64 9 27 -87 62 -66 -98 -16 -55 -7 9 51 13 75 -39 42 
-23 61 78 47 52 74 32 -94 19 -52 -51 -1 -77 -2 -31 -48 
-54 -35 -65 65 -85 33 -66 0 -107 7 
RSSI :-110 
Input angle :26
Zaxis angle :20 
minval :0 

minval :0 



-29 -58 57 -23 22 56 -60 21 -16 -59 61 -10 6 63 -60 2 
-52 34 27 88 -13 86 86 -48 50 -28 -41 -36 -54 -50 5 -64 
-20 -58 -90 10 -82 -33 30 97 16 54 46 -29 60 -43 56 24 
64 -3 14 -92 49 -73 -98 6 -56 2 21 51 25 69 -34 52 
-9 63 85 33 59 64 16 -99 8 -56 -54 5 -73 11 -41 -48 
-59 -26 -52 76 -77 43 -44 -80 -111 5 
RSSI :-110 
Input angle :26
Zaxis angle :20 
minval :0 

minval :0 



34 -60 58 38 -41 55 -52 -46 48 -50 48 50 -53 45 -43 -54 
-53 -24 -50 80 -84 39 88 45 44 22 7 -55 14 -68 63 -28 
37 -44 -61 -72 -17 -91 -67 72 -33 37 52 19 63 30 13 68 
34 47 80 -50 93 5 -56 -81 -27 -41 -32 45 -43 54 -70 -1 
-54 23 28 90 -26 89 92 -35 46 -18 -36 -41 -42 -56 17 -67 
-9 -57 -95 4 -80 -47 32 96 109 12 
RSSI :-110 
Input angle :18
Zaxis angle :14 
minval :0 

minval :0 



52 -39 38 53 -54 35 -31 -57 58 -28 23 61 -61 21 -17 -63 
-34 -48 -79 47 -96 5 60 81 26 43 29 -41 46 -59 65 -4 
54 -23 -27 -88 17 -95 -91 44 -48 16 33 38 50 57 -9 64 
10 58 91 -5 87 40 -22 -99 -5 -50 -43 26 -65 36 -61 -24 
-59 -3 -13 91 -57 77 101 -2 50 5 -16 -48 -20 -73 37 -53 
14 -60 -86 -36 -61 -75 -63 79 16 12 
RSSI :-110 
Input angle :26
Zaxis angle :14 
minval :0 

minval :0 



47 35 -39 45 -42 -41 44 -40 37 46 -47 35 -33 -49 49 -31 
38 -47 -60 -62 -28 -86 -59 80 -36 44 46 16 72 28 18 56 
38 47 74 -45 90 -7 -65 -75 -34 -46 -27 40 -44 63 -59 3 
-55 26 22 84 -11 90 86 -49 52 -23 -32 -35 -54 -56 8 -58 
-13 -59 -87 6 -85 -31 28 95 9 56 42 -24 66 -40 56 19 
61 0 11 -86 50 -75 27 15 -87 -1 
RSSI :-110 
Input angle :18
Zaxis angle :20 
minval :0 

minval :0 



-39 38 -36 -42 44 -33 30 46 -47 27 -23 -50 51 -21 19 51 
48 41 69 -51 85 -22 -77 -60 -43 -37 -23 42 -32 74 -54 9 
-50 39 34 79 2 87 77 -59 47 -34 -37 -31 -66 -45 4 -55 
-29 -55 -85 14 -85 -20 41 88 21 53 39 -28 62 -52 52 19 
62 -10 7 -85 39 -78 -95 20 -57 9 16 46 37 72 -28 47 
-2 63 83 22 68 54 15 0 84 -15 
RSSI :-110 
Input angle :26
Zaxis angle :20 
minval :0 

minval :0 



-39 -40 42 -36 34 45 -47 30 -27 -48 50 -25 23 52 -51 21 
-41 47 49 70 16 83 64 -72 38 -41 -39 -25 -76 -32 -8 -55 
-36 -51 -80 30 -87 -6 58 78 32 47 33 -32 49 -66 56 4 
59 -23 -12 -84 22 -84 -89 38 -53 18 23 39 52 64 -16 53 
7 62 85 7 77 40 -18 -95 -9 -56 -43 15 -73 38 -48 -28 
-63 -5 -25 81 -59 64 -30 -64 -69 0 
RSSI :-110 
Input angle :26
Zaxis angle :20 
minval :0 

minval :0 



45 -34 36 44 -48 31 -27 -48 47 -26 26 52 -55 20 -18 -54 
-40 -46 -70 42 -85 9 67 69 38 39 26 -39 39 -71 57 -8 
50 -30 -23 -79 13 -85 -80 53 -46 28 33 33 60 55 -5 54 
17 60 86 -3 81 29 -34 -96 -17 -52 -41 24 -67 47 -55 -20 
-62 0 -16 82 -45 73 98 -9 55 -3 -12 -46 -28 -76 30 -47 
11 -59 -77 -33 -59 -62 -33 -113 -46 13 
RSSI :-110 
Input angle :18
Zaxis angle :20 
minval :0 

minval :0 



49 28 -34 47 -46 -33 39 -42 37 39 -42 38 -37 -43 47 -31 
37 -47 -63 -57 -39 -83 -52 85 -30 47 45 9 78 20 20 51 
40 46 74 -47 89 -21 -79 -65 -41 -40 -22 43 -34 74 -52 10 
-54 28 30 79 0 91 81 -57 47 -29 -37 -30 -62 -53 3 -56 
-15 -59 -85 11 -88 -26 36 93 16 53 38 -28 62 -52 53 15 
62 -3 7 -85 40 -82 31 95 59 1 
RSSI :-110 
Input angle :22
Zaxis angle :20 
minval :0 

minval :0 



51 39 -40 48 -43 -42 44 -41 41 50 -49 39 -35 -54 54 -29 
38 -49 -62 -60 -32 -86 -54 86 -28 44 49 14 73 25 19 62 
38 44 73 -46 92 -12 -74 -74 -36 -40 -24 43 -41 64 -62 2 
-53 24 28 84 -9 93 88 -49 47 -25 -38 -32 -52 -54 8 -63 
-17 -58 -88 13 -87 -31 32 97 11 50 41 -26 66 -39 59 26 
62 0 8 -87 47 -80 48 -65 58 0 
RSSI :-110 
Input angle :22
Zaxis angle :29 
minval :0 

minval :0 



-54 35 -33 -56 56 -28 22 57 -58 23 -18 -58 60 -18 12 65 
28 51 83 -46 98 -1 -61 -81 -24 -46 -32 44 -43 58 -65 -5 
-57 15 24 90 -21 97 96 -40 50 -10 -34 -41 -46 -56 15 -59 
-7 -59 -93 4 -88 -45 22 99 2 51 48 -25 64 -33 54 27 
59 5 16 -92 61 -79 -105 -1 -51 -9 11 53 14 71 -39 50 
-23 57 85 39 60 79 85 -112 108 -12 
RSSI :-110 
Input angle :26
Zaxis angle :14 
minval :0 

minval :0 



-67 4 0 -66 66 6 -9 66 -66 -12 14 -65 64 17 -18 64 
4 55 95 -1 89 42 -19 -100 -1 -46 -49 25 -66 28 -57 -34 
-55 -6 -19 93 -60 78 102 7 45 11 -12 -53 -14 -70 45 -48 
17 -53 -85 -41 -62 -76 -27 99 -19 41 55 -1 72 0 37 55 
47 28 57 -75 89 -42 -89 -51 -36 -29 -11 54 -18 69 -61 24 
-39 38 59 72 24 96 -109 48 -55 -8 
RSSI :-110 
Input angle :223
Zaxis angle :14 
minval :0 

minval :0 



-59 -33 36 -57 54 39 -42 52 -50 -45 45 -49 46 49 -51 42 
-28 50 82 52 49 87 45 -95 24 -41 -55 -7 -66 -14 -28 -61 
-44 -37 -71 66 -95 28 82 65 34 34 20 -52 29 -62 66 -13 
48 -32 -50 -83 -8 -99 -83 64 -41 24 46 30 54 41 -1 67 
20 54 93 -28 98 20 -39 -97 -14 -46 -39 39 -53 42 -64 -17 
-58 4 8 96 -40 91 -62 0 -11 -2 
RSSI :-110 
Input angle :18
Zaxis angle :20 
minval :0 

minval :0 



-24 -64 65 -21 17 65 -66 13 -9 -67 68 -5 2 68 -67 -1 
-52 18 25 91 -19 96 93 -46 41 -11 -37 -39 -47 -54 15 -66 
-7 -54 -94 5 -89 -39 23 101 2 43 45 -29 64 -33 61 29 
55 4 15 -93 60 -78 -103 0 -42 -7 15 51 16 69 -44 51 
-16 52 87 38 62 76 25 -100 17 -39 -53 2 -71 1 -38 -55 
-46 -29 -55 77 -87 42 -116 -112 58 6 
RSSI :-110 
Input angle :26
Zaxis angle :14 
minval :0 

minval :0 



66 -3 0 66 -66 -4 9 -65 64 12 -16 64 -63 -19 23 -61 
2 -57 -95 -6 -84 -50 9 105 -2 48 51 -22 64 -27 55 35 
56 12 29 -90 69 -70 -105 -13 -46 -14 8 55 8 70 -48 45 
-27 51 83 45 50 85 38 -98 24 -41 -55 -6 -70 -6 -30 -58 
-42 -39 -67 67 -94 31 84 64 35 33 16 -53 21 -66 63 -16 
47 -33 -50 -80 -8 -98 94 -1 -85 6 
RSSI :-110 
Input angle :26
Zaxis angle :20 
minval :0 

minval :0 



-60 27 -24 -62 63 -21 19 64 -64 17 -12 -65 66 -6 3 66 
29 53 85 -41 98 11 -59 -87 -21 -41 -35 44 -46 49 -65 -11 
-58 18 21 92 -29 95 97 -39 46 -10 -35 -43 -38 -56 24 -61 
0 -61 -94 1 -87 -49 14 104 1 47 51 -22 64 -23 55 36 
60 10 17 -93 68 -73 -105 -10 -46 -8 13 54 9 67 -49 44 
-25 55 83 44 54 83 86 64 -101 -11 
RSSI :-110 
Input angle :26
Zaxis angle :14 
minval :0 

minval :0 



-25 -64 66 -22 19 66 -68 16 -13 -68 69 -9 4 68 -69 0 
-52 25 32 87 -17 96 87 -52 42 -15 -41 -36 -45 -54 16 -67 
-16 -55 -93 11 -88 -36 25 98 6 45 45 -31 63 -31 61 31 
58 1 8 -92 52 -81 -101 5 -45 -3 18 52 19 67 -43 54 
-12 56 88 30 63 74 22 -99 14 -43 -55 6 -70 0 -43 -54 
-51 -27 -49 79 -85 45 -100 -16 -9 5 
RSSI :-110 
Input angle :26
Zaxis angle :20 
minval :0 

minval :0 



49 -46 44 50 -52 41 -38 -55 58 -34 30 59 -61 27 -22 -62 
-33 -43 -78 54 -98 7 68 75 23 37 28 -46 35 -60 67 -9 
50 -22 -33 -89 12 -97 -88 50 -41 14 39 37 50 49 -5 67 
13 53 94 -13 92 36 -30 -97 -5 -43 -45 30 -59 39 -64 -21 
-55 0 -8 94 -57 80 102 -7 43 6 -19 -51 -26 -65 35 -56 
12 -53 -90 -30 -69 -69 -59 63 92 10 
RSSI :-110 
Input angle :26
Zaxis angle :20 
minval :0 

minval :0 



64 5 -10 63 -63 -14 15 -62 62 16 -20 60 -58 -26 30 -56 
6 -60 -95 -16 -76 -63 -7 106 -10 45 54 -13 68 -19 49 41 
57 21 36 -90 76 -63 -103 -24 -42 -19 1 56 2 71 -51 39 
-33 50 80 54 42 90 52 -92 29 -36 -55 -9 -69 -15 -25 -59 
-40 -45 -73 63 -97 19 78 72 28 37 23 -50 30 -64 62 -13 
51 -32 -44 -85 -3 -99 89 -81 66 5 
RSSI :-110 
Input angle :26
Zaxis angle :20 
minval :0 

minval :0 



64 0 -3 64 -63 -3 7 -63 62 12 -18 61 -60 -22 23 -59 
2 -58 -95 -6 -83 -52 8 105 -7 46 49 -19 68 -22 51 38 
56 14 24 -91 71 -66 -104 -13 -43 -17 6 52 8 71 -47 43 
-26 52 84 42 51 83 36 -98 26 -39 -52 -3 -72 -6 -31 -56 
-45 -37 -65 68 -93 31 87 58 32 32 15 -50 24 -68 60 -18 
48 -33 -55 -77 -9 -97 93 -113 -35 5 
RSSI :-110 
Input angle :26
Zaxis angle :20 
minval :0 

minval :0 



47 43 -45 44 -42 -47 49 -39 36 51 -54 32 -29 -56 57 -26 
41 -40 -61 -68 -20 -92 -65 81 -35 27 48 18 66 33 14 62 
28 50 79 -46 95 4 -63 -83 -19 -40 -29 43 -46 57 -63 0 
-54 18 24 88 -26 91 94 -43 44 -10 -35 -37 -47 -56 14 -61 
-4 -57 -92 3 -84 -43 19 102 0 45 45 -24 66 -31 57 26 
57 6 15 -91 59 -73 80 -1 87 -3 
RSSI :-110 
Input angle :26
Zaxis angle :14 
minval :0 

minval :0 



-30 56 -55 -33 35 -53 51 39 -42 49 -46 -44 47 -43 40 49 
49 31 52 -74 86 -44 -91 -44 -38 -29 -8 51 -17 69 -56 31 
-41 42 61 68 27 93 63 -80 35 -32 -48 -18 -65 -30 -18 -61 
-31 -50 -79 45 -97 1 62 81 21 42 28 -42 44 -57 64 -1 
55 -21 -23 -89 21 -94 -94 39 -46 11 34 38 45 55 -10 64 
6 58 91 -7 86 43 -14 31 45 -12 
RSSI :-110 
Input angle :26
Zaxis angle :20 
minval :0 

minval :0 



-57 20 -17 -59 60 -13 10 60 -61 6 -2 -61 61 0 -3 61 
12 56 91 -16 93 26 -34 -96 -5 -46 -42 27 -62 43 -59 -16 
-58 0 -6 93 -47 84 101 -6 46 6 -16 -48 -26 -70 31 -53 
13 -55 -89 -27 -69 -68 -15 100 -16 44 50 -4 75 -8 46 41 
52 26 44 -82 79 -56 -95 -35 -40 -24 -4 50 -7 75 -50 34 
-39 42 68 64 31 91 -125 48 -122 -9 
RSSI :-110 
Input angle :26
Zaxis angle :20 
minval :0 

minval :0 



-12 -62 63 -7 4 63 -63 0 4 -63 63 8 -10 63 -62 -12 
-59 4 4 90 -36 91 99 -22 49 -2 -23 -45 -30 -71 23 -59 
8 -58 -89 -16 -82 -55 -5 101 -10 48 48 -13 76 -18 51 38 
55 20 32 -83 73 -65 -97 -30 -45 -20 3 50 -3 78 -51 38 
-32 49 73 53 45 87 50 -88 31 -39 -50 -9 -75 -17 -26 -57 
-41 -42 -66 60 -94 28 120 96 -11 9 
RSSI :-110 
Input angle :18
Zaxis angle :20 
minval :0 

minval :0 



62 -1 -1 62 -62 -4 8 -61 61 13 -17 60 -59 -20 21 -58 
2 -60 -88 -10 -78 -48 -3 100 -10 48 49 -14 78 -19 52 33 
56 19 30 -83 66 -64 -97 -25 -44 -21 1 51 2 81 -45 43 
-30 52 75 46 49 78 44 -90 29 -39 -50 -7 -80 -14 -33 -53 
-44 -40 -62 62 -85 34 78 63 32 37 21 -46 33 -74 59 -19 
48 -35 -46 -75 -10 -92 78 -97 -91 5 
RSSI :-110 
Input angle :18
Zaxis angle :25 
minval :0 

minval :0 



31 53 -55 27 -24 -56 57 -21 17 59 -59 14 -10 -60 60 -7 
54 -21 -30 -86 5 -93 -93 46 -50 10 36 37 54 58 -3 60 
6 58 90 -12 89 28 -28 -100 1 -51 -45 27 -68 38 -58 -21 
-58 -6 -9 91 -47 81 104 0 50 11 -16 -50 -22 -75 33 -52 
20 -54 -88 -25 -68 -63 -21 101 -24 45 52 -4 79 -4 43 43 
50 30 50 -77 77 -53 94 47 -85 -9 
RSSI :-110 
Input angle :18
Zaxis angle :25 
minval :0 

minval :0 



-50 32 -29 -52 55 -24 21 56 -57 18 -13 -58 59 -11 8 59 
18 56 84 -36 97 4 -52 -90 -11 -51 -33 39 -56 49 -60 -2 
-58 3 15 90 -30 93 101 -28 53 1 -28 -43 -36 -66 17 -57 
9 -58 -92 -5 -86 -47 7 104 -14 50 49 -17 71 -21 51 31 
54 23 27 -88 70 -67 -103 -18 -46 -24 7 51 6 75 -40 44 
-32 48 80 46 54 81 -123 -48 -33 -11 
RSSI :-110 
Input angle :18
Zaxis angle :25 
minval :0 

minval :0 



-53 -38 41 -52 49 43 -46 47 -44 -48 51 -41 37 54 -55 35 
-45 40 59 67 35 90 66 -75 39 -32 -46 -25 -71 -34 -21 -62 
-30 -52 -78 43 -96 11 58 81 22 45 35 -39 47 -63 65 -7 
58 -16 -26 -86 8 -96 -94 36 -49 11 31 42 48 63 -7 65 
3 60 90 -6 93 26 -13 -99 1 -51 -48 21 -72 32 -63 -19 
-60 -7 -9 89 -50 82 -58 16 18 3 
RSSI :-110 
Input angle :18
Zaxis angle :25 
minval :0 

minval :0 



22 -54 54 25 -28 52 -51 -30 34 -49 46 36 -39 45 -42 -41 
-46 -37 -50 77 -87 46 91 49 37 40 7 -54 18 -70 51 -30 
47 -37 -65 -65 -25 -95 -66 79 -46 29 51 19 63 35 19 57 
25 55 79 -47 98 -1 -62 -82 -17 -51 -31 45 -48 54 -59 6 
-58 11 27 88 -20 96 94 -43 54 -3 -38 -39 -43 -58 8 -59 
2 -59 -92 8 -89 -42 -35 -33 113 13 
RSSI :-110 
Input angle :18
Zaxis angle :25 
minval :0 

minval :0 



0 67 -66 -3 8 -66 66 10 -15 65 -64 -19 22 -63 62 24 
59 15 19 -85 53 -78 -99 -15 -47 -15 11 51 15 77 -36 55 
-29 54 79 36 65 69 37 -92 27 -40 -52 -1 -78 -3 -45 -50 
-48 -39 -53 68 -84 45 82 57 34 36 12 -51 19 -75 59 -30 
49 -37 -54 -68 -23 -92 -76 64 -42 24 47 23 69 38 18 64 
24 56 79 -36 95 -4 -60 47 73 -12 
RSSI :-110 
Input angle :29
Zaxis angle :29 
minval :0 

minval :0 


