
-5 -33 33 -2 0 34 -34 -4 5 -33 32 8 -11 32 -30 -13 
54 -36 42 -52 -101 -7 78 -27 104 -17 -83 -52 44 -10 34 -1 
-33 56 -15 65 93 -39 -57 60 -85 62 97 13 -35 29 -29 18 
7 -64 -16 -65 -67 75 26 -79 46 -95 -93 30 17 -42 20 -27 
22 60 44 51 26 -97 11 83 -1 105 70 -68 1 46 -5 34 
-48 -43 -61 -27 18 99 -82 42 -48 93 
RSSI :-110 
Input angle :153
Zaxis angle :36 
minval :0 

minval :0 



37 -4 1 37 -37 -1 5 -37 36 8 -11 35 -35 -13 15 -33 
53 38 77 -12 -66 -78 41 0 90 53 1 -99 0 58 0 37 
-64 -13 -65 43 92 44 -37 18 -105 -9 39 91 -26 -52 -17 -33 
63 -17 37 -69 -102 1 27 -31 97 -39 -78 -61 46 35 29 23 
-49 43 -5 78 92 -46 -9 40 -73 75 96 23 -58 -10 -37 -6 
23 -60 -33 -71 -56 85 80 109 -52 47 
RSSI :-110 
Input angle :154
Zaxis angle :41 
minval :0 

minval :0 



-28 22 -19 -30 31 -16 13 32 -34 10 -7 -35 35 -4 1 35 
-72 8 37 31 98 -26 -25 17 -71 75 95 19 -87 20 -19 -28 
59 -41 -47 -11 -75 67 15 -27 33 -98 -94 24 69 -57 30 18 
-36 62 47 -11 32 -96 0 31 14 103 73 -64 -36 82 -35 -3 
5 -72 -37 31 10 101 -12 -29 -62 -83 -37 89 -5 -89 32 -13 
30 65 17 -45 -56 -84 -62 68 23 13 
RSSI :-110 
Input angle :155
Zaxis angle :32 
minval :0 

minval :0 



8 24 -25 7 -4 -25 26 -2 1 26 -25 0 3 -25 25 5 
13 24 18 -18 -39 -61 14 16 98 46 -19 -48 26 47 -24 6 
-23 -14 -8 23 63 36 -20 -7 -108 6 39 35 -43 -31 19 -16 
28 3 -2 -25 -73 -6 22 -1 97 -49 -51 -12 53 9 -9 23 
-26 8 13 21 67 -27 -18 11 -61 88 51 -10 -50 16 -2 -25 
19 -20 -22 -13 -49 54 32 4 -27 103 
RSSI :-110 
Input angle :144
Zaxis angle :32 
minval :0 

minval :0 



-23 4 -1 -24 24 0 -2 24 -23 -3 5 -23 22 7 -9 22 
-35 2 24 58 93 -34 -31 6 -74 73 94 -4 -97 7 -3 -23 
30 -18 -48 -41 -66 74 24 -20 36 -98 -83 45 80 -54 11 19 
-19 29 62 13 30 -95 -12 30 13 103 51 -80 -52 81 -20 -12 
3 -35 -62 13 12 98 -1 -32 -55 -88 -12 93 5 -97 23 2 
12 33 49 -39 -55 -82 -62 -2 25 65 
RSSI :-110 
Input angle :140
Zaxis angle :29 
minval :0 

minval :0 



-1 -13 13 0 -1 14 -13 -2 4 -13 13 4 -5 12 -12 -6 
54 -6 -34 -87 -92 41 22 10 63 -84 -100 6 95 19 14 0 
-44 31 71 60 65 -77 -25 0 -21 103 86 -51 -92 29 -13 6 
28 -47 -90 -24 -26 97 21 -12 -29 -101 -56 83 72 -65 9 -11 
-3 54 90 -22 -24 -98 -14 20 69 79 11 -100 -33 91 -3 14 
-21 -50 -74 56 61 79 108 -61 -21 -111 
RSSI :-110 
Input angle :148
Zaxis angle :14 
minval :0 

minval :0 



-25 -5 7 -25 24 9 -12 23 -22 -13 15 -21 20 17 -19 17 
-8 -28 -33 10 13 81 4 3 -58 -92 -38 57 9 -44 10 -24 
20 21 24 -25 -44 -68 -5 -1 92 59 9 -68 11 43 4 26 
-28 -10 -10 33 70 42 5 -1 -108 -17 22 65 -29 -34 -14 -21 
29 -4 -6 -34 -81 -4 -4 3 104 -35 -48 -49 41 17 23 13 
-25 15 20 28 76 -31 -18 -110 19 91 
RSSI :-110 
Input angle :159
Zaxis angle :29 
minval :0 

minval :0 



-6 -17 17 -5 3 17 -17 2 0 -18 18 0 -2 18 -17 -3 
59 26 -7 -91 29 -95 -48 -66 38 89 38 -52 -48 42 17 -5 
-65 3 52 75 25 96 75 33 -74 -63 -6 64 19 -61 -13 12 
56 -32 -81 -44 -65 -75 -82 7 95 18 -25 -59 13 63 5 -17 
-31 56 92 -3 95 30 69 -45 -92 30 50 41 -42 -48 4 17 
-1 -65 -80 45 -98 17 18 -92 -36 -113 
RSSI :-110 
Input angle :318
Zaxis angle :14 
minval :0 

minval :0 



-18 4 -2 -18 18 -1 0 18 -18 -1 2 -18 17 3 -5 18 
21 50 18 -57 58 -79 -52 -52 11 96 67 -55 -30 37 -3 -17 
-44 -32 11 59 -11 98 72 18 -58 -77 -32 80 11 -46 11 13 
53 7 -37 -47 -38 -90 -73 16 86 43 -9 -87 12 46 -16 -7 
-51 17 55 23 77 61 54 -50 -96 7 49 71 -33 -35 18 -1 
37 -39 -60 4 -95 -24 -30 -98 -26 127 
RSSI :-110 
Input angle :182
Zaxis angle :20 
minval :0 

minval :0 



28 8 -11 28 -28 -15 13 -26 26 18 -16 24 -22 -22 21 -19 
-65 -7 42 46 46 89 73 -28 -82 -37 4 68 -33 -67 -11 27 
59 -23 -58 -23 -80 -59 -54 55 91 1 -35 -60 59 46 -2 -29 
-44 46 63 -6 98 17 20 -75 -81 41 60 34 -74 -13 16 27 
17 -64 -51 33 -88 42 17 75 50 -76 -70 0 70 -26 -28 -15 
14 63 28 -58 68 -74 -17 -18 45 -7 
RSSI :-110 
Input angle :162
Zaxis angle :14 
minval :0 

minval :0 



-15 37 -37 -20 21 -36 32 25 -27 29 -28 -31 32 -28 25 32 
64 -46 -69 -10 -72 -67 -54 26 79 -17 -25 -51 49 23 -36 -19 
-29 71 67 -24 95 25 33 -49 -64 50 45 34 -54 2 40 -3 
-6 -77 -49 50 -96 18 -5 59 28 -79 -57 -9 47 -24 -36 20 
40 66 18 -67 77 -63 -23 -55 9 80 54 -19 -31 45 22 -35 
-65 -44 14 70 -41 92 -82 -89 -36 -21 
RSSI :-110 
Input angle :270
Zaxis angle :0 
minval :0 

minval :0 



0 -17 16 2 -5 14 -15 -5 8 -13 15 10 -10 14 -13 -8 
-60 42 88 -16 73 62 47 -47 -70 0 14 55 -57 -32 15 2 
31 -65 -72 51 -95 -25 -17 65 61 -31 -39 -41 65 0 -15 4 
2 73 34 -81 95 -25 -17 -65 -37 59 54 18 -56 32 11 -10 
-36 -63 6 88 -71 68 43 52 7 -69 -55 11 36 -55 -4 15 
61 39 -49 -73 30 -93 17 52 31 99 
RSSI :-110 
Input angle :162
Zaxis angle :36 
minval :0 

minval :0 



-10 -25 26 -7 6 26 -27 3 -1 -27 27 1 -3 27 -26 -5 
-24 66 63 -39 97 19 23 -55 -70 45 32 33 -53 8 25 -7 
-11 -70 -37 64 -93 32 3 60 37 -74 -44 -15 44 -31 -19 18 
45 54 0 -75 68 -72 -31 -51 1 82 46 -7 -21 49 8 -25 
-65 -27 32 67 -23 96 52 30 -40 -72 -36 29 -1 -54 6 26 
71 -2 -60 -43 -20 -97 114 25 24 85 
RSSI :-110 
Input angle :154
Zaxis angle :39 
minval :0 

minval :0 



-35 2 0 -35 35 3 -5 35 -34 -8 11 -34 33 13 -16 31 
59 29 -35 -60 25 -96 -47 -7 25 78 30 -28 10 57 0 -35 
-65 1 60 35 27 96 44 -18 -60 -56 -12 39 -36 -45 16 31 
57 -32 -69 -1 -70 -71 -32 35 80 18 -9 -40 55 19 -30 -18 
-33 57 63 -29 96 28 9 -47 -78 24 26 32 -57 5 35 3 
6 -65 -42 55 -98 17 65 104 -29 -49 
RSSI :-110 
Input angle :154
Zaxis angle :25 
minval :0 

minval :0 



5 8 -9 4 -3 -9 9 -2 1 9 -9 1 0 -10 9 0 
66 -18 -86 -18 -70 -72 -55 59 63 32 4 -55 46 47 -7 4 
-47 49 84 -25 97 27 21 -78 -71 0 21 51 -64 -17 4 -7 
22 -65 -60 63 -100 16 18 79 62 -33 -42 -35 64 -15 0 9 
13 67 27 -83 80 -61 -53 -61 -39 59 54 11 -52 41 -4 -8 
-41 -55 14 86 -37 94 -96 57 -36 73 
RSSI :-110 
Input angle :177
Zaxis angle :20 
minval :0 

minval :0 



-12 19 -19 -13 15 -18 16 16 -17 15 -13 -18 20 -11 10 20 
72 -16 -66 -18 -43 -87 -64 57 48 58 12 -52 63 48 -17 -13 
-56 47 67 -14 76 61 31 -80 -68 -32 13 51 -78 -17 22 5 
29 -68 -53 43 -96 -13 8 86 76 -2 -35 -39 76 -24 -21 6 
7 73 23 -65 93 -29 -49 -71 -64 41 51 15 -50 61 15 -16 
-40 -61 8 68 -65 72 -63 45 -34 -61 
RSSI :-110 
Input angle :181
Zaxis angle :14 
minval :0 

minval :0 



17 -35 34 19 -22 32 -30 -25 28 -27 26 29 -31 23 -20 -32 
-67 -34 35 68 -2 99 56 -26 -39 -66 -29 47 -24 -54 32 20 
75 0 -64 -42 -46 -88 -38 49 65 42 0 -56 48 35 -38 -3 
-64 40 77 8 82 55 10 -62 -77 -3 24 50 -59 -10 35 -14 
43 -62 -72 27 -98 -11 21 59 70 -31 -45 -32 57 -18 -23 29 
-5 75 50 -59 93 -34 110 -58 30 -75 
RSSI :-110 
Input angle :32
Zaxis angle :20 
minval :0 

minval :0 



58 -4 -1 58 -57 -5 10 -57 56 14 -18 54 -53 -22 26 -50 
4 -73 -32 52 -117 52 30 63 56 -77 -76 -17 58 -55 1 56 
29 66 5 -60 81 -101 -54 -43 -10 93 75 -16 -26 75 -28 -49 
-57 -46 23 56 -26 126 69 9 -33 -88 -58 51 -13 -78 47 30 
71 10 -49 -35 -37 -124 -65 26 74 59 20 -74 47 64 -56 -6 
-69 24 60 8 91 89 15 -70 -3 -89 
RSSI :-110 
Input angle :172
Zaxis angle :29 
minval :0 

minval :0 



-27 -11 12 -23 21 16 -15 22 -23 -19 19 -20 19 24 -22 16 
-2 81 55 -67 96 -13 -13 -72 -48 48 55 21 -63 31 10 -25 
-37 -72 -14 85 -77 63 47 56 25 -64 -57 9 42 -56 1 27 
69 48 -28 -84 36 -91 -66 -31 9 69 51 -30 -8 70 -10 -22 
-84 -8 62 58 13 98 74 -8 -40 -53 -27 52 -23 -66 20 16 
78 -28 -83 -25 -52 -82 -95 -75 13 33 
RSSI :-110 
Input angle :165
Zaxis angle :36 
minval :0 

minval :0 



-4 -26 27 -2 0 27 -27 -2 4 -27 26 6 -8 26 -25 -10 
-33 76 86 -30 96 24 22 -46 -72 30 30 36 -50 -2 26 -1 
-8 -83 -59 69 -95 25 0 51 50 -59 -43 -19 46 -20 -22 14 
44 70 21 -89 72 -68 -24 -44 -16 76 47 -1 -30 39 13 -23 
-72 -41 23 88 -36 91 42 28 -22 -74 -40 25 8 -49 -2 27 
83 2 -60 -69 -10 -98 -15 -4 28 -101 
RSSI :-110 
Input angle :158
Zaxis angle :36 
minval :0 

minval :0 



8 14 -15 7 -6 -15 15 -4 2 16 -16 1 0 -16 16 0 
69 -35 -87 -14 -75 -65 -55 23 80 27 -11 -55 45 14 -14 6 
-41 66 84 -27 98 22 35 -47 -83 12 35 44 -47 6 9 -12 
6 -78 -59 65 -95 30 -10 59 68 -50 -51 -24 38 -28 -2 16 
31 71 23 -85 71 -70 -18 -56 -35 77 56 -3 -19 43 -5 -14 
-59 -51 17 87 -33 94 79 -53 -43 -117 
RSSI :-110 
Input angle :173
Zaxis angle :32 
minval :0 

minval :0 



3 -25 24 6 -8 24 -23 -10 12 -22 21 13 -15 20 -18 -17 
-65 37 84 31 59 77 41 -42 -73 -45 3 51 -39 -18 24 6 
39 -64 -90 10 -91 -35 -15 56 86 3 -27 -44 43 -2 -24 5 
-4 74 73 -53 97 -13 -12 -57 -78 36 44 25 -36 23 18 -16 
-30 -68 -37 82 -81 53 37 45 51 -69 -51 -4 22 -36 -9 22 
57 48 -3 -90 45 -86 -97 -87 42 5 
RSSI :-110 
Input angle :175
Zaxis angle :20 
minval :0 

minval :0 



25 -1 -2 25 -25 -1 6 -24 25 6 -11 23 -19 -10 13 -20 
-73 -28 23 88 -15 97 49 11 -22 -84 -34 38 -18 -37 0 24 
77 -7 -58 -70 -31 -92 -48 13 62 62 11 -50 34 24 -11 -21 
-64 43 86 32 71 71 35 -33 -83 -28 10 50 -42 -8 20 13 
35 -69 -90 6 -94 -27 -15 46 85 -18 -34 -38 39 -14 -24 -2 
0 78 75 -52 96 -19 -115 -87 25 -9 
RSSI :-110 
Input angle :176
Zaxis angle :29 
minval :0 

minval :0 



-20 -12 14 -19 18 15 -17 17 -15 -18 19 -13 11 20 -21 11 
7 41 28 -35 62 -25 -3 -22 -24 40 26 3 -11 18 14 -19 
-25 -32 -5 45 -42 52 14 17 2 -47 -24 9 2 -21 -4 23 
37 18 -12 -43 12 -65 -20 -9 20 43 17 -19 8 20 -8 -22 
-41 1 32 32 19 64 23 -1 -37 -30 -5 25 -17 -13 17 17 
35 -21 -43 -14 -46 -49 0 -89 2 113 
RSSI :-110 
Input angle :179
Zaxis angle :32 
minval :0 

minval :0 



1 40 -41 -3 6 -40 40 9 -11 39 -38 -14 17 -36 34 20 
58 -55 -87 -21 -70 -67 -39 32 87 8 -18 -49 46 7 -40 -1 
-27 75 87 -21 95 20 19 -47 -81 35 37 37 -45 13 36 -16 
-10 -80 -66 61 -93 26 5 50 55 -68 -50 -13 32 -33 -24 31 
48 64 30 -84 72 -65 -29 -42 -16 86 50 -11 -12 45 8 -39 
-73 -33 12 89 -32 91 63 -41 -43 -23 
RSSI :-110 
Input angle :162
Zaxis angle :32 
minval :0 

minval :0 



-34 -17 20 -32 30 23 -24 29 -27 -26 29 -24 21 31 -32 18 
17 68 54 -70 92 -26 -5 -49 -49 72 52 8 -31 28 20 -31 
-48 -51 -15 87 -66 69 29 40 6 -87 -49 17 12 -41 -3 37 
66 23 -30 -84 26 -92 -45 -20 35 80 36 -38 8 42 -14 -34 
-69 10 67 58 16 94 49 0 -69 -52 -13 50 -28 -32 29 24 
57 -40 -85 -26 -55 -78 2 -103 7 99 
RSSI :-110 
Input angle :168
Zaxis angle :36 
minval :0 

minval :0 



-37 15 -8 -36 40 -6 7 36 -40 4 4 -39 38 1 -5 39 
68 30 -17 -88 33 -92 -40 -19 32 80 37 -36 8 37 -10 -37 
-73 3 59 65 12 95 45 0 -65 -57 -19 49 -24 -29 24 28 
65 -34 -83 -31 -56 -78 -39 22 85 19 -9 -52 35 16 -36 -12 
-41 62 89 -7 83 48 24 -37 -84 23 34 40 -38 1 37 -6 
6 -74 -75 48 -96 -1 82 -97 -30 -35 
RSSI :-110 
Input angle :172
Zaxis angle :29 
minval :0 

minval :0 



-30 32 -29 -33 35 -26 22 38 -40 19 -15 -41 42 -11 8 43 
69 8 -45 -76 0 -97 -46 -3 61 67 20 -44 23 30 -27 -34 
-64 27 75 46 44 86 42 -18 -84 -31 4 49 -34 -16 41 15 
44 -54 -88 -3 -81 -53 -27 37 89 -12 -26 -42 38 0 -43 3 
-14 68 78 -39 96 8 8 -46 -71 55 43 24 -34 18 37 -22 
-22 -66 -53 69 -91 34 -31 -125 -41 -49 
RSSI :-110 
Input angle :44
Zaxis angle :0 
minval :0 

minval :0 



36 27 -31 33 -30 -34 37 -27 25 38 -40 21 -18 -41 42 -15 
-10 -66 -63 60 -94 22 10 40 46 -76 -48 -6 25 -24 -32 31 
38 55 29 -82 73 -62 -30 -29 -2 89 45 -19 -9 34 13 -43 
-61 -29 12 87 -33 90 40 12 -39 -80 -31 37 -6 -34 9 44 
67 0 -52 -70 -9 -96 -41 8 71 53 9 -48 21 27 -28 -35 
-58 34 78 38 54 79 125 -123 -7 73 
RSSI :-110 
Input angle :172
Zaxis angle :32 
minval :0 

minval :0 



-41 6 -1 -42 42 0 -4 41 -42 -10 13 -40 39 15 -20 37 
42 55 16 -84 63 -74 -29 -28 9 90 43 -22 -9 35 0 -42 
-64 -27 23 83 -27 94 39 9 -47 -77 -30 39 -8 -36 19 36 
69 -6 -56 -65 -20 -95 -40 7 79 44 7 -49 24 27 -33 -24 
-57 39 81 29 64 73 31 -26 -91 0 15 47 -34 -13 41 4 
34 -60 -86 13 -92 -33 -62 10 -21 57 
RSSI :-110 
Input angle :165
Zaxis angle :36 
minval :0 

minval :0 



-4 41 -41 -7 10 -40 39 13 -16 38 -36 -20 23 -34 32 25 
59 -36 -78 -34 -59 -78 -35 23 90 8 -10 -49 33 16 -40 -8 
-36 58 85 -6 89 40 21 -37 -85 30 31 39 -37 1 40 -10 
6 -69 -73 43 -98 -1 0 43 61 -66 -46 -19 32 -18 -29 29 
27 64 43 -73 86 -46 -20 -38 -20 88 50 -4 -20 30 10 -39 
-54 -43 -5 85 -53 82 47 5 -44 -77 
RSSI :-110 
Input angle :144
Zaxis angle :39 
minval :0 

minval :0 



24 -33 30 28 -31 27 -25 -33 34 -22 20 36 -37 17 -14 -38 
-67 -3 50 72 9 96 43 -3 -74 -53 -17 44 -23 -28 30 27 
61 -28 -79 -39 -54 -80 -36 24 90 14 -6 -47 33 15 -39 -9 
-40 54 88 -1 86 45 20 -38 -86 28 28 38 -36 1 40 -10 
9 -67 -74 46 -97 -1 0 43 62 -66 -43 -20 31 -19 -31 26 
22 64 48 -73 87 -42 111 31 44 -91 
RSSI :-110 
Input angle :170
Zaxis angle :32 
minval :0 

minval :0 



41 -18 14 43 -44 10 -7 -45 45 -3 0 45 -45 -3 6 -44 
-61 -29 18 87 -33 91 41 14 -36 -84 -35 31 -7 -32 16 42 
67 -2 -59 -66 -17 -96 -43 8 74 53 17 -43 23 24 -33 -31 
-58 33 84 29 56 79 34 -26 -90 -17 6 46 -31 -10 43 12 
35 -57 -88 10 -86 -44 -18 39 86 -29 -28 -37 33 -4 -44 9 
-8 67 74 -49 97 -3 14 93 33 31 
RSSI :-110 
Input angle :181
Zaxis angle :36 
minval :0 

minval :0 



18 37 -42 16 -14 -41 44 -9 7 44 -46 3 2 -46 44 4 
28 -63 -85 15 -93 -28 -18 41 81 -40 -32 -34 30 -10 -39 14 
-1 68 69 -56 96 -18 0 -46 -51 74 45 13 -23 24 29 -33 
-32 -62 -36 81 -75 62 23 37 15 -89 -46 9 10 -30 -12 42 
59 36 -11 -89 36 -92 -40 -22 33 85 35 -31 5 33 -12 -42 
-70 -5 52 71 2 97 -3 6 -29 -103 
RSSI :-110 
Input angle :176
Zaxis angle :29 
minval :0 

minval :0 



-40 -28 30 -37 36 33 -36 34 -28 -38 40 -27 20 44 -43 18 
1 72 75 -57 122 -23 -4 -45 -58 79 45 14 -26 24 31 -37 
-36 -63 -39 86 -100 75 22 38 15 -96 -46 8 13 -32 -11 47 
59 42 -4 -94 51 -113 -39 -22 27 94 35 -31 6 35 -15 -45 
-72 -5 53 78 6 124 45 1 -68 -70 -18 43 -20 -28 33 34 
67 -27 -82 -48 -64 -106 112 24 3 -119 
RSSI :-110 
Input angle :178
Zaxis angle :32 
minval :0 

minval :0 



38 -20 17 40 -41 13 -9 -43 43 -6 4 43 -44 0 3 -43 
-69 -11 38 78 -4 96 40 8 -58 -68 -20 32 -18 -25 17 40 
67 -21 -71 -50 -36 -89 -39 13 83 33 2 -38 28 13 -33 -27 
-47 51 86 12 76 59 29 -30 -89 9 16 35 -31 0 42 9 
20 -67 -82 30 -95 -16 -11 40 76 -47 -30 -23 28 -15 -42 10 
17 68 57 -66 91 -32 -18 62 40 3 
RSSI :-110 
Input angle :175
Zaxis angle :36 
minval :0 

minval :0 



9 43 -44 6 -2 -44 45 1 -4 44 -44 -8 12 -43 41 15 
44 -56 -87 1 -86 -43 -20 35 86 -25 -25 -33 33 -6 -44 5 
-9 71 73 -46 96 0 1 -40 -62 64 37 17 -24 23 35 -27 
-25 -67 -42 75 -83 49 18 36 23 -86 -42 2 12 -31 -19 40 
55 46 5 -86 50 -82 -32 -24 22 87 34 -22 2 33 -2 -44 
-70 -16 36 78 -7 96 62 -14 -35 125 
RSSI :-110 
Input angle :173
Zaxis angle :32 
minval :0 

minval :0 



16 46 -47 14 -11 -47 46 -7 1 48 -49 -1 4 -49 47 10 
32 -62 -85 24 -111 -35 -18 43 80 -49 -27 -32 33 -12 -46 12 
6 67 58 -64 116 -21 -4 -46 -49 82 38 14 -23 24 34 -31 
-40 -57 -30 86 -96 73 23 41 3 -95 -40 4 9 -34 -14 45 
61 35 -17 -87 46 -111 -41 -23 39 83 33 -24 9 34 -7 -45 
-67 -5 55 67 6 118 -81 -24 -8 109 
RSSI :-110 
Input angle :173
Zaxis angle :39 
minval :0 

minval :0 



34 23 -25 33 -31 -28 30 -28 26 32 -35 22 -19 -37 37 -17 
-11 -68 -58 65 -91 33 9 41 38 -83 -41 -14 16 -26 -26 32 
41 55 22 -85 66 -71 -27 -32 3 91 42 -6 -4 30 6 -40 
-63 -27 21 85 -22 94 38 16 -48 -78 -33 26 -12 -28 13 39 
68 -6 -58 -66 -23 -94 -41 6 79 45 19 -38 23 20 -29 -29 
-58 36 82 30 63 73 -3 77 -4 -25 
RSSI :-110 
Input angle :181
Zaxis angle :36 
minval :0 

minval :0 



32 8 -10 30 -29 -12 15 -28 27 17 -21 24 -22 -23 24 -21 
-30 -61 -41 83 -76 61 19 34 35 -84 -43 5 19 -35 -11 29 
52 43 0 -93 40 -88 -31 -22 9 91 36 -25 -1 40 -2 -31 
-68 -8 44 81 9 97 38 4 -51 -75 -20 39 -18 -36 18 26 
64 -21 -77 -52 -51 -83 -36 14 79 45 0 -44 32 24 -28 -14 
-47 48 92 8 85 47 -35 -103 -3 97 
RSSI :-110 
Input angle :170
Zaxis angle :29 
minval :0 

minval :0 



21 -23 21 23 -25 19 -17 -26 28 -15 13 29 -29 11 -9 -29 
-63 -23 33 89 -6 99 59 15 -48 -73 -28 41 -7 -40 21 23 
66 -9 -71 -62 -35 -92 -59 14 76 44 9 -49 26 31 -29 -10 
-55 38 92 22 77 62 47 -38 -88 -8 17 47 -38 -14 30 -4 
30 -59 -92 23 -97 -19 -21 57 80 -36 -36 -34 40 -2 -25 18 
2 67 68 -66 95 -27 -98 120 36 83 
RSSI :-110 
Input angle :183
Zaxis angle :32 
minval :0 

minval :0 



-18 -10 12 -17 16 13 -15 15 -13 -16 17 -12 10 18 -19 9 
-17 69 77 -52 97 -3 5 -55 -76 49 41 28 -41 15 13 -16 
-17 -69 -42 83 -84 48 21 51 48 -77 -50 -5 30 -33 -2 20 
49 50 0 -93 51 -82 -43 -35 -3 90 46 -19 -8 43 -7 -19 
-66 -24 44 82 -8 97 54 10 -40 -81 -33 38 -11 -43 16 13 
70 -11 -77 -52 -40 -88 82 105 24 -51 
RSSI :-110 
Input angle :173
Zaxis angle :29 
minval :0 

minval :0 



-19 11 -7 -18 23 -4 2 23 -19 3 -1 -19 20 1 -6 22 
28 57 39 -83 68 -69 -29 -40 -23 90 59 1 -20 39 -4 -18 
-55 -38 4 93 -32 93 46 20 -15 -90 -50 27 0 -43 12 14 
65 6 -47 -78 -13 -98 -51 4 59 72 31 -48 19 39 -18 -4 
-61 22 79 47 66 75 43 -26 -83 -37 -7 58 -34 -26 21 -1 
44 -49 -91 -3 -90 -41 2 -113 -6 -67 
RSSI :-110 
Input angle :173
Zaxis angle :29 
minval :0 

minval :0 



25 7 -10 24 -23 -12 14 -21 20 16 -18 19 -17 -19 20 -16 
-23 -56 -42 73 -87 43 15 42 33 -80 -56 -11 17 -34 -11 23 
46 39 1 -84 55 -80 -33 -30 6 86 55 -16 0 38 -1 -27 
-59 -16 35 77 -13 97 43 15 -44 -73 -40 39 -19 -30 12 22 
58 -16 -67 -50 -30 -93 -44 8 74 45 17 -55 32 20 -21 -14 
-44 41 83 11 72 65 -115 -106 -2 55 
RSSI :-110 
Input angle :183
Zaxis angle :29 
minval :0 

minval :0 



1 -29 29 4 -6 29 -27 -10 13 -25 25 14 -16 22 -22 -16 
-58 45 79 22 65 70 26 -24 -81 -31 11 59 -40 -4 29 9 
29 -64 -80 15 -90 -32 -10 33 86 -9 -32 -49 36 -15 -27 7 
0 72 63 -50 96 -16 -7 -32 -69 50 53 28 -26 29 20 -20 
-37 -61 -29 76 -77 57 20 31 34 -79 -59 -3 10 -40 -9 26 
62 35 -10 -82 34 -91 96 105 43 -79 
RSSI :-110 
Input angle :184
Zaxis angle :25 
minval :0 

minval :0 



6 -25 21 12 -14 22 -19 -12 15 -22 16 16 -19 19 -13 -21 
-66 -4 50 78 4 100 59 1 -47 -69 -36 40 -19 -41 24 9 
60 -31 -80 -44 -50 -85 -54 29 76 34 10 -57 38 25 -23 3 
-38 54 90 1 90 44 36 -49 -77 5 16 55 -45 -7 22 -14 
9 -67 -82 42 -100 -2 -6 60 70 -37 -43 -39 42 -15 -9 22 
21 65 52 -74 90 -41 110 -99 34 -95 
RSSI :-110 
Input angle :175
Zaxis angle :25 
minval :0 

minval :0 



28 22 -24 26 -24 -26 28 -22 20 29 -31 17 -14 -33 33 -12 
28 -61 -86 20 -97 -25 2 39 73 -22 -39 -36 48 -10 -23 27 
2 68 67 -58 97 -22 -20 -33 -54 54 52 13 -39 29 9 -34 
-35 -58 -32 82 -75 66 34 18 24 -73 -52 12 20 -44 7 35 
58 35 -8 -88 38 -93 -39 -1 13 75 40 -36 3 49 -23 -26 
-68 -4 52 71 11 100 126 -122 -31 27 
RSSI :-110 
Input angle :170
Zaxis angle :25 
minval :0 

minval :0 



17 15 -17 16 -15 -18 19 -13 12 20 -21 9 -8 -22 22 -6 
29 -68 -87 22 -98 -14 -4 51 76 -18 -42 -41 53 -3 -16 16 
5 74 64 -62 94 -32 -17 -49 -61 48 57 16 -46 26 7 -21 
-39 -63 -32 84 -66 74 38 35 29 -72 -58 12 27 -46 3 22 
65 36 -14 -89 23 -97 -50 -13 7 78 45 -38 -3 53 -14 -18 
-74 -3 53 72 21 97 -50 116 -33 -105 
RSSI :-110 
Input angle :170
Zaxis angle :29 
minval :0 

minval :0 



-2 -34 34 0 -4 33 -33 -7 9 -32 31 12 -15 30 -29 -17 
-72 31 85 25 62 79 32 -28 -76 -19 3 72 -41 -23 33 1 
47 -63 -86 18 -90 -44 -14 40 77 -16 -36 -62 47 1 -30 14 
-12 78 68 -56 100 -5 -6 -43 -60 50 60 39 -42 21 20 -26 
-21 -75 -34 81 -86 50 25 35 30 -73 -71 -8 27 -38 -5 33 
54 57 -9 -88 51 -86 -96 -80 39 -121 
RSSI :-110 
Input angle :176
Zaxis angle :25 
minval :0 

minval :0 



19 16 -17 17 -16 -18 20 -14 12 20 -21 11 -9 -22 23 -7 
16 -77 -71 54 -99 7 -6 38 66 -56 -51 -34 42 -27 -17 15 
19 77 34 -83 84 -52 -11 -38 -34 79 61 6 -25 43 7 -22 
-54 -56 4 90 -51 85 27 28 -7 -87 -58 20 0 -51 2 24 
74 25 -47 -76 3 -99 -37 -14 46 73 41 -45 23 45 -14 -19 
-77 11 78 44 44 89 13 53 -22 1 
RSSI :-110 
Input angle :176
Zaxis angle :29 
minval :0 

minval :0 



-14 -23 24 -13 11 25 -26 9 -6 -27 27 -4 2 27 -27 0 
-16 70 71 -39 97 18 11 -45 -84 31 39 48 -48 14 24 -11 
-19 -69 -46 66 -94 31 12 44 60 -67 -57 -22 36 -34 -16 21 
50 52 11 -80 71 -69 -30 -34 -23 86 62 -4 -16 47 5 -26 
-67 -25 30 75 -31 94 43 16 -20 -87 -50 35 -7 -49 9 25 
72 -9 -61 -54 -20 -97 65 3 33 -13 
RSSI :-110 
Input angle :182
Zaxis angle :25 
minval :0 

minval :0 



2 26 -26 0 1 -26 26 3 -5 25 -24 -8 10 -24 22 12 
32 -69 -79 15 -90 -34 -22 33 78 -20 -37 -46 44 -12 -26 -1 
3 76 64 -49 95 -11 2 -40 -60 54 54 24 -32 32 23 -11 
-39 -65 -32 74 -80 52 15 37 30 -74 -59 6 12 -43 -15 21 
64 40 -4 -81 47 -83 -31 -25 15 79 49 -33 8 45 2 -25 
-76 -3 43 68 2 96 -50 125 -33 107 
RSSI :-110 
Input angle :151
Zaxis angle :39 
minval :0 

minval :0 



-33 -16 18 -32 30 21 -23 28 -25 -26 29 -23 21 30 -30 20 
8 76 48 -73 90 -37 -7 -44 -41 80 55 7 -27 44 18 -31 
-44 -62 -7 87 -63 75 28 35 -1 -90 -52 16 2 -52 -3 36 
67 37 -35 -80 20 -95 -41 -19 42 79 39 -38 22 47 -14 -33 
-77 1 66 56 23 95 45 -2 -75 -49 -15 53 -40 -32 28 22 
67 -37 -86 -17 -67 -71 2 83 4 93 
RSSI :-110 
Input angle :176
Zaxis angle :36 
minval :0 

minval :0 



-1 29 -29 -3 5 -28 28 8 -10 27 -27 -11 13 -25 24 16 
68 -37 -79 -24 -59 -79 -40 25 84 22 -2 -63 46 13 -28 -5 
-43 64 81 -15 92 36 23 -42 -84 22 32 54 -47 9 27 -10 
6 -77 -63 53 -98 8 -1 48 66 -56 -54 -32 36 -32 -20 20 
29 71 30 -76 83 -52 -22 -42 -33 81 62 1 -18 45 8 -27 
-59 -49 7 82 -47 86 -17 -76 -44 -41 
RSSI :-110 
Input angle :182
Zaxis angle :29 
minval :0 

minval :0 



-8 -15 16 -7 5 17 -17 3 -2 -17 17 -1 0 17 -17 -1 
-54 56 86 -6 85 51 25 -42 -80 9 30 63 -51 -4 15 -6 
23 -75 -73 45 -99 -9 -2 49 67 -46 -56 -42 47 -20 -10 13 
14 76 43 -74 92 -36 -20 -44 -35 73 70 7 -32 40 3 -17 
-49 -60 0 86 -61 78 39 29 0 -81 -66 23 9 -50 4 16 
72 28 -36 -78 20 -98 -15 -39 35 -57 
RSSI :-110 
Input angle :172
Zaxis angle :29 
minval :0 

minval :0 



14 -12 10 15 -16 9 -7 -17 17 -5 4 18 -18 3 -2 -19 
-69 -14 44 67 -1 98 45 -4 -50 -70 -31 60 -29 -43 10 15 
66 -23 -71 -36 -43 -87 -37 25 77 40 0 -68 47 23 -16 -8 
-48 51 80 -2 79 58 21 -40 -86 4 31 60 -52 1 18 0 
19 -68 -71 36 -97 -12 0 45 74 -44 -54 -40 45 -25 -16 8 
14 69 44 -66 91 -36 -18 25 36 65 
RSSI :-110 
Input angle :176
Zaxis angle :25 
minval :0 

minval :0 



25 1 -4 25 -25 -6 8 -24 23 10 -12 22 -20 -15 16 -19 
-50 -58 0 75 -64 76 33 24 11 -80 -64 21 4 -56 -5 25 
71 29 -32 -68 25 -96 -39 -8 28 76 44 -51 23 51 -6 -24 
-77 8 61 43 24 96 38 -12 -60 -54 -14 66 -45 -33 17 17 
61 -46 -75 -8 -67 -73 -28 29 80 17 -18 -65 55 10 -24 -7 
-32 70 70 -27 94 32 13 -67 10 49 
RSSI :-110 
Input angle :173
Zaxis angle :32 
minval :0 

minval :0 



19 -24 22 22 -23 21 -19 -24 26 -17 15 27 -28 13 -10 -29 
-65 34 61 28 58 80 21 -14 -71 -41 8 62 -57 -24 21 21 
38 -63 -68 3 -88 -45 -13 22 82 6 -35 -51 62 -4 -29 -8 
-6 73 59 -33 99 0 1 -25 -76 31 54 29 -53 31 30 -4 
-27 -69 -39 55 -87 47 11 22 50 -66 -62 -1 33 -52 -24 19 
56 48 7 -67 56 -81 63 41 41 -85 
RSSI :-110 
Input angle :153
Zaxis angle :20 
minval :0 

minval :0 



-13 -18 19 -12 11 19 -20 9 -6 -21 22 -5 3 22 -22 2 
7 71 60 -46 98 -13 -3 -35 -73 43 65 25 -52 34 18 -11 
-40 -59 -33 69 -80 58 20 29 41 -74 -69 10 26 -57 -11 18 
63 33 1 -76 46 -87 -31 -17 -7 84 57 -39 1 63 2 -21 
-72 -1 37 67 0 99 35 0 -32 -79 -32 61 -30 -55 8 20 
65 -30 -63 -43 -43 -89 114 -15 25 37 
RSSI :-110 
Input angle :162
Zaxis angle :25 
minval :0 

minval :0 



3 23 -24 1 0 -24 24 1 -4 23 -23 -5 7 -23 22 9 
60 -56 -74 -1 -84 -54 -26 36 77 19 -26 -68 71 12 -23 1 
-31 76 65 -33 99 10 5 -44 -77 18 56 47 -68 25 20 -12 
-9 -82 -42 61 -91 38 17 41 59 -53 -72 -13 49 -53 -11 20 
44 69 9 -73 64 -76 -33 -30 -28 74 70 -20 -19 69 1 -23 
-71 -41 26 69 -19 97 -33 55 -40 23 
RSSI :-110 
Input angle :173
Zaxis angle :25 
minval :0 

minval :0 



-29 10 -8 -30 30 -5 3 31 -31 0 1 -31 31 3 -6 30 
52 52 5 -70 59 -79 -41 -17 -6 81 66 -27 2 58 -6 -30 
-71 -21 27 64 -14 98 44 -4 -29 -76 -46 54 -30 -50 19 23 
73 -14 -54 -43 -31 -94 -38 23 62 52 15 -70 49 31 -29 -11 
-57 47 69 12 70 70 21 -39 -80 -15 22 67 -58 -5 31 -2 
36 -65 -67 17 -94 -31 98 124 -11 7 
RSSI :-110 
Input angle :183
Zaxis angle :20 
minval :0 

minval :0 



-46 18 -17 -44 47 -12 10 45 -45 2 0 -47 46 5 -10 46 
73 36 -5 -77 51 -112 -31 -13 15 93 47 -52 22 47 -11 -45 
-83 2 44 62 10 122 33 -2 -58 -73 -15 67 -39 -34 33 34 
74 -39 -67 -33 -59 -104 -27 17 87 39 -16 -66 51 12 -44 -17 
-44 71 75 -1 106 63 16 -28 -97 4 45 54 -50 15 47 -8 
9 -81 -65 36 -117 -1 -112 119 -7 -127 
RSSI :-110 
Input angle :175
Zaxis angle :25 
minval :0 

minval :0 



38 17 -19 37 -35 -21 25 -33 32 27 -29 30 -28 -31 33 -25 
-26 -75 -45 54 -88 43 5 34 58 -71 -72 -2 20 -48 -19 36 
56 56 16 -67 61 -76 -22 -27 -22 89 65 -27 4 49 1 -41 
-76 -25 17 68 -16 96 30 15 -21 -89 -45 54 -26 -42 17 37 
79 -13 -49 -51 -26 -94 -34 0 62 67 12 -70 44 24 -33 -23 
-61 51 67 21 70 68 -51 1 -16 113 
RSSI :-110 
Input angle :183
Zaxis angle :25 
minval :0 

minval :0 



6 -41 37 10 -11 39 -36 -15 18 -34 34 18 -23 31 -30 -25 
-72 30 59 37 43 89 29 -3 -77 -48 -1 68 -53 -24 35 8 
47 -59 -71 -6 -81 -57 -24 19 88 12 -35 -59 56 -2 -36 7 
-16 75 67 -25 98 20 13 -28 -83 31 56 36 -47 29 29 -23 
-17 -77 -46 54 -92 35 0 30 59 -66 -67 -6 26 -46 -14 36 
56 62 16 -67 72 -69 79 -33 43 -21 
RSSI :-110 
Input angle :192
Zaxis angle :29 
minval :0 

minval :0 



5 40 -37 3 0 -41 38 3 -9 36 -37 -15 14 -32 35 15 
65 -47 -66 -23 -59 -76 -30 10 87 24 -20 -63 55 10 -38 2 
-32 71 69 -5 87 40 24 -22 -88 17 49 45 -52 19 35 -16 
-5 -78 -58 37 -99 6 -9 32 75 -48 -64 -22 38 -40 -19 33 
41 69 34 -63 84 -52 -6 -33 -37 82 65 -4 -15 54 0 -38 
-69 -42 3 71 -45 87 -1 71 -45 101 
RSSI :-110 
Input angle :165
Zaxis angle :44 
minval :0 

minval :0 



-1 -38 38 0 -4 38 -38 -6 9 -37 36 13 -16 34 -32 -20 
-67 42 65 30 56 80 33 -7 -82 -36 11 66 -52 -15 37 4 
41 -68 -71 5 -88 -43 -25 22 89 -8 -43 -52 53 -10 -35 14 
-3 80 62 -34 98 0 11 -32 -75 48 62 26 -41 34 23 -29 
-34 -72 -38 60 -85 47 2 34 45 -78 -67 4 21 -49 -7 37 
63 48 5 -70 53 -82 95 15 45 85 
RSSI :-110 
Input angle :191
Zaxis angle :32 
minval :0 

minval :0 



18 -34 33 21 -24 31 -29 -26 29 -26 24 31 -33 22 -19 -33 
-78 4 42 62 12 99 35 8 -58 -68 -22 61 -40 -35 32 21 
68 -36 -66 -34 -58 -80 -35 9 83 34 -8 -64 51 11 -38 -5 
-44 64 75 0 89 45 26 -25 -89 7 35 55 -51 13 36 -12 
9 -77 -67 33 -99 -3 -15 33 77 -46 -57 -32 39 -35 -26 28 
27 73 44 -60 89 -44 126 110 38 -49 
RSSI :-110 
Input angle :178
Zaxis angle :36 
minval :0 

minval :0 



35 -12 9 36 -37 6 -2 -38 38 0 -3 37 -37 -6 8 -36 
-65 -47 -11 75 -46 88 26 28 -6 -90 -55 37 -16 -51 8 36 
80 9 -26 -71 1 -99 -36 -13 46 78 30 -60 39 36 -23 -29 
-75 27 57 50 46 87 38 -3 -75 -49 -1 67 -51 -14 34 14 
53 -60 -74 -15 -82 -55 -31 21 90 6 -30 -60 52 -9 -37 2 
-20 77 74 -14 98 12 -115 103 18 -63 
RSSI :-110 
Input angle :179
Zaxis angle :29 
minval :0 

minval :0 



9 -35 34 12 -16 32 -31 -18 20 -30 28 23 -25 25 -23 -27 
-74 24 57 51 46 87 38 -3 -78 -45 -2 65 -48 -21 32 13 
54 -57 -74 -20 -80 -57 -33 19 89 6 -26 -59 52 -4 -36 2 
-23 75 75 -18 97 13 21 -32 -83 33 51 40 -44 29 30 -18 
-15 -77 -59 49 -93 33 -3 38 55 -70 -63 -13 28 -45 -17 31 
47 62 25 -73 68 -71 -97 -125 44 57 
RSSI :-110 
Input angle :182
Zaxis angle :36 
minval :0 

minval :0 



-8 33 -33 -10 13 -31 30 15 -17 29 -27 -20 23 -25 23 25 
74 -21 -67 -50 -45 -88 -43 9 75 45 -2 -66 49 27 -31 -10 
-55 53 83 16 80 56 35 -27 -87 -3 31 58 -57 -3 33 -6 
27 -72 -80 27 -97 -14 -19 40 80 -34 -55 -36 51 -24 -28 18 
9 76 59 -60 93 -31 -2 -44 -56 67 66 8 -34 45 15 -29 
-46 -61 -25 81 -67 71 0 9 -43 41 
RSSI :-110 
Input angle :175
Zaxis angle :32 
minval :0 

minval :0 



-21 -14 15 -20 19 17 -18 17 -16 -20 21 -15 14 22 -22 12 
-11 86 73 -41 99 -2 -5 -47 -69 49 59 23 -49 40 15 -20 
-26 -82 -46 71 -87 46 27 39 36 -76 -63 7 24 -59 -3 25 
64 59 10 -84 51 -84 -43 -21 2 84 52 -36 3 64 -7 -23 
-84 -22 28 80 -9 98 48 0 -40 -75 -30 56 -30 -56 17 18 
86 -13 -62 -57 -39 -90 98 97 24 -93 
RSSI :-110 
Input angle :193
Zaxis angle :25 
minval :0 

minval :0 



30 13 -15 30 -28 -18 20 -27 25 22 -24 23 -20 -26 27 -18 
-8 -80 -68 55 -94 29 8 49 52 -66 -57 -5 36 -41 -15 28 
46 65 33 -82 71 -68 -30 -39 -14 83 54 -20 -15 52 1 -33 
-70 -39 7 88 -34 92 44 20 -22 -81 -37 44 -12 -53 13 30 
80 3 -47 -75 -12 -98 -49 0 60 59 13 -56 34 42 -26 -19 
-72 36 77 43 58 79 -67 -41 -13 -107 
RSSI :-110 
Input angle :173
Zaxis angle :25 
minval :0 

minval :0 



-12 -24 25 -10 8 28 -27 9 -6 -25 26 -1 0 29 -29 0 
-58 61 89 5 92 35 21 -41 -87 2 39 48 -60 10 26 -12 
25 -81 -83 38 -97 2 -2 48 78 -42 -56 -24 51 -34 -17 20 
16 83 55 -73 84 -48 -20 -42 -49 74 61 -3 -29 53 5 -27 
-49 -68 -18 88 -57 80 37 31 10 -89 -51 35 1 -61 8 27 
75 38 -22 -88 17 -97 -96 -102 41 13 
RSSI :-110 
Input angle :189
Zaxis angle :25 
minval :0 

minval :0 



8 -32 31 11 -14 30 -29 -16 18 -27 26 20 -22 24 -22 -24 
-84 20 77 48 48 86 41 -33 -85 -36 4 64 -46 -23 29 13 
63 -58 -90 -7 -84 -51 -24 47 92 -6 -33 -54 52 -1 -32 2 
-32 79 83 -36 99 12 0 -53 -80 45 54 34 -46 23 27 -18 
-11 -85 -61 67 -94 32 22 47 50 -77 -64 -5 30 -42 -17 27 
46 73 22 -88 67 -73 15 96 46 -121 
RSSI :-110 
Input angle :154
Zaxis angle :25 
minval :0 

minval :0 



37 17 -20 35 -33 -23 26 -30 28 29 -32 25 -23 -34 35 -20 
-24 -80 -36 72 -89 43 25 31 37 -78 -65 -2 22 -48 -24 33 
55 63 5 -81 62 -77 -37 -15 -4 87 59 -28 2 53 4 -40 
-80 -26 37 71 -16 97 40 -2 -39 -78 -38 52 -27 -46 13 38 
83 -7 -64 -48 -26 -95 -34 21 70 51 12 -64 44 29 -29 -28 
-70 46 79 13 68 71 109 70 -6 119 
RSSI :-110 
Input angle :175
Zaxis angle :25 
minval :0 

minval :0 



-13 -41 41 -11 7 42 -42 4 0 -43 43 3 -6 42 -41 -9 
-31 74 75 -19 90 38 24 -39 -74 35 38 50 -53 15 41 -9 
-2 -80 -58 51 -98 6 -2 46 48 -67 -58 -25 39 -38 -31 28 
41 69 29 -72 84 -50 -19 -41 -12 82 63 -1 -19 52 16 -39 
-69 -41 6 77 -52 83 35 29 -23 -79 -55 30 -7 -54 3 42 
79 9 -42 -65 6 -98 97 107 29 -15 
RSSI :-110 
Input angle :173
Zaxis angle :36 
minval :0 

minval :0 



-1 -39 39 1 -4 39 -38 -7 11 -37 36 15 -18 34 -33 -20 
-66 55 87 18 70 69 30 -36 -82 -12 19 60 -59 -9 38 4 
32 -79 -83 29 -95 -26 -10 45 78 -27 -44 -45 58 -15 -35 14 
8 86 62 -62 97 -15 -11 -45 -56 60 61 18 -43 42 25 -28 
-43 -74 -26 84 -76 62 31 35 25 -79 -62 11 18 -58 -8 37 
73 44 -15 -87 41 -89 -96 -126 40 -31 
RSSI :-110 
Input angle :175
Zaxis angle :32 
minval :0 

minval :0 



-5 38 -38 -8 10 -37 36 13 -16 35 -33 -19 22 -31 29 24 
74 -40 -83 -20 -65 -75 -33 43 77 9 -15 -67 56 12 -37 -7 
-43 73 83 -19 92 38 12 -53 -73 26 44 53 -56 15 37 -8 
8 -84 -66 55 -100 7 12 53 53 -57 -64 -25 44 -37 -29 24 
31 78 33 -79 85 -53 -36 -40 -21 75 68 -7 -20 54 14 -35 
-61 -59 4 85 -53 85 -81 5 -38 91 
RSSI :-110 
Input angle :176
Zaxis angle :25 
minval :0 

minval :0 



-30 -18 21 -28 27 22 -24 25 -23 -26 28 -21 18 30 -30 15 
27 75 26 -80 85 -47 -39 -38 -38 77 69 2 -18 69 20 -27 
-59 -54 11 84 -56 80 52 16 -1 -86 -63 28 -17 -69 -4 34 
77 21 -48 -69 9 -97 -54 9 40 76 42 -55 46 55 -9 -33 
-78 14 74 41 37 91 42 -34 -70 -50 -10 68 -67 -26 24 23 
61 -50 -84 0 -72 -66 -78 102 6 75 
RSSI :-110 
Input angle :181
Zaxis angle :25 
minval :0 

minval :0 



33 -25 24 34 -36 21 -18 -37 39 -15 11 40 -41 7 -4 -41 
-81 -14 40 63 -25 95 42 -4 -42 -77 -35 47 -48 -47 23 33 
78 -24 -64 -38 -21 -96 -34 24 72 51 8 -58 63 22 -35 -19 
-60 56 75 0 63 75 19 -37 -87 -12 18 56 -67 11 41 2 
24 -78 -68 31 -89 -41 -2 42 83 -29 -43 -40 54 -40 -36 18 
14 81 48 -57 98 -6 -34 17 33 -59 
RSSI :-110 
Input angle :183
Zaxis angle :25 
minval :0 

minval :0 



3 38 -38 0 3 -38 37 7 -9 37 -36 -11 15 -34 33 18 
55 -60 -82 16 -80 -59 -38 37 91 -9 -26 -54 60 -6 -37 -2 
-23 78 65 -52 99 14 17 -50 -77 49 46 38 -50 33 34 -14 
-12 -81 -31 77 -95 30 9 52 45 -79 -59 -12 30 -52 -23 29 
49 64 -4 -84 72 -69 -32 -42 -2 91 58 -17 -1 60 7 -37 
-72 -37 44 71 -32 95 -18 -122 -42 61 
RSSI :-110 
Input angle :182
Zaxis angle :36 
minval :0 

minval :0 



-11 38 -37 -14 17 -36 34 20 -23 32 -30 -26 27 -28 26 29 
69 -23 -74 -23 -34 -93 -32 23 65 44 6 -67 63 26 -36 -15 
-48 54 75 -18 74 65 19 -34 -78 -8 25 62 -68 6 39 -2 
16 -70 -62 46 -96 -22 -1 40 72 -29 -51 -43 58 -36 -34 20 
15 71 28 -72 96 -23 -17 -35 -51 58 65 15 -35 59 19 -33 
-46 -56 3 78 -74 66 32 -53 -39 47 
RSSI :-110 
Input angle :181
Zaxis angle :29 
minval :0 

minval :0 



29 26 -28 26 -24 -30 31 -22 19 34 -35 16 -13 -36 36 -10 
1 -88 -54 57 -98 6 5 57 61 -51 -56 -33 42 -44 -27 26 
44 77 18 -76 83 -53 -31 -48 -34 73 65 3 -20 58 13 -35 
-76 -46 18 76 -54 82 50 28 -4 -80 -59 27 -7 -61 4 37 
88 10 -49 -61 10 -98 -58 0 40 69 39 -52 35 50 -21 -31 
-83 32 72 31 39 90 13 -68 -22 -87 
RSSI :-110 
Input angle :180
Zaxis angle :29 
minval :0 

minval :0 



-6 -42 40 -2 -3 40 -41 -7 9 -37 39 9 -15 40 -37 -16 
-52 65 78 -3 74 65 35 -46 -78 -9 21 64 -55 -2 40 3 
18 -82 -65 42 -96 -15 -5 58 73 -33 -49 -46 48 -24 -36 18 
18 83 45 -64 96 -23 -20 -55 -50 63 64 18 -32 45 25 -33 
-57 -61 -2 78 -66 70 43 41 16 -79 -66 10 9 -54 -3 40 
79 33 -30 -74 29 -93 -80 72 37 33 
RSSI :-110 
Input angle :153
Zaxis angle :25 
minval :0 

minval :0 



30 -28 25 33 -34 22 -18 -36 38 -16 13 39 -40 9 -6 -40 
-84 -8 48 66 -11 99 60 0 -38 -71 -39 56 -30 -50 22 34 
80 -27 -72 -37 -32 -94 -53 26 64 47 10 -68 48 34 -35 -19 
-57 62 81 -3 74 66 34 -49 -79 -10 20 66 -58 -6 41 1 
26 -81 -72 38 -94 -30 -9 59 77 -25 -48 -49 56 -19 -37 16 
15 83 47 -66 98 -16 62 61 29 19 
RSSI :-110 
Input angle :175
Zaxis angle :32 
minval :0 

minval :0 



-19 -34 35 -16 13 37 -38 10 -6 -39 39 -4 1 39 -39 -1 
-22 84 70 -41 96 22 4 -59 -72 35 47 46 -54 23 35 -15 
-20 -85 -41 69 -96 25 23 54 49 -63 -63 -18 35 -47 -26 28 
54 68 9 -80 75 -64 -44 -38 -15 79 65 -13 -11 58 8 -38 
-80 -34 28 75 -38 91 57 13 -22 -77 -53 39 -15 -58 8 37 
87 -6 -61 -52 -9 -99 81 54 29 -117 
RSSI :-110 
Input angle :175
Zaxis angle :29 
minval :0 

minval :0 



13 36 -37 10 -8 -38 38 -5 2 39 -39 -1 4 -39 38 8 
41 -76 -79 23 -88 -45 -14 54 80 -17 -40 -54 62 -13 -37 9 
-6 86 58 -57 99 -8 -12 -55 -63 52 59 32 -48 41 28 -25 
-37 -78 -29 76 -90 42 34 44 31 -75 -67 0 27 -58 -13 36 
69 52 -13 -80 56 -82 -51 -22 3 82 60 -32 0 63 -4 -38 
-85 -16 48 65 -7 99 62 80 -35 125 
RSSI :-110 
Input angle :175
Zaxis angle :29 
minval :0 

minval :0 



36 15 -17 35 -33 -21 23 -31 29 26 -29 26 -23 -31 32 -21 
-25 -82 -35 72 -90 38 28 48 41 -70 -66 -8 27 -55 -17 34 
62 58 -2 -80 63 -75 -46 -31 -7 80 62 -23 -2 61 1 -38 
-81 -25 38 70 -24 95 55 5 -30 -74 -46 47 -25 -56 14 35 
84 -15 -66 -46 -21 -96 -52 19 62 52 21 -64 47 39 -29 -24 
-68 52 80 8 63 75 -35 89 -10 -11 
RSSI :-110 
Input angle :181
Zaxis angle :25 
minval :0 

minval :0 



11 37 -38 8 -4 -38 39 0 -2 39 -39 -4 8 -38 37 10 
46 -72 -79 19 -87 -48 -20 53 82 -8 -34 -60 63 -5 -38 4 
-8 86 62 -52 99 2 -5 -57 -67 47 59 35 -53 33 31 -22 
-35 -78 -29 75 -89 43 31 47 38 -73 -69 -3 30 -55 -18 34 
66 55 -8 -80 57 -82 -50 -26 0 83 62 -29 -2 63 -3 -38 
-84 -18 45 67 -14 99 94 -65 -38 111 
RSSI :-110 
Input angle :173
Zaxis angle :32 
minval :0 

minval :0 



9 -38 37 12 -16 36 -34 -19 21 -33 31 23 -26 29 -26 -28 
-75 37 76 23 50 85 45 -37 -76 -33 1 70 -57 -27 36 14 
48 -69 -79 12 -85 -52 -21 54 83 -5 -33 -62 63 -5 -38 4 
-13 83 64 -47 99 6 -4 -58 -70 44 59 38 -55 30 32 -20 
-22 -81 -35 71 -93 33 28 51 43 -70 -70 -10 36 -52 -20 33 
61 58 -1 -79 66 -74 79 -11 41 95 
RSSI :-110 
Input angle :154
Zaxis angle :32 
minval :0 

minval :0 



-14 -32 35 -10 8 35 -35 3 -3 -35 35 -1 -2 35 -36 -4 
-36 78 73 -29 94 31 21 -48 -78 19 39 54 -58 19 34 -7 
1 -86 -53 58 -98 14 5 52 63 -48 -61 -27 45 -40 -26 23 
40 75 24 -75 83 -54 -30 -43 -33 73 67 0 -22 56 12 -32 
-71 -48 16 77 -43 89 45 27 -5 -80 -59 32 -10 -60 4 34 
85 10 -49 -61 4 -99 113 53 35 -39 
RSSI :-110 
Input angle :175
Zaxis angle :29 
minval :0 

minval :0 



11 -36 35 14 -17 34 -32 -20 22 -30 29 25 -26 27 -25 -28 
-81 33 71 24 47 87 51 -26 -72 -38 -7 68 -57 -27 34 14 
55 -68 -74 10 -83 -54 -32 47 81 -2 -27 -63 63 -4 -37 2 
-19 85 60 -44 99 7 7 -57 -73 38 52 44 -54 32 31 -19 
-19 -85 -36 65 -94 30 18 55 51 -64 -66 -17 29 -53 -20 31 
55 68 0 -74 68 -72 -49 110 40 -55 
RSSI :-110 
Input angle :175
Zaxis angle :36 
minval :0 

minval :0 



17 29 -30 14 -12 -31 32 -9 6 33 -33 4 -2 -33 34 0 
29 -80 -68 33 -95 -29 -9 55 80 -32 -47 -53 59 -19 -30 13 
6 84 46 -61 98 -14 -17 -52 -61 61 65 29 -43 44 21 -25 
-43 -69 -13 78 -82 54 39 39 24 -84 -70 3 16 -57 -7 32 
73 43 -22 -72 48 -87 -52 -17 16 85 60 -37 9 62 -8 -32 
-84 -6 56 51 0 99 -34 -117 -34 65 
RSSI :-110 
Input angle :175
Zaxis angle :29 
minval :0 

minval :0 



-35 -10 13 -34 33 16 -19 31 -29 -22 24 -27 25 26 -28 23 
30 78 26 -72 91 -39 -30 -46 -40 72 71 9 -30 56 16 -32 
-62 -56 9 76 -63 76 48 25 7 -82 -67 26 1 -64 1 36 
83 15 -44 -62 21 -97 -55 -2 34 75 49 -52 27 57 -16 -32 
-82 20 68 37 29 95 50 -24 -67 -47 -22 68 -48 -41 29 20 
64 -54 -78 -2 -67 -72 114 106 8 -69 
RSSI :-110 
Input angle :175
Zaxis angle :29 
minval :0 

minval :0 



35 1 -4 35 -34 -7 10 -34 32 13 -15 32 -30 -18 21 -28 
-52 -67 -6 76 -74 64 40 35 15 -81 -68 12 13 -61 -6 33 
76 37 -28 -71 37 -91 -52 -11 23 79 54 -42 19 60 -11 -32 
-84 3 58 49 9 98 51 -13 -54 -62 -29 63 -43 -46 23 25 
74 -39 -74 -18 -52 -83 -43 31 76 31 0 -69 59 22 -32 -11 
-48 69 74 -18 84 50 -19 -3 4 -85 
RSSI :-110 
Input angle :175
Zaxis angle :29 
minval :0 

minval :0 



16 31 -33 13 -10 -33 34 -7 5 35 -35 1 0 -35 35 2 
31 -77 -69 31 -93 -32 -11 50 79 -22 -40 -53 56 -18 -32 11 
4 83 49 -58 97 -15 -15 -48 -58 57 61 28 -43 41 23 -25 
-42 -71 -14 74 -82 53 33 38 27 -77 -67 2 18 -57 -11 33 
69 45 -19 -73 45 -87 -47 -20 9 81 58 -33 7 59 -5 -34 
-82 -7 49 58 -2 98 94 -84 -35 37 
RSSI :-110 
Input angle :175
Zaxis angle :29 
minval :0 

minval :0 



29 22 -24 27 -26 -26 29 -23 20 31 -32 18 -15 -33 34 -12 
-5 -83 -51 57 -98 2 14 50 62 -54 -65 -31 49 -35 -25 26 
41 72 19 -74 86 -48 -33 -40 -31 76 72 1 -28 54 11 -34 
-68 -47 13 76 -57 80 48 20 -5 -82 -65 30 1 -61 5 36 
82 9 -47 -60 10 -98 -52 1 41 71 42 -59 25 55 -20 -29 
-77 29 70 32 31 93 -19 -8 -21 21 
RSSI :-110 
Input angle :175
Zaxis angle :29 
minval :0 

minval :0 



-21 -29 31 -18 16 32 -33 14 -12 -34 35 -8 5 35 -36 2 
-17 83 68 -38 96 20 0 -51 -74 39 55 46 -57 20 31 -17 
-20 -83 -43 65 -94 27 21 46 50 -66 -70 -17 42 -44 -20 29 
54 66 6 -77 74 -65 -40 -31 -14 82 71 -14 -20 57 5 -35 
-78 -33 28 72 -37 91 50 11 -23 -80 -56 46 -9 -60 12 33 
85 -6 -59 -51 -10 -98 65 100 30 -113 
RSSI :-110 
Input angle :175
Zaxis angle :25 
minval :0 

minval :0 



36 8 -11 35 -34 -14 16 -33 31 18 -21 30 -29 -23 25 -26 
-45 -73 -17 76 -82 54 35 34 22 -79 -71 1 26 -53 -12 34 
73 45 -14 -76 50 -85 -46 -15 10 81 62 -33 1 59 -2 -36 
-85 -10 47 61 -10 98 48 -6 -46 -68 -41 57 -26 -53 20 30 
82 -26 -70 -34 -35 -92 -40 27 73 38 7 -71 49 33 -31 -18 
-56 65 78 0 75 63 -99 115 -2 9 
RSSI :-110 
Input angle :177
Zaxis angle :25 
minval :0 

minval :0 



17 29 -30 15 -12 -32 33 -8 5 34 -34 3 -1 -34 34 0 
25 -81 -68 35 -93 -32 -7 47 74 -25 -45 -53 59 -21 -30 13 
12 84 42 -64 97 -11 -14 -46 -57 53 65 26 -42 46 21 -25 
-48 -69 -12 76 -80 57 33 34 24 -75 -70 6 19 -60 -6 32 
76 38 -23 -74 46 -86 -46 -15 9 78 61 -35 11 61 -7 -32 
-85 -2 54 54 -3 98 -18 78 -33 -7 
RSSI :-110 
Input angle :175
Zaxis angle :29 
minval :0 

minval :0 


