
-6 39 -39 -10 13 -38 37 15 -18 35 -33 -22 25 -31 27 28 
-78 -27 24 -20 -87 -40 -29 -24 -19 97 -32 -49 49 6 -35 -19 
82 0 -16 27 95 10 35 15 -10 -98 46 37 -49 10 39 4 
-78 27 7 -30 -93 20 -38 -3 41 91 -56 -19 43 -25 -39 7 
66 -48 2 31 84 -45 37 -8 -66 -73 59 2 -34 36 35 -17 
-52 64 -11 -29 -65 70 -94 118 26 -93 
RSSI :-110 
Input angle :53
Zaxis angle :14 
minval :0 

minval :0 



5 -59 58 9 -13 58 -55 -19 23 -54 52 29 -34 48 -45 -39 
84 5 -36 36 102 39 55 22 3 -127 39 58 -44 -15 53 23 
-81 20 25 -45 -108 -6 -59 -3 33 123 -56 -40 47 1 -59 -3 
68 -47 -6 51 104 -30 58 -15 -72 -106 67 21 -43 15 57 -11 
-54 63 -6 -50 -89 64 -50 32 102 76 -68 1 38 -28 -50 30 
31 -75 22 45 66 -86 -81 118 -6 23 
RSSI :-110 
Input angle :58
Zaxis angle :14 
minval :0 

minval :0 



22 -17 14 23 -24 12 -10 -25 26 -8 7 27 -27 3 -2 -27 
18 35 -13 3 16 48 5 27 61 -36 -17 33 -7 -26 9 25 
-29 -27 12 -5 -30 -41 -14 -25 -46 55 3 -37 16 23 -18 -20 
36 17 -9 10 42 29 20 18 20 -70 7 36 -23 -16 23 15 
-37 -5 6 -12 -49 -13 -25 -12 -1 73 -17 -32 25 8 -26 -7 
38 -7 -1 13 50 -1 63 -118 -18 -117 
RSSI :-110 
Input angle :57
Zaxis angle :14 
minval :0 

minval :0 



-13 27 -26 -15 18 -25 23 21 -22 21 -19 -24 25 -17 15 26 
-44 -31 22 -1 -41 -44 -20 -25 -35 61 -15 -35 19 18 -22 -21 
52 14 -20 8 51 30 27 17 12 -69 25 29 -24 -12 28 12 
-53 1 17 -13 -58 -14 -31 -6 7 71 -34 -19 27 3 -30 -3 
50 -20 -11 18 59 -8 32 -1 -29 -64 37 9 -26 5 29 -5 
-42 33 4 -21 -54 25 -16 41 13 119 
RSSI :-110 
Input angle :58
Zaxis angle :0 
minval :0 

minval :0 



-24 15 -13 -26 27 -10 9 28 -28 6 -4 -29 29 -1 -1 29 
-24 -36 19 2 -21 -59 -4 -23 -56 45 10 -33 13 19 -8 -27 
35 26 -19 3 36 52 11 21 41 -59 0 35 -17 -15 16 24 
-41 -14 16 -9 -51 -36 -16 -16 -20 68 -12 -33 21 8 -22 -18 
44 2 -12 13 61 17 22 10 -3 -71 22 28 -23 0 27 8 
-41 12 8 -17 -63 0 -112 -41 16 -21 
RSSI :-110 
Input angle :53
Zaxis angle :0 
minval :0 

minval :0 



31 28 -30 29 -26 -36 38 -22 16 38 -42 15 -14 -41 41 -10 
-64 48 19 -19 -90 20 -40 19 37 78 -55 -22 46 -3 -36 17 
43 -62 -13 23 80 -44 31 -31 -61 -59 61 3 -39 22 29 -31 
-24 77 2 -27 -62 63 -20 36 72 41 -57 13 30 -32 -17 39 
-10 -78 5 26 40 -80 5 -41 -81 -12 47 -33 -20 44 2 -40 
33 76 -11 -22 -3 88 82 97 -11 -45 
RSSI :-110 
Input angle :58
Zaxis angle :0 
minval :0 

minval :0 



14 40 -41 11 -8 -42 42 -6 1 42 -43 -2 7 -42 40 12 
-69 31 12 -42 -92 17 -60 -19 37 91 -68 -35 48 -2 -42 2 
56 -52 0 43 82 -46 63 -2 -62 -76 75 9 -44 19 38 -16 
-39 65 -14 -41 -61 71 -59 21 83 53 -75 12 37 -30 -32 27 
14 -75 26 34 38 -86 50 -38 -95 -24 69 -32 -26 39 22 -36 
6 76 -35 -25 -9 93 67 43 -6 75 
RSSI :-110 
Input angle :61
Zaxis angle :14 
minval :0 

minval :0 



-27 5 -2 -28 28 0 -1 28 -27 -4 7 -27 26 9 -10 25 
19 18 12 -19 -34 -60 -38 21 3 32 21 31 16 59 1 -27 
-24 -10 -4 23 55 41 29 -32 -13 -29 -30 -22 -34 -51 7 27 
26 1 -3 -22 -65 -22 -16 40 22 23 36 10 51 33 -15 -22 
-25 8 11 20 69 0 0 -43 -29 -12 -37 1 -59 -17 22 16 
21 -16 -17 -16 -64 24 -32 107 0 111 
RSSI :-110 
Input angle :207
Zaxis angle :20 
minval :0 

minval :0 



-34 2 0 -34 34 3 -8 34 -33 -11 14 -32 31 16 -17 29 
1 2 24 -12 -48 -51 -37 21 7 39 44 23 48 39 7 -33 
-2 -1 -19 20 62 33 27 -33 -18 -34 -49 -7 -58 -22 4 34 
3 0 11 -24 -71 -8 -14 41 31 24 48 -9 62 0 -15 -31 
-2 0 -1 27 70 -12 0 -43 -37 -14 -42 25 -59 19 26 23 
3 0 -7 -26 -59 38 64 20 0 -29 
RSSI :-110 
Input angle :212
Zaxis angle :0 
minval :0 

minval :0 



-27 38 -35 -31 34 -32 30 36 -39 27 -23 -41 43 -20 17 43 
29 -1 -5 -30 -97 23 -15 68 52 37 92 -19 99 6 -30 -36 
-26 12 15 27 83 -55 -10 -69 -63 -12 -78 51 -96 25 39 26 
20 -20 -24 -19 -61 79 32 62 64 -6 55 -76 80 -59 -46 -11 
-12 26 30 9 30 -95 -53 -45 -58 28 -30 89 -57 82 47 -5 
2 -28 -31 0 4 100 -127 -108 -24 87 
RSSI :-110 
Input angle :207
Zaxis angle :20 
minval :0 

minval :0 



-26 11 -9 -27 28 -7 4 28 -29 2 0 -28 29 3 -5 28 
12 1 17 -8 -41 -32 -35 16 0 31 49 25 52 37 -2 -28 
-12 2 -13 14 51 15 28 -27 -10 -30 -54 -8 -62 -15 14 25 
10 -6 7 -18 -52 2 -16 35 20 24 53 -11 65 -5 -21 -18 
-7 9 -1 19 49 -19 3 -39 -26 -17 -45 30 -59 25 26 12 
4 -11 -6 -18 -37 38 -80 -74 1 67 
RSSI :-110 
Input angle :6
Zaxis angle :0 
minval :0 

minval :0 



-11 82 -80 -19 25 -77 74 34 -41 70 -66 -48 53 -62 58 57 
32 -9 -13 0 -55 85 72 10 78 -28 35 -76 62 -56 -73 -39 
-26 18 11 -3 23 -99 -71 16 -64 54 -4 83 -36 74 81 9 
19 -26 -10 8 16 100 59 -41 44 -70 -21 -80 10 -82 -80 15 
-10 31 7 -11 -48 -89 -44 58 -15 81 47 68 18 80 67 -47 
-2 -33 -2 12 75 69 127 -74 -11 -69 
RSSI :-110 
Input angle :213
Zaxis angle :41 
minval :0 

minval :0 



-9 41 -40 -12 15 -39 37 18 -22 35 -33 -25 28 -31 27 31 
24 -28 6 -36 -89 25 33 76 35 38 43 -74 66 -27 -36 -21 
-13 34 6 36 78 -50 -58 -60 -46 -25 -13 84 -53 48 41 6 
0 -37 -19 -31 -50 78 74 39 52 6 -16 -84 34 -63 -41 7 
12 34 28 23 20 -90 -83 -11 -51 11 45 72 -9 71 36 -21 
-24 -28 -35 -10 9 92 -95 123 -15 47 
RSSI :-110 
Input angle :12
Zaxis angle :0 
minval :0 

minval :0 



-20 13 -11 -22 23 -9 7 23 -24 5 -3 -24 24 -2 0 24 
33 -7 8 0 -97 15 7 92 36 25 97 -17 98 0 -6 -24 
-29 16 -7 3 87 -45 -39 -84 -42 -14 -84 50 -92 34 13 21 
22 -25 5 -5 -65 73 62 69 44 0 67 -72 75 -64 -20 -15 
-12 31 -3 7 36 -91 -83 -41 -41 17 -32 93 -46 86 24 7 
0 -34 0 -8 -4 98 65 -40 -16 27 
RSSI :-110 
Input angle :12
Zaxis angle :0 
minval :0 

minval :0 



-11 -22 23 -9 6 24 -24 5 -3 -25 25 0 -1 25 -25 -3 
-3 14 -7 5 21 -67 -33 -13 -28 9 -11 56 -27 51 24 -5 
-2 -14 5 -7 4 70 35 0 22 -20 -11 -56 8 -58 -21 13 
6 12 -2 9 -27 -65 -33 12 -15 25 27 50 12 56 15 -20 
-10 -10 -1 -9 47 52 27 -22 5 -29 -42 -39 -29 -50 -7 24 
13 5 4 8 -62 -32 80 109 7 -113 
RSSI :-110 
Input angle :4
Zaxis angle :32 
minval :0 

minval :0 



31 -27 24 33 -35 21 -18 -36 38 -14 10 40 -40 6 -3 -40 
-38 13 -24 -2 99 -14 11 -77 -46 -49 -99 6 -99 -7 14 38 
32 -24 24 -3 -87 49 15 76 59 32 92 -36 96 -25 -27 -31 
-22 33 -20 12 71 -71 -36 -69 -66 -13 -75 64 -80 59 36 18 
8 -38 15 -18 -39 92 59 50 66 -11 49 -86 56 -81 -40 -6 
2 40 -8 22 7 -100 -98 -64 16 127 
RSSI :-110 
Input angle :3
Zaxis angle :0 
minval :0 

minval :0 



37 2 -6 38 -36 -9 12 -36 35 15 -18 33 -31 -21 23 -29 
-22 -5 -27 -17 83 50 58 -55 -2 -58 -84 -52 -83 -52 -14 35 
22 -2 31 6 -96 -17 -33 73 21 54 98 19 95 22 1 -38 
-20 10 -32 5 96 -17 9 -80 -39 -42 -98 12 -98 7 11 36 
15 -16 29 -14 -85 47 18 78 50 28 88 -46 89 -41 -23 -30 
-9 21 -22 24 64 -73 46 -88 -4 -13 
RSSI :-110 
Input angle :3
Zaxis angle :0 
minval :0 

minval :0 



-61 5 1 -61 61 8 -14 59 -57 -19 25 -55 53 29 -34 51 
25 25 16 2 -58 -65 -35 56 -23 41 91 51 72 60 12 -60 
-32 -15 -16 3 76 41 12 -63 5 -46 -103 -17 -88 -33 8 61 
35 1 13 -8 -86 -12 13 63 12 46 103 -19 94 3 -28 -54 
-36 9 -11 12 85 -18 -34 -56 -24 -40 -89 56 -88 31 45 40 
29 -22 6 -15 -74 44 -48 -102 3 -33 
RSSI :-110 
Input angle :12
Zaxis angle :0 
minval :0 

minval :0 



-39 22 -18 -41 42 -14 11 43 -44 8 -4 -45 45 -1 -2 44 
41 -18 0 -14 -90 -25 -23 70 21 32 86 7 84 31 -12 -43 
-33 31 4 13 93 -5 0 -74 -31 -22 -83 21 -89 0 26 36 
19 -40 -9 -11 -85 38 23 70 37 9 72 -47 83 -33 -37 -25 
-5 45 12 7 67 -64 -48 -56 -38 3 -50 70 -69 57 43 12 
-10 -44 -14 -2 -42 84 49 60 -8 83 
RSSI :-110 
Input angle :12
Zaxis angle :0 
minval :0 

minval :0 



21 45 -47 13 -12 -47 45 -9 6 50 -48 -1 3 -43 47 3 
17 -35 1 -8 -70 69 40 62 43 -12 63 -72 66 -70 -45 9 
-2 39 1 8 40 -90 -58 -44 -32 30 -34 90 -42 86 40 -23 
-7 -39 -3 -8 -5 98 71 20 19 -40 4 -96 7 -95 -30 35 
20 34 5 6 -28 -94 -73 4 -5 44 30 91 24 92 17 -43 
-29 -26 -7 -4 54 82 127 36 -22 -57 
RSSI :-110 
Input angle :3
Zaxis angle :14 
minval :0 

minval :0 



-48 -27 31 -47 43 33 -36 43 -38 -40 43 -35 30 46 -48 27 
13 33 -6 19 -45 -85 -50 71 -6 24 78 69 49 68 37 -42 
-25 -28 -1 -19 69 66 22 -85 -3 -24 -97 -35 -68 -48 -20 52 
34 16 9 17 -90 -36 8 87 12 22 104 -2 80 22 3 -56 
-36 -5 -13 -14 96 4 -38 -78 -18 -17 -101 28 -83 6 13 53 
37 -8 17 8 -91 27 64 -8 0 -73 
RSSI :-110 
Input angle :9
Zaxis angle :32 
minval :0 

minval :0 



5 46 -46 1 2 -46 46 7 -11 44 -43 -15 19 -42 40 22 
7 -43 5 -14 -46 84 74 7 50 -4 36 -81 32 -89 -46 -8 
8 42 0 15 14 -95 -71 21 -45 22 -8 89 2 95 46 -8 
-22 -37 -5 -14 18 94 60 -44 36 -35 -21 -87 -34 -89 -41 22 
33 28 9 11 -48 -83 -43 61 -22 45 48 75 60 74 30 -35 
-41 -15 -13 -7 75 60 0 -32 -26 43 
RSSI :-110 
Input angle :3
Zaxis angle :0 
minval :0 

minval :0 



69 -35 28 72 -75 21 -15 -77 77 -9 3 77 -78 -4 10 -76 
-29 -32 -14 -16 91 0 -16 -64 -39 -42 -118 2 -103 -35 14 76 
38 21 19 11 -84 33 37 55 51 27 113 -37 108 6 -38 -67 
-43 -6 -21 -3 71 -57 -53 -40 -56 -11 -93 74 -103 34 59 50 
43 -8 22 -2 -47 77 63 19 57 -12 56 -104 86 -66 -73 -26 
-38 22 -19 10 15 -88 15 -33 3 23 
RSSI :-110 
Input angle :9
Zaxis angle :49 
minval :0 

minval :0 



69 17 -25 67 -64 -32 35 -62 58 41 -46 53 -50 -51 54 -45 
-29 -43 -14 -15 65 77 27 -52 0 -69 -82 -54 -64 -81 -39 58 
41 30 17 10 -87 -51 -7 58 22 64 96 22 86 56 15 -69 
-49 -15 -20 -3 100 16 -12 -57 -43 -54 -97 11 -100 -19 10 70 
52 -5 20 -3 -100 14 30 49 60 31 88 -45 101 -20 -33 -64 
-46 23 -17 9 90 -45 31 79 -2 -117 
RSSI :-110 
Input angle :1
Zaxis angle :25 
minval :0 

minval :0 



2 24 -24 0 1 -24 24 3 -5 23 -23 -7 10 -22 21 12 
-2 -17 -1 -8 -4 64 47 10 24 -24 9 -62 13 -56 -24 -4 
7 15 4 6 -17 -62 -46 8 -15 31 13 62 8 58 24 -4 
-12 -11 -6 -5 37 53 41 -24 3 -34 -35 -52 -28 -51 -20 13 
15 6 7 2 -54 -36 -31 36 7 33 51 38 43 39 15 -19 
-17 -1 -8 0 63 12 -1 -8 -8 3 
RSSI :-110 
Input angle :5
Zaxis angle :0 
minval :0 

minval :0 



-33 55 -53 -36 41 -50 46 45 -48 42 -36 -53 55 -31 25 59 
52 -17 30 -11 -114 29 24 55 63 35 90 -38 118 -30 -45 -45 
-43 34 -24 20 97 -68 -42 -43 -72 -9 -70 70 -99 71 56 30 
30 -46 15 -27 -68 96 55 24 70 -17 37 -91 64 -103 -64 -4 
-10 54 -5 32 28 -114 -60 -3 -59 39 -3 97 -22 120 61 -17 
-9 -54 -5 -31 6 117 96 -6 -8 -17 
RSSI :-110 
Input angle :5
Zaxis angle :20 
minval :0 

minval :0 



-44 -17 20 -42 40 25 -30 36 -34 -32 35 -31 28 38 -40 24 
26 58 10 8 -40 -88 -70 22 -15 56 36 87 34 91 30 -36 
-44 -45 -12 -4 68 69 57 -46 -8 -57 -67 -66 -66 -72 -15 45 
56 27 13 0 -88 -41 -38 63 25 52 85 41 87 45 0 -47 
-62 -3 -12 4 97 8 14 -72 -42 -40 -95 -9 -97 -13 15 44 
61 -16 10 -8 -94 23 -31 -66 11 99 
RSSI :-110 
Input angle :3
Zaxis angle :0 
minval :0 

minval :0 



52 12 -19 54 -54 -21 22 -49 44 29 -34 43 -41 -36 39 -38 
-16 -30 -22 -11 59 95 72 -26 16 -31 -49 -88 -41 -103 -27 47 
30 21 24 3 -84 -72 -56 50 -8 33 80 62 69 86 6 -55 
-35 -9 -23 5 104 33 37 -63 -4 -34 -96 -35 -99 -53 10 53 
35 0 22 -12 -112 3 -12 76 18 29 104 0 106 16 -29 -50 
-26 14 -13 19 102 -38 -65 -43 -3 79 
RSSI :-110 
Input angle :12
Zaxis angle :0 
minval :0 

minval :0 



18 68 -68 12 -6 -69 69 0 -6 69 -68 -14 20 -67 65 26 
10 -25 -2 -2 -65 97 65 32 66 -16 61 -91 64 -87 -70 0 
-1 28 3 1 20 -115 -70 -10 -56 36 -25 107 -35 102 66 -23 
-7 -27 -3 0 12 117 70 -18 40 -54 -16 -110 -8 -108 -54 43 
16 23 3 -1 -49 -106 -58 41 -19 65 47 99 39 101 35 -60 
-23 -15 -2 1 85 81 127 -100 -9 -61 
RSSI :-110 
Input angle :222
Zaxis angle :0 
minval :0 

minval :0 



2 -36 36 5 -9 35 -34 -12 16 -33 31 19 -22 29 -27 -24 
-29 15 -7 18 74 -65 -47 -51 -57 -16 -70 67 -81 55 34 13 
20 -26 0 -19 -50 85 62 30 59 -4 48 -84 58 -79 -37 -2 
-11 30 5 18 18 -97 -68 -12 -55 22 -15 96 -29 94 35 -10 
1 -33 -11 -15 18 97 68 -13 45 -39 -17 -96 -1 -98 -30 20 
11 31 16 10 -47 -87 79 42 26 59 
RSSI :-110 
Input angle :3
Zaxis angle :0 
minval :0 

minval :0 



12 -70 70 17 -24 67 -66 -28 33 -64 61 38 -45 56 -51 -50 
-44 16 -10 22 69 -99 -61 -25 -84 1 -76 89 -90 82 65 31 
35 -32 1 -25 -36 116 66 3 75 -36 37 -111 61 -105 -72 -2 
-21 43 7 23 -9 -121 -62 21 -61 57 1 117 -18 120 69 -18 
7 -47 -13 -20 47 110 54 -38 38 -74 -40 -110 -27 -119 -59 41 
10 47 20 14 -85 -86 -65 116 10 39 
RSSI :-110 
Input angle :224
Zaxis angle :25 
minval :0 

minval :0 



-59 -16 21 -57 55 27 -34 51 -47 -38 41 -44 42 44 -46 38 
22 42 26 -3 -87 -62 -12 25 -2 65 69 27 43 87 34 -50 
-35 -31 -24 11 103 28 4 -28 -20 -61 -73 -4 -70 -66 -18 59 
44 19 18 -19 -108 3 5 27 38 52 71 -20 90 37 -6 -61 
-47 -1 -11 24 98 -42 -14 -23 -55 -31 -60 43 -98 -3 26 56 
45 -15 1 -26 -74 77 0 120 1 19 
RSSI :-110 
Input angle :237
Zaxis angle :25 
minval :0 

minval :0 



-38 42 -39 -41 44 -35 31 47 -50 27 -23 -52 54 -18 13 55 
45 -9 15 -3 -106 -2 -3 61 24 48 83 -3 118 24 -30 -48 
-38 24 -14 7 102 -28 -16 -60 -40 -36 -79 27 -119 15 44 37 
29 -35 11 -12 -84 63 37 50 50 21 62 -55 106 -56 -54 -17 
-14 43 -4 14 53 -91 -52 -33 -54 -4 -38 74 -83 86 57 -4 
-2 -45 0 -17 -22 103 80 61 -2 -121 
RSSI :-110 
Input angle :12
Zaxis angle :0 
minval :0 

minval :0 



11 -37 36 14 -17 36 -34 -19 22 -32 30 25 -28 27 -25 -29 
-34 30 12 29 79 -55 -25 -72 -50 -18 -76 45 -92 29 33 20 
22 -40 -21 -24 -57 77 45 61 54 1 56 -68 74 -61 -38 -8 
-6 45 28 14 28 -92 -64 -40 -52 15 -30 83 -49 83 39 -5 
-9 -44 -31 -3 3 96 75 12 42 -33 -2 -88 22 -94 -34 19 
24 39 30 -7 -36 -89 -1 -100 23 -1 
RSSI :-110 
Input angle :12
Zaxis angle :0 
minval :0 

minval :0 



-32 -11 13 -31 30 16 -20 28 -26 -22 25 -23 21 26 -28 19 
21 48 9 14 -4 -100 -62 -13 -75 40 -11 85 -22 97 20 -27 
-36 -38 -14 -10 41 92 63 -10 57 -63 -19 -84 -7 -100 -9 32 
46 24 16 5 -70 -71 -56 29 -30 79 48 71 41 91 -2 -33 
-52 -4 -17 0 89 46 41 -49 0 -85 -67 -54 -71 -70 10 30 
47 -14 16 -6 -100 -14 48 16 40 -21 
RSSI :-110 
Input angle :5
Zaxis angle :0 
minval :0 

minval :0 



9 -24 23 12 -13 22 -21 -15 17 -20 18 19 -20 16 -14 -21 
-23 13 -4 7 64 -9 -5 -28 -32 -31 -49 17 -71 5 20 16 
16 -21 1 -8 -54 35 14 24 42 17 40 -33 63 -31 -24 -7 
-8 25 0 8 41 -50 -21 -19 -45 -3 -29 44 -50 49 25 0 
0 -26 -3 -7 -21 61 26 10 44 -10 12 -51 30 -64 -24 9 
10 25 5 6 -2 -64 -97 -56 6 95 
RSSI :-110 
Input angle :0
Zaxis angle :0 
minval :0 

minval :0 



-45 -13 17 -43 41 22 -26 38 -36 -29 33 -33 30 35 -36 28 
32 30 18 14 -19 -94 -59 16 -41 43 29 88 24 96 26 -38 
-40 -18 -22 -7 50 82 50 -34 23 -55 -60 -70 -60 -78 -9 46 
43 2 23 0 -76 -58 -38 48 -1 60 81 45 80 57 -2 -47 
-42 12 -22 8 91 30 17 -59 -17 -57 -91 -15 -95 -27 19 42 
35 -25 18 -15 -96 5 65 -10 22 75 
RSSI :-110 
Input angle :6
Zaxis angle :0 
minval :0 

minval :0 



-41 -10 13 -41 39 17 -21 37 -35 -24 28 -32 30 30 -33 27 
18 11 10 11 -61 -76 -73 40 -22 49 60 78 52 80 22 -36 
-21 -4 -13 -6 85 46 55 -62 5 -53 -83 -53 -77 -57 -6 42 
21 -2 14 1 -98 -12 -29 78 14 52 96 21 91 27 -5 -43 
-19 9 -14 3 96 -19 1 -83 -30 -44 -98 11 -95 4 20 38 
13 -16 12 -8 -85 49 49 82 15 -61 
RSSI :-110 
Input angle :6
Zaxis angle :0 
minval :0 

minval :0 



-64 9 -3 -66 65 3 -10 66 -65 -15 20 -63 60 25 -29 59 
40 22 28 -2 -73 -79 -53 40 -12 77 71 64 90 92 8 -65 
-45 -9 -25 11 97 48 38 -54 -11 -79 -89 -34 -116 -56 14 64 
45 -9 19 -20 -107 -11 -14 65 40 68 95 2 0 16 -35 -55 
-39 23 -12 25 105 -25 -8 -65 -59 -53 -90 32 -124 31 50 42 
30 -35 3 -26 -88 60 32 -49 3 55 
RSSI :-110 
Input angle :17
Zaxis angle :0 
minval :0 

minval :0 



12 28 -29 10 -6 -30 30 -3 2 30 -30 0 3 -30 29 6 
-26 -24 -1 -12 37 89 87 -19 25 -47 -28 -95 -32 -91 -31 2 
32 14 4 10 -69 -69 -75 47 -7 53 59 79 61 75 28 -14 
-36 -1 -9 -8 86 44 53 -71 -10 -52 -83 -52 -83 -50 -21 23 
34 -9 11 5 -96 -12 -25 85 28 46 96 21 96 14 12 -28 
-28 21 -12 -1 95 -18 -50 -47 -18 35 
RSSI :-110 
Input angle :5
Zaxis angle :0 
minval :0 

minval :0 



44 -24 18 46 -47 15 -12 -48 49 -8 3 49 -50 0 2 -50 
-40 2 -20 14 105 22 11 -95 -38 -38 -110 12 -108 1 12 49 
37 -14 14 -21 -106 13 21 93 47 25 102 -44 102 -37 -26 -43 
-30 27 -6 23 93 -54 -55 -79 -54 -4 -79 79 -80 73 38 32 
18 -36 -4 -25 -69 81 79 55 52 -10 46 -101 51 -95 -48 -18 
-5 40 11 21 35 -101 127 -57 3 -105 
RSSI :-110 
Input angle :3
Zaxis angle :0 
minval :0 

minval :0 



14 -60 59 20 -25 57 -54 -29 34 -52 47 39 -43 45 -41 -46 
-26 30 -6 4 73 -84 -66 -46 -54 -24 -68 94 -79 66 55 31 
14 -38 5 -6 -38 105 76 21 59 3 33 -111 51 -88 -61 -11 
-1 41 -2 8 4 -112 -79 5 -56 16 6 115 -15 102 61 -9 
-11 -38 0 -8 37 106 71 -34 47 -34 -49 -105 -23 -100 -53 32 
24 32 2 8 -68 -88 -65 49 6 -125 
RSSI :-110 
Input angle :9
Zaxis angle :20 
minval :0 

minval :0 



-59 -2 8 -58 58 12 -19 57 -55 -24 26 -53 51 31 -35 47 
27 26 7 13 -79 -86 -52 51 -26 67 93 74 65 81 18 -57 
-35 -16 -11 -9 106 48 31 -65 0 -70 -114 -34 -89 -52 1 59 
38 2 14 4 -116 -12 -6 73 22 68 119 -2 101 22 -21 -55 
-37 10 -14 0 113 -24 -18 -71 -43 -57 -112 41 -102 15 38 46 
32 -20 13 -4 -100 60 0 -77 4 115 
RSSI :-110 
Input angle :12
Zaxis angle :20 
minval :0 

minval :0 



-33 -53 54 -25 19 60 -63 16 -10 -59 62 -3 3 63 -63 -4 
-11 37 0 12 19 -115 -64 -9 -68 16 -13 110 -28 101 60 -13 
-4 -43 -1 -12 20 114 65 -13 64 -43 -28 -108 -6 -105 -55 35 
18 33 8 11 -60 -105 -58 35 -44 62 63 92 37 93 38 -52 
-26 -27 -11 -8 90 79 39 -51 17 -67 -92 -63 -72 -70 -20 63 
34 16 12 2 -114 -43 -48 -6 8 -25 
RSSI :-110 
Input angle :12
Zaxis angle :14 
minval :0 

minval :0 



-20 -63 65 -13 8 66 -66 2 2 -66 65 9 -16 64 -62 -21 
-14 34 0 10 37 -108 -69 -10 -66 7 -24 104 -39 91 67 3 
1 -36 -3 -10 2 115 69 -13 60 -29 -13 -107 2 -99 -63 21 
10 34 7 8 -35 -109 -60 35 -46 47 46 97 28 95 51 -41 
-21 -29 -8 -4 71 89 43 -53 25 -62 -76 -74 -59 -79 -34 58 
30 20 9 2 -98 -60 -113 99 8 -45 
RSSI :-110 
Input angle :12
Zaxis angle :0 
minval :0 

minval :0 



23 57 -55 20 -13 -58 58 -7 0 61 -56 -6 10 -59 59 9 
-1 -30 -8 -8 3 113 86 -18 44 -26 -18 -103 -4 -103 -61 8 
10 24 12 4 -46 -99 -73 45 -36 36 50 94 39 93 55 -25 
-20 -25 -13 0 80 80 54 -70 14 -47 -80 -70 -69 -75 -45 41 
27 16 13 -4 -101 -52 -29 84 0 48 97 43 89 48 25 -55 
-31 -6 -10 8 112 14 47 66 -6 -65 
RSSI :-110 
Input angle :9
Zaxis angle :0 
minval :0 

minval :0 



36 -19 16 37 -38 13 -9 -40 40 -5 1 41 -41 -2 4 -40 
-27 9 -12 6 94 -24 -18 -85 -45 -31 -90 37 -94 27 8 41 
22 -18 9 -10 -79 57 49 72 54 12 69 -68 76 -61 -23 -34 
-14 25 -5 13 59 -77 -71 -49 -54 5 -44 86 -55 80 33 25 
5 -28 0 -14 -26 94 84 20 49 -24 6 -97 24 -94 -39 -13 
5 28 4 13 -4 -97 -50 73 20 51 
RSSI :-110 
Input angle :8
Zaxis angle :0 
minval :0 

minval :0 



-27 -38 40 -24 20 42 -43 14 -12 -44 46 -7 3 46 -47 0 
19 29 6 9 -21 -103 -84 11 -27 40 24 106 26 106 44 -16 
-27 -21 -9 -6 58 88 76 -37 11 -48 -51 -95 -61 -90 -37 28 
33 10 11 2 -86 -62 -56 63 5 49 82 69 87 66 25 -40 
-35 0 -11 1 101 32 32 -78 -22 -45 -101 -40 -106 -31 -9 46 
32 -14 11 -4 -105 5 64 62 4 -85 
RSSI :-110 
Input angle :3
Zaxis angle :0 
minval :0 

minval :0 



-20 26 -24 -23 25 -22 20 26 -28 18 -15 -29 31 -12 9 31 
25 -9 16 -3 -70 -26 -11 30 24 36 48 13 66 28 -19 -26 
-21 17 -14 9 74 1 1 -32 -34 -26 -49 2 -72 -5 27 18 
13 -23 9 -14 -69 25 9 31 41 13 45 -20 69 -22 -31 -7 
-3 28 -5 16 61 -47 -19 -25 -43 4 -36 33 -56 45 33 -3 
-2 -25 0 -17 -38 66 -32 71 -5 -105 
RSSI :-110 
Input angle :6
Zaxis angle :0 
minval :0 

minval :0 



14 -25 24 16 -18 23 -21 -21 23 -19 17 25 -26 15 -13 -27 
-20 7 -12 3 68 4 0 -31 -28 -31 -49 4 -66 -12 19 22 
17 -13 10 -7 -65 18 9 30 37 19 46 -19 67 -10 -25 -14 
-12 18 -7 10 55 -40 -19 -25 -41 -4 -35 34 -59 32 29 4 
4 -21 3 -12 -36 57 27 16 41 -8 22 -44 47 -49 -29 6 
2 21 0 12 19 -65 15 -56 5 -125 
RSSI :-110 
Input angle :12
Zaxis angle :14 
minval :0 

minval :0 



31 19 -21 30 -28 -23 26 -26 24 28 -29 22 -20 -30 32 -17 
-11 -26 -12 -4 -10 64 38 7 24 -33 3 -46 10 -68 -24 26 
21 19 14 0 -12 -63 -38 5 -10 40 11 45 14 67 14 -33 
-25 -12 -12 5 36 53 33 -19 -3 -41 -26 -38 -37 -58 -3 36 
28 2 10 -9 -52 -39 -26 28 17 38 37 27 54 42 -9 -35 
-27 7 -7 11 61 20 -97 -121 -8 -9 
RSSI :-110 
Input angle :3
Zaxis angle :0 
minval :0 

minval :0 



-52 21 -16 -53 54 -11 6 54 -56 2 3 -56 54 10 -14 54 
44 24 38 -2 -84 -81 -37 43 -10 53 65 51 59 77 -4 -55 
-49 -9 -34 15 108 44 19 -53 -7 -54 -80 -25 -80 -54 21 50 
49 -11 26 -26 -117 -4 -1 57 27 47 83 0 95 23 -39 -38 
-42 27 -16 32 110 -36 -19 -54 -43 -34 -76 32 -96 16 49 23 
28 -41 2 -36 -91 73 32 33 2 107 
RSSI :-110 
Input angle :12
Zaxis angle :0 
minval :0 

minval :0 



-37 -27 30 -34 32 32 -35 29 -26 -38 40 -22 18 41 -43 14 
-7 39 3 20 21 -96 -77 -36 -52 25 -23 95 -33 93 36 -28 
-5 -39 -10 -18 13 98 84 7 41 -41 -9 -97 -2 -98 -25 38 
17 35 16 13 -45 -88 -82 20 -21 54 41 88 34 93 11 -44 
-29 -27 -19 -7 73 67 70 -46 2 -59 -70 -68 -62 -76 4 45 
36 15 20 0 -90 -40 -16 -17 27 91 
RSSI :-110 
Input angle :3
Zaxis angle :0 
minval :0 

minval :0 



-47 -17 21 -46 43 27 -31 41 -38 -34 37 -36 32 39 -41 29 
24 24 26 5 -26 -114 -75 11 -54 49 24 98 22 119 30 -39 
-30 -15 -27 4 68 95 66 -38 33 -65 -57 -82 -61 -105 -12 49 
33 2 24 -14 -94 -69 -49 59 -6 73 86 52 92 79 -2 -50 
-31 9 -17 21 112 32 24 -71 -15 -72 -98 -22 -115 -36 21 45 
26 -21 7 -25 -116 10 112 126 7 -49 
RSSI :-110 
Input angle :6
Zaxis angle :0 
minval :0 

minval :0 



-26 41 -37 -30 33 -36 33 35 -37 30 -26 -41 42 -23 20 44 
31 -19 22 -10 -125 -4 3 94 40 47 116 7 119 -9 -29 -37 
-26 26 -18 16 119 -36 -36 -87 -55 -31 -111 34 -109 46 42 23 
12 -34 10 -21 -100 73 66 69 62 10 95 -65 89 -81 -47 -6 
-2 36 -3 24 74 -100 -84 -43 -61 11 -67 93 -55 106 47 -7 
-10 -35 -5 -24 -27 121 -48 -44 -5 -69 
RSSI :-110 
Input angle :3
Zaxis angle :0 
minval :0 

minval :0 



15 70 -70 12 -5 -72 70 2 -9 70 -69 -16 22 -68 66 25 
39 -36 -13 -24 -80 74 26 30 52 -2 39 -69 78 -64 -71 0 
-21 49 22 17 47 -98 -35 -20 -47 20 -17 78 -50 88 67 -20 
3 -53 -26 -9 -13 108 39 6 36 -36 -9 -79 18 -100 -58 40 
13 51 28 0 -29 -104 -40 7 -22 45 38 71 12 100 37 -59 
-31 -43 -26 11 61 91 -64 120 -7 47 
RSSI :-110 
Input angle :12
Zaxis angle :0 
minval :0 

minval :0 



-5 35 -34 -8 12 -33 32 14 -16 31 -30 -18 20 -28 26 23 
15 -25 1 -4 -36 92 84 44 78 -31 38 -94 46 -83 -33 -15 
-5 29 0 4 4 -99 -94 -10 -60 58 0 101 -15 94 36 2 
-6 -29 -2 -4 39 91 92 -23 36 -75 -31 -97 -18 -93 -34 9 
15 25 3 3 -62 -78 -80 51 -8 83 59 82 51 80 29 -20 
-23 -19 -4 -1 86 50 63 -39 -41 31 
RSSI :-110 
Input angle :3
Zaxis angle :0 
minval :0 

minval :0 



17 -17 16 18 -19 13 -11 -21 22 -10 7 23 -23 6 -4 -23 
-17 7 -3 2 64 3 14 -45 -36 -25 -54 -8 -67 -6 10 21 
14 -13 2 -3 -61 18 2 48 43 10 53 -11 66 -15 -17 -16 
-8 17 0 4 52 -37 -18 -44 -44 3 -46 28 -56 38 22 10 
1 -19 -1 -4 -34 54 32 35 40 -17 33 -43 42 -53 -23 0 
4 19 2 3 13 -62 31 -10 7 -109 
RSSI :-110 
Input angle :3
Zaxis angle :0 
minval :0 

minval :0 



-9 -33 34 -7 4 34 -34 1 2 -34 34 4 -7 33 -33 -9 
-19 27 0 27 70 -30 -3 -28 -31 -13 -34 19 -62 15 33 0 
9 -33 -8 -26 -58 49 13 25 33 2 26 -29 53 -35 -32 11 
0 34 16 21 36 -67 -22 -18 -31 11 -13 37 -37 53 25 -22 
-13 -31 -22 -15 -13 76 26 11 26 -21 2 -39 18 -61 -16 29 
23 24 26 5 -12 -76 111 93 7 127 
RSSI :-110 
Input angle :12
Zaxis angle :0 
minval :0 

minval :0 



21 -25 23 22 -23 22 -20 -26 28 -17 14 29 -30 11 -9 -31 
-24 3 -7 3 65 15 0 -36 -23 -28 -51 4 -61 -12 18 26 
21 -11 5 -5 -65 11 13 33 31 18 46 -21 62 -8 -26 -19 
-15 19 -4 7 58 -32 -22 -28 -36 -4 -38 35 -56 28 31 9 
8 -23 1 -8 -46 47 31 17 36 -6 23 -46 43 -45 -31 2 
0 24 1 8 22 -62 111 -51 4 -13 
RSSI :-110 
Input angle :12
Zaxis angle :0 
minval :0 

minval :0 



-12 74 -73 -18 23 -73 70 30 -34 67 -63 -41 47 -60 55 51 
38 -26 17 -22 0 19 10 62 43 57 85 -35 109 -12 -68 -29 
-26 37 -7 26 111 -67 -32 -54 -63 -35 -66 64 -99 48 75 7 
13 -45 -1 -26 -85 95 47 42 71 15 39 -82 76 -80 -72 21 
4 45 11 25 48 -119 -58 -22 -72 7 -12 91 -42 101 62 -41 
-19 -41 -19 -19 0 0 112 -127 -5 103 
RSSI :-110 
Input angle :12
Zaxis angle :0 
minval :0 

minval :0 



16 50 -51 12 -8 -53 53 -3 -1 53 -53 -5 10 -53 50 14 
2 -37 -11 -30 -42 82 50 29 37 7 31 -78 48 -76 -53 1 
10 36 20 25 8 -93 -58 -9 -39 6 -2 84 -18 89 49 -19 
-23 -30 -27 -15 22 91 57 -10 34 -19 -27 -77 -16 -88 -40 36 
31 17 32 6 -55 -76 -48 28 -25 30 55 65 46 76 25 -46 
-37 -6 -31 4 74 57 -16 105 -5 -33 
RSSI :-110 
Input angle :9
Zaxis angle :0 
minval :0 

minval :0 



1 -43 42 5 -8 42 -41 -12 15 -40 38 18 -22 36 -34 -25 
-3 20 8 -11 28 -96 -80 -38 -88 18 -37 92 -49 85 41 12 
-3 -20 -4 13 5 100 88 8 77 -46 1 -99 16 -97 -43 0 
10 17 0 -14 -40 -92 -86 21 -55 71 31 94 17 97 39 -17 
-15 -13 5 13 69 73 73 -51 27 -86 -60 -79 -49 -85 -32 29 
18 7 -9 -10 -90 -45 -48 -50 44 -53 
RSSI :-110 
Input angle :359
Zaxis angle :20 
minval :0 

minval :0 



-55 45 -41 -58 62 -36 30 64 -67 24 -18 -69 71 -12 7 71 
43 -4 8 1 -100 -18 -8 86 51 49 109 -8 115 19 -28 -66 
-40 17 -8 2 100 -15 -20 -83 -64 -30 -102 35 -116 16 50 51 
32 -29 6 -5 -86 53 50 69 71 6 81 -73 102 -56 -64 -31 
-18 41 -5 5 71 -73 -70 -49 -69 15 -53 95 -79 86 70 9 
5 -44 3 -7 -42 92 32 38 -5 -73 
RSSI :-110 
Input angle :3
Zaxis angle :20 
minval :0 

minval :0 



-26 58 -50 -27 36 -48 44 35 -40 47 -41 -48 49 -39 27 50 
32 -23 4 -8 -103 47 32 86 64 33 101 -56 109 -38 -46 -45 
-30 33 0 11 88 -79 -63 -69 -72 6 -79 88 -91 73 59 19 
16 -42 -2 -11 -62 103 77 46 69 -17 43 -109 60 -98 -58 0 
1 39 7 9 14 -119 -87 -11 -63 47 -1 119 -22 113 61 -16 
-23 -43 -8 -6 20 117 16 -123 -9 43 
RSSI :-110 
Input angle :12
Zaxis angle :0 
minval :0 

minval :0 



5 23 -23 3 -1 -24 24 0 -2 23 -23 -4 7 -23 22 8 
7 -17 3 -6 -52 48 32 35 40 -1 42 -43 45 -46 -23 0 
0 18 0 7 32 -63 -41 -23 -37 14 -23 56 -28 58 22 -7 
-5 -17 -2 -7 -7 70 46 7 29 -27 2 -61 8 -64 -19 13 
11 14 4 6 -14 -69 -46 9 -20 34 18 58 13 64 14 -19 
-15 -9 -5 -4 40 58 -80 34 -10 -93 
RSSI :-110 
Input angle :12
Zaxis angle :0 
minval :0 

minval :0 



14 -39 38 17 -21 36 -34 -24 27 -32 29 30 -32 26 -23 -34 
-16 14 8 12 77 -56 -40 -70 -49 -18 -72 63 -81 46 33 25 
11 -19 -12 -9 -51 81 60 55 53 0 50 -82 59 -72 -40 -12 
-3 21 14 5 20 -93 -74 -33 -50 16 -17 94 -31 88 42 -2 
-4 -21 -15 0 11 95 82 4 40 -34 -14 -95 0 -94 -39 15 
10 19 14 -5 -43 -85 -33 -22 22 -113 
RSSI :-110 
Input angle :12
Zaxis angle :0 
minval :0 

minval :0 



-29 21 -18 -31 32 -16 13 34 -34 10 -8 -35 35 -5 2 36 
25 14 9 -4 -97 -8 -15 80 24 60 98 5 96 10 -12 -33 
-29 -2 -8 7 92 -29 -15 -80 -45 -45 -95 23 -93 18 23 26 
28 -5 5 -9 -81 53 39 72 59 29 81 -54 80 -51 -30 -22 
-26 15 0 11 53 -83 -59 -53 -64 -9 -59 79 -56 78 36 8 
22 -22 -2 -10 -22 94 113 -13 -11 3 
RSSI :-110 
Input angle :6
Zaxis angle :0 
minval :0 

minval :0 



24 -38 36 26 -29 34 -31 -32 35 -28 24 37 -40 20 -17 -41 
-34 7 1 9 75 -52 -31 -64 -53 -21 -74 61 -83 29 30 34 
28 -19 -4 -8 -51 76 49 52 58 0 51 -81 70 -54 -40 -20 
-20 28 7 6 21 -89 -66 -28 -53 21 -19 94 -41 78 44 6 
11 -33 -10 -3 8 90 71 5 45 -36 -16 -95 19 -86 -44 9 
1 35 9 0 -38 -83 -17 -113 24 119 
RSSI :-110 
Input angle :212
Zaxis angle :14 
minval :0 

minval :0 



30 -38 35 31 -33 34 -29 -37 40 -25 23 42 -44 17 -15 -45 
-36 4 3 16 91 -35 -19 -73 -51 -34 -91 51 -91 10 30 37 
32 -17 -7 -13 -74 64 41 64 58 16 70 -77 82 -40 -40 -25 
-24 27 12 10 47 -85 -61 -46 -60 3 -40 97 -62 66 46 12 
13 -34 -15 -6 -19 95 72 23 55 -24 4 -104 35 -84 -47 5 
0 36 15 0 -16 -96 111 100 5 103 
RSSI :-110 
Input angle :212
Zaxis angle :20 
minval :0 

minval :0 



-4 -40 40 -1 -3 40 -40 -6 10 -39 38 13 -16 37 -35 -19 
-25 15 12 9 44 -88 -67 -46 -62 0 -43 88 -54 74 40 7 
17 -24 -15 -4 -11 97 79 19 59 -19 16 -97 26 -88 -40 6 
-9 28 15 0 -18 -96 -81 5 -48 39 20 96 6 92 36 -19 
0 -30 -14 5 55 81 73 -34 30 -54 -48 -85 -38 -84 -26 31 
10 27 12 -10 -78 -59 -65 0 30 -37 
RSSI :-110 
Input angle :222
Zaxis angle :25 
minval :0 

minval :0 



-10 37 -36 -13 16 -35 34 19 -22 32 -29 -25 28 -27 24 30 
29 -4 -9 -11 -75 65 51 70 58 25 76 -62 75 -56 -33 -19 
-25 13 12 7 46 -88 -73 -46 -64 -2 -47 86 -49 80 38 7 
19 -22 -13 -3 -15 98 85 19 61 -19 19 -96 23 -91 -38 5 
-9 27 14 -2 -21 -97 -86 12 -51 39 16 97 10 94 34 -18 
0 -29 -12 6 51 85 1 -4 -28 -57 
RSSI :-110 
Input angle :226
Zaxis angle :25 
minval :0 

minval :0 



39 13 -17 37 -35 -21 24 -33 31 26 -29 29 -26 -31 33 -23 
2 -26 -15 4 47 88 82 -33 36 -51 -50 -86 -38 -88 -24 33 
8 24 13 -9 -72 -69 -67 58 -19 60 74 65 66 70 12 -39 
-15 -21 -9 12 91 40 44 -77 -2 -63 -91 -38 -85 -46 2 41 
21 15 5 -15 -99 -10 -13 87 23 58 99 4 95 10 -15 -38 
-25 -6 1 16 96 -26 94 106 -24 59 
RSSI :-110 
Input angle :223
Zaxis angle :14 
minval :0 

minval :0 



-15 -69 70 -10 5 70 -70 0 5 -70 69 12 -19 68 -65 -24 
-43 27 7 40 75 -78 -18 -31 -75 1 -34 82 -96 65 70 4 
33 -38 -20 -35 -46 98 29 22 70 -27 4 -91 64 -98 -67 21 
-15 48 29 27 9 -107 -36 -11 -56 49 28 86 -24 114 57 -42 
-1 -51 -37 -15 26 104 37 -1 36 -66 -56 -70 -10 -116 -36 61 
18 47 40 0 -61 -88 111 113 9 -77 
RSSI :-110 
Input angle :12
Zaxis angle :0 
minval :0 

minval :0 



79 -8 2 80 -79 -8 14 -79 78 21 -28 75 -72 -34 38 -70 
-3 -44 -41 -6 79 79 8 -27 17 -62 -89 -27 -44 -94 -15 78 
16 40 41 -10 -98 -50 0 29 7 64 93 -3 74 72 -10 -80 
-31 -30 -36 19 110 17 -9 -27 -27 -59 -86 35 -94 -43 36 71 
40 19 26 -33 -108 26 20 21 47 45 70 -61 103 5 -57 -56 
-44 -2 -13 40 91 -64 95 -37 -4 39 
RSSI :-110 
Input angle :26
Zaxis angle :32 
minval :0 

minval :0 



52 -25 22 53 -55 17 -12 -56 58 -8 4 57 -58 -2 7 -57 
-41 -17 -17 -7 96 54 32 -73 -2 -44 -103 -28 -104 -61 10 56 
45 3 20 0 -109 -17 -5 81 20 39 105 -8 119 20 -28 -51 
-42 15 -17 7 108 -21 -20 -77 -33 -29 -98 44 -118 19 43 38 
36 -26 15 -12 -96 55 46 66 39 19 77 -73 104 -61 -54 -18 
-24 38 -10 16 68 -86 -97 -100 -1 19 
RSSI :-110 
Input angle :12
Zaxis angle :14 
minval :0 

minval :0 



24 -42 42 25 -29 40 -37 -31 34 -34 30 38 -42 25 -21 -44 
-34 21 -8 23 118 -30 -27 -66 -40 -47 -91 55 -108 26 35 34 
22 -32 -2 -24 -98 72 49 51 56 28 68 -81 93 -61 -45 -19 
-11 39 9 22 70 -99 -63 -34 -61 -9 -38 100 -62 91 49 3 
-1 -40 -16 -17 -31 118 71 10 61 -11 3 -107 29 -107 -46 14 
15 37 22 10 -6 -122 -17 15 4 -121 
RSSI :-110 
Input angle :12
Zaxis angle :0 
minval :0 

minval :0 



-47 -5 10 -45 44 15 -19 43 -41 -22 25 -39 37 29 -32 34 
23 24 25 -5 -62 -77 -56 41 -29 62 70 63 51 82 20 -42 
-30 -13 -21 13 83 53 37 -59 5 -68 -89 -30 -78 -57 -2 47 
33 3 16 -20 -97 -18 -11 68 18 66 95 0 92 30 -11 -45 
-32 8 -7 24 98 -16 -4 -69 -39 -57 -89 33 -97 0 27 38 
27 -19 -1 -25 -88 46 -47 97 20 115 
RSSI :-110 
Input angle :12
Zaxis angle :0 
minval :0 

minval :0 



-20 14 -12 -21 22 -10 8 23 -23 6 -4 -23 24 -2 0 24 
17 0 6 -10 -64 -17 -7 35 11 33 52 1 53 20 -8 -22 
-16 5 -2 11 66 -6 -3 -35 -21 -28 -50 16 -57 0 15 19 
13 -10 -1 -11 -60 28 16 31 30 18 41 -32 53 -21 -21 -12 
-8 14 5 10 45 -48 -26 -23 -35 -6 -28 45 -44 36 24 5 
3 -16 -9 -8 -26 61 -64 -42 -2 99 
RSSI :-110 
Input angle :12
Zaxis angle :0 
minval :0 

minval :0 



22 -46 43 27 -29 41 -37 -34 36 -34 32 39 -42 27 -23 -45 
-32 17 -8 25 124 -25 -20 -66 -43 -53 -92 50 -108 18 37 34 
25 -25 0 -26 -107 67 43 52 62 33 71 -77 95 -57 -45 -19 
-15 33 9 23 77 -100 -58 -33 -68 -12 -39 96 -68 87 50 0 
1 -37 -17 -20 -40 119 67 11 68 -14 7 -104 39 -103 -48 15 
10 35 23 12 -6 -127 -65 -70 4 -41 
RSSI :-110 
Input angle :12
Zaxis angle :0 
minval :0 

minval :0 



-19 -14 16 -18 16 18 -19 15 -13 -20 21 -11 9 22 -22 8 
3 15 11 3 -4 -65 -35 1 -31 18 14 50 -3 55 20 -14 
-8 -13 -12 1 25 61 31 -13 22 -28 -31 -42 -15 -53 -12 20 
12 9 11 -5 -45 -48 -26 23 -11 34 43 31 32 45 6 -23 
-14 -4 -9 8 59 29 16 -30 -1 -36 -51 -10 -46 -30 3 24 
15 0 5 -11 -66 -5 0 106 8 -61 
RSSI :-110 
Input angle :12
Zaxis angle :0 
minval :0 

minval :0 



-26 1 1 -28 26 3 -5 26 -26 -8 9 -25 25 11 -12 23 
13 9 14 0 -52 -35 -23 24 -2 33 47 27 46 40 6 -26 
-15 -4 -13 4 63 13 14 -31 -10 -32 -54 -8 -59 -18 3 27 
15 2 11 -8 -65 6 -2 34 21 25 53 -10 63 0 -13 -24 
-14 6 -7 12 55 -29 -9 -32 -28 -18 -46 28 -57 23 20 17 
11 -9 2 -13 -41 46 80 -23 0 55 
RSSI :-110 
Input angle :12
Zaxis angle :0 
minval :0 

minval :0 



15 20 -21 14 -12 -22 24 -10 7 25 -25 5 -3 -25 26 -1 
3 -13 -8 -10 -7 67 36 10 31 -17 0 -57 9 -60 -24 9 
1 13 12 6 -16 -66 -37 1 -24 25 19 54 7 60 20 -16 
-5 -12 -13 -2 38 56 33 -16 12 -32 -37 -44 -28 -53 -13 22 
10 9 13 -2 -56 -39 -27 26 0 35 50 26 47 37 4 -25 
-13 -5 -12 6 65 19 -97 -91 -9 -81 
RSSI :-110 
Input angle :12
Zaxis angle :0 
minval :0 

minval :0 



-32 -42 45 -28 24 47 -49 19 -13 -50 49 -7 1 52 -53 1 
-11 22 8 8 -20 -123 -85 15 -57 42 34 116 5 116 50 -17 
1 -25 -10 -5 67 109 74 -43 34 -61 -75 -97 -43 -106 -40 34 
4 24 11 0 -98 -78 -53 66 -9 72 100 68 77 81 22 -48 
-10 -15 -10 3 118 41 26 -84 -11 -70 -120 -25 -102 -51 -11 51 
16 14 8 -5 -125 3 16 -108 7 -101 
RSSI :-110 
Input angle :228
Zaxis angle :14 
minval :0 

minval :0 



75 21 -26 73 -66 -31 39 -61 60 47 -50 58 -51 -53 56 -43 
-15 -37 -12 -11 84 61 9 -44 -1 -60 -78 -40 -53 -68 -43 65 
27 26 16 6 -99 -34 2 45 20 48 88 7 72 48 11 -76 
-28 -14 -15 0 104 -13 -17 -41 -36 -37 -82 27 -86 -18 9 70 
37 -2 17 -5 -95 43 30 32 52 20 69 -49 85 -15 -31 -65 
-32 14 -12 11 70 -77 -49 -51 -2 15 
RSSI :-110 
Input angle :3
Zaxis angle :32 
minval :0 

minval :0 



-54 -55 59 -49 42 64 -68 35 -30 -71 72 -26 20 74 -75 11 
-17 72 24 14 52 -76 -22 -31 -55 10 -13 52 -68 91 68 -31 
-9 -74 -27 -6 -23 89 31 21 48 -29 -3 -53 36 -108 -51 57 
33 66 26 -4 -11 -92 -37 -9 -34 44 23 48 3 114 28 -70 
-56 -48 -24 12 38 84 38 -3 18 -52 -38 -37 -40 -107 0 77 
70 26 17 -20 -65 -64 -32 -13 6 -5 
RSSI :-110 
Input angle :12
Zaxis angle :0 
minval :0 

minval :0 



-44 -8 10 -43 38 15 -20 39 -35 -21 28 -31 30 31 -32 31 
24 44 28 16 -41 -90 -71 6 -38 66 33 87 16 98 18 -39 
-35 -30 -31 -6 67 75 64 -28 15 -74 -64 -67 -48 -88 -5 45 
43 17 32 -4 -86 -49 -53 47 10 75 82 43 75 65 -8 -43 
-49 0 -28 16 97 20 32 -61 -33 -68 -92 -14 -93 -35 22 37 
47 -14 21 -23 -99 20 1 1 25 115 
RSSI :-110 
Input angle :12
Zaxis angle :14 
minval :0 

minval :0 



-7 -22 23 -5 3 23 -23 0 1 -24 24 3 -5 23 -22 -7 
-6 29 1 10 50 -45 -18 -35 -38 8 -33 34 -55 39 23 0 
-3 -30 -4 -9 -30 60 29 27 34 -20 19 -43 38 -57 -21 8 
13 27 7 8 10 -67 -36 -16 -25 30 -4 47 -16 66 17 -15 
-22 -21 -9 -4 11 67 40 2 12 -37 -12 -46 -9 -67 -12 20 
27 12 10 0 -34 -58 -96 -11 9 -25 
RSSI :-110 
Input angle :12
Zaxis angle :0 
minval :0 

minval :0 



-21 34 -31 -25 29 -29 27 30 -31 25 -23 -33 35 -20 16 36 
35 -25 9 -17 -82 49 43 66 37 8 71 -59 88 -40 -27 -30 
-23 35 -2 19 59 -76 -62 -48 -38 5 -45 80 -69 68 35 20 
10 -41 -3 -19 -28 91 76 21 34 -17 18 -90 45 -85 -40 -6 
4 42 10 16 -2 -96 -78 6 -25 29 16 91 -7 97 40 -8 
-19 -38 -15 -11 40 87 -48 -62 -19 -45 
RSSI :-110 
Input angle :12
Zaxis angle :0 
minval :0 

minval :0 



29 -24 21 31 -33 19 -16 -34 35 -13 10 36 -37 8 -4 -37 
-35 4 -3 8 99 -2 11 -67 -25 -51 -95 6 -97 -11 14 35 
31 -16 0 -9 -91 38 16 65 43 37 87 -38 96 -21 -26 -26 
-24 26 2 9 75 -65 -36 -56 -49 -22 -71 64 -84 51 31 16 
12 -29 -5 -6 -45 88 54 39 58 3 41 -86 58 -79 -35 -3 
0 39 7 3 10 -98 110 12 11 71 
RSSI :-110 
Input angle :12
Zaxis angle :0 
minval :0 

minval :0 



-19 -39 40 -12 11 42 -44 1 2 -44 41 3 -8 46 -45 -11 
11 30 4 -10 1 -100 -81 -15 -74 32 -10 98 -18 98 45 -5 
-17 -27 0 9 31 93 82 -10 54 -64 -24 -96 -16 -98 -38 18 
28 24 -4 -9 -58 -82 -76 35 -34 77 54 81 49 87 31 -34 
-30 -9 6 8 85 51 56 -58 7 -80 -78 -61 -77 -63 -17 43 
32 0 -10 -4 -98 -24 64 73 40 55 
RSSI :-110 
Input angle :1
Zaxis angle :14 
minval :0 

minval :0 



-13 -43 45 -8 4 45 -45 1 2 -45 45 6 -10 44 -43 -13 
1 27 -11 4 25 -94 -65 -10 -63 32 -16 96 -41 88 45 0 
-10 -25 9 -7 9 96 65 -12 48 -51 -12 -97 7 -97 -44 13 
18 20 -5 10 -38 -89 -58 32 -29 64 47 86 24 94 35 -28 
-23 -13 1 -12 70 67 42 -51 5 -70 -74 -64 -54 -81 -23 39 
27 4 1 12 -90 -36 -16 68 34 -85 
RSSI :-110 
Input angle :6
Zaxis angle :32 
minval :0 

minval :0 



23 21 -23 21 -19 -25 25 -18 16 26 -28 14 -11 -29 30 -10 
-5 -16 0 -7 11 60 30 0 25 -26 -9 -51 3 -69 -25 19 
11 13 2 6 -33 -51 -28 11 -15 33 28 43 20 66 17 -25 
-14 -8 -4 -5 47 39 23 -20 2 -37 -40 -33 -41 -56 -7 30 
17 3 6 3 -57 -21 -14 27 9 35 50 16 57 39 -2 -31 
-17 2 -7 -1 61 -1 63 -114 -8 -105 
RSSI :-110 
Input angle :12
Zaxis angle :14 
minval :0 

minval :0 



8 -30 29 11 -15 27 -26 -17 19 -25 23 21 -23 21 -19 -24 
-10 14 0 0 43 -45 -19 -22 -42 0 -37 42 -55 34 27 17 
4 -17 0 0 -26 57 26 15 39 -13 21 -53 43 -49 -31 -7 
1 17 0 0 2 -63 -30 -4 -33 26 0 56 -21 61 32 -3 
-7 -16 0 0 18 59 29 -4 22 -36 -17 -54 0 -65 -28 14 
13 12 0 0 -35 -51 79 100 10 11 
RSSI :-110 
Input angle :356
Zaxis angle :0 
minval :0 

minval :0 



-10 -27 28 -7 4 29 -29 2 0 -29 29 1 -4 28 -28 -8 
-5 20 2 3 28 -60 -29 -16 -40 4 -24 49 -35 56 29 -1 
0 -21 -3 -2 -3 66 33 4 36 -19 6 -54 12 -65 -27 11 
8 20 4 0 -17 -64 -33 6 -28 28 14 53 9 66 21 -21 
-14 -15 -4 0 38 54 29 -17 16 -37 -28 -46 -31 -59 -13 25 
19 9 4 -2 -56 -36 63 77 10 -5 
RSSI :-110 
Input angle :3
Zaxis angle :0 
minval :0 

minval :0 



16 -48 47 19 -23 45 -42 -29 32 -39 37 35 -39 34 -32 -39 
-25 24 -14 23 118 -16 8 -59 -45 -57 -81 35 -122 10 42 27 
14 -31 7 -26 -106 55 10 59 61 39 68 -56 113 -47 -49 -14 
-3 34 2 27 79 -89 -31 -51 -70 -18 -42 77 -90 83 49 -5 
-7 -34 -11 -24 -45 111 46 39 72 -7 16 -86 49 -113 -46 20 
18 30 20 18 6 -120 63 -5 3 111 
RSSI :-110 
Input angle :12
Zaxis angle :0 
minval :0 

minval :0 



-43 1 1 -43 42 5 -10 42 -40 -14 17 -39 38 19 -22 36 
33 16 -8 -9 -77 -65 -66 64 6 80 68 72 73 70 11 -41 
-37 -4 10 6 95 36 41 -82 -37 -71 -88 -45 -91 -44 3 43 
36 -8 -12 -2 -101 -2 -9 91 58 55 98 13 101 7 -17 -39 
-31 20 12 -2 96 -33 -21 -89 -74 -31 -96 22 -98 26 31 30 
23 -29 -11 6 -77 65 98 4 3 91 
RSSI :-110 
Input angle :352
Zaxis angle :20 
minval :0 

minval :0 



12 40 -41 9 -6 -41 41 -1 -3 41 -41 -6 9 -41 39 12 
0 -40 -14 -7 -23 96 68 22 67 -12 25 -93 33 -94 -42 0 
15 37 15 2 -14 -98 -72 1 -58 35 7 96 -1 100 40 -13 
-26 -30 -15 4 46 87 68 -25 42 -53 -38 -89 -33 -94 -32 26 
35 20 13 -9 -73 -67 -55 46 -21 64 68 67 63 77 22 -35 
-40 -7 -9 12 92 35 31 -56 -35 -49 
RSSI :-110 
Input angle :6
Zaxis angle :0 
minval :0 

minval :0 



-38 5 -1 -39 39 1 -4 38 -38 -7 10 -37 36 14 -17 34 
28 14 8 -1 -87 -49 -55 65 10 74 85 49 76 64 5 -38 
-31 -3 -7 4 100 11 26 -80 -33 -67 -97 -13 -94 -33 6 38 
31 -6 5 -6 -98 20 0 85 55 51 96 -17 100 0 -19 -33 
-27 16 -3 8 85 -52 -27 -80 -69 -29 -83 53 -94 33 30 24 
19 -25 0 -8 -66 76 98 39 2 -65 
RSSI :-110 
Input angle :12
Zaxis angle :0 
minval :0 

minval :0 



-27 -15 17 -26 24 20 -22 23 -21 -23 25 -19 17 26 -28 14 
7 10 10 -1 -4 -66 -31 -7 -36 27 8 53 -8 65 21 -22 
-10 -6 -9 4 26 61 32 -2 25 -37 -25 -48 -15 -64 -13 28 
12 1 7 -7 -47 -47 -29 14 -11 44 40 35 33 56 2 -31 
-12 2 -4 10 59 30 22 -21 -3 -45 -50 -20 -51 -42 9 30 
11 -6 0 -10 -66 -5 -96 67 10 51 
RSSI :-110 
Input angle :12
Zaxis angle :0 
minval :0 

minval :0 


