
28 17 -20 27 -24 -22 24 -22 21 26 -28 18 -15 -29 30 -13 
30 1 15 33 21 13 -50 8 -50 1 72 1 -17 -7 -25 22 
-29 6 -23 -27 -23 -8 46 -22 47 -13 -69 21 19 2 17 -28 
25 -16 31 19 25 0 -37 34 -39 30 58 -42 -18 4 -8 32 
-19 23 -36 -8 -23 7 23 -45 28 -41 -44 57 16 -9 -1 -33 
12 -27 37 -2 21 -13 111 -78 11 113 
RSSI :-110 
Input angle :165
Zaxis angle :47 
minval :0 

minval :0 



5 17 -16 4 -3 -17 17 -1 0 17 -17 -2 4 -17 16 5 
5 17 -17 27 -12 25 -37 -51 -26 -32 26 64 -13 -20 -18 0 
-11 -14 8 -32 3 -28 52 35 35 22 -47 -51 20 14 16 -6 
15 9 2 32 5 27 -61 -15 -40 -8 60 35 -23 -7 -15 10 
-17 -5 -11 -30 -12 -25 63 -2 41 -2 -67 -17 24 0 10 -14 
18 0 21 25 20 19 63 123 4 -27 
RSSI :-110 
Input angle :149
Zaxis angle :51 
minval :0 

minval :0 



22 -16 15 23 -24 13 -10 -26 26 -7 5 27 -28 2 0 -27 
23 -27 38 -3 22 0 -34 61 -16 44 46 -61 -14 32 9 27 
-14 32 -34 15 -21 6 13 -69 4 -47 -25 72 3 -35 -17 -22 
3 -35 28 -25 17 -12 8 69 10 46 2 -77 7 34 23 15 
9 34 -19 33 -12 18 -25 -65 -24 -40 20 73 -16 -31 -27 -8 
-18 -30 10 -36 7 -21 -64 -85 7 -47 
RSSI :-110 
Input angle :150
Zaxis angle :54 
minval :0 

minval :0 



1 -18 18 2 -4 18 -17 -6 8 -16 15 9 -10 15 -13 -12 
-7 -34 18 -23 2 -19 29 58 34 11 -24 -60 12 14 18 7 
16 31 -11 26 3 20 -44 -47 -36 0 43 48 -16 -10 -18 -1 
-22 -20 3 -24 -10 -23 64 27 33 -7 -55 -37 19 1 18 -3 
32 14 6 28 14 13 -64 -13 -29 21 63 18 -20 1 -15 9 
-35 -3 -13 -27 -18 -9 -96 -30 -8 -67 
RSSI :-110 
Input angle :162
Zaxis angle :44 
minval :0 

minval :0 



32 0 -1 32 -31 -6 9 -31 29 11 -13 28 -27 -16 19 -25 
105 3 31 56 18 35 -69 -9 -52 -57 86 24 -37 -12 -11 30 
-101 26 -49 -40 -30 -26 68 -13 69 36 -90 7 38 1 0 -32 
85 -61 60 26 34 17 -61 33 -76 -17 83 -36 -37 10 9 30 
-62 83 -64 -5 -39 -5 45 -51 76 -12 -69 59 32 -22 -18 -26 
34 -100 63 -12 39 -6 -113 -14 3 49 
RSSI :-110 
Input angle :156
Zaxis angle :39 
minval :0 

minval :0 



35 6 -10 36 -33 -14 13 -32 33 16 -21 31 -26 -24 26 -24 
37 23 44 30 10 -38 -67 -14 -48 28 86 9 -29 10 -16 33 
-42 -12 -52 -15 4 38 67 -7 34 -43 -86 15 24 -18 6 -36 
45 -6 58 -3 -17 -37 -62 33 -24 56 72 -43 -18 24 4 36 
-40 16 -50 20 26 30 51 -46 3 -55 -57 65 9 -29 -15 -33 
34 -26 41 -34 -33 -23 -112 -32 13 25 
RSSI :-110 
Input angle :161
Zaxis angle :0 
minval :0 

minval :0 



-32 -39 42 -29 25 44 -46 21 -17 -48 49 -12 9 50 -51 5 
-8 -29 -36 -45 -34 16 64 56 49 -11 -58 -55 52 2 48 -20 
18 24 48 32 27 -26 -77 -38 -44 25 72 34 -51 13 -40 32 
-24 -18 -55 -16 -18 33 85 9 32 -38 -80 -3 43 -30 25 -45 
30 9 57 -2 6 -37 -83 19 -21 46 79 -15 -33 40 -13 50 
-30 0 -54 21 4 37 -96 68 -13 -115 
RSSI :-110 
Input angle :161
Zaxis angle :20 
minval :0 

minval :0 



27 39 -41 24 -21 -42 44 -17 13 45 -46 9 -4 -47 47 0 
-32 51 23 27 59 -32 -21 10 -79 77 77 -3 -1 23 -43 20 
10 -60 -32 -15 -39 54 14 -18 41 -103 -69 32 -7 -21 32 -35 
16 58 35 1 15 -65 -6 22 1 111 47 -60 15 17 -16 45 
-34 -49 -34 11 9 66 -3 -23 -50 -98 -20 74 -21 -9 -3 -47 
53 29 25 -24 -31 -59 113 108 18 -57 
RSSI :-110 
Input angle :153
Zaxis angle :29 
minval :0 

minval :0 



-21 -45 47 -17 13 48 -49 9 -5 -50 50 0 -4 50 -49 -7 
40 -68 -32 1 -41 46 4 -61 31 -98 -43 33 16 -19 48 -12 
-9 78 29 -15 19 -59 19 59 14 102 25 -48 -6 24 -40 30 
-21 -76 -21 25 6 62 -43 -43 -56 -86 -5 54 -3 -24 23 -43 
51 60 8 -32 -29 -55 57 24 85 57 -18 -51 13 21 -3 50 
-71 -35 5 32 49 37 -34 25 -5 -105 
RSSI :-110 
Input angle :150
Zaxis angle :32 
minval :0 

minval :0 



11 -46 44 15 -19 43 -41 -23 26 -39 36 29 -31 35 -31 -35 
73 -27 -11 -24 -37 -14 40 -26 67 -12 -42 -28 47 -17 43 18 
-57 53 21 16 39 -1 -26 40 -58 36 50 10 -37 35 -47 0 
29 -72 -25 -7 -35 18 6 -47 38 -56 -50 10 19 -46 43 -19 
4 78 26 -3 25 -30 13 46 -11 67 42 -29 2 50 -32 34 
-34 -70 -22 15 -9 38 -17 94 -17 -21 
RSSI :-110 
Input angle :147
Zaxis angle :36 
minval :0 

minval :0 



41 1 -5 41 -40 -9 13 -39 38 17 -20 36 -35 -22 25 -32 
37 61 17 -5 9 -58 8 13 43 77 23 -57 4 38 -8 41 
-59 -38 -13 12 19 56 -12 -8 -70 -55 2 62 -18 -33 -7 -41 
70 11 7 -17 -40 -44 15 2 86 20 -28 -54 30 22 23 35 
-68 17 0 18 54 26 -15 3 -87 12 48 39 -37 -8 -35 -21 
56 -43 -6 -17 -59 -3 -63 103 -13 -57 
RSSI :-110 
Input angle :149
Zaxis angle :39 
minval :0 

minval :0 



8 -23 22 10 -12 21 -20 -13 15 -19 17 17 -19 16 -14 -20 
28 -40 -3 2 -32 -13 25 -13 40 -57 -55 -2 49 -63 21 12 
-8 49 2 -3 35 0 -18 22 -17 68 52 -19 -19 76 -24 -2 
-10 -48 0 4 -32 13 8 -28 -11 -69 -38 40 -17 -77 22 -8 
31 38 -1 -4 24 -25 3 29 38 58 19 -52 45 65 -17 16 
-43 -24 2 2 -9 34 -49 -113 -10 115 
RSSI :-110 
Input angle :153
Zaxis angle :0 
minval :0 

minval :0 



-22 27 -25 -24 26 -23 21 28 -30 18 -16 -31 32 -14 11 33 
-32 34 -4 22 49 41 -24 10 -74 23 77 -2 -51 21 -24 -25 
16 -44 -4 -22 -61 -18 17 -19 57 -52 -66 37 36 -42 32 14 
3 47 13 18 64 -6 -8 24 -33 70 47 -60 -15 53 -35 0 
-22 -42 -19 -12 -56 30 -2 -26 4 -77 -20 74 -4 -56 32 -14 
37 30 23 2 37 -52 64 54 18 -57 
RSSI :-110 
Input angle :147
Zaxis angle :41 
minval :0 

minval :0 



-118 -1 10 -117 117 19 -30 114 -109 -41 51 -104 102 59 -65 94 
-86 -52 34 51 9 82 -70 0 -63 -50 -24 53 10 -109 27 -115 
102 8 -52 -31 -41 -70 63 -32 77 24 0 -58 32 104 29 115 
-97 31 60 7 67 46 -43 54 -81 13 24 52 -73 -80 -68 -96 
75 -69 -58 17 -81 -14 17 -68 69 -43 -42 -38 100 42 101 61 
-41 92 44 -42 78 -19 -33 -61 8 53 
RSSI :-110 
Input angle :147
Zaxis angle :29 
minval :0 

minval :0 



-92 -26 34 -89 86 42 -49 83 -79 -55 62 -73 67 68 -72 61 
-32 -95 -34 34 -66 90 -48 -51 -36 -73 -41 56 1 -97 40 -88 
75 68 17 -45 19 -110 65 28 64 54 14 -70 39 84 3 96 
-94 -37 2 47 27 108 -70 3 -77 -24 13 69 -74 -63 -40 -88 
100 -7 -21 -43 -71 -86 65 -29 81 -10 -42 -56 94 27 73 63 
-88 48 38 30 99 52 127 66 5 -117 
RSSI :-110 
Input angle :150
Zaxis angle :36 
minval :0 

minval :0 



-54 9 -4 -54 55 0 -4 54 -54 -10 15 -52 51 19 -22 49 
-80 -9 11 41 58 62 -38 -18 -68 -13 37 12 -43 -2 0 -54 
77 -23 -28 -31 -79 -31 43 -1 67 -16 -38 1 41 -14 22 50 
-62 53 38 19 84 -2 -38 18 -56 41 34 -19 -31 30 -40 -36 
35 -73 -42 0 -77 37 27 -33 31 -62 -23 31 15 -41 52 14 
1 81 39 -16 53 -66 127 -113 17 99 
RSSI :-110 
Input angle :150
Zaxis angle :20 
minval :0 

minval :0 



29 -11 8 31 -31 5 -3 -31 32 -1 -1 32 -31 -4 7 -30 
71 -34 -8 -30 -104 -15 15 16 85 -19 -38 -38 48 21 5 31 
-53 59 19 25 103 -24 -20 -9 -69 52 51 18 -53 2 -19 -25 
19 -76 -28 -14 -78 70 22 0 40 -77 -54 5 47 -23 27 15 
11 78 31 1 45 -95 -19 10 -5 86 48 -25 -33 41 -31 -2 
-45 -65 -29 11 -3 106 -49 -117 -21 77 
RSSI :-110 
Input angle :50
Zaxis angle :56 
minval :0 

minval :0 



17 -32 30 19 -21 29 -27 -24 26 -24 22 28 -30 20 -17 -31 
8 -64 -28 -21 -69 67 22 7 28 -57 -59 -2 48 -26 28 22 
18 62 34 8 38 -89 -24 2 -5 64 55 -20 -33 44 -35 -8 
-41 -50 -35 7 -1 97 20 -12 -21 -61 -41 42 12 -54 36 -6 
59 26 29 -21 -39 -88 -13 20 47 44 18 -56 12 54 -29 21 
-64 0 -16 32 74 61 -97 51 -5 -125 
RSSI :-110 
Input angle :161
Zaxis angle :20 
minval :0 

minval :0 



-31 -39 41 -28 25 44 -46 21 -18 -47 48 -14 10 49 -50 4 
-47 -57 -24 27 43 100 6 -16 -61 -49 -9 39 -29 -57 42 -27 
68 29 10 -34 -83 -71 0 17 75 19 -7 -40 48 42 -29 40 
-74 -2 4 35 105 32 -7 -15 -77 12 23 34 -61 -18 10 -48 
70 -25 -18 -31 -109 11 13 11 66 -41 -33 -23 63 -7 11 49 
-52 53 29 21 93 -57 -49 -81 16 83 
RSSI :-110 
Input angle :161
Zaxis angle :29 
minval :0 

minval :0 



58 16 -20 56 -55 -25 31 -51 49 35 -39 46 -41 -43 46 -37 
57 7 10 -34 -79 -47 16 8 82 0 -15 -30 56 44 -24 55 
-55 13 4 35 92 7 -18 0 -74 34 27 20 -69 -19 0 -60 
44 -36 -18 -30 -87 27 16 -7 52 -63 -33 -6 70 -11 25 54 
-24 51 29 20 67 -63 -11 13 -20 79 32 -8 -58 40 -46 -37 
2 -57 -35 -5 -35 84 127 -127 -21 97 
RSSI :-110 
Input angle :152
Zaxis angle :32 
minval :0 

minval :0 



49 3 -6 48 -47 -11 15 -46 45 19 -23 43 -41 -27 30 -37 
21 -13 2 -9 -72 -5 21 -6 84 -44 -28 -3 48 -7 -9 47 
-13 23 2 10 68 -24 -15 14 -58 75 26 -10 -41 25 -8 -47 
3 -26 -6 -9 -53 49 8 -20 19 -93 -19 20 25 -40 28 39 
7 24 9 5 29 -66 0 21 16 94 10 -26 -6 47 -42 -23 
-17 -20 -10 0 5 72 15 -9 -20 67 
RSSI :-110 
Input angle :150
Zaxis angle :39 
minval :0 

minval :0 



-27 -15 17 -26 24 19 -21 23 -20 -23 25 -18 16 26 -27 14 
-85 -52 -30 45 22 97 14 -99 -20 -89 2 95 23 -80 19 -25 
99 10 7 -53 -59 -79 29 95 56 73 -43 -84 9 83 -6 31 
-95 31 14 52 87 48 -66 -74 -80 -44 76 57 -44 -71 -6 -31 
74 -68 -34 -41 -99 -6 89 44 92 7 -92 -24 70 44 23 25 
-36 94 52 21 92 -39 -51 -29 18 11 
RSSI :-110 
Input angle :157
Zaxis angle :0 
minval :0 

minval :0 



-6 -41 42 -3 0 42 -42 -3 7 -41 40 11 -15 39 -37 -19 
-5 -101 -93 22 -50 88 80 -57 46 -86 -66 66 42 -59 42 0 
50 88 71 -63 7 -101 -45 87 -6 98 32 -88 -9 72 -38 17 
-82 -60 -41 86 30 97 5 -98 -30 -93 7 93 -18 -70 26 -32 
100 17 -1 -96 -71 -73 36 91 70 68 -44 -82 45 56 -12 40 
-98 24 43 85 95 36 77 45 -17 57 
RSSI :-110 
Input angle :157
Zaxis angle :0 
minval :0 

minval :0 



-47 -13 17 -46 44 22 -26 42 -40 -29 31 -38 36 34 -37 32 
-121 43 65 68 104 74 -99 -57 -101 -48 53 40 -28 -41 18 -45 
88 -92 -89 -31 -126 -18 116 8 112 -2 -65 -15 43 26 1 50 
-45 119 94 -6 122 -37 -109 37 -104 42 65 -13 -49 -7 -19 -46 
-10 -127 -80 48 -97 84 80 -83 75 -83 -53 42 48 -14 39 30 
60 113 56 -76 55 -114 -17 125 13 -121 
RSSI :-110 
Input angle :157
Zaxis angle :0 
minval :0 

minval :0 



37 16 -19 35 -33 -23 26 -30 28 29 -30 26 -24 -32 34 -21 
83 -30 -25 -25 -57 -67 74 58 62 66 -37 -43 0 90 -23 33 
-62 63 33 13 79 40 -92 -22 -83 -36 49 28 -35 -83 7 -40 
29 -83 -36 2 -88 0 93 -15 90 -8 -57 -1 68 59 13 38 
11 88 31 -17 79 -38 -78 53 -82 39 52 -21 -86 -25 -26 -31 
-46 -76 -21 29 -56 68 -31 -126 -36 89 
RSSI :-110 
Input angle :165
Zaxis angle :0 
minval :0 

minval :0 



24 -16 14 26 -27 12 -10 -28 29 -7 4 29 -30 1 0 -29 
40 10 63 23 16 -95 10 55 38 92 -1 -70 -24 95 13 27 
-40 8 -67 5 25 93 -34 -44 -73 -67 31 63 -11 -97 -23 -20 
34 -23 59 -32 -63 -72 49 27 94 32 -54 -44 58 79 29 8 
-20 35 -37 55 87 41 -56 -2 -99 9 69 14 -85 -47 -30 6 
3 -41 12 -66 -96 0 -62 -45 -27 41 
RSSI :-110 
Input angle :165
Zaxis angle :25 
minval :0 

minval :0 



-88 42 -35 -91 95 -24 14 97 -97 4 3 -98 97 8 -14 95 
-89 -72 -35 -8 -21 94 77 -46 -21 -84 -36 90 27 -92 -24 -95 
112 26 37 -7 -19 -94 -45 77 53 71 -3 -96 17 94 57 81 
-113 18 -31 23 62 74 13 -88 -77 -37 45 85 -52 -80 -90 -42 
92 -68 17 -33 -86 -44 27 85 88 3 -76 -58 82 48 99 3 
-53 101 -2 38 96 3 -49 -70 4 87 
RSSI :-110 
Input angle :162
Zaxis angle :25 
minval :0 

minval :0 



55 -114 109 64 -71 105 -98 -81 88 -91 82 95 -104 73 -63 -109 
101 -51 32 -53 -81 -37 9 39 94 -18 -70 -39 81 38 107 70 
-70 90 -7 62 90 1 -24 -33 -80 52 80 6 -89 0 -127 -17 
22 -111 -22 -58 -83 34 35 20 46 -83 -76 26 82 -34 124 -32 
17 112 42 45 61 -66 -41 -3 -11 94 59 -55 -59 65 -97 82 
-67 -91 -57 -23 -28 85 63 -81 -12 47 
RSSI :-110 
Input angle :158
Zaxis angle :32 
minval :0 

minval :0 



27 -121 118 40 -50 113 -107 -60 67 -103 98 75 -88 91 -86 -90 
71 -96 24 -43 -80 11 14 10 81 -61 -79 -13 71 -4 114 51 
-30 116 -6 52 76 -48 -19 -1 -48 94 79 -17 -64 28 -123 7 
-25 -117 -16 -50 -56 70 19 -6 10 -105 -63 52 45 -55 109 -57 
70 95 37 34 16 -80 -14 12 29 102 33 -73 -15 69 -74 99 
-106 -54 -50 -14 27 85 -65 88 -10 127 
RSSI :-110 
Input angle :162
Zaxis angle :36 
minval :0 

minval :0 



-1 63 -63 -6 11 -62 61 17 -22 59 -57 -28 34 -53 49 37 
-36 60 -13 19 48 -13 -8 -8 -42 37 43 8 -43 5 -62 -9 
4 -70 3 -23 -36 34 11 3 22 -52 -43 10 36 -24 61 -16 
24 65 7 22 18 -46 -11 1 0 57 36 -26 -23 36 -49 39 
-50 -49 -16 -17 3 50 9 -6 -27 -49 -21 39 5 -43 25 -57 
65 25 21 9 -24 -43 16 20 9 79 
RSSI :-110 
Input angle :162
Zaxis angle :29 
minval :0 

minval :0 



46 41 -45 41 -39 -47 50 -35 30 53 -56 26 -20 -58 58 -16 
14 69 8 25 31 -40 -25 -8 -10 49 44 -20 -38 36 -48 39 
-42 -56 -17 -20 -13 49 26 -3 -11 -49 -31 36 21 -48 25 -56 
63 33 25 10 -10 -50 -22 14 31 39 12 -46 2 53 0 62 
-71 -4 -27 1 30 41 13 -22 -44 -23 6 48 -23 -47 -26 -56 
65 -26 23 -12 -45 -23 -96 67 1 -89 
RSSI :-110 
Input angle :162
Zaxis angle :29 
minval :0 

minval :0 



-54 -4 9 -53 53 14 -18 51 -50 -22 26 -48 44 32 -35 42 
-18 -52 -33 0 -41 52 32 -7 15 -57 -24 28 23 -39 16 -52 
41 39 30 -12 17 -67 -27 20 9 59 11 -35 -6 45 9 53 
-53 -18 -22 26 14 66 15 -29 -34 -47 6 37 -15 -43 -33 -44 
56 -4 8 -31 -36 -57 -1 34 52 32 -21 -31 32 32 48 26 
-49 29 5 32 58 35 -65 71 -1 -119 
RSSI :-110 
Input angle :155
Zaxis angle :25 
minval :0 

minval :0 



2 -39 39 5 -7 38 -37 -11 15 -36 34 19 -21 32 -30 -24 
52 45 4 -2 30 -91 -36 73 12 95 23 -58 -38 72 38 9 
-66 -19 -3 3 10 95 4 -82 -52 -80 0 62 1 -82 -38 8 
68 -11 1 -4 -48 -83 28 77 81 51 -25 -56 34 74 32 -22 
-56 39 0 4 79 54 -60 -56 -94 -17 49 38 -59 -56 -19 34 
37 -58 -2 -4 -94 -16 114 92 -14 113 
RSSI :-110 
Input angle :154
Zaxis angle :0 
minval :0 

minval :0 



-7 41 -40 -10 13 -39 37 19 -22 35 -34 -24 27 -32 29 29 
-84 0 -23 -10 17 90 6 -86 -41 -88 9 88 -38 -64 -40 -15 
75 -36 25 -2 -56 -72 29 82 79 57 -48 -74 62 41 42 -4 
-48 68 -21 13 80 43 -62 -61 -95 -18 75 48 -73 -11 -36 23 
20 -81 15 -20 -91 -5 81 31 96 -18 -88 -11 71 -21 24 -35 
18 82 -4 25 84 -37 -35 -21 29 -71 
RSSI :-110 
Input angle :153
Zaxis angle :0 
minval :0 

minval :0 



-20 8 -7 -21 21 -5 4 21 -21 2 0 -22 22 1 -3 21 
-8 59 15 21 65 -70 -72 53 -43 90 56 -60 -94 16 -7 -20 
-19 -56 -23 -12 -23 93 43 -78 0 -100 -26 78 78 -56 15 15 
42 40 26 1 -21 -93 0 90 46 89 -8 -82 -46 84 -20 -6 
-55 -19 -24 10 56 78 -38 -81 -82 -57 44 69 4 -96 21 -2 
58 -9 18 -19 -84 -45 19 14 11 -43 
RSSI :-110 
Input angle :134
Zaxis angle :0 
minval :0 

minval :0 



-20 -17 18 -18 17 20 -21 15 -13 -22 24 -11 9 25 -25 7 
-55 15 -12 18 89 35 -78 -47 -99 -11 71 34 -46 -83 19 -17 
43 -37 3 -22 -95 5 91 8 95 -32 -79 -1 81 50 -9 24 
-24 52 6 21 85 -42 -86 30 -72 70 72 -33 -94 -15 0 -26 
1 -57 -14 -16 -57 76 62 -66 34 -94 -47 63 91 -27 12 23 
26 51 20 8 16 -94 16 -127 50 75 
RSSI :-110 
Input angle :155
Zaxis angle :14 
minval :0 

minval :0 



13 -11 9 14 -15 8 -7 -15 16 -6 4 17 -17 2 -1 -17 
3 -67 7 -12 -78 56 50 -78 71 -73 -72 15 56 -30 9 14 
23 63 -1 15 44 -85 -15 91 -33 96 59 -44 -38 51 -14 -8 
-48 -47 -4 -14 -7 95 -24 -90 -10 -102 -37 64 11 -63 17 2 
64 19 10 10 -33 -90 58 72 56 85 6 -74 14 62 -16 5 
-67 10 -14 -4 70 65 -67 -29 -28 -113 
RSSI :-110 
Input angle :150
Zaxis angle :49 
minval :0 

minval :0 



16 -4 2 16 -16 0 0 -16 16 1 -2 16 -15 -4 5 -15 
68 -37 1 19 -86 -44 72 19 101 18 -39 -74 22 38 3 16 
-47 61 -10 -16 97 3 -74 13 -100 23 68 48 -36 -25 -9 -13 
16 -75 16 10 -85 44 61 -43 81 -64 -82 -16 44 6 15 7 
18 75 -18 -3 61 -75 -39 63 -44 93 82 -18 -42 13 -16 -1 
-51 -58 18 -6 -18 95 -17 59 -52 127 
RSSI :-110 
Input angle :168
Zaxis angle :0 
minval :0 

minval :0 



5 -26 26 7 -9 25 -24 -11 13 -23 21 15 -17 20 -19 -18 
-8 -35 15 5 -44 36 10 -29 43 -67 -30 0 28 -3 25 9 
23 28 -16 2 21 -53 4 30 -13 79 26 -15 -22 16 -27 2 
-32 -16 13 -8 2 57 -15 -26 -18 -78 -18 24 14 -24 23 -13 
36 -1 -9 13 -27 -51 25 17 52 60 5 -30 -1 28 -14 22 
-32 16 1 -16 46 33 -2 69 -8 -9 
RSSI :-110 
Input angle :168
Zaxis angle :14 
minval :0 

minval :0 



22 16 -18 21 -19 -19 21 -17 15 23 -24 13 -12 -25 25 -9 
80 20 -17 17 -27 -92 41 76 53 88 22 -78 0 47 -18 20 
-80 19 8 -22 66 69 -72 -48 -84 -58 9 80 -20 -42 8 -26 
66 -49 2 24 -88 -39 85 14 101 16 -45 -66 36 30 4 27 
-36 74 -12 -20 96 -6 -83 25 -98 31 70 40 -46 -10 -16 -22 
0 -83 19 14 -84 46 -14 -41 -35 -25 
RSSI :-110 
Input angle :162
Zaxis angle :14 
minval :0 

minval :0 



4 -29 29 7 -9 28 -27 -11 14 -26 24 16 -18 23 -21 -20 
57 -70 -18 12 -99 12 62 0 95 -43 -81 -45 28 35 28 9 
-21 87 11 -19 84 -54 -55 27 -70 76 92 3 -40 -20 -30 3 
-16 -89 -2 23 -55 83 37 -48 27 -100 -86 35 44 0 25 -16 
57 70 -7 -21 10 -99 -12 60 18 102 60 -70 -41 17 -15 26 
-79 -42 16 15 33 94 62 89 -43 95 
RSSI :-110 
Input angle :177
Zaxis angle :0 
minval :0 

minval :0 



-1 37 -41 -3 6 -42 39 15 -13 35 -34 -15 18 -34 28 23 
-64 57 4 -3 99 16 -60 -28 -102 19 75 56 -14 -36 -36 -7 
34 -78 -5 6 -93 31 65 0 82 -64 -93 -22 30 26 41 -7 
4 84 0 -6 78 -64 -57 27 -47 93 90 -27 -39 -8 -28 28 
-40 -73 2 5 -34 92 45 -45 3 -104 -69 64 39 -6 15 -39 
68 48 -4 -3 -5 -99 17 -120 48 79 
RSSI :-110 
Input angle :154
Zaxis angle :0 
minval :0 

minval :0 



-17 -39 40 -13 10 42 -42 7 -3 -42 43 0 -2 43 -42 -6 
-25 -35 2 3 -33 43 -2 -20 23 -71 -24 13 28 0 41 -11 
39 19 -3 -1 10 -53 11 16 11 74 16 -23 -25 12 -32 28 
-43 0 3 0 16 52 -17 -9 -38 -64 -3 28 18 -21 17 -39 
39 -18 -3 1 -35 -40 19 0 65 36 -7 -27 -5 28 3 42 
-28 33 1 -2 49 22 126 -4 -2 -57 
RSSI :-110 
Input angle :177
Zaxis angle :0 
minval :0 

minval :0 



-8 30 -30 -11 14 -28 27 16 -19 25 -23 -21 23 -22 20 24 
-26 -4 2 12 60 20 -7 -30 -78 2 27 33 -57 -31 -29 -12 
25 -8 -7 -10 -62 10 19 25 68 -37 -39 -16 65 3 32 0 
-20 17 11 6 52 -36 -29 -12 -47 62 42 0 -60 25 -29 14 
9 -24 -12 0 -32 55 31 0 17 -76 -38 18 44 -49 19 -25 
1 26 11 -4 5 -63 0 -22 18 -71 
RSSI :-110 
Input angle :156
Zaxis angle :20 
minval :0 

minval :0 



31 -3 1 31 -32 -1 3 -31 30 6 -9 30 -30 -11 13 -28 
31 -26 -28 4 -61 -4 25 -24 69 -6 -23 1 23 26 0 31 
-19 36 24 -15 58 -21 -12 33 -61 34 20 -11 -33 -15 -14 -29 
0 -41 -13 24 -45 45 -2 -34 40 -58 -12 18 36 0 23 20 
18 37 1 -27 21 -61 17 31 -12 69 0 -23 -31 16 -30 -7 
-31 -25 10 25 5 63 31 86 -17 49 
RSSI :-110 
Input angle :168
Zaxis angle :0 
minval :0 

minval :0 



5 -96 95 12 -20 94 -92 -30 36 -89 85 43 -51 81 -75 -57 
11 -46 -10 21 -62 71 -52 -8 57 -109 -16 17 112 -13 95 22 
9 45 2 -22 33 -89 53 -12 -11 123 2 -26 -98 56 -94 25 
-28 -37 7 23 14 91 -40 34 -37 -118 9 26 59 -96 75 -61 
42 22 -16 -14 -50 -77 19 -48 90 85 -18 -23 -13 108 -41 88 
-45 -1 21 5 84 50 127 -95 -5 -87 
RSSI :-110 
Input angle :147
Zaxis angle :14 
minval :0 

minval :0 



-34 -21 24 -33 31 26 -29 28 -25 -31 33 -22 20 35 -36 18 
-20 -24 14 11 30 66 -9 5 -48 -58 4 33 34 -37 24 -32 
27 13 -16 -5 -54 -47 5 -7 67 30 -20 -27 -13 49 -7 40 
-32 1 16 -4 69 15 -2 9 -73 1 28 15 -5 -51 -6 -40 
27 -12 -14 11 -69 18 -3 -10 66 -34 -32 -3 31 41 24 33 
-17 26 7 -15 58 -41 -81 -45 14 -103 
RSSI :-110 
Input angle :268
Zaxis angle :0 
minval :0 

minval :0 



-39 5 -2 -39 39 2 -5 39 -39 -7 10 -38 37 13 -16 35 
-24 1 10 -3 58 37 -1 18 -82 -7 18 21 5 -41 0 -40 
21 -11 -7 7 -68 -11 -7 -17 78 -28 -26 -12 13 39 16 36 
-13 19 2 -10 64 -23 14 11 -55 62 28 -1 -30 -28 -30 -25 
3 -23 1 10 -50 47 -17 -5 27 -79 -25 12 39 13 39 7 
7 22 -6 -8 21 -65 32 -81 20 17 
RSSI :-110 
Input angle :266
Zaxis angle :0 
minval :0 

minval :0 



31 7 -10 30 -29 -12 15 -27 26 18 -19 25 -24 -21 23 -22 
40 7 -15 -9 -61 -47 24 -6 74 38 -28 -25 -2 37 -11 30 
-39 10 17 0 74 22 -20 15 -83 -1 36 8 -13 -34 -2 -32 
31 -25 -16 7 -77 9 11 -22 77 -31 -37 6 28 24 15 28 
-17 36 11 -13 64 -44 0 24 -57 60 30 -22 -35 -11 -26 -18 
0 -40 -5 16 -41 67 32 -65 -21 -119 
RSSI :-110 
Input angle :175
Zaxis angle :14 
minval :0 

minval :0 



39 -6 3 39 -39 0 4 -39 38 8 -11 38 -36 -13 16 -35 
39 -7 -33 -15 -79 -14 22 -23 81 -13 -35 0 13 24 -1 39 
-31 24 37 0 78 -17 -9 31 -64 50 32 -15 -21 -16 -16 -35 
19 -34 -32 15 -63 49 -4 -32 39 -72 -22 28 26 4 31 24 
-1 39 23 -28 36 -72 17 27 -6 81 8 -35 -26 6 -38 -9 
-16 -35 -6 36 0 80 63 27 -19 121 
RSSI :-110 
Input angle :137
Zaxis angle :14 
minval :0 

minval :0 



-11 43 -42 -15 19 -41 38 23 -26 37 -34 -29 32 -32 29 34 
-19 38 19 -22 76 -41 -3 26 -53 62 30 -14 -30 -4 -42 -15 
0 -43 -5 29 -48 72 -8 -26 17 -80 -21 26 29 -8 45 -3 
18 39 -6 -30 12 -86 18 20 10 81 8 -33 -23 20 -40 21 
-34 -27 18 23 25 83 -25 -9 -50 -64 6 33 12 -28 26 -37 
42 10 -27 -13 -61 -61 -79 -110 9 -13 
RSSI :-110 
Input angle :56
Zaxis angle :0 
minval :0 

minval :0 



50 12 -16 48 -48 -20 23 -45 44 26 -30 41 -38 -33 37 -35 
26 60 28 -13 27 -63 -24 23 -25 77 34 -31 4 13 -17 47 
-50 -42 -19 24 2 68 12 -31 -9 -81 -18 42 -9 -10 -3 -51 
64 14 7 -30 -30 -61 1 33 43 69 -1 -46 13 5 25 44 
-64 11 7 31 54 41 -15 -30 -69 -42 21 42 -14 0 -43 -26 
52 -39 -19 -24 -68 -12 -15 -58 1 -29 
RSSI :-110 
Input angle :157
Zaxis angle :0 
minval :0 

minval :0 



-43 -7 9 -43 42 12 -17 40 -39 -20 23 -37 34 27 -30 31 
-78 16 -39 33 72 68 -82 -10 -95 -36 55 57 -74 -51 11 -42 
62 -49 21 -46 -95 -30 77 -29 102 -6 -73 -31 90 15 8 43 
-35 71 1 51 99 -14 -58 59 -88 50 79 -7 -87 26 -25 -36 
2 -80 -21 -46 -81 57 24 -79 60 -82 -69 38 65 -63 38 20 
31 73 40 31 50 -86 -113 -74 50 91 
RSSI :-110 
Input angle :149
Zaxis angle :39 
minval :0 

minval :0 



34 2 -5 34 -33 -7 10 -32 31 13 -15 30 -29 -18 20 -27 
84 5 19 -12 -55 -80 85 24 85 53 -44 -47 80 41 -5 33 
-78 31 -12 19 85 48 -86 17 -101 -7 60 23 -90 1 -10 -32 
54 -65 1 -22 -97 -6 69 -54 95 -33 -65 2 84 -33 23 24 
-22 82 8 21 92 -32 -41 78 -70 72 56 -33 -58 69 -31 -12 
-13 -83 -17 -15 -66 71 -64 -102 -49 -45 
RSSI :-110 
Input angle :147
Zaxis angle :39 
minval :0 

minval :0 



6 -18 17 8 -10 17 -16 -11 12 -15 14 14 -15 12 -11 -16 
54 -31 9 -33 -92 -36 85 -24 102 -5 -77 -25 86 4 18 9 
-38 49 7 34 99 -6 -66 59 -90 47 80 -12 -80 34 -20 0 
7 -62 -21 -27 -86 48 36 -81 59 -83 -66 46 55 -67 18 -8 
17 60 32 14 54 -82 6 88 -14 101 39 -71 -19 84 -13 15 
-44 -44 -35 0 -16 98 -50 79 -49 -61 
RSSI :-110 
Input angle :154
Zaxis angle :36 
minval :0 

minval :0 



26 -5 3 27 -27 1 1 -27 27 3 -5 26 -26 -7 10 -25 
67 24 18 -33 -36 -94 79 49 79 65 -33 -71 78 57 3 26 
-71 6 -2 38 74 68 -92 -11 -100 -23 59 51 -95 -18 -13 -23 
58 -41 -13 -35 -95 -29 87 -32 99 -28 -76 -16 91 -32 22 15 
-38 60 29 25 99 -16 -63 68 -79 66 77 -17 -72 65 -27 -3 
6 -71 -37 -11 -80 60 49 19 -47 59 
RSSI :-110 
Input angle :150
Zaxis angle :29 
minval :0 

minval :0 



-26 -6 7 -25 24 9 -12 23 -22 -14 16 -21 20 18 -18 18 
1 -46 -49 -22 -86 43 42 -80 55 -86 -63 48 38 -89 9 -25 
18 43 54 -1 59 -76 -5 91 -13 101 37 -70 4 97 3 27 
-35 -30 -49 24 -18 95 -40 -82 -36 -95 -1 79 -46 -85 -15 -22 
45 11 32 -44 -24 -93 71 57 72 73 -34 -72 76 60 23 14 
-45 11 -8 54 63 72 12 13 -15 45 
RSSI :-110 
Input angle :149
Zaxis angle :25 
minval :0 

minval :0 



-10 -23 24 -8 6 25 -25 4 -1 -25 25 0 -2 25 -25 -4 
11 -24 6 -20 -38 -24 45 7 82 17 -46 -23 47 -2 26 -7 
1 26 3 21 44 4 -44 12 -80 23 51 2 -41 22 -19 17 
-13 -24 -12 -18 -42 14 34 -30 64 -54 -48 20 28 -37 9 -24 
21 15 18 10 31 -32 -17 42 -32 77 34 -38 -9 46 2 26 
-26 -3 -21 0 -13 43 127 -34 -22 -91 
RSSI :-110 
Input angle :157
Zaxis angle :29 
minval :0 

minval :0 



4 -10 10 5 -5 9 -9 -6 7 -8 7 8 -8 7 -6 -8 
47 -13 27 -20 -31 -91 84 47 83 62 -45 -81 64 43 10 5 
-37 32 -15 29 67 69 -96 -8 -102 -21 76 54 -76 -12 -12 0 
20 -44 2 -33 -91 -31 90 -33 102 -19 -92 -14 74 -22 11 -5 
1 49 14 30 96 -8 -66 70 -79 67 89 -27 -57 52 -7 9 
-24 -42 -25 -22 -81 52 -15 55 -49 -107 
RSSI :-110 
Input angle :155
Zaxis angle :32 
minval :0 

minval :0 



8 15 -16 7 -5 -17 17 -4 2 17 -17 1 0 -18 17 1 
-4 67 -4 20 93 -9 -74 54 -87 55 87 -10 -73 9 -18 6 
-28 -61 -7 -17 -81 49 43 -80 51 -87 -70 55 60 -42 12 -12 
48 45 13 12 50 -80 1 92 -12 102 46 -76 -37 63 -5 16 
-62 -23 -18 -12 -10 94 -39 -83 -34 -96 -8 89 4 -75 -4 -20 
67 -11 18 -2 -32 -89 -46 4 35 13 
RSSI :-110 
Input angle :162
Zaxis angle :36 
minval :0 

minval :0 



16 23 -27 16 -12 -27 28 -10 9 30 -27 5 -2 -32 30 -2 
-5 82 0 6 94 -6 -84 38 -89 49 94 0 -70 -1 -26 14 
-32 -78 -1 -8 -78 56 60 -68 57 -85 -86 37 65 -30 17 -26 
64 55 7 4 48 -83 -22 88 -15 102 57 -74 -45 55 -4 28 
-81 -20 -7 -4 -6 95 -18 -90 -33 -98 -19 91 16 -68 -6 -29 
83 -18 6 -1 -38 -89 -78 57 37 -1 
RSSI :-110 
Input angle :158
Zaxis angle :25 
minval :0 

minval :0 



-16 -25 26 -14 12 28 -28 10 -7 -29 30 -4 2 30 -30 0 
-30 -90 -12 20 -67 67 53 -76 64 -78 -80 29 45 -24 27 -14 
68 67 2 -24 30 -90 -11 93 -22 99 57 -63 -30 41 -17 26 
-91 -29 8 22 12 94 -28 -89 -28 -97 -22 82 7 -51 4 -30 
94 -13 -17 -16 -51 -80 65 67 63 80 -11 -84 14 49 9 29 
-77 56 23 6 84 45 61 -122 -21 119 
RSSI :-110 
Input angle :160
Zaxis angle :0 
minval :0 

minval :0 



17 33 -34 15 -13 -34 36 -10 7 36 -36 3 -1 -37 37 1 
30 35 -15 -33 -8 -71 25 28 21 74 0 -31 -22 23 -34 15 
-42 -17 28 22 42 57 -35 -12 -51 -59 12 28 8 -31 24 -28 
45 -3 -35 -6 -62 -36 37 -3 72 29 -23 -20 4 32 -9 36 
-40 21 35 -9 71 4 -32 18 -78 5 30 6 -18 -26 -6 -37 
26 -37 -27 23 -67 27 113 -119 -11 103 
RSSI :-110 
Input angle :168
Zaxis angle :14 
minval :0 

minval :0 



45 5 -9 44 -43 -13 18 -41 39 21 -23 38 -36 -27 29 -33 
11 28 11 5 -36 -29 -5 7 58 25 -3 -28 25 63 -12 44 
-22 -21 -12 0 45 13 1 -8 -63 0 15 23 -50 -46 -9 -44 
30 8 11 -6 -45 10 3 8 55 -30 -24 -13 66 19 29 35 
-30 6 -6 10 38 -27 -6 -5 -38 50 28 3 -68 9 -41 -18 
24 -18 1 -12 -20 41 48 37 -16 87 
RSSI :-110 
Input angle :162
Zaxis angle :32 
minval :0 

minval :0 



-27 8 -6 -28 28 -3 1 28 -28 -1 3 -28 27 5 -7 27 
-55 -5 0 -1 58 -6 -41 -1 -68 31 46 14 -59 0 -4 -27 
52 -18 0 0 -50 29 38 -16 48 -58 -48 8 54 -24 16 23 
-38 39 0 0 33 -48 -27 31 -16 74 40 -27 -37 45 -25 -12 
17 -52 1 0 -9 58 10 -40 -16 -74 -23 42 12 -57 28 0 
8 54 0 0 -19 -56 64 -100 14 -49 
RSSI :-110 
Input angle :162
Zaxis angle :20 
minval :0 

minval :0 



16 -19 17 18 -18 15 -14 -20 21 -12 10 22 -22 9 -6 -23 
44 -9 -13 -4 -49 20 39 -5 49 -46 -44 -2 65 -20 15 18 
-36 27 14 -1 37 -38 -32 20 -24 64 41 -16 -52 47 -22 -9 
20 -41 -13 8 -14 49 18 -33 -7 -68 -28 32 21 -67 25 -2 
0 44 8 -12 -7 -54 -2 37 38 57 11 -45 8 71 -20 13 
-20 -40 -3 14 29 43 15 -103 -10 73 
RSSI :-110 
Input angle :153
Zaxis angle :0 
minval :0 

minval :0 



-23 -17 19 -22 20 21 -23 18 -16 -24 26 -13 12 27 -27 9 
-25 -39 0 3 27 47 -22 -28 -63 -44 14 46 -33 -53 19 -21 
40 24 -2 -2 -45 -30 32 16 75 10 -31 -37 55 30 -8 28 
-47 -4 3 1 54 7 -36 0 -72 24 45 18 -63 -4 -4 -29 
44 -16 -3 0 -52 16 32 -14 55 -53 -48 2 58 -24 16 24 
-33 33 4 -1 40 -39 -33 43 18 57 
RSSI :-110 
Input angle :157
Zaxis angle :14 
minval :0 

minval :0 



1 -45 45 6 -9 44 -44 -12 15 -43 41 18 -22 39 -37 -26 
16 -51 5 -9 -17 57 -3 -38 -10 -73 -18 37 17 -53 45 5 
9 53 -1 11 -12 -58 19 32 42 60 0 -41 7 55 -43 14 
-30 -44 -4 -10 36 47 -32 -20 -64 -36 19 36 -30 -46 33 -31 
47 24 8 6 -54 -24 38 4 73 3 -33 -24 49 26 -13 43 
-54 0 -11 -2 59 0 -2 3 8 -15 
RSSI :-110 
Input angle :162
Zaxis angle :36 
minval :0 

minval :0 



15 49 -50 11 -7 -51 52 -3 0 52 -51 -7 11 -51 50 13 
1 55 -1 14 -5 -57 16 34 28 63 3 -36 -3 55 -51 9 
-23 -50 -4 -13 29 49 -30 -23 -55 -43 10 35 -20 -52 42 -30 
44 33 10 10 -47 -32 37 7 68 16 -25 -27 38 40 -23 45 
-54 -13 -14 -4 56 10 -37 10 -67 17 34 12 -53 -17 2 -52 
53 -13 14 -2 -54 18 0 -34 -12 33 
RSSI :-110 
Input angle :163
Zaxis angle :36 
minval :0 

minval :0 



14 -47 46 17 -22 43 -42 -27 30 -39 37 33 -35 34 -32 -37 
44 -21 12 4 -44 39 25 -14 49 -55 -35 17 33 -51 44 20 
-30 39 -13 0 21 -54 -17 23 -16 72 23 -31 -6 61 -49 2 
9 -48 11 -7 3 59 3 -28 -17 -72 -7 38 -20 -58 42 -24 
12 47 -7 11 -28 -51 7 28 48 56 -9 -38 42 44 -28 41 
-32 -37 0 -13 49 31 -50 76 -8 -27 
RSSI :-110 
Input angle :167
Zaxis angle :20 
minval :0 

minval :0 



-8 40 -39 -11 13 -39 37 17 -20 35 -33 -23 25 -32 29 27 
-40 1 12 0 60 -20 -12 -20 -63 36 40 9 -67 28 -39 -11 
35 -20 -10 5 -47 43 19 14 41 -60 -40 7 51 -52 40 -7 
-22 33 7 -10 23 -59 -23 -3 -10 72 32 -24 -19 70 -34 23 
6 -40 -1 12 5 63 23 -7 -21 -69 -18 36 -10 -72 18 -36 
12 38 -3 -11 -35 -53 -32 68 13 63 
RSSI :-110 
Input angle :156
Zaxis angle :14 
minval :0 

minval :0 



-58 80 -76 -64 71 -69 61 78 -83 55 -48 -86 89 -43 37 91 
-28 -11 -8 13 101 -4 35 -14 -116 55 31 27 -124 -19 -73 -68 
31 -1 2 -14 -87 49 -27 26 81 -100 -40 -11 120 -40 95 31 
-26 15 4 13 59 -80 11 -37 -25 125 41 -8 -94 86 -99 15 
16 -26 -9 -10 -18 98 4 38 -29 -126 -34 23 46 -118 85 -53 
-4 31 13 4 -26 -97 96 -73 12 41 
RSSI :-110 
Input angle :159
Zaxis angle :36 
minval :0 

minval :0 



-35 -30 34 -32 28 37 -39 24 -22 -41 42 -20 17 43 -45 12 
16 -21 -4 -9 -8 50 5 19 5 -64 -15 16 30 -61 35 -31 
-5 26 8 6 -15 -49 -14 -14 21 61 9 -21 2 68 -18 43 
-6 -25 -9 -1 36 37 19 7 -48 -42 2 22 -29 -61 -3 -46 
18 19 9 -3 -48 -16 -20 2 62 18 -11 -20 53 43 20 42 
-24 -10 -7 6 51 -5 127 41 3 125 
RSSI :-110 
Input angle :164
Zaxis angle :36 
minval :0 

minval :0 



19 -17 15 21 -22 13 -11 -23 23 -9 7 24 -26 5 -2 -25 
28 18 -6 0 -62 -11 20 22 72 -8 -34 -26 60 7 14 21 
-34 -4 6 -2 61 -17 -28 -10 -61 40 42 10 -57 21 -22 -12 
32 -11 -4 5 -45 43 30 -3 39 -62 -42 10 43 -42 26 0 
-24 24 2 -6 23 -58 -25 16 -5 73 33 -28 -21 56 -24 10 
11 -32 0 6 4 63 63 -62 -18 99 
RSSI :-110 
Input angle :156
Zaxis angle :14 
minval :0 

minval :0 



-25 -3 5 -25 24 7 -9 23 -22 -11 13 -21 20 15 -15 20 
-5 -23 -11 1 21 52 -5 -22 -44 -55 -10 40 -9 -67 6 -24 
14 18 9 -5 -41 -38 13 18 63 32 -8 -40 39 55 5 25 
-21 -9 -5 9 53 17 -20 -9 -70 1 25 32 -59 -31 -16 -19 
23 0 1 -11 -55 10 23 0 64 -29 -37 -18 67 0 23 11 
-21 10 3 10 47 -31 31 30 14 -103 
RSSI :-110 
Input angle :151
Zaxis angle :36 
minval :0 

minval :0 



-19 26 -24 -22 24 -22 19 25 -27 19 -17 -28 29 -15 13 29 
-48 -53 -28 31 84 47 -5 -48 -101 -13 49 83 -58 -78 -23 -22 
65 26 12 -39 -96 -10 26 42 97 -32 -79 -54 90 39 31 10 
-68 0 6 39 88 -40 -44 -27 -72 73 97 11 -98 6 -33 4 
62 -33 -26 -33 -61 75 52 2 29 -98 -91 30 85 -49 27 -20 
-39 60 37 16 22 -94 80 22 50 103 
RSSI :-110 
Input angle :154
Zaxis angle :20 
minval :0 

minval :0 



-22 27 -25 -24 26 -22 19 28 -30 17 -15 -31 32 -12 8 33 
-48 -17 -40 28 89 29 -8 -23 -100 9 53 73 -52 -82 -24 -26 
50 -6 21 -44 -93 13 18 15 86 -51 -79 -45 82 51 32 13 
-44 25 -3 49 75 -55 -23 -6 -50 87 91 2 -96 -6 -35 2 
27 -43 -18 -45 -49 79 23 -4 8 -100 -82 37 90 -34 29 -19 
-5 51 37 33 8 -93 33 -89 46 79 
RSSI :-110 
Input angle :154
Zaxis angle :25 
minval :0 

minval :0 



-5 -26 28 -3 1 27 -26 -2 3 -26 26 6 -8 24 -23 -10 
43 -10 21 -42 -79 52 26 10 57 -83 -63 -11 95 22 26 -2 
-31 27 -6 52 48 -81 -27 2 -14 99 60 -20 -94 26 -24 13 
17 -41 -18 -46 -8 93 21 -12 -29 -95 -45 43 73 -64 14 -24 
1 45 36 34 -29 -90 -16 23 67 73 21 -60 -40 89 -2 27 
-20 -39 -48 -13 70 64 -3 -96 -19 -101 
RSSI :-110 
Input angle :154
Zaxis angle :20 
minval :0 

minval :0 



59 17 -24 57 -55 -28 32 -53 50 37 -41 46 -44 -44 48 -37 
29 26 5 -16 -47 -85 -4 11 65 98 23 -33 14 124 -25 56 
-37 -12 1 16 80 55 0 -11 -104 -55 -7 40 -63 -107 -1 -62 
38 -6 -9 -14 -97 -11 5 10 117 0 -13 -38 108 60 29 55 
-33 23 14 8 92 -28 -10 -6 -106 51 28 30 -125 -6 -50 -38 
17 -35 -17 -1 -69 67 0 84 -12 115 
RSSI :-110 
Input angle :161
Zaxis angle :20 
minval :0 

minval :0 



3 -27 26 6 -8 26 -25 -10 12 -24 23 14 -16 21 -19 -18 
-10 -65 -31 -13 -45 79 56 -34 21 -98 -48 25 92 -21 26 7 
37 54 34 -1 9 -91 -34 56 20 98 32 -43 -74 58 -27 5 
-57 -32 -30 15 30 86 6 -66 -66 -75 -10 53 41 -85 22 -16 
66 6 20 -27 -66 -63 26 61 91 42 -14 -52 2 94 -11 24 
-61 25 -5 33 87 28 92 23 3 -55 
RSSI :-110 
Input angle :147
Zaxis angle :0 
minval :0 

minval :0 



9 -1 0 9 -9 0 1 -8 9 2 -3 8 -8 -3 4 -8 
25 -65 -65 -21 -30 77 75 -35 13 -99 -56 34 76 -63 0 8 
6 69 68 -8 -3 -82 -48 67 32 94 36 -55 -43 90 -3 -7 
-37 -59 -57 38 39 73 16 -81 -67 -73 -7 65 0 -100 6 5 
57 39 32 -60 -69 -45 24 79 93 35 -20 -62 45 89 -8 -2 
-69 -9 -3 69 82 11 -116 -102 6 -109 
RSSI :-110 
Input angle :150
Zaxis angle :14 
minval :0 

minval :0 



-18 -17 18 -17 15 20 -21 13 -12 -22 23 -10 8 24 -24 5 
29 -38 -29 -25 -46 78 47 -24 15 -98 -82 33 77 -58 20 -16 
-10 47 37 11 10 -90 -31 42 31 94 54 -68 -41 87 -9 25 
-15 -47 -37 4 32 84 9 -53 -66 -74 -17 88 1 -97 0 -26 
32 35 34 -22 -65 -63 14 51 94 32 -20 -86 44 86 12 23 
-44 -19 -18 34 87 26 28 49 6 -21 
RSSI :-110 
Input angle :154
Zaxis angle :25 
minval :0 

minval :0 



-21 -56 58 -16 9 59 -59 5 0 -60 59 4 -9 59 -57 -14 
7 -24 7 -16 -62 66 24 -19 37 -100 -50 3 115 -51 60 -13 
5 25 1 18 28 -86 -13 27 9 107 44 -25 -76 99 -46 39 
-14 -19 -9 -15 15 89 0 -30 -54 -93 -27 42 24 -123 24 -55 
23 11 15 10 -54 -72 12 27 90 57 7 -49 32 122 3 61 
-25 0 -18 -2 81 41 -17 -26 -2 -41 
RSSI :-110 
Input angle :168
Zaxis angle :36 
minval :0 

minval :0 



-8 23 -22 -11 13 -21 21 13 -15 19 -17 -17 19 -15 13 21 
-18 10 0 0 51 -25 -13 2 -58 34 17 3 -62 -15 -21 -12 
11 -17 0 0 -35 44 11 -9 34 -58 -17 4 62 -14 25 1 
-3 20 1 0 10 -55 -5 12 -6 68 14 -12 -49 41 -23 10 
-6 -20 0 0 13 54 0 -14 -22 -64 -6 17 25 -59 16 -19 
15 14 0 0 -35 -43 -80 -48 11 -67 
RSSI :-110 
Input angle :147
Zaxis angle :25 
minval :0 

minval :0 



-26 10 -8 -27 27 -6 4 28 -28 1 0 -28 28 4 -6 27 
-17 -13 0 3 63 22 -5 -9 -62 -17 12 18 -32 -58 -8 -27 
21 4 -2 -3 -67 8 8 5 64 -8 -19 -11 55 37 20 21 
-21 6 3 1 57 -35 -10 -1 -53 37 22 2 -65 -12 -27 -11 
16 -13 -3 0 -36 57 10 -3 31 -57 -21 9 62 -22 29 -2 
-9 19 3 -1 2 -67 -97 86 16 9 
RSSI :-110 
Input angle :159
Zaxis angle :0 
minval :0 

minval :0 



-19 39 -37 -23 27 -34 31 31 -33 28 -27 -35 36 -24 21 38 
-25 57 20 8 31 -73 -42 3 -37 90 31 -3 -93 32 -37 -23 
-3 -62 -21 1 3 79 37 -21 -7 -97 -26 17 71 -68 43 5 
28 55 19 -9 -38 -70 -23 36 51 83 14 -28 -35 92 -41 14 
-52 -33 -12 18 65 45 5 -42 -81 -54 -1 31 -8 -98 30 -31 
61 9 3 -21 -78 -14 -77 -58 5 -27 
RSSI :-110 
Input angle :156
Zaxis angle :0 
minval :0 

minval :0 



3 25 -25 1 0 -25 25 2 -4 25 -24 -7 8 -23 22 10 
37 58 28 -41 -73 -69 -24 30 98 28 -37 -76 -43 93 -24 1 
-60 -34 -4 50 97 27 6 -39 -99 23 68 50 -4 -102 21 -12 
69 5 -17 -47 -99 19 12 37 80 -62 -83 -14 51 89 -13 20 
-63 28 37 34 80 -61 -25 -29 -42 93 82 -19 -84 -58 3 -24 
47 -50 -48 -14 -48 88 -1 -47 -52 25 
RSSI :-110 
Input angle :198
Zaxis angle :14 
minval :0 

minval :0 



-2 -25 25 0 -2 25 -25 -4 7 -24 24 8 -9 23 -23 -11 
-29 -50 -8 29 40 52 -15 -27 -43 -54 21 34 37 -62 26 0 
50 30 -4 -30 -59 -29 25 19 63 28 -34 -21 -6 73 -23 11 
-59 -5 17 25 65 0 -31 -5 -69 2 40 3 -29 -66 15 -20 
54 -21 -26 -14 -60 26 31 -8 62 -30 -38 15 53 48 -4 25 
-40 43 30 1 40 -52 -17 -100 14 -29 
RSSI :-110 
Input angle :175
Zaxis angle :14 
minval :0 

minval :0 



-14 41 -40 -16 19 -39 37 22 -26 34 -31 -30 32 -28 26 33 
17 34 16 -30 -12 -46 8 31 10 45 -10 -14 -51 53 -39 -18 
-30 -24 0 34 34 33 -21 -25 -30 -35 16 8 23 -70 42 0 
38 9 -13 -30 -44 -19 31 11 41 17 -18 0 11 73 -38 19 
-37 10 26 21 47 -5 -32 3 -47 3 16 -8 -44 -58 25 -35 
28 -26 -32 -7 -40 25 16 11 -6 59 
RSSI :-110 
Input angle :170
Zaxis angle :14 
minval :0 

minval :0 



17 -23 23 18 -20 21 -19 -22 23 -18 16 24 -26 13 -10 -27 
9 -35 -35 -8 -8 30 1 -17 8 -49 -5 18 71 -29 21 19 
6 35 35 -9 -5 -30 6 15 14 48 -3 -19 -52 56 -28 -7 
-22 -28 -28 22 18 24 -12 -11 -33 -37 12 15 21 -74 28 -8 
32 15 15 -32 -28 -13 16 4 47 16 -17 -7 16 74 -22 18 
-36 0 0 36 31 0 -81 31 1 27 
RSSI :-110 
Input angle :131
Zaxis angle :20 
minval :0 

minval :0 



-25 -26 28 -23 20 30 -31 17 -14 -33 34 -12 9 35 -35 7 
-31 -4 12 26 41 11 -28 -3 -43 -14 15 -9 -18 -71 27 -22 
29 -10 -22 -17 -41 8 26 -9 45 -4 -8 15 51 53 -16 32 
-22 22 28 6 33 -27 -19 20 -38 25 0 -18 -69 -25 0 -36 
10 -29 -27 7 -19 38 8 -27 23 -40 7 16 73 -5 15 32 
5 31 20 -19 -2 -43 31 -83 11 103 
RSSI :-110 
Input angle :196
Zaxis angle :20 
minval :0 

minval :0 



-20 23 -21 -22 23 -18 17 24 -26 13 -11 -27 28 -10 5 29 
-22 25 21 5 18 -44 -5 4 -13 67 15 -17 -80 -5 -20 -24 
7 -32 -21 6 1 46 2 -4 -16 -65 -6 21 76 -30 27 13 
9 29 16 -15 -22 -42 0 6 44 52 -4 -23 -54 58 -30 2 
-22 -26 -9 20 40 26 -3 -5 -63 -26 12 19 24 -77 26 -14 
31 11 -1 -25 -46 -5 97 -51 -2 53 
RSSI :-110 
Input angle :154
Zaxis angle :14 
minval :0 

minval :0 



26 15 -17 25 -23 -20 22 -21 19 24 -25 17 -15 -27 28 -12 
23 18 -2 -17 -48 -26 0 19 66 12 -8 -25 0 79 -18 24 
-29 -7 11 15 55 1 -9 -15 -65 18 19 19 -35 -73 6 -30 
29 -7 -15 -8 -50 21 15 10 49 -45 -26 -7 65 49 9 29 
-22 19 17 0 34 -43 -18 -2 -24 63 27 -4 -79 -17 -20 -23 
11 -27 -15 8 -12 54 -65 -3 -18 -115 
RSSI :-110 
Input angle :180
Zaxis angle :14 
minval :0 

minval :0 



-11 -35 36 -8 4 37 -37 1 0 -37 37 2 -6 37 -36 -9 
5 -25 -11 24 7 39 24 -15 -24 -51 -16 20 36 -79 36 -6 
5 26 0 -26 -25 -31 -13 25 47 32 6 -25 2 87 -28 24 
-16 -21 12 23 36 16 1 -28 -56 -9 5 25 -40 -77 16 -33 
24 11 -21 -16 -40 0 10 26 54 -15 -15 -21 69 53 -1 37 
-26 0 25 5 36 -18 -81 18 10 105 
RSSI :-110 
Input angle :157
Zaxis angle :14 
minval :0 

minval :0 



35 0 -3 36 -35 -5 9 -34 33 12 -15 32 -31 -17 19 -30 
27 19 -20 -7 -40 -15 19 32 60 0 -15 -31 72 47 -3 35 
-33 -4 23 -2 42 -4 -28 -24 -55 23 27 20 -84 -16 -11 -34 
30 -9 -19 10 -36 23 35 4 39 -45 -34 -8 84 -22 25 25 
-23 21 14 -17 22 -37 -35 9 -13 59 34 -8 -64 57 -33 -11 
14 -30 -4 21 -6 43 -49 0 -15 -71 
RSSI :-110 
Input angle :161
Zaxis angle :14 
minval :0 

minval :0 



-27 1 0 -27 27 3 -5 27 -27 -7 9 -25 26 11 -12 24 
-24 -21 13 7 38 24 -18 -42 -65 1 34 43 -58 -50 1 -27 
31 9 -15 0 -45 -1 36 29 55 -33 -50 -24 75 13 11 25 
-31 6 13 -5 41 -18 -45 -10 -39 52 56 0 -75 17 -20 -18 
25 -19 -9 11 -31 33 45 -10 6 -64 -50 25 57 -52 26 7 
-15 29 3 -14 12 -43 16 -115 15 -93 
RSSI :-110 
Input angle :157
Zaxis angle :0 
minval :0 

minval :0 



-36 -22 25 -34 31 28 -31 29 -27 -33 34 -25 21 36 -38 17 
-22 -23 1 4 53 34 6 -6 -74 -20 9 33 16 -77 27 -33 
30 10 -3 -2 -63 -5 -2 8 75 -15 -23 -26 17 76 -9 41 
-32 3 4 1 59 -23 -1 -8 -58 49 32 13 -52 -58 -11 -41 
27 -18 -4 0 -43 46 5 7 32 -69 -35 1 73 27 27 32 
-16 28 3 -2 16 -61 -64 85 19 -1 
RSSI :-110 
Input angle :182
Zaxis angle :14 
minval :0 

minval :0 



-18 -23 24 -16 15 25 -27 12 -10 -27 29 -6 4 29 -28 1 
-70 -62 21 93 92 41 -68 -49 -101 -14 79 53 -21 -94 25 -15 
90 25 -60 -73 -101 7 84 13 97 -33 -94 -14 59 77 -15 25 
-93 16 87 41 89 -49 -80 24 -73 71 92 -25 -88 -40 1 -29 
75 -57 -96 7 -59 81 58 -57 34 -97 -70 65 97 -9 10 26 
-41 84 84 -46 9 -101 80 90 51 -29 
RSSI :-110 
Input angle :150
Zaxis angle :0 
minval :0 

minval :0 



4 41 -41 1 2 -41 40 7 -10 39 -38 -14 18 -37 35 20 
1 37 -2 -22 -30 -55 20 17 44 56 -13 -35 -42 57 -40 -2 
-19 -32 13 18 52 36 -26 -4 -65 -29 28 25 13 -70 37 -17 
30 22 -20 -10 -62 -9 25 -7 71 -3 -36 -8 20 68 -26 31 
-37 -7 23 1 60 -17 -20 17 -63 34 36 -5 -50 -50 8 -40 
36 -11 -21 7 -46 43 112 -11 -16 59 
RSSI :-110 
Input angle :178
Zaxis angle :14 
minval :0 

minval :0 



8 -28 27 8 -6 28 -29 -14 17 -26 23 16 -20 27 -21 -23 
74 -22 53 -11 -86 -49 70 56 96 41 -46 -88 12 33 29 6 
-57 56 -41 40 101 -5 -88 -19 -103 16 83 54 -27 -22 -33 5 
25 -73 17 -53 -86 51 88 -19 89 -54 -99 -7 34 6 27 -16 
7 78 1 56 63 -76 -69 58 -55 89 93 -31 -35 11 -11 28 
-46 -65 -29 -45 -14 100 64 -58 -53 -93 
RSSI :-110 
Input angle :162
Zaxis angle :14 
minval :0 

minval :0 


