
-28 -56 59 -23 18 60 -61 13 -6 -62 63 0 -4 63 -62 -9 
45 -22 46 8 22 52 51 -39 40 53 40 21 24 -69 62 -9 
-37 35 -47 6 -37 -42 -37 53 -56 -36 -45 -10 -2 73 -55 29 
24 -44 42 -20 48 30 23 -61 63 22 46 -3 -21 -70 43 -46 
-9 50 -34 32 -55 -13 0 64 -67 0 -42 18 42 59 -27 57 
-6 -50 22 -40 57 -4 16 127 -2 35 
RSSI :-110 
Input angle :85
Zaxis angle :20 
minval :0 

minval :0 



-57 33 -29 -59 62 -25 18 64 -65 10 -3 -67 67 1 -6 65 
-30 -41 0 -47 47 -28 -45 -43 41 -44 22 -41 -79 -11 -14 -65 
41 30 14 44 -35 41 57 26 -23 56 -6 47 78 -17 37 55 
-48 -15 -28 -36 21 -50 -62 -9 7 -60 -6 -46 -69 38 -48 -45 
51 0 39 26 -5 54 62 -10 11 59 20 42 53 -59 60 27 
-48 15 -44 -15 -10 -54 31 -113 -14 -75 
RSSI :-110 
Input angle :80
Zaxis angle :20 
minval :0 

minval :0 



-26 63 -61 -31 36 -58 54 41 -45 51 -46 -51 56 -40 34 58 
-48 -17 -23 -37 21 -52 -62 -6 6 -62 -9 -48 -67 37 -52 -43 
51 2 33 28 -1 56 61 -14 10 62 22 42 54 -54 62 26 
-49 15 -41 -16 -14 -54 -55 31 -30 -54 -34 -33 -35 68 -67 -8 
42 -28 44 4 29 48 42 -47 43 44 43 22 10 -76 67 -14 
-32 39 -43 9 -41 -38 63 21 -7 67 
RSSI :-110 
Input angle :82
Zaxis angle :20 
minval :0 

minval :0 



-46 47 -43 -50 54 -38 34 58 -60 28 -22 -63 64 -16 11 64 
-39 -30 -17 -43 36 -40 -56 -22 25 -55 4 -46 -75 19 -33 -57 
46 16 29 36 -19 50 59 5 -5 60 7 45 66 -40 50 43 
-49 0 -37 -26 5 -54 -57 13 -9 -60 -22 -40 -51 57 -59 -29 
48 -13 44 12 12 53 51 -29 29 54 32 32 33 -70 66 10 
-41 27 -46 0 -25 -47 -49 -52 -11 -43 
RSSI :-110 
Input angle :82
Zaxis angle :20 
minval :0 

minval :0 



-68 10 -3 -69 69 2 -8 68 -67 -14 21 -65 63 27 -31 60 
-13 -51 15 -46 59 -6 -26 -60 60 -25 39 -29 -68 -43 10 -68 
25 46 -1 49 -53 26 46 46 -48 44 -26 41 78 20 9 68 
-38 -35 -13 -47 44 -39 -56 -34 35 -55 15 -47 -80 7 -29 -62 
47 22 25 41 -29 52 63 17 -15 64 0 49 75 -31 46 50 
-52 -7 -37 -31 12 -58 63 0 -17 101 
RSSI :-110 
Input angle :82
Zaxis angle :0 
minval :0 

minval :0 



-38 -58 61 -31 25 64 -67 19 -14 -68 69 -8 1 69 -68 -4 
46 -27 50 2 29 54 50 -46 44 48 42 29 16 -76 67 -15 
-36 39 -48 12 -42 -44 -33 59 -58 -31 -49 -13 7 78 -59 35 
19 -49 42 -26 55 27 15 -66 64 15 51 -1 -32 -71 46 -51 
-5 53 -31 39 -60 -11 5 68 -65 5 -48 16 51 59 -27 63 
-10 -52 19 -46 60 -9 32 122 -7 -11 
RSSI :-110 
Input angle :82
Zaxis angle :0 
minval :0 

minval :0 



52 -42 37 55 -59 32 -26 -62 65 -19 14 66 -67 9 -3 -67 
31 40 5 49 -48 36 47 41 -38 54 -17 46 79 0 24 62 
-43 -29 -20 -45 34 -49 -58 -24 20 -62 3 -49 -76 23 -42 -52 
50 13 34 35 -17 58 63 3 0 66 13 47 64 -46 56 37 
-51 3 -42 -25 -1 -61 -62 12 -20 -63 -26 -41 -50 61 -65 -16 
48 -17 48 10 20 57 80 -76 13 -123 
RSSI :-110 
Input angle :83
Zaxis angle :20 
minval :0 

minval :0 



63 24 -30 60 -57 -36 41 -53 51 45 -47 48 -43 -51 56 -36 
-24 51 -44 20 -55 -33 -16 61 -71 -6 -46 4 30 76 -44 51 
10 -56 37 -33 62 16 0 -63 70 -9 42 -19 -52 -63 26 -62 
8 56 -23 43 -64 4 18 60 -63 32 -33 32 69 45 -6 67 
-25 -51 8 -49 61 -22 -39 -49 51 -50 23 -40 -79 -21 -12 -66 
38 42 5 49 -52 37 -33 0 16 7 
RSSI :-110 
Input angle :80
Zaxis angle :14 
minval :0 

minval :0 



5 62 -62 0 8 -62 61 13 -17 60 -58 -23 28 -56 54 30 
-51 3 -38 -30 10 -68 -65 -3 -22 -64 -6 -36 -57 58 -61 -14 
49 -17 46 17 15 67 61 -18 40 55 17 32 37 -73 62 -5 
-41 31 -49 -3 -30 -62 -55 34 -54 -41 -27 -24 -12 81 -57 24 
29 -43 47 -12 49 48 41 -50 64 22 33 16 -12 -81 47 -40 
-17 48 -43 24 -61 -30 30 81 0 91 
RSSI :-110 
Input angle :85
Zaxis angle :0 
minval :0 

minval :0 



-52 7 -2 -54 53 1 -6 54 -53 -10 15 -52 49 20 -24 47 
-22 -34 7 -51 62 -36 -35 -67 40 -40 39 -30 -81 -35 10 -52 
32 25 7 51 -49 53 51 56 -25 51 -30 39 88 9 8 53 
-38 -14 -24 -46 29 -66 -64 -39 10 -56 17 -46 -85 20 -25 -47 
40 2 36 37 -11 71 74 17 8 57 -2 49 75 -47 37 38 
-40 11 -46 -24 -12 -71 31 -23 -14 63 
RSSI :-110 
Input angle :82
Zaxis angle :29 
minval :0 

minval :0 



-40 -44 47 -36 33 49 -52 30 -24 -54 56 -17 13 56 -58 8 
10 -48 41 -17 64 26 32 -68 49 17 45 14 -18 -75 51 -27 
2 50 -32 31 -72 -4 -9 75 -51 -1 -48 1 39 67 -39 43 
-17 -46 21 -38 67 -17 -14 -74 48 -15 45 -15 -57 -52 24 -55 
30 37 -8 42 -62 37 36 67 -43 31 -40 27 70 35 -8 57 
-41 -29 -3 -43 46 -51 -48 65 -10 -111 
RSSI :-110 
Input angle :87
Zaxis angle :20 
minval :0 

minval :0 



-51 -38 42 -48 43 47 -49 39 -36 -52 55 -31 25 58 -59 20 
30 -39 51 -14 45 47 38 -62 61 20 39 7 -13 -77 50 -38 
-18 45 -46 27 -57 -33 -16 71 -64 -4 -40 3 37 69 -36 51 
3 -49 34 -42 65 9 -7 -73 61 -18 37 -16 -55 -55 20 -60 
10 48 -22 48 -65 5 26 69 -55 32 -30 26 70 35 -3 63 
-25 -43 5 -53 61 -23 64 -72 -13 117 
RSSI :-110 
Input angle :82
Zaxis angle :0 
minval :0 

minval :0 



-4 61 -60 -9 14 -59 58 18 -23 56 -53 -29 33 -51 46 37 
-49 -13 -39 -35 25 -55 -81 -7 6 -66 -6 -44 -69 45 -56 -22 
50 0 47 25 -7 61 81 -14 14 64 19 40 53 -64 60 5 
-47 17 -52 -10 -13 -60 -71 40 -33 -57 -30 -32 -32 76 -59 12 
40 -30 52 -6 27 55 55 -60 48 45 38 21 7 -82 53 -29 
-30 40 -48 22 -45 -42 -1 8 -7 -55 
RSSI :-110 
Input angle :83
Zaxis angle :14 
minval :0 

minval :0 



-54 4 0 -54 54 5 -9 53 -52 -14 19 -50 49 22 -26 46 
-19 -39 5 -37 62 -37 -36 -71 46 -30 48 -31 -85 -36 10 -52 
29 32 5 37 -47 56 56 57 -35 42 -35 46 91 8 7 53 
-38 -20 -18 -33 26 -67 -73 -33 20 -51 20 -54 -91 15 -20 -49 
43 7 26 27 -6 72 79 16 -5 55 -2 57 81 -43 37 38 
-44 3 -33 -18 -15 -71 111 -118 -14 -83 
RSSI :-110 
Input angle :83
Zaxis angle :20 
minval :0 

minval :0 



-47 44 -40 -50 52 -37 32 55 -57 30 -24 -59 61 -18 11 61 
-46 -13 -22 -54 34 -59 -57 -38 30 -47 4 -45 -71 18 -31 -55 
48 -4 38 44 -14 67 66 19 -14 54 8 45 61 -40 45 44 
-45 18 -49 -31 -7 -68 -69 0 -2 -56 -22 -39 -47 55 -58 -27 
37 -30 56 15 25 63 65 -21 17 54 32 32 30 -67 63 7 
-28 39 -58 0 -43 -53 63 -64 -12 -111 
RSSI :-110 
Input angle :85
Zaxis angle :20 
minval :0 

minval :0 



59 -8 4 59 -59 0 4 -59 58 10 -17 57 -54 -22 26 -53 
8 52 -20 51 -75 -10 6 62 -58 21 -32 0 58 52 -9 58 
-23 -48 4 -55 75 -9 -22 -58 49 -38 31 -8 -72 -30 -9 -58 
38 37 12 54 -69 30 40 47 -37 49 -27 15 77 10 26 53 
-47 -23 -29 -47 57 -49 -52 -33 19 -58 21 -23 -76 15 -40 -43 
51 10 39 39 -37 66 80 -122 15 -29 
RSSI :-110 
Input angle :85
Zaxis angle :0 
minval :0 

minval :0 



41 -22 19 42 -44 15 -11 -44 46 -7 3 46 -46 0 3 -46 
15 49 4 37 -64 20 14 66 -48 24 -48 27 58 46 11 45 
-29 -41 -14 -34 54 -38 -32 -59 37 -38 39 -39 -70 -22 -24 -40 
41 29 24 28 -40 53 48 47 -26 48 -25 49 74 0 35 31 
-47 -18 -31 -20 26 -61 -61 -28 11 -53 9 -55 -71 20 -43 -18 
51 3 36 8 -5 67 80 -102 13 -59 
RSSI :-110 
Input angle :89
Zaxis angle :25 
minval :0 

minval :0 



53 -34 30 53 -57 24 -23 -57 58 -18 13 61 -61 6 0 -60 
38 25 10 51 -47 43 52 29 -28 58 -8 37 66 -12 17 59 
-43 -12 -25 -45 31 -55 -57 -11 10 -62 0 -38 -59 31 -35 -50 
45 0 39 33 -11 62 58 -6 9 62 13 36 50 -45 49 37 
-43 14 -48 -20 -3 -63 -54 21 -28 -55 -22 -32 -30 58 -57 -19 
39 -26 52 3 25 56 -96 -91 10 -85 
RSSI :-110 
Input angle :83
Zaxis angle :14 
minval :0 

minval :0 



-8 64 -63 -14 20 -61 59 27 -31 57 -55 -35 40 -51 47 44 
-39 2 -44 -31 13 -67 -50 -1 -13 -53 -6 -41 -56 33 -60 -25 
36 -13 52 13 7 68 47 -15 29 46 17 37 46 -47 65 6 
-31 22 -54 1 -25 -63 -41 27 -40 -36 -28 -30 -24 60 -64 12 
21 -31 51 -18 43 53 33 -36 49 24 35 20 9 -64 58 -29 
-11 37 -44 32 -58 -34 15 -108 -2 -115 
RSSI :-110 
Input angle :83
Zaxis angle :14 
minval :0 

minval :0 



-59 8 -3 -60 60 1 -7 59 -58 -13 18 -57 55 24 -28 52 
-8 -37 21 -43 65 -4 -14 -60 50 -12 40 -6 -54 -48 9 -59 
19 33 -8 48 -62 23 32 52 -44 28 -36 18 66 29 8 59 
-29 -24 -6 -48 50 -42 -48 -38 33 -40 28 -29 -71 -9 -27 -54 
34 16 20 44 -34 56 57 25 -18 49 -18 35 71 -12 41 42 
-37 -4 -31 -35 18 -63 -80 -37 -14 -29 
RSSI :-110 
Input angle :82
Zaxis angle :14 
minval :0 

minval :0 



54 3 -9 54 -53 -14 18 -51 49 23 -28 46 -44 -32 35 -41 
2 43 -28 38 -64 -9 6 58 -57 7 -37 8 44 56 -19 50 
-14 -41 17 -45 64 -10 -22 -53 50 -26 32 -19 -59 -38 3 -54 
28 33 -5 48 -58 29 38 43 -39 41 -23 28 68 20 13 53 
-37 -23 -12 -47 46 -45 -49 -31 27 -50 16 -34 -71 1 -27 -47 
42 11 25 40 -28 58 31 53 14 -59 
RSSI :-110 
Input angle :83
Zaxis angle :14 
minval :0 

minval :0 



-18 53 -52 -23 27 -49 46 32 -36 43 -40 -39 43 -37 31 45 
-40 -5 -32 -30 13 -56 -61 -10 1 -70 -5 -31 -58 33 -45 -33 
40 -7 40 19 5 58 61 -10 18 67 15 28 43 -51 53 18 
-34 19 -44 -7 -20 -55 -55 28 -35 -60 -22 -22 -29 60 -56 0 
28 -28 44 -5 36 45 43 -43 53 44 28 14 7 -66 53 -16 
-18 36 -40 18 -48 -33 62 -6 -8 -87 
RSSI :-110 
Input angle :86
Zaxis angle :20 
minval :0 

minval :0 



47 30 -35 44 -42 -38 41 -38 34 45 -48 30 -25 -50 53 -19 
-15 40 -46 17 -55 -38 -24 60 -53 -10 -38 -10 14 75 -43 36 
0 -43 37 -32 64 19 3 -65 54 -6 39 0 -38 -66 32 -46 
12 41 -26 41 -66 0 17 62 -50 21 -37 11 57 51 -14 55 
-24 -35 10 -48 63 -20 -36 -54 41 -34 31 -24 -69 -34 -1 -57 
32 28 3 49 -54 37 -65 84 11 -5 
RSSI :-110 
Input angle :92
Zaxis angle :0 
minval :0 

minval :0 



-32 48 -46 -36 40 -43 39 43 -46 35 -30 -49 52 -26 23 53 
-38 -19 -18 -45 47 -52 -56 -25 19 -52 10 -37 -71 9 -38 -43 
43 6 33 36 -29 64 61 8 1 55 0 39 65 -29 49 31 
-43 6 -42 -23 5 -70 -60 13 -18 -52 -11 -37 -53 47 -57 -14 
38 -19 47 13 15 69 55 -26 31 46 22 32 37 -61 58 -5 
-32 29 -49 2 -35 -62 79 -99 -9 -33 
RSSI :-110 
Input angle :82
Zaxis angle :20 
minval :0 

minval :0 



11 -58 56 16 -21 55 -52 -26 31 -50 47 35 -38 44 -40 -42 
42 6 36 26 -26 67 59 4 4 57 -6 34 63 -35 51 28 
-42 7 -42 -14 3 -73 -58 10 -19 -54 -4 -34 -50 52 -57 -12 
37 -20 44 0 20 69 52 -29 36 44 15 31 31 -65 58 -5 
-30 29 -43 12 -40 -60 -41 44 -47 -32 -23 -25 -13 71 -54 23 
20 -37 36 -25 56 45 0 65 4 -61 
RSSI :-110 
Input angle :83
Zaxis angle :20 
minval :0 

minval :0 



19 -55 53 22 -28 51 -47 -32 37 -44 41 41 -43 38 -33 -46 
49 12 24 35 -36 67 75 16 -5 66 -2 37 70 -22 45 36 
-51 2 -33 -26 16 -74 -77 4 -19 -63 -9 -36 -60 43 -55 -19 
48 -17 40 15 6 76 72 -26 35 56 19 32 46 -58 58 2 
-39 32 -43 -2 -30 -70 -59 49 -50 -42 -27 -25 -26 69 -56 15 
29 -42 41 -10 48 59 -64 -102 6 -91 
RSSI :-110 
Input angle :83
Zaxis angle :0 
minval :0 

minval :0 



-41 -25 30 -38 34 34 -37 32 -30 -38 41 -26 23 43 -44 20 
10 -47 31 -20 55 25 15 -80 60 11 48 0 -37 -76 37 -31 
4 48 -23 30 -60 -6 8 81 -60 7 -45 14 58 62 -26 40 
-18 -44 14 -35 59 -13 -33 -74 54 -27 38 -29 -74 -40 11 -47 
31 36 -2 37 -54 28 54 60 -45 40 -28 39 83 19 1 48 
-41 -25 -10 -36 41 -44 0 -118 -14 -5 
RSSI :-110 
Input angle :83
Zaxis angle :14 
minval :0 

minval :0 



60 7 -12 59 -58 -17 21 -56 54 26 -31 52 -48 -36 40 -44 
4 47 -31 26 -63 -9 7 78 -56 12 -38 17 53 52 -24 55 
-19 -43 20 -36 63 -8 -33 -70 48 -31 31 -27 -67 -31 6 -60 
31 36 -9 40 -57 27 52 58 -38 42 -20 36 73 13 13 58 
-40 -25 -3 -41 46 -43 -67 -41 24 -52 8 -40 -74 10 -28 -53 
46 12 15 38 -31 55 -81 96 14 -33 
RSSI :-110 
Input angle :83
Zaxis angle :0 
minval :0 

minval :0 



57 -2 -2 57 -57 -8 15 -55 54 19 -22 53 -50 -26 31 -47 
3 56 -31 40 -68 -13 12 86 -58 13 -35 19 53 60 -16 55 
-23 -51 17 -49 69 -9 -39 -78 52 -29 27 -30 -69 -41 -2 -57 
37 41 -2 52 -63 30 59 64 -43 42 -17 36 79 16 18 54 
-46 -31 -13 -50 52 -46 -77 -39 28 -53 6 -40 -80 6 -33 -46 
54 15 26 44 -35 60 111 -17 14 -63 
RSSI :-110 
Input angle :83
Zaxis angle :0 
minval :0 

minval :0 



-52 9 -4 -53 53 0 -5 53 -52 -9 14 -51 50 18 -21 48 
-13 -53 23 -44 73 3 -26 -92 57 -17 35 -25 -65 -53 8 -52 
26 48 -6 49 -71 18 54 78 -48 34 -25 35 78 31 10 52 
-40 -38 -7 -49 61 -39 -75 -59 37 -46 12 -41 -83 -6 -24 -47 
50 24 21 44 -49 54 88 36 -21 54 -2 43 82 -19 37 38 
-55 -5 -33 -37 29 -67 -64 60 -15 -91 
RSSI :-110 
Input angle :83
Zaxis angle :0 
minval :0 

minval :0 



46 27 -32 43 -41 -35 38 -38 35 41 -43 31 -28 -46 47 -24 
-14 48 -32 27 -62 -35 -11 87 -54 -11 -41 8 39 67 -39 36 
0 -50 23 -36 69 15 -16 -86 55 -6 37 -19 -56 -52 25 -47 
15 48 -10 42 -71 6 39 78 -50 22 -31 28 70 33 -10 52 
-31 -41 0 -42 66 -26 -61 -62 42 -35 20 -37 -76 -11 -4 -53 
40 30 12 41 -54 45 95 -47 11 -9 
RSSI :-110 
Input angle :83
Zaxis angle :14 
minval :0 

minval :0 



46 -29 25 49 -52 20 -13 -54 55 -9 4 55 -55 0 3 -55 
34 34 4 42 -64 36 70 52 -44 40 -14 39 71 6 13 53 
-42 -24 -16 -40 46 -57 -82 -29 30 -52 1 -41 -70 15 -28 -47 
48 8 28 32 -30 67 87 5 -13 58 10 40 62 -36 41 36 
-48 2 -36 -24 10 -73 -84 23 -4 -60 -22 -34 -48 53 -51 -22 
45 -18 41 12 10 73 32 -8 13 -39 
RSSI :-110 
Input angle :85
Zaxis angle :14 
minval :0 

minval :0 



32 42 -45 28 -24 -47 50 -21 16 51 -52 12 -7 -53 52 -2 
-34 34 -50 8 -40 -63 -47 72 -43 -38 -38 -14 2 76 -49 18 
20 -43 44 -24 58 47 23 -83 53 21 40 2 -25 -72 40 -35 
-8 47 -35 36 -69 -27 3 87 -57 -4 -39 10 48 59 -28 45 
-7 -47 21 -45 74 4 -31 -81 55 -14 33 -22 -62 -45 14 -51 
21 42 -7 49 -73 16 -33 55 7 -65 
RSSI :-110 
Input angle :82
Zaxis angle :0 
minval :0 

minval :0 



-13 -52 53 -7 5 53 -53 1 4 -53 52 9 -15 51 -49 -19 
50 -13 47 16 0 77 84 -35 17 51 22 33 43 -62 53 3 
-44 26 -50 -2 -22 -74 -71 56 -32 -43 -29 -26 -23 72 -51 14 
34 -39 48 -13 41 65 50 -75 44 31 37 15 0 -76 45 -28 
-20 48 -41 28 -63 -44 -24 88 -51 -16 -40 -2 20 73 -36 39 
7 -51 31 -39 71 29 -16 126 0 -95 
RSSI :-110 
Input angle :83
Zaxis angle :14 
minval :0 

minval :0 



11 -52 50 17 -22 49 -47 -25 30 -46 44 34 -37 41 -38 -40 
38 5 28 42 -26 63 70 10 0 58 -1 30 63 -24 47 28 
-40 6 -38 -32 0 -67 -69 11 -19 -55 -6 -29 -52 41 -53 -13 
35 -17 45 19 16 66 62 -33 32 44 14 25 39 -55 55 -3 
-29 27 -50 -2 -37 -56 -51 48 -46 -33 -22 -20 -19 64 -50 20 
20 -36 49 -10 50 44 64 -61 4 -9 
RSSI :-110 
Input angle :80
Zaxis angle :14 
minval :0 

minval :0 



18 53 -55 12 -7 -56 57 -2 -2 56 -56 -6 11 -55 53 16 
-49 12 -44 -19 1 -62 -73 23 -31 -47 -19 -23 -39 57 -56 1 
41 -28 48 4 19 59 62 -45 45 33 24 17 19 -66 54 -17 
-33 38 -47 10 -34 -52 -49 59 -52 -19 -28 -9 0 68 -45 34 
19 -46 41 -25 49 39 26 -72 56 0 30 0 -22 -65 32 -47 
-1 50 -32 36 -58 -22 47 12 4 -39 
RSSI :-110 
Input angle :83
Zaxis angle :0 
minval :0 

minval :0 



36 40 -43 31 -26 -47 49 -22 18 50 -52 14 -10 -52 52 -6 
-45 33 -44 21 -34 -69 -58 66 -50 -35 -28 -23 -12 80 -50 20 
33 -44 36 -34 52 57 33 -82 59 18 33 15 -10 -80 40 -35 
-17 53 -25 42 -67 -37 -6 88 -61 0 -36 -4 35 72 -27 46 
0 -56 10 -48 75 14 -15 -87 59 -15 35 -7 -58 -55 12 -51 
17 53 4 49 -76 8 127 14 9 -67 
RSSI :-110 
Input angle :83
Zaxis angle :20 
minval :0 

minval :0 



-8 -46 47 -3 0 47 -47 -3 9 -46 45 12 -16 44 -42 -20 
41 -22 36 6 10 56 65 -61 30 47 34 26 27 -73 46 7 
-32 34 -36 5 -26 -51 -45 77 -42 -36 -41 -15 0 78 -46 10 
20 -41 32 -17 41 39 18 -87 52 19 43 1 -23 -74 42 -21 
-7 46 -25 26 -49 -28 4 89 -55 -6 -42 10 45 63 -32 33 
-6 -46 18 -32 56 9 112 49 -3 -39 
RSSI :-110 
Input angle :83
Zaxis angle :0 
minval :0 

minval :0 



15 -48 47 19 -24 45 -42 -28 32 -39 35 36 -40 30 -27 -42 
42 7 22 32 -30 54 90 -3 -7 60 14 48 66 -43 41 30 
-42 7 -32 -23 8 -62 -86 29 -11 -60 -26 -42 -51 60 -48 -15 
38 -18 37 13 8 61 74 -53 27 53 37 32 31 -72 51 0 
-33 27 -40 -1 -26 -56 -52 74 -42 -43 -45 -20 -11 79 -49 13 
21 -37 38 -8 40 46 -16 125 6 77 
RSSI :-110 
Input angle :83
Zaxis angle :14 
minval :0 

minval :0 



34 29 -32 31 -28 -34 36 -26 22 39 -41 18 -15 -42 43 -11 
-27 36 -35 8 -42 -43 -28 81 -55 -27 -47 -4 9 78 -36 25 
13 -43 31 -18 53 28 3 -86 60 11 46 -10 -31 -72 28 -33 
1 45 -23 27 -59 -11 26 82 -60 9 -41 23 52 58 -16 41 
-15 -42 15 -32 60 -8 -47 -72 55 -29 31 -35 -70 -34 1 -44 
27 36 -5 35 -55 26 -97 -59 10 -43 
RSSI :-110 
Input angle :80
Zaxis angle :14 
minval :0 

minval :0 



33 25 -28 30 -28 -30 33 -24 21 35 -37 17 -15 -39 39 -11 
-29 39 -40 21 -43 -47 -58 74 -49 -31 -37 -18 -9 85 -34 23 
16 -46 33 -32 56 32 26 -89 58 12 41 4 -21 -83 25 -32 
0 49 -21 40 -64 -8 1 93 -58 5 -40 8 45 73 -15 39 
-15 -46 9 -45 64 -8 -22 -91 55 -22 37 -19 -65 -56 1 -41 
27 40 5 46 -59 27 127 -79 9 39 
RSSI :-110 
Input angle :85
Zaxis angle :20 
minval :0 

minval :0 



-36 17 -13 -37 38 -11 7 39 -39 3 0 -40 39 3 -7 39 
-26 -36 -15 -31 55 -36 -46 -65 50 -42 37 -39 -89 -30 -6 -39 
35 28 23 24 -40 52 64 47 -34 56 -24 49 94 0 16 36 
-42 -17 -29 -17 25 -61 -75 -27 18 -63 8 -54 -90 26 -27 -28 
45 4 33 7 -4 66 79 1 4 65 7 54 76 -55 35 18 
-44 10 -34 3 -15 -64 15 -81 -16 -101 
RSSI :-110 
Input angle :87
Zaxis angle :32 
minval :0 

minval :0 



-14 -38 40 -12 9 40 -41 4 0 -41 41 4 -7 41 -40 -10 
40 -29 30 0 31 55 70 -45 35 43 43 32 22 -86 41 -1 
-29 40 -28 10 -48 -42 -49 67 -46 -32 -51 -16 4 89 -39 13 
16 -48 24 -19 58 26 26 -78 53 17 53 0 -32 -83 32 -26 
0 50 -17 24 -64 -6 0 83 -55 1 -50 18 53 71 -23 34 
-15 -47 7 -29 63 -12 -96 85 -5 -123 
RSSI :-110 
Input angle :85
Zaxis angle :25 
minval :0 

minval :0 



23 -40 38 26 -30 34 -32 -33 35 -30 26 37 -39 23 -18 -41 
35 8 20 37 -28 57 71 17 -18 62 -3 45 72 -22 30 33 
-37 1 -30 -29 11 -62 -73 4 -1 -65 -10 -44 -61 45 -39 -23 
34 -13 37 19 8 63 68 -27 19 61 23 39 46 -60 44 10 
-29 21 -41 -7 -29 -57 -58 45 -38 -52 -32 -31 -25 71 -46 1 
21 -30 42 -3 42 48 112 76 9 -7 
RSSI :-110 
Input angle :85
Zaxis angle :14 
minval :0 

minval :0 



48 24 -28 46 -44 -32 36 -41 38 40 -42 34 -29 -46 48 -24 
-4 41 -29 28 -57 -29 -8 68 -57 -3 -41 0 32 71 -38 38 
-5 -41 21 -36 63 11 -15 -66 54 -16 39 -12 -53 -57 23 -48 
20 37 -7 41 -63 10 32 59 -48 30 -34 22 68 38 -8 53 
-29 -30 -2 -41 58 -28 -48 -47 35 -44 23 -34 -77 -15 -5 -53 
36 20 17 38 -46 44 15 42 13 109 
RSSI :-110 
Input angle :83
Zaxis angle :0 
minval :0 

minval :0 



58 15 -21 56 -54 -26 31 -52 50 34 -37 47 -44 -41 44 -39 
-9 53 -34 30 -67 -38 -3 78 -61 -9 -41 2 28 71 -32 50 
-4 -54 23 -38 75 16 -20 -75 60 -9 37 -17 -45 -61 15 -58 
20 50 -11 44 -76 8 37 68 -56 23 -31 25 61 45 2 60 
-35 -42 -2 -45 71 -27 -61 -48 44 -42 22 -34 -72 -24 -21 -56 
45 30 16 42 -57 50 -33 92 13 89 
RSSI :-110 
Input angle :83
Zaxis angle :0 
minval :0 

minval :0 



-12 57 -56 -15 19 -55 53 24 -30 49 -46 -35 39 -43 41 41 
-43 1 -28 -33 13 -72 -64 8 -9 -55 -4 -35 -61 41 -53 -24 
41 -14 37 23 7 73 60 -24 26 48 13 32 44 -59 57 9 
-36 24 -42 -12 -29 -67 -47 44 -40 -39 -22 -27 -25 69 -57 11 
27 -34 43 0 48 56 33 -55 50 24 30 18 3 -74 53 -24 
-14 41 -41 14 -63 -38 111 94 -3 -51 
RSSI :-110 
Input angle :82
Zaxis angle :14 
minval :0 

minval :0 



12 51 -52 8 -4 -53 53 0 -4 52 -52 -10 14 -50 49 19 
-40 10 -42 -18 -4 -74 -67 25 -16 -45 -16 -46 -51 59 -53 -2 
34 -22 46 1 27 70 57 -42 28 39 29 39 31 -72 51 -13 
-26 32 -45 12 -49 -56 -38 60 -40 -26 -40 -27 -5 78 -44 28 
14 -38 39 -24 62 41 22 -67 46 16 47 14 -15 -77 33 -41 
-4 41 -30 34 -72 -18 -113 -2 -1 65 
RSSI :-110 
Input angle :87
Zaxis angle :0 
minval :0 

minval :0 



0 -54 54 4 -8 53 -52 -12 16 -51 49 21 -25 47 -45 -29 
41 0 38 24 -18 75 69 -11 5 54 6 47 65 -47 52 14 
-38 13 -45 -9 -9 -76 -63 32 -23 -50 -19 -43 -45 66 -54 1 
33 -24 45 -3 31 70 52 -47 35 42 32 34 27 -75 50 -18 
-23 33 -43 17 -50 -57 -32 62 -47 -28 -39 -26 -2 80 -42 33 
12 -38 35 -28 66 40 0 -44 2 43 
RSSI :-110 
Input angle :83
Zaxis angle :14 
minval :0 

minval :0 



-36 35 -32 -40 43 -28 25 44 -46 23 -18 -48 49 -13 8 50 
-32 -29 -3 -47 60 -38 -60 -41 32 -41 25 -31 -72 -9 -23 -46 
39 18 18 43 -44 56 70 19 -19 49 -13 38 72 -11 35 38 
-43 -5 -29 -37 28 -66 -73 1 2 -52 2 -40 -64 34 -45 -25 
43 -7 39 26 -5 71 70 -22 12 51 10 39 52 -51 50 10 
-39 19 -45 -12 -16 -69 -113 -100 -12 23 
RSSI :-110 
Input angle :83
Zaxis angle :14 
minval :0 

minval :0 



-23 -46 48 -19 14 50 -50 8 -3 -51 51 1 -4 51 -50 -8 
35 -18 46 7 9 69 55 -36 26 48 16 38 37 -63 51 -7 
-28 27 -46 6 -31 -62 -42 50 -41 -37 -28 -31 -20 70 -47 20 
19 -35 42 -19 48 49 23 -61 49 25 36 20 -4 -73 37 -35 
-6 39 -33 32 -61 -32 -6 65 -55 -8 -41 -7 25 68 -25 45 
-4 -39 21 -41 68 10 48 40 -3 -117 
RSSI :-110 
Input angle :88
Zaxis angle :0 
minval :0 

minval :0 



-22 39 -37 -25 29 -34 31 32 -35 28 -25 -37 39 -22 18 40 
-38 -12 -20 -37 41 -58 -64 -13 11 -54 12 -38 -74 14 -29 -34 
41 0 32 27 -22 68 65 -5 5 54 0 40 64 -38 40 21 
-39 12 -39 -16 -2 -71 -59 27 -24 -49 -13 -38 -50 57 -44 -8 
32 -24 42 5 20 68 49 -42 36 42 22 33 29 -69 44 -6 
-24 32 -41 10 -41 -58 15 19 -7 -3 
RSSI :-110 
Input angle :83
Zaxis angle :0 
minval :0 

minval :0 



-29 -5 8 -28 27 10 -14 26 -24 -15 18 -23 22 20 -20 21 
35 -55 20 -20 73 39 30 -74 53 26 60 11 -12 -88 12 -27 
-16 63 -12 27 -83 -9 -8 79 -58 -8 -60 5 36 82 -4 29 
-4 -65 4 -29 82 -10 -18 -77 58 -7 55 -25 -61 -65 -4 -29 
22 61 5 29 -73 38 43 67 -53 25 -46 40 79 43 13 27 
-40 -51 -13 -25 57 -60 112 92 -11 113 
RSSI :-110 
Input angle :93
Zaxis angle :14 
minval :0 

minval :0 



21 32 -34 19 -16 -36 37 -12 9 38 -39 6 -1 -39 39 1 
-36 49 -50 0 -53 -58 -33 61 -48 -33 -38 -9 0 87 -37 11 
17 -58 48 -16 68 37 9 -68 56 15 39 -5 -27 -83 31 -23 
0 60 -40 31 -77 -16 13 68 -58 3 -36 17 51 71 -23 31 
-18 -58 28 -41 78 -6 -31 -62 55 -19 29 -27 -72 -50 13 -37 
37 48 -13 48 -72 31 -97 -19 8 93 
RSSI :-110 
Input angle :83
Zaxis angle :14 
minval :0 

minval :0 



-7 41 -41 -10 14 -40 38 18 -20 36 -34 -24 27 -32 29 29 
-37 5 -48 -21 11 -73 -86 -7 16 -86 -5 -31 -70 30 -37 -18 
34 -16 53 5 9 74 83 -22 13 87 15 27 54 -52 41 6 
-27 25 -52 11 -32 -67 -73 45 -39 -79 -23 -22 -38 65 -42 7 
18 -33 46 -26 52 52 54 -66 64 61 29 14 16 -75 37 -19 
-7 37 -36 39 -66 -34 -34 -53 -10 -47 
RSSI :-110 
Input angle :91
Zaxis angle :25 
minval :0 

minval :0 



30 18 -20 29 -27 -23 25 -25 22 27 -30 20 -17 -31 32 -15 
-14 25 -22 38 -48 -39 -8 55 -57 -15 -31 -11 35 65 -23 26 
5 -27 9 -43 58 22 -6 -55 60 -3 32 1 -56 -48 18 -30 
1 29 3 45 -63 -6 23 50 -58 21 -32 10 67 34 -8 34 
-11 -25 -14 -41 62 -12 -38 -41 43 -36 27 -18 -73 -10 -6 -35 
18 23 27 34 -52 34 79 -73 12 -67 
RSSI :-110 
Input angle :83
Zaxis angle :0 
minval :0 

minval :0 



-9 -45 46 -5 1 46 -46 -1 5 -46 45 9 -14 44 -41 -18 
37 -19 46 20 9 64 65 -34 30 59 24 38 40 -65 46 2 
-30 29 -50 -6 -28 -58 -52 52 -46 -46 -34 -29 -17 75 -45 9 
19 -36 49 -8 44 46 37 -63 58 30 40 20 -5 -76 40 -22 
-7 41 -45 22 -56 -31 -13 72 -64 -12 -45 -6 29 70 -32 33 
-4 -41 35 -36 63 14 81 47 -2 49 
RSSI :-110 
Input angle :76
Zaxis angle :25 
minval :0 

minval :0 



-24 46 -46 -29 32 -42 39 35 -39 36 -31 -43 46 -27 24 47 
-35 -11 -20 -43 34 -58 -70 -22 16 -62 7 -45 -78 25 -39 -35 
36 -3 34 33 -15 66 74 -1 3 64 6 46 65 -50 47 23 
-34 12 -43 -22 -1 -68 -69 24 -22 -60 -20 -41 -47 66 -52 -7 
30 -21 47 6 24 63 60 -42 40 51 33 31 25 -78 52 -7 
-20 30 -48 7 -43 -52 63 54 -9 27 
RSSI :-110 
Input angle :83
Zaxis angle :0 
minval :0 

minval :0 



-41 -25 30 -40 37 33 -36 36 -33 -38 39 -29 25 44 -43 22 
13 -33 27 -32 72 33 3 -66 77 -6 51 -4 -57 -72 37 -34 
-2 38 -15 41 -77 -2 17 64 -67 35 -47 18 72 55 -20 42 
-10 -34 2 -44 77 -18 -38 -55 54 -53 38 -32 -84 -30 9 -50 
21 32 13 41 -65 39 53 41 -36 68 -29 43 91 0 4 49 
-29 -23 -23 -36 53 -59 -80 27 -19 -113 
RSSI :-110 
Input angle :78
Zaxis angle :0 
minval :0 

minval :0 



43 -15 10 45 -45 6 -2 -46 46 1 -5 45 -45 -8 12 -44 
24 34 8 48 -69 26 49 51 -45 45 -27 36 95 14 1 45 
-33 -26 -21 -44 58 -46 -61 -35 29 -57 16 -43 -95 9 -14 -43 
39 14 33 35 -44 59 69 13 -10 64 -1 45 86 -42 27 36 
-42 -1 -43 -22 21 -71 -70 4 -10 -63 -11 -43 -68 67 -37 -26 
40 -10 47 10 0 73 -64 77 14 123 
RSSI :-110 
Input angle :85
Zaxis angle :14 
minval :0 

minval :0 



-44 -15 19 -43 42 22 -24 40 -38 -28 31 -35 32 34 -36 30 
3 -38 35 -36 61 19 2 -71 50 -14 47 -11 -53 -53 25 -39 
7 37 -24 45 -64 0 18 68 -43 28 -41 24 67 35 -11 45 
-20 -32 7 -51 59 -21 -38 -60 32 -40 31 -36 -74 -12 -2 -47 
28 25 7 51 -50 39 58 41 -18 48 -18 44 74 -11 16 44 
-35 -15 -21 -46 37 -52 64 -21 -14 -17 
RSSI :-110 
Input angle :82
Zaxis angle :0 
minval :0 

minval :0 



20 41 -42 15 -13 -44 44 -8 3 45 -46 0 3 -45 44 6 
-27 26 -47 2 -34 -60 -49 49 -54 -38 -41 -28 -7 89 -44 7 
17 -32 43 -17 48 50 30 -63 64 15 48 15 -17 -88 40 -20 
-6 37 -37 29 -62 -30 -9 69 -66 3 -50 0 47 76 -32 32 
-7 -36 25 -39 68 9 -10 -69 60 -26 47 -17 -67 -59 20 -40 
17 33 -11 45 -69 11 -49 -84 10 -37 
RSSI :-110 
Input angle :82
Zaxis angle :0 
minval :0 

minval :0 



53 37 -41 50 -45 -46 51 -40 35 54 -57 30 -24 -60 61 -21 
-20 42 -52 1 -48 -56 -57 68 -61 -44 -37 -12 -5 78 -54 37 
8 -45 48 -18 64 37 34 -82 73 20 39 1 -19 -76 39 -52 
5 46 -40 33 -71 -19 -7 88 -76 1 -38 11 42 66 -24 61 
-21 -42 32 -41 74 -3 -18 -87 71 -23 32 -22 -60 -51 2 -65 
32 34 -15 50 -69 26 63 73 11 79 
RSSI :-110 
Input angle :88
Zaxis angle :0 
minval :0 

minval :0 



33 30 -32 30 -27 -35 38 -23 20 40 -41 16 -12 -43 43 -8 
-20 32 -56 8 -42 -50 -53 65 -67 -25 -44 -23 -5 84 -38 23 
9 -37 51 -23 55 35 33 -78 72 5 49 10 -23 -80 29 -32 
3 38 -41 39 -62 -19 -9 84 -70 17 -49 4 45 71 -19 40 
-14 -36 24 -51 65 0 -17 -83 63 -35 45 -19 -63 -55 7 -44 
23 30 -9 55 -62 19 47 -111 13 57 
RSSI :-110 
Input angle :83
Zaxis angle :0 
minval :0 

minval :0 



-30 35 -31 -34 38 -26 21 40 -42 19 -15 -44 44 -11 7 45 
-33 -30 -9 -51 52 -47 -70 -59 27 -53 14 -44 -78 -2 -23 -40 
42 17 25 46 -34 61 84 35 -12 59 -2 46 75 -16 34 31 
-45 -3 -35 -38 16 -68 -91 -7 -7 -60 -13 -44 -69 35 -42 -19 
45 -6 47 23 6 70 90 -16 25 55 25 38 51 -57 46 4 
-39 23 -51 -9 -29 -63 111 38 -11 -83 
RSSI :-110 
Input angle :83
Zaxis angle :14 
minval :0 

minval :0 



-39 -1 5 -38 38 9 -12 37 -35 -16 19 -34 32 21 -23 30 
-4 -42 21 -42 59 0 -9 -77 50 -17 37 -20 -45 -51 13 -36 
18 38 -8 47 -57 15 37 67 -44 31 -30 30 58 36 -1 38 
-29 -31 -7 -47 50 -30 -50 -59 32 -43 19 -38 -66 -15 -11 -37 
37 20 21 43 -36 46 68 36 -17 51 -4 42 68 -4 21 32 
-41 -9 -32 -36 20 -55 95 99 -14 -103 
RSSI :-110 
Input angle :83
Zaxis angle :20 
minval :0 

minval :0 



-41 -16 18 -39 38 22 -25 35 -33 -28 32 -29 26 35 -36 24 
-3 -46 23 -38 66 13 -4 -79 55 -19 43 -14 -47 -58 27 -34 
17 44 -9 43 -67 6 29 75 -46 34 -35 28 64 39 -15 41 
-30 -36 -1 -44 62 -27 -52 -60 32 -47 25 -38 -72 -18 2 -43 
39 26 16 41 -50 45 65 46 -18 55 -13 43 75 -3 11 42 
-44 -13 -28 -34 33 -59 -48 92 -15 -125 
RSSI :-110 
Input angle :80
Zaxis angle :29 
minval :0 

minval :0 



16 35 -36 13 -9 -37 38 -5 3 38 -38 0 2 -39 38 6 
-35 29 -48 6 -29 -54 -56 55 -45 -33 -38 -22 -15 74 -38 4 
25 -37 42 -22 43 43 38 -69 54 17 43 11 -6 -75 34 -17 
-11 43 -33 34 -55 -26 -17 77 -56 0 -45 1 27 70 -28 26 
-1 -45 21 -43 61 8 -7 -78 55 -15 43 -15 -47 -58 18 -34 
14 42 -7 48 -60 10 -49 -1 7 -9 
RSSI :-110 
Input angle :82
Zaxis angle :20 
minval :0 

minval :0 



12 -34 33 15 -19 31 -29 -21 23 -28 25 25 -28 23 -21 -29 
42 11 35 27 -23 55 77 6 0 62 1 44 65 -31 28 22 
-44 1 -41 -15 4 -59 -76 15 -21 -59 -16 -41 -53 49 -34 -11 
41 -15 44 1 14 58 66 -41 36 51 28 35 35 -63 36 1 
-34 27 -43 11 -31 -50 -53 57 -51 -36 -36 -25 -15 71 -35 10 
25 -36 38 -23 44 39 96 85 4 107 
RSSI :-110 
Input angle :82
Zaxis angle :20 
minval :0 

minval :0 



-16 37 -36 -19 23 -34 33 25 -27 30 -28 -30 32 -24 21 35 
-49 -11 -39 -31 17 -60 -83 -2 -9 -69 -3 -48 -73 40 -32 -25 
50 -3 47 17 3 63 80 -21 29 64 17 45 59 -59 38 15 
-46 18 -50 -1 -24 -59 -70 44 -48 -51 -30 -38 -36 75 -40 -3 
39 -30 49 -13 39 49 51 -65 63 32 40 27 7 -83 39 -10 
-26 42 -42 28 -51 -36 -114 -69 -4 87 
RSSI :-110 
Input angle :79
Zaxis angle :25 
minval :0 

minval :0 



-46 17 -13 -48 49 -9 5 49 -50 1 3 -49 48 8 -12 47 
-32 -50 -10 -52 57 -27 -52 -62 33 -49 17 -28 -78 -13 -3 -49 
46 38 26 46 -45 44 69 42 -14 58 -6 32 78 -11 20 45 
-56 -20 -38 -37 28 -56 -79 -17 -2 -60 -4 -33 -71 35 -33 -36 
60 2 47 23 -9 62 81 -3 20 55 14 30 55 -57 43 24 
-58 15 -53 -7 -8 -62 -113 22 -12 -53 
RSSI :-110 
Input angle :82
Zaxis angle :29 
minval :0 

minval :0 



22 -44 41 26 -30 38 -35 -34 37 -32 29 39 -41 27 -24 -42 
37 23 28 45 -32 49 78 39 -28 52 0 48 63 -21 35 34 
-43 -10 -40 -34 15 -57 -87 -7 8 -59 -18 -44 -51 42 -44 -20 
43 -5 50 18 3 60 85 -19 10 59 29 37 37 -55 48 5 
-40 17 -53 -1 -23 -54 -76 42 -29 -52 -39 -28 -17 64 -48 9 
33 -29 51 -12 37 46 -48 83 10 -101 
RSSI :-110 
Input angle :86
Zaxis angle :29 
minval :0 

minval :0 



19 -44 42 22 -25 40 -37 -30 34 -33 31 36 -38 27 -24 -40 
38 20 31 43 -27 53 79 28 -19 56 5 49 60 -29 36 31 
-42 -8 -43 -30 8 -59 -84 -1 1 -60 -22 -43 -49 46 -43 -18 
42 -6 51 14 11 59 80 -24 15 58 34 36 34 -58 47 4 
-39 19 -52 1 -27 -53 -70 46 -31 -51 -42 -24 -13 66 -45 12 
32 -28 50 -16 41 44 80 87 9 19 
RSSI :-110 
Input angle :85
Zaxis angle :14 
minval :0 

minval :0 



31 37 -40 26 -22 -43 44 -18 15 46 -47 9 -4 -48 48 -1 
-30 26 -57 2 -37 -48 -51 49 -46 -45 -43 -16 -4 67 -45 15 
21 -34 54 -19 50 35 31 -63 58 30 46 -1 -21 -64 37 -30 
-8 39 -45 34 -58 -19 -9 70 -64 -10 -43 13 38 55 -28 39 
-2 -40 33 -47 61 -2 -12 -69 64 -10 37 -26 -54 -40 12 -46 
15 37 -16 54 -57 22 31 70 7 117 
RSSI :-110 
Input angle :85
Zaxis angle :14 
minval :0 

minval :0 



-5 42 -41 -8 11 -40 38 16 -20 36 -35 -23 26 -33 30 28 
-49 -3 -39 -32 17 -69 -85 6 -9 -69 -10 -54 -71 46 -38 -16 
48 -10 48 17 6 71 81 -28 32 61 25 48 54 -65 41 4 
-43 24 -50 -4 -27 -65 -66 53 -49 -48 -39 -37 -34 78 -40 9 
32 -37 48 -15 47 54 45 -72 62 30 49 23 5 -85 36 -21 
-20 45 -41 29 -61 -37 46 3 -2 87 
RSSI :-110 
Input angle :83
Zaxis angle :0 
minval :0 

minval :0 



-22 42 -39 -26 29 -37 35 31 -33 32 -30 -36 38 -27 22 40 
-41 -21 -37 -37 32 -56 -87 -13 16 -57 -4 -56 -72 38 -32 -34 
45 11 46 24 -19 62 88 -12 1 60 20 52 55 -60 41 21 
-46 5 -52 -10 0 -65 -78 41 -18 -57 -35 -45 -37 72 -46 -8 
43 -18 52 -4 19 62 65 -59 33 49 46 32 15 -80 46 -6 
-35 30 -49 21 -38 -52 -81 2 -9 -87 
RSSI :-110 
Input angle :85
Zaxis angle :0 
minval :0 

minval :0 



36 32 -35 34 -30 -38 41 -27 24 42 -44 21 -16 -45 46 -13 
-22 36 -44 16 -51 -41 -26 62 -60 -19 -37 -12 19 77 -40 27 
9 -41 38 -29 60 26 7 -67 63 0 39 0 -44 -67 28 -39 
4 42 -26 39 -65 -4 14 66 -60 22 -37 12 61 52 -15 46 
-17 -39 11 -46 63 -16 -33 -58 51 -38 31 -24 -75 -28 0 -48 
28 31 2 47 -54 36 127 -42 12 -115 
RSSI :-110 
Input angle :83
Zaxis angle :0 
minval :0 

minval :0 



-23 40 -38 -27 30 -35 33 32 -35 30 -27 -37 39 -24 20 41 
-40 -19 -33 -36 38 -61 -73 -16 7 -62 3 -42 -70 43 -30 -34 
43 4 42 26 -13 72 75 -5 11 62 9 42 56 -61 40 23 
-43 9 -48 -12 -7 -72 -69 30 -32 -54 -22 -36 -34 75 -45 -8 
39 -21 49 -3 30 66 57 -49 46 42 32 28 9 -82 46 -5 
-30 31 -46 17 -49 -53 31 -111 -7 113 
RSSI :-110 
Input angle :82
Zaxis angle :20 
minval :0 

minval :0 



-44 -31 35 -42 39 38 -40 36 -32 -44 47 -28 24 48 -50 19 
21 -40 48 -9 61 51 29 -69 64 13 47 8 -25 -83 42 -34 
-8 44 -42 25 -74 -29 -4 74 -65 8 -47 8 52 70 -29 46 
-7 -44 32 -37 79 0 -17 -72 60 -27 42 -23 -70 -53 12 -53 
20 40 -18 45 -77 20 40 63 -47 44 -33 35 83 27 4 54 
-32 -31 5 -49 65 -46 112 91 -15 -57 
RSSI :-110 
Input angle :80
Zaxis angle :0 
minval :0 

minval :0 



55 -10 5 56 -56 -1 5 -56 55 10 -14 54 -53 -18 23 -50 
22 40 -5 44 -77 22 41 60 -45 44 -38 43 87 26 -6 55 
-35 -31 -7 -44 68 -42 -57 -45 30 -55 22 -53 -91 3 -12 -55 
43 17 22 38 -51 61 69 24 -14 62 -7 57 86 -29 27 49 
-46 -8 -32 -31 32 -74 -73 -3 -8 -63 -12 -56 -73 54 -42 -36 
46 -8 40 19 -10 80 80 127 14 -85 
RSSI :-110 
Input angle :83
Zaxis angle :0 
minval :0 

minval :0 



34 -24 21 37 -39 17 -14 -40 41 -11 6 42 -42 2 1 -42 
39 33 2 50 -59 32 73 51 -45 50 -21 44 85 -7 12 40 
-48 -16 -17 -47 45 -49 -84 -32 30 -60 8 -48 -79 32 -24 -34 
51 1 32 38 -28 60 89 -1 -8 66 7 48 65 -56 35 24 
-49 12 -42 -28 7 -66 -85 26 -14 -66 -22 -43 -43 74 -40 -14 
43 -27 48 14 11 66 32 -9 14 -5 
RSSI :-110 
Input angle :85
Zaxis angle :0 
minval :0 

minval :0 



-9 -42 40 -6 3 42 -42 1 3 -40 40 9 -13 39 -37 -16 
46 -20 48 28 -2 69 74 -17 26 66 18 43 58 -64 41 2 
-38 32 -54 -11 -18 -65 -63 43 -42 -53 -31 -35 -32 79 -40 9 
23 -44 55 -4 35 58 50 -58 60 36 40 25 7 -86 34 -22 
-12 49 -53 21 -54 -42 -28 71 -68 -16 -47 -11 17 85 -27 31 
-4 -50 43 -36 63 25 -31 -12 -2 -33 
RSSI :-110 
Input angle :87
Zaxis angle :0 
minval :0 

minval :0 



30 -28 25 32 -34 23 -20 -36 37 -16 13 38 -39 10 -7 -40 
33 26 18 38 -55 44 82 52 -19 58 -15 49 86 -14 20 35 
-40 -13 -28 -31 38 -59 -93 -26 2 -61 1 -53 -79 35 -30 -28 
42 1 36 21 -20 67 97 -7 15 58 13 51 64 -58 37 17 
-41 9 -41 -10 -1 -70 -91 31 -33 -51 -30 -42 -41 76 -40 -5 
35 -23 41 -6 24 66 112 -104 9 53 
RSSI :-110 
Input angle :83
Zaxis angle :14 
minval :0 

minval :0 



23 37 -39 20 -16 -41 42 -12 7 43 -44 4 0 -44 43 3 
-42 22 -37 13 -21 -63 -61 38 -54 -33 -21 -28 -14 73 -42 11 
35 -33 32 -24 38 54 45 -57 62 16 31 18 -10 -74 37 -22 
-21 43 -23 32 -53 -39 -28 66 -64 2 -34 -10 32 67 -26 35 
7 -47 9 -39 63 20 4 -72 60 -21 35 -3 -53 -53 15 -41 
7 47 3 40 -66 0 111 -89 10 25 
RSSI :-110 
Input angle :87
Zaxis angle :25 
minval :0 

minval :0 



-21 -48 49 -17 13 51 -52 9 -3 -53 52 0 -4 52 -51 -8 
49 -15 46 2 10 68 59 -29 49 63 19 28 24 -71 52 -6 
-41 29 -44 11 -31 -61 -46 47 -67 -45 -27 -20 1 76 -48 21 
31 -40 38 -25 48 48 29 -59 78 19 32 10 -25 -71 38 -35 
-17 48 -28 36 -61 -30 -10 65 -81 1 -33 1 48 58 -24 46 
3 -51 16 -43 68 12 97 114 -8 -3 
RSSI :-110 
Input angle :83
Zaxis angle :0 
minval :0 

minval :0 



-41 -34 39 -37 33 42 -45 30 -26 -46 49 -22 17 51 -51 11 
36 -32 48 -8 35 70 60 -48 44 43 28 31 13 -72 46 -28 
-23 43 -43 24 -58 -53 -40 65 -56 -25 -37 -19 10 72 -34 42 
10 -47 34 -34 72 33 15 -75 61 8 41 7 -33 -65 18 -51 
7 48 -21 44 -78 -9 6 76 -60 12 -41 6 51 53 -2 54 
-20 -44 4 -48 78 -11 -64 99 -8 -31 
RSSI :-110 
Input angle :85
Zaxis angle :14 
minval :0 

minval :0 



33 -34 31 37 -40 27 -24 -41 43 -20 16 45 -47 11 -6 -47 
45 47 7 46 -58 45 81 50 -36 45 -23 51 89 1 24 41 
-57 -32 -23 -40 40 -61 -91 -25 21 -54 6 -55 -85 25 -35 -32 
63 14 33 33 -20 71 95 -3 -2 58 11 55 71 -52 44 19 
-65 7 -41 -21 -1 -74 -87 35 -14 -56 -27 -49 -52 72 -48 -5 
59 -27 46 5 30 67 -80 -121 12 49 
RSSI :-110 
Input angle :82
Zaxis angle :14 
minval :0 

minval :0 



-4 41 -41 -8 11 -40 39 14 -18 37 -35 -21 24 -34 31 26 
-55 -5 -51 -17 4 -75 -87 13 0 -70 -14 -53 -67 71 -38 -15 
53 -11 54 0 19 72 77 -41 19 67 29 47 41 -89 42 3 
-47 28 -52 14 -38 -63 -62 62 -39 -58 -41 -36 -15 96 -41 7 
36 -41 45 -29 56 49 41 -78 56 41 51 21 -9 -98 36 -20 
-24 49 -33 42 -69 -29 110 92 -6 23 
RSSI :-110 
Input angle :91
Zaxis angle :14 
minval :0 

minval :0 



35 -21 18 37 -39 13 -9 -40 41 -5 2 42 -41 0 4 -40 
41 43 1 49 -64 34 73 54 -52 52 -22 37 93 3 9 40 
-52 -29 -16 -46 51 -51 -85 -31 33 -66 10 -42 -89 25 -22 -35 
59 8 30 38 -29 66 90 5 -15 73 4 43 75 -55 30 27 
-59 8 -40 -29 9 -72 -88 25 -11 -73 -18 -39 -55 75 -38 -15 
53 -28 47 13 11 72 -112 73 16 -5 
RSSI :-110 
Input angle :83
Zaxis angle :0 
minval :0 

minval :0 



-17 -40 42 -13 8 43 -43 5 -1 -43 44 2 -7 43 -42 -11 
53 -23 46 -6 29 61 64 -54 35 52 35 31 18 -87 43 -4 
-43 40 -42 19 -47 -49 -44 72 -49 -38 -45 -16 9 88 -40 17 
27 -52 32 -33 62 28 18 -83 59 18 48 2 -40 -79 32 -28 
-12 58 -21 41 -67 -8 4 84 -62 -4 -46 11 59 66 -22 38 
-4 -59 8 -46 68 -10 -64 -46 -5 81 
RSSI :-110 
Input angle :85
Zaxis angle :14 
minval :0 

minval :0 



-49 2 1 -50 49 7 -11 48 -47 -16 20 -45 44 25 -28 41 
16 -58 26 -46 65 13 0 -88 73 7 42 -19 -60 -69 13 -48 
2 60 -9 52 -66 7 30 83 -70 20 -34 32 77 51 1 50 
-17 -58 -7 -52 60 -28 -52 -70 63 -37 22 -41 -89 -25 -17 -46 
36 48 22 48 -49 44 72 49 -48 54 -8 46 92 -3 31 39 
-49 -35 -36 -39 33 -57 -112 -11 -18 -95 
RSSI :-110 
Input angle :87
Zaxis angle :14 
minval :0 

minval :0 



14 42 -43 11 -6 -44 45 -3 0 45 -45 -4 8 -44 43 11 
-55 -8 -47 -1 -3 -77 -88 31 -12 -48 -36 -49 -40 76 -45 3 
56 -7 46 -12 29 71 74 -57 28 42 49 37 14 -85 42 -17 
-50 24 -40 25 -50 -59 -51 77 -39 -31 -58 -20 9 86 -35 27 
41 -39 31 -36 65 42 26 -90 47 16 61 -1 -38 -77 23 -38 
-23 51 -16 45 -75 -19 -97 -22 -1 -123 
RSSI :-110 
Input angle :89
Zaxis angle :0 
minval :0 

minval :0 



-28 48 -45 -32 36 -42 38 41 -44 35 -31 -46 48 -28 22 50 
-28 -18 -35 -44 42 -59 -63 -31 21 -48 18 -44 -82 10 -38 -41 
32 8 47 32 -23 68 70 7 -3 52 -4 48 73 -37 50 24 
-34 0 -54 -17 -2 -73 -69 12 -11 -51 -11 -47 -56 59 -54 -12 
32 -11 57 -3 23 69 60 -36 27 45 24 41 39 -72 55 -6 
-26 21 -54 19 -43 -57 -65 116 -9 105 
RSSI :-110 
Input angle :87
Zaxis angle :25 
minval :0 

minval :0 



-28 -36 38 -24 21 40 -41 18 -15 -42 44 -11 6 45 -45 3 
20 -23 50 -7 27 59 53 -42 35 23 27 39 21 -70 42 -17 
-12 28 -46 23 -46 -45 -37 56 -40 -11 -39 -27 5 73 -35 29 
2 -30 36 -36 58 29 17 -65 42 -1 45 15 -24 -69 25 -38 
5 30 -22 46 -64 -11 2 67 -39 15 -48 1 45 57 -11 44 
-16 -26 7 -51 64 -9 0 41 -7 -65 
RSSI :-110 
Input angle :85
Zaxis angle :14 
minval :0 

minval :0 



55 -19 15 57 -57 10 -4 -58 59 0 -5 58 -57 -11 17 -55 
19 25 2 52 -54 11 26 49 -34 34 -27 18 65 21 2 58 
-26 -17 -19 -49 48 -28 -40 -37 24 -42 20 -25 -69 -1 -22 -54 
30 8 34 39 -35 43 50 21 -6 48 -10 30 64 -21 37 45 
-31 2 -44 -28 24 -50 -55 -5 -7 -47 2 -32 -56 39 -48 -32 
29 -11 51 15 -6 55 0 0 11 -93 
RSSI :-110 
Input angle :87
Zaxis angle :14 
minval :0 

minval :0 



-19 47 -44 -23 27 -42 39 31 -34 36 -34 -37 39 -31 28 41 
-49 -7 -37 -41 28 -78 -72 -15 -4 -58 8 -41 -79 30 -40 -31 
49 -9 49 26 -3 83 74 -3 20 55 4 42 63 -56 48 17 
-44 23 -54 -10 -24 -79 -68 27 -38 -44 -16 -39 -43 73 -50 1 
35 -36 55 -7 46 69 58 -46 51 28 27 32 19 -82 48 -15 
-22 45 -49 25 -67 -48 -49 37 -4 -11 
RSSI :-110 
Input angle :83
Zaxis angle :20 
minval :0 

minval :0 



28 -41 38 31 -34 36 -33 -37 40 -28 25 42 -45 21 -16 -46 
47 14 34 54 -46 57 79 22 -12 48 -10 36 73 -7 30 39 
-49 2 -48 -41 26 -69 -82 0 -3 -50 -2 -38 -66 31 -41 -27 
46 -18 60 21 -4 74 79 -25 19 46 12 36 52 -52 47 13 
-39 29 -63 -4 -20 -71 -68 48 -30 -38 -23 -31 -36 63 -48 2 
27 -41 64 -15 40 61 -80 88 6 -39 
RSSI :-110 
Input angle :83
Zaxis angle :0 
minval :0 

minval :0 



47 -43 38 50 -55 32 -28 -57 59 -23 19 60 -62 14 -8 -62 
39 44 5 56 -68 53 58 58 -42 47 -21 28 81 20 27 57 
-52 -29 -23 -52 52 -68 -74 -37 26 -58 12 -33 -84 5 -41 -48 
57 13 36 42 -28 82 81 16 -8 63 1 35 79 -28 54 32 
-58 7 -48 -29 1 -87 -82 10 -13 -62 -11 -34 -66 52 -62 -12 
54 -23 55 11 26 82 32 93 14 -67 
RSSI :-110 
Input angle :83
Zaxis angle :14 
minval :0 

minval :0 



29 49 -50 26 -22 -52 53 -17 12 55 -56 7 -2 -57 56 2 
-27 22 -53 20 -41 -60 -62 38 -42 -40 -28 -34 -23 75 -55 14 
20 -29 44 -36 58 44 44 -58 54 22 38 21 -7 -79 46 -33 
-9 34 -32 48 -68 -24 -24 68 -58 -6 -42 -10 27 74 -34 44 
0 -35 14 -55 72 4 6 -72 57 -10 43 -4 -51 -60 18 -53 
12 33 4 57 -70 18 127 31 7 19 
RSSI :-110 
Input angle :85
Zaxis angle :25 
minval :0 

minval :0 



-25 44 -42 -29 33 -38 36 37 -39 33 -28 -42 45 -23 19 47 
-29 -24 -40 -42 24 -51 -68 -3 2 -64 4 -46 -76 42 -34 -37 
34 17 51 29 -7 56 66 -19 16 62 11 45 58 -65 44 23 
-38 -4 -57 -12 -8 -55 -58 35 -34 -53 -22 -40 -36 79 -50 -8 
37 -7 58 -7 24 50 43 -53 48 41 34 30 8 -88 50 -7 
-33 18 -54 21 -38 -41 -17 -122 -7 -9 
RSSI :-110 
Input angle :82
Zaxis angle :0 
minval :0 

minval :0 


