
-45 27 -23 -46 48 -19 16 49 -51 11 -6 -51 53 0 -3 52 
-27 -33 0 -62 66 -30 -49 -37 48 -42 20 -42 -91 -6 -13 -50 
37 21 19 59 -53 50 57 21 -32 55 -7 46 88 -20 27 44 
-42 -9 -36 -51 35 -64 -61 -2 16 -62 -6 -47 -77 48 -41 -32 
43 -5 51 36 -14 72 59 -17 2 64 20 42 57 -71 49 16 
-38 20 -60 -17 -9 -72 31 37 -15 73 
RSSI :-110 
Input angle :80
Zaxis angle :0 
minval :0 

minval :0 



0 -51 51 3 -7 50 -50 -11 15 -48 46 20 -24 44 -42 -28 
38 0 50 36 -9 62 65 -25 8 64 15 45 67 -63 49 12 
-36 14 -59 -19 -7 -62 -55 43 -29 -57 -30 -37 -41 82 -51 2 
29 -24 62 0 29 56 38 -59 46 45 40 25 11 -92 47 -20 
-21 32 -58 21 -46 -43 -17 68 -57 -31 -46 -13 15 91 -39 32 
9 -37 47 -39 56 28 113 -1 1 43 
RSSI :-110 
Input angle :79
Zaxis angle :0 
minval :0 

minval :0 



-22 -35 37 -19 14 38 -40 12 -8 -41 41 -6 2 41 -41 -1 
38 -16 51 3 33 62 50 -56 34 49 46 32 14 -91 40 -10 
-30 28 -50 13 -50 -49 -27 69 -48 -35 -54 -16 12 91 -34 23 
20 -36 43 -28 64 28 5 -75 56 20 56 0 -41 -82 25 -33 
-9 40 -34 39 -70 -7 16 74 -60 -1 -54 17 62 67 -14 39 
-3 -41 20 -47 69 -13 -48 -36 -5 17 
RSSI :-110 
Input angle :80
Zaxis angle :0 
minval :0 

minval :0 



18 -51 49 22 -26 46 -44 -30 35 -41 37 39 -42 34 -31 -43 
35 13 33 41 -26 54 66 6 -1 64 -4 45 73 -40 44 31 
-38 -1 -44 -28 9 -60 -65 12 -17 -62 -10 -44 -57 60 -50 -17 
36 -10 51 13 8 59 58 -33 38 51 24 38 37 -75 54 0 
-31 20 -52 4 -27 -54 -43 50 -51 -36 -35 -27 -7 83 -50 17 
23 -30 49 -19 44 42 -80 51 5 103 
RSSI :-110 
Input angle :80
Zaxis angle :20 
minval :0 

minval :0 



-47 4 0 -46 47 3 -7 46 -45 -12 15 -44 42 19 -22 40 
0 -35 24 -48 69 4 -18 -61 57 -26 44 -28 -61 -52 6 -45 
11 33 -7 53 -66 18 36 53 -44 44 -34 41 75 30 8 46 
-22 -28 -10 -52 58 -37 -52 -38 29 -55 21 -49 -81 -5 -21 -41 
31 18 26 45 -42 54 62 18 -10 61 -4 53 78 -21 33 33 
-34 -9 -39 -36 24 -64 -17 117 -16 -53 
RSSI :-110 
Input angle :82
Zaxis angle :14 
minval :0 

minval :0 



49 -3 0 49 -49 -5 9 -48 47 12 -16 46 -44 -21 25 -41 
-4 67 -32 52 -69 -7 13 72 -66 12 -38 19 54 48 -8 48 
-15 -65 15 -60 68 -14 -35 -64 57 -36 28 -32 -66 -31 -7 -48 
36 56 6 62 -60 35 52 51 -43 51 -17 39 73 4 23 43 
-53 -40 -28 -55 44 -54 -66 -31 23 -63 3 -42 -71 16 -34 -34 
64 19 43 44 -25 65 111 -8 16 43 
RSSI :-110 
Input angle :82
Zaxis angle :14 
minval :0 

minval :0 



-48 -15 20 -47 45 24 -27 43 -41 -30 35 -37 35 37 -39 32 
19 -59 46 -40 62 26 4 -70 66 -2 38 -9 -45 -52 27 -43 
0 63 -30 53 -66 -8 16 68 -62 23 -33 21 59 35 -12 49 
-20 -59 9 -61 65 -19 -37 -60 51 -42 24 -31 -68 -14 -2 -50 
36 50 8 60 -56 37 53 46 -35 55 -12 37 68 -7 21 46 
-51 -35 -26 -55 42 -51 48 -88 -17 31 
RSSI :-110 
Input angle :82
Zaxis angle :14 
minval :0 

minval :0 



-58 80 -75 -65 71 -69 62 78 -84 53 -49 -86 91 -38 30 94 
8 76 15 -36 1 -17 25 -95 -39 -87 -55 73 3 29 -57 -81 
-32 -69 -4 38 2 16 0 98 65 69 30 -85 -11 -27 76 63 
51 57 -6 -38 -7 -14 -25 -94 -81 -50 -9 91 20 23 -90 -41 
-63 -43 15 36 11 13 49 85 91 28 -21 -89 -25 -16 98 12 
73 21 -25 -29 -14 -9 95 -7 -1 3 
RSSI :-110 
Input angle :311
Zaxis angle :0 
minval :0 

minval :0 



67 75 -79 61 -53 -85 88 -45 37 92 -95 28 -17 -98 98 -9 
80 -16 -12 -23 -4 -26 -93 -61 -96 30 33 67 31 1 -92 34 
-73 37 18 20 11 22 106 38 83 -57 -51 -52 -30 8 80 -59 
59 -56 -22 -13 -18 -18 -112 -6 -60 81 65 35 27 -16 -57 81 
-43 69 25 6 22 13 108 -27 38 -94 -72 -17 -21 23 33 -93 
24 -78 -26 0 -25 -6 63 -126 12 117 
RSSI :-110 
Input angle :13
Zaxis angle :0 
minval :0 

minval :0 



-32 -98 101 -23 14 102 -103 5 2 -104 103 11 -22 100 -97 -33 
-67 -15 -6 7 -11 22 42 95 82 10 0 -52 -20 -14 101 9 
69 0 3 -8 5 -24 -66 -81 -83 9 13 50 25 7 -99 25 
-66 19 -1 8 3 23 87 57 77 -32 -26 -45 -26 0 92 -45 
58 -37 0 -12 -9 -21 -100 -29 -64 55 35 37 26 -6 -76 69 
-45 51 4 9 14 22 112 62 -9 95 
RSSI :-110 
Input angle :16
Zaxis angle :0 
minval :0 

minval :0 



-59 -54 59 -55 53 62 -65 47 -40 -70 73 -32 25 77 -78 16 
-65 42 10 4 31 41 91 23 63 -39 -28 -68 -33 -9 71 -38 
52 -57 -10 -1 -40 -29 -94 4 -48 56 49 54 35 0 -55 57 
-34 69 11 0 47 20 89 -30 33 -66 -60 -41 -32 9 40 -69 
14 -76 -10 4 -50 -5 -76 54 -12 73 69 22 29 -18 -18 78 
8 77 8 -6 51 -7 47 -92 -10 73 
RSSI :-110 
Input angle :11
Zaxis angle :14 
minval :0 

minval :0 



57 -1 0 57 -58 -9 13 -52 56 17 -21 53 -51 -26 26 -50 
33 -30 -12 0 -8 -15 -60 26 -69 21 65 26 17 -8 -19 54 
-24 37 13 -2 12 12 52 -38 62 -38 -71 -9 -15 11 4 -58 
15 -42 -12 5 -14 -8 -41 50 -48 54 70 -8 11 -15 12 57 
-1 44 10 -8 16 4 24 -59 31 -66 -64 30 -7 17 -29 -50 
-12 -43 -7 10 -17 0 -65 -5 8 -69 
RSSI :-110 
Input angle :21
Zaxis angle :0 
minval :0 

minval :0 



-32 67 -63 -40 46 -59 54 52 -57 48 -44 -60 64 -38 31 67 
35 39 -6 -24 38 -28 11 -68 -57 -72 -49 60 -1 27 -48 -56 
-44 -27 11 22 -28 38 10 68 75 53 30 -71 -5 -26 61 42 
50 15 -18 -16 17 -44 -25 -63 -86 -34 -11 76 11 24 -71 -24 
-53 -2 22 11 -4 47 42 54 92 8 -7 -77 -17 -19 74 3 
51 -13 -24 -5 -6 -46 95 46 2 -89 
RSSI :-110 
Input angle :13
Zaxis angle :0 
minval :0 

minval :0 



71 -33 29 72 -73 24 -16 -76 77 -8 0 78 -77 -6 15 -76 
9 -45 -27 4 -36 -4 -57 61 -16 45 50 -17 -18 2 9 77 
2 47 25 -11 37 -4 39 -75 2 -49 -43 31 18 -6 -29 -73 
-15 -44 -20 18 -35 13 -19 81 11 47 34 -41 -15 12 48 60 
27 38 13 -23 28 -23 -5 -84 -22 -43 -19 50 11 -15 -62 -48 
-36 -29 -7 26 -21 30 -32 124 4 25 
RSSI :-110 
Input angle :321
Zaxis angle :0 
minval :0 

minval :0 



1 -95 94 8 -17 92 -91 -25 33 -88 86 41 -49 80 -76 -54 
-35 -23 -9 43 -31 36 4 81 40 49 63 -70 0 -29 88 33 
40 10 -2 -45 24 -41 -21 -78 -52 -35 -42 84 6 28 -94 -9 
-41 0 17 41 -7 47 44 67 60 20 18 -92 -15 -24 92 -17 
40 -11 -25 -36 -4 -47 -62 -52 -63 -3 5 95 22 19 -84 40 
-35 21 35 28 17 45 32 55 -2 -117 
RSSI :-110 
Input angle :13
Zaxis angle :14 
minval :0 

minval :0 



75 -36 29 78 -79 24 -17 -80 83 -10 3 83 -84 -3 10 -82 
-4 -40 -36 13 -68 30 -53 23 47 85 57 15 1 0 8 82 
15 38 31 -21 57 -47 46 -37 -68 -69 -60 0 -1 1 -30 -77 
-24 -32 -23 30 -43 61 -35 47 85 47 58 -16 0 -1 51 65 
32 24 14 -36 25 -70 17 -55 -95 -21 -52 30 0 1 -68 -45 
-38 -14 -4 38 -4 74 -80 70 -1 117 
RSSI :-110 
Input angle :13
Zaxis angle :0 
minval :0 

minval :0 



-63 1 3 -64 63 9 -14 61 -61 -20 25 -59 56 29 -35 52 
-22 32 19 28 65 55 71 -19 25 -87 -25 -27 -3 -23 20 -60 
13 -36 -25 -20 -78 -34 -64 36 -4 91 31 19 10 19 -4 63 
-1 38 31 13 85 14 53 -50 -17 -89 -35 -10 -16 -16 -13 -62 
-7 -39 -33 -3 -84 12 -37 64 39 82 36 0 19 12 30 55 
17 35 34 -3 79 -29 31 -56 -9 -25 
RSSI :-110 
Input angle :16
Zaxis angle :25 
minval :0 

minval :0 



32 -57 53 37 -42 49 -45 -47 52 -39 37 54 -56 33 -29 -58 
2 -38 -23 -11 -50 -1 -44 36 -8 102 16 3 -9 16 42 50 
8 38 25 5 48 -13 32 -47 -18 -100 -17 0 4 -18 -54 -37 
-18 -33 -26 2 -42 25 -16 55 46 91 16 -5 0 19 61 23 
25 29 24 -8 35 -34 5 -57 -70 -74 -14 8 -6 -18 -65 -4 
-33 -20 -20 15 -23 44 -32 56 6 -45 
RSSI :-110 
Input angle :19
Zaxis angle :29 
minval :0 

minval :0 



-34 38 -34 -38 41 -31 26 44 -46 22 -17 -48 50 -13 8 50 
-23 43 26 13 54 29 64 -10 11 -125 -13 4 9 -36 -23 -46 
11 -47 -30 -3 -59 -13 -60 23 23 124 12 -8 0 38 36 37 
2 49 29 -4 61 -6 49 -42 -57 -112 -9 10 -10 -36 -44 -25 
-14 -47 -27 12 -57 22 -34 54 84 93 6 -12 18 32 50 15 
26 40 23 -19 51 -32 -65 -91 -9 69 
RSSI :-110 
Input angle :27
Zaxis angle :20 
minval :0 

minval :0 



-17 49 -48 -21 26 -46 44 27 -33 41 -37 -37 40 -34 29 42 
-3 37 18 -13 55 10 42 -28 -32 -110 -28 -2 -14 -12 -40 -33 
-7 -37 -13 17 -56 5 -34 37 63 96 27 -4 16 8 47 23 
16 34 8 -21 53 -22 22 -45 -84 -76 -26 10 -18 -1 -53 -7 
-24 -29 -3 23 -46 33 -8 49 103 50 21 -18 18 -2 51 -4 
31 21 -2 -22 33 -46 127 -102 -3 47 
RSSI :-110 
Input angle :16
Zaxis angle :25 
minval :0 

minval :0 



24 37 -39 21 -16 -40 42 -13 9 45 -44 3 -1 -44 44 1 
37 -4 2 -30 29 -41 -37 -47 -80 -5 -11 3 -33 -9 -43 8 
-34 15 4 29 -16 48 49 33 78 -17 9 -5 36 0 41 -18 
30 -23 -13 -26 0 -51 -57 -18 -69 37 -8 8 -33 10 -32 30 
-22 29 19 22 12 49 60 2 56 -56 5 -10 29 -18 23 -37 
11 -35 -24 -16 -25 -43 47 -77 8 -95 
RSSI :-110 
Input angle :13
Zaxis angle :44 
minval :0 

minval :0 



4 95 -96 -2 9 -95 93 20 -29 91 -88 -38 47 -84 79 53 
21 22 49 -49 7 -56 10 -123 -18 -22 -67 53 26 37 -91 -27 
-25 -16 -34 60 9 57 25 121 25 15 49 -70 -36 -26 95 4 
28 8 16 -68 -24 -52 -61 -108 -28 -9 -27 81 42 16 -94 19 
-31 0 5 69 37 44 88 88 29 1 8 -85 -45 -5 83 -48 
29 -8 -21 -66 -48 -30 -1 -27 0 -115 
RSSI :-110 
Input angle :21
Zaxis angle :0 
minval :0 

minval :0 



-77 -12 20 -76 74 24 -31 73 -69 -36 43 -66 60 50 -53 57 
-11 12 12 37 42 26 94 -13 31 -45 -54 -2 3 8 37 -68 
7 -15 -22 -32 -47 -13 -88 37 -17 51 53 -10 -6 -8 -15 76 
-4 15 30 24 49 0 75 -58 1 -55 -48 25 7 5 -3 -78 
0 -17 -36 -16 -47 12 -58 75 12 53 38 -38 -8 -3 24 73 
5 16 38 7 43 -26 47 -42 -7 -1 
RSSI :-110 
Input angle :335
Zaxis angle :0 
minval :0 

minval :0 



46 74 -79 38 -34 -80 83 -26 17 85 -87 8 0 -87 87 4 
37 9 -17 -20 13 -40 -62 -69 -56 -41 -3 84 4 -2 -86 16 
-38 0 21 15 -2 42 77 53 65 24 -25 -81 -3 4 79 -39 
36 -10 -25 -8 -9 -41 -89 -28 -69 -4 43 73 3 -4 -63 61 
-33 20 26 1 20 37 93 0 68 -14 -64 -54 -1 5 46 -75 
26 -28 -26 5 -29 -32 47 34 4 -23 
RSSI :-110 
Input angle :305
Zaxis angle :0 
minval :0 

minval :0 



27 -74 71 33 -38 67 -62 -47 52 -59 53 55 -61 48 -42 -63 
-56 -26 -18 26 -30 43 40 101 46 35 30 -67 -22 -29 60 47 
61 11 12 -29 16 -50 -66 -86 -54 -20 -8 73 31 20 -70 -31 
-62 7 -3 31 0 53 90 60 58 5 -10 -72 -35 -13 75 8 
58 -22 -4 -31 -11 -52 -100 -38 -58 9 30 66 37 2 -76 9 
-48 39 13 28 27 45 -64 -68 -4 91 
RSSI :-110 
Input angle :13
Zaxis angle :14 
minval :0 

minval :0 



33 47 -49 29 -24 -52 53 -19 13 56 -57 9 -4 -57 56 2 
42 -24 -9 -18 -15 -42 -87 -9 -68 27 45 40 6 -38 -56 14 
-34 35 13 14 26 37 86 -8 60 -42 -53 -28 6 37 51 -27 
21 -43 -17 -10 -34 -27 -80 35 -45 61 59 10 -16 -35 -41 40 
-12 47 18 7 40 18 66 -55 25 -66 -60 5 23 30 26 -52 
-2 -49 -19 0 -44 -7 -1 73 9 69 
RSSI :-110 
Input angle :304
Zaxis angle :0 
minval :0 

minval :0 



23 52 -54 19 -16 -55 56 -11 4 56 -57 0 3 -57 56 8 
32 9 0 -36 14 -31 -65 -57 -60 -30 4 76 48 -40 -57 5 
-33 -2 7 35 -7 32 76 39 66 13 -23 -72 -34 52 53 -20 
32 -7 -16 -32 -3 -33 -85 -14 -66 4 43 62 19 -60 -47 32 
-29 16 25 27 10 32 86 -6 63 -23 -57 -49 -3 62 35 -45 
23 -23 -32 -20 -20 -27 -113 -72 4 -71 
RSSI :-110 
Input angle :32
Zaxis angle :0 
minval :0 

minval :0 



62 47 -48 57 -52 -58 61 -43 39 66 -65 33 -28 -71 68 -21 
33 -14 -4 -34 -1 -38 -82 -45 -67 -18 22 65 43 -39 -63 34 
-31 24 11 35 7 32 92 16 68 -2 -39 -55 -26 49 51 -54 
23 -33 -20 -28 -22 -32 -95 7 -66 19 51 44 15 -54 -35 64 
-13 38 29 21 26 19 87 -29 42 -37 -63 -28 -3 56 12 -73 
0 -39 -33 -14 -31 -20 47 31 6 -93 
RSSI :-110 
Input angle :303
Zaxis angle :0 
minval :0 

minval :0 



57 -61 55 61 -67 51 -46 -70 74 -39 29 79 -81 21 -15 -81 
-46 -54 -10 5 -59 16 -18 78 25 61 47 -32 -28 -28 38 75 
61 38 8 -7 53 -29 -3 -81 -38 -56 -37 44 34 20 -53 -64 
-68 -18 -6 10 -42 44 27 76 53 42 24 -51 -37 -9 71 42 
71 -1 1 -11 29 -52 -45 -65 -61 -27 -8 57 39 0 -80 -25 
-68 21 0 11 -12 59 -80 -24 0 21 
RSSI :-110 
Input angle :11
Zaxis angle :14 
minval :0 

minval :0 



-77 -33 36 -75 70 46 -50 64 -59 -59 63 -51 44 65 -70 41 
-26 50 1 19 25 34 88 9 56 -26 -38 -52 -37 41 59 -60 
9 -55 -9 -19 -34 -25 -88 15 -45 40 54 36 24 -52 -40 67 
4 56 11 14 39 13 81 -40 32 -50 -62 -21 -6 56 18 -75 
-18 -53 -16 -11 -42 -3 -65 62 -20 57 66 4 -6 -55 0 82 
33 46 18 9 40 -8 80 123 -8 -1 
RSSI :-110 
Input angle :11
Zaxis angle :14 
minval :0 

minval :0 



34 -50 46 39 -42 41 -39 -47 51 -31 26 54 -54 21 -17 -56 
-37 -46 -19 29 -48 12 6 89 27 69 58 -63 -49 -15 32 49 
46 35 13 -34 45 -25 -33 -82 -45 -59 -37 77 50 3 -45 -39 
-55 -21 -2 36 -34 35 58 67 61 45 16 -84 -49 12 52 28 
58 7 -5 -36 24 -43 -71 -53 -70 -28 6 85 44 -22 -59 -9 
-58 11 14 32 -10 48 48 -21 0 113 
RSSI :-110 
Input angle :303
Zaxis angle :14 
minval :0 

minval :0 



-15 60 -60 -25 26 -55 55 34 -38 53 -50 -39 49 -43 37 50 
56 32 17 -35 34 -31 -45 -76 -49 -59 -29 74 42 1 -47 -42 
-62 -15 -6 37 -26 40 67 59 65 39 6 -79 -41 13 61 26 
65 -4 -4 -37 13 -45 -82 -41 -77 -19 14 79 39 -23 -62 -8 
-62 17 11 35 0 45 89 16 78 -3 -33 -74 -29 32 62 -10 
54 -34 -22 -31 -14 -45 63 60 2 91 
RSSI :-110 
Input angle :297
Zaxis angle :0 
minval :0 

minval :0 



-53 -13 17 -51 49 21 -26 46 -44 -28 33 -41 38 38 -41 35 
-41 47 36 23 31 31 84 -50 54 -55 -65 -41 1 49 31 -43 
29 -57 -41 -11 -37 -24 -69 69 -39 67 74 22 -16 -46 -19 49 
-10 63 43 0 43 11 43 -87 17 -76 -77 -2 28 41 6 -53 
-4 -63 -41 12 -45 -1 -21 95 3 78 76 -18 -38 -30 11 52 
20 60 36 -22 43 -12 95 -111 -10 -49 
RSSI :-110 
Input angle :13
Zaxis angle :14 
minval :0 

minval :0 



-16 72 -72 -22 25 -70 68 35 -39 65 -59 -40 47 -60 53 53 
45 32 39 -12 31 -35 -27 -79 -37 -58 -43 59 42 0 -58 -37 
-52 -20 -34 21 -17 42 42 71 53 48 26 -67 -40 11 70 20 
55 7 25 -30 7 -47 -61 -58 -65 -31 -6 73 37 -19 -73 -2 
-55 8 -18 37 5 46 74 40 71 13 -11 -72 -30 29 71 -19 
52 -23 5 -40 -17 -44 -81 15 1 65 
RSSI :-110 
Input angle :13
Zaxis angle :14 
minval :0 

minval :0 



27 60 -63 22 -15 -64 65 -13 7 66 -66 0 7 -65 65 14 
66 -11 -3 -19 0 -53 -58 -16 -97 16 35 48 -6 -32 -66 5 
-61 28 9 18 15 50 59 -3 87 -45 -46 -38 16 29 63 -21 
51 -45 -13 -14 -29 -44 -57 15 -73 67 56 21 -23 -23 -54 38 
-33 59 17 9 40 34 49 -34 52 -83 -59 -5 28 17 44 -50 
22 -64 -19 -5 -46 -25 -49 -59 11 43 
RSSI :-110 
Input angle :315
Zaxis angle :14 
minval :0 

minval :0 



35 -9 7 36 -36 4 0 -36 37 3 -6 36 -35 -9 11 -34 
8 -25 -13 -17 -29 -10 -59 28 -9 22 35 13 19 -14 -2 36 
-1 26 17 12 31 0 47 -45 4 -24 -38 -4 -15 19 -8 -35 
-6 -25 -20 -7 -29 8 -31 57 4 22 37 -5 8 -23 15 32 
13 22 22 0 26 -15 15 -63 -9 -22 -36 16 -1 25 -25 -26 
-19 -18 -21 4 -20 22 -16 -1 4 -101 
RSSI :-110 
Input angle :16
Zaxis angle :14 
minval :0 

minval :0 



-80 19 -12 -80 81 -3 -2 81 -80 -10 18 -79 77 24 -27 76 
-37 38 2 39 38 38 119 6 53 -19 -56 -57 -52 7 10 -80 
23 -47 -12 -37 -48 -25 -114 32 -44 34 69 41 47 -21 12 81 
-10 51 21 31 52 11 104 -58 32 -46 -78 -18 -40 34 -35 -73 
-4 -53 -28 -24 -54 2 -85 83 -18 52 80 -2 28 -44 51 63 
19 49 34 16 51 -17 48 -25 -8 7 
RSSI :-110 
Input angle :11
Zaxis angle :14 
minval :0 

minval :0 



-31 -43 45 -28 23 48 -49 22 -16 -51 52 -11 4 54 -53 0 
-32 -34 -38 12 -42 24 32 84 21 56 49 -57 -28 -18 52 -12 
42 23 34 -22 36 -33 -53 -71 -36 -49 -29 70 34 8 -45 27 
-46 -13 -27 30 -22 43 72 54 50 36 10 -75 -34 0 36 -38 
48 0 17 -37 10 -47 -82 -36 -57 -21 8 75 32 -10 -23 49 
-46 13 -6 40 1 48 32 -98 0 -79 
RSSI :-110 
Input angle :11
Zaxis angle :14 
minval :0 

minval :0 



-7 -57 58 0 -5 58 -57 -10 15 -56 55 20 -27 52 -50 -29 
-44 -8 -26 36 -18 46 56 75 55 23 25 -60 -34 16 56 15 
45 -4 14 -42 5 -48 -74 -58 -59 -4 -7 65 29 -24 -58 0 
-42 13 -2 45 8 48 86 37 61 -8 -10 -63 -22 30 56 -14 
37 -25 -8 -43 -19 -45 -93 -13 -54 25 25 60 12 -36 -49 31 
-29 34 21 38 31 38 48 -60 -6 35 
RSSI :-110 
Input angle :29
Zaxis angle :0 
minval :0 

minval :0 



-35 45 -40 -39 44 -36 30 47 -49 27 -24 -51 53 -20 14 54 
29 52 34 -10 34 -31 21 -95 -37 -46 -63 35 30 26 -28 -48 
-45 -38 -28 21 -26 37 4 98 47 35 50 -52 -36 -16 40 39 
53 26 21 -27 15 -43 -28 -93 -56 -19 -36 63 39 5 -50 -25 
-58 -8 -13 34 -4 45 54 80 59 3 14 -71 -39 5 55 14 
58 -5 3 -35 -7 -45 47 -90 1 13 
RSSI :-110 
Input angle :13
Zaxis angle :14 
minval :0 

minval :0 



-61 -23 27 -57 56 33 -39 54 -53 -46 49 -47 39 51 -51 38 
-25 34 18 29 11 33 99 6 69 -24 -40 -58 -30 56 42 -49 
20 -39 -25 -24 -20 -30 -97 15 -57 40 51 46 15 -60 -29 57 
-8 43 31 19 26 24 88 -46 39 -56 -64 -27 4 62 10 -62 
-7 -43 -34 -7 -34 -15 -67 73 -24 65 69 9 -22 -59 7 65 
16 40 35 -1 36 6 -32 -59 -9 -127 
RSSI :-110 
Input angle :18
Zaxis angle :14 
minval :0 

minval :0 



30 -53 50 34 -38 47 -44 -42 47 -39 36 50 -53 30 -25 -56 
-29 -30 -32 20 -33 1 0 102 16 71 70 -38 -62 -35 37 46 
36 22 26 -27 31 -8 -22 -99 -33 -64 -59 54 68 18 -48 -35 
-41 -8 -18 33 -27 19 51 88 52 51 37 -71 -71 5 56 21 
42 -1 5 -38 21 -25 -76 -68 -64 -35 -16 79 68 -21 -60 -1 
-41 12 3 38 -12 30 0 2 2 107 
RSSI :-110 
Input angle :29
Zaxis angle :0 
minval :0 

minval :0 



7 -62 61 13 -20 59 -58 -24 28 -56 52 34 -37 50 -46 -41 
-36 -14 -24 32 -23 15 34 103 39 53 56 -59 -71 -19 56 30 
38 2 15 -38 17 -20 -62 -89 -52 -43 -36 72 74 -1 -60 -12 
-38 8 -5 41 -12 26 83 69 60 27 13 -80 -71 20 62 -2 
35 -16 -4 -41 4 -27 -99 -45 -65 -9 7 81 63 -38 -60 19 
-28 27 15 37 3 28 112 -28 -2 -35 
RSSI :-110 
Input angle :21
Zaxis angle :14 
minval :0 

minval :0 



-46 42 -39 -51 53 -33 28 56 -58 23 -19 -60 61 -12 6 61 
18 32 41 -8 27 4 41 -102 8 -66 -81 13 39 61 -23 -57 
-27 -26 -36 19 -27 3 -13 108 12 64 74 -34 -55 -47 33 52 
32 18 31 -27 25 -10 -14 -108 -27 -60 -66 49 66 31 -49 -37 
-35 -8 -21 35 -20 16 43 101 41 51 51 -64 -73 -10 57 24 
36 0 12 -39 17 -21 -1 28 -5 -57 
RSSI :-110 
Input angle :297
Zaxis angle :14 
minval :0 

minval :0 



59 24 -31 55 -52 -35 39 -48 45 44 -48 41 -36 -52 54 -32 
17 -30 -27 -34 -4 -25 -107 5 -64 18 42 74 39 -64 -45 43 
-10 32 36 26 11 23 103 -31 56 -35 -59 -59 -22 72 32 -54 
0 -34 -42 -15 -17 -19 -91 56 -46 48 74 40 1 -75 -16 60 
8 33 44 4 22 15 70 -82 29 -60 -83 -15 19 72 -3 -63 
-18 -28 -43 9 -25 -8 127 38 8 57 
RSSI :-110 
Input angle :21
Zaxis angle :14 
minval :0 

minval :0 



-68 -37 45 -63 58 49 -56 54 -46 -62 64 -42 37 67 -69 31 
-29 41 -1 38 33 24 101 18 49 -26 -40 -73 -48 45 59 -47 
19 -46 -8 -37 -39 -12 -103 13 -40 40 56 60 32 -56 -45 61 
-6 49 19 32 41 1 95 -40 29 -47 -71 -42 -18 63 27 -71 
-5 -50 -25 -28 -40 10 -78 65 -14 54 81 18 -1 -64 -6 77 
20 45 33 19 35 -19 127 3 -7 -83 
RSSI :-110 
Input angle :11
Zaxis angle :0 
minval :0 

minval :0 



-62 21 -15 -64 65 -11 6 66 -66 -1 9 -66 64 14 -20 62 
3 41 34 -4 46 28 35 -66 19 -65 -73 6 50 26 0 -66 
-15 -39 -33 13 -53 -12 -15 74 1 67 68 -27 -56 -7 19 63 
24 33 27 -22 54 0 -5 -75 -21 -63 -60 43 57 -4 -33 -57 
-33 -25 -19 28 -52 16 25 71 36 57 43 -59 -52 21 48 44 
38 16 12 -33 44 -31 -113 -119 -6 -105 
RSSI :-110 
Input angle :29
Zaxis angle :0 
minval :0 

minval :0 



60 -47 43 63 -66 37 -32 -70 72 -26 18 75 -76 10 -3 -75 
-18 -44 -29 6 -41 4 -24 85 2 70 75 -27 -50 -34 27 71 
31 35 27 -14 38 -15 0 -88 -21 -67 -64 45 58 17 -39 -66 
-38 -27 -23 21 -33 26 25 85 37 60 49 -62 -60 -3 57 50 
44 16 16 -25 23 -33 -47 -74 -53 -47 -31 72 58 -14 -68 -35 
-47 -4 -9 29 -14 39 -16 -58 3 9 
RSSI :-110 
Input angle :303
Zaxis angle :0 
minval :0 

minval :0 



42 64 -65 36 -31 -70 70 -27 19 75 -75 12 -4 -77 75 1 
42 -12 -10 -29 2 -37 -91 -26 -53 3 19 78 33 -43 -74 16 
-38 24 17 24 8 36 94 2 56 -14 -40 -72 -22 50 65 -36 
31 -31 -23 -21 -17 -29 -91 20 -45 25 55 59 5 -54 -55 54 
-20 40 28 11 26 24 81 -48 44 -39 -71 -40 9 54 37 -65 
9 -44 -30 -4 -32 -16 -65 51 6 123 
RSSI :-110 
Input angle :164
Zaxis angle :14 
minval :0 

minval :0 



-49 69 -63 -58 64 -57 51 68 -73 45 -39 -76 80 -32 26 80 
38 40 33 -7 36 -23 2 -95 -29 -66 -42 58 41 3 -48 -70 
-45 -31 -29 15 -27 31 21 93 45 57 24 -66 -40 8 63 57 
53 17 25 -22 18 -38 -43 -86 -58 -43 -6 71 36 -19 -78 -32 
-55 -1 -17 29 -6 42 69 66 68 25 -11 -70 -30 28 84 11 
55 -13 9 -33 -4 -43 95 102 -1 -17 
RSSI :-110 
Input angle :339
Zaxis angle :14 
minval :0 

minval :0 



2 -78 80 7 -16 77 -76 -26 32 -76 74 36 -46 68 -65 -49 
-54 -13 -20 29 -22 41 46 78 57 53 11 -71 -33 29 73 32 
52 -2 11 -32 11 -39 -65 -59 -68 -33 5 72 26 -34 -80 -13 
-49 16 -3 35 1 47 77 42 70 5 -20 -69 -19 39 79 -10 
46 -27 -6 -35 -13 -42 -90 -19 -70 14 44 55 4 -43 -73 30 
-36 37 14 31 24 38 32 112 -3 97 
RSSI :-110 
Input angle :313
Zaxis angle :14 
minval :0 

minval :0 



72 -30 24 74 -81 15 -7 -77 80 -1 -5 81 -79 -15 20 -79 
-9 -54 -29 -5 -44 -1 -54 74 -24 70 73 -16 -28 -25 2 76 
24 50 29 -2 46 -10 29 -86 6 -71 -66 34 38 16 -19 -80 
-34 -41 -28 11 -37 22 -10 89 19 81 51 -54 -41 -4 41 71 
44 29 24 -17 30 -34 -13 -88 -40 -58 -36 66 38 -4 -60 -49 
-52 -13 -18 24 -19 42 -48 96 6 75 
RSSI :-110 
Input angle :305
Zaxis angle :0 
minval :0 

minval :0 



43 -67 62 51 -58 57 -51 -62 68 -44 40 72 -73 35 -24 -74 
-39 -40 -29 5 -39 29 -10 90 17 74 50 -52 -45 -5 44 67 
47 29 25 -14 34 -33 -11 -90 -44 -68 -37 63 42 -6 -60 -55 
-53 -15 -20 20 -22 42 41 82 58 53 11 -73 -40 18 72 35 
54 0 14 -26 9 -47 -58 -69 -68 -36 3 71 33 -29 -79 -15 
-53 15 -6 27 1 45 -80 8 2 53 
RSSI :-110 
Input angle :336
Zaxis angle :14 
minval :0 

minval :0 



-64 50 -44 -67 70 -39 33 74 -78 26 -18 -79 80 -13 7 81 
28 48 29 1 42 -15 31 -85 -7 -81 -59 41 41 18 -24 -77 
-40 -38 -27 6 -36 25 -7 89 27 78 48 -53 -45 -5 44 68 
47 27 26 -14 28 -35 -17 -87 -50 -65 -29 66 45 -6 -60 -54 
-53 -12 -20 21 -18 40 41 79 64 51 9 -71 -43 18 74 33 
55 0 12 -25 6 -45 -97 111 -5 -89 
RSSI :-110 
Input angle :317
Zaxis angle :14 
minval :0 

minval :0 



4 80 -80 -3 11 -79 78 17 -23 76 -74 -29 36 -70 66 41 
54 11 19 -20 12 -39 -54 -77 -63 -41 -9 69 36 -20 -74 -29 
-54 3 -13 25 -1 41 75 58 73 21 -11 -70 -31 29 78 2 
52 -19 5 -27 -10 -39 -86 -39 -75 0 29 64 21 -36 -77 17 
-44 33 4 28 21 34 94 13 73 -21 -47 -52 -11 41 69 -38 
35 -43 -10 -26 -29 -28 -113 34 5 27 
RSSI :-110 
Input angle :339
Zaxis angle :14 
minval :0 

minval :0 



76 -32 30 77 -77 25 -14 -81 80 -6 -5 84 -81 -12 16 -81 
-12 -53 -29 -11 -39 6 -51 77 -9 80 69 -18 -33 -31 -1 84 
21 50 31 4 40 -16 28 -89 -11 -83 -64 36 40 21 -23 -78 
-37 -42 -31 4 -34 24 -1 93 31 68 49 -52 -45 -8 45 67 
47 27 27 -12 25 -33 -26 -92 -49 -62 -34 64 46 -4 -62 -52 
-53 -15 -22 19 -16 38 -16 100 5 5 
RSSI :-110 
Input angle :32
Zaxis angle :0 
minval :0 

minval :0 



46 -65 62 50 -56 56 -50 -62 66 -45 37 70 -73 31 -26 -74 
-42 -41 -22 14 -36 24 2 86 37 83 40 -61 -46 -5 46 64 
53 26 18 -20 28 -33 -26 -82 -57 -71 -23 69 46 -6 -60 -51 
-58 -14 -11 23 -18 39 44 74 74 52 3 -73 -42 18 72 33 
58 -4 3 -28 8 -43 -63 -59 -85 -31 16 70 35 -29 -78 -15 
-56 19 3 25 4 43 -80 126 0 119 
RSSI :-110 
Input angle :305
Zaxis angle :0 
minval :0 

minval :0 



-52 61 -57 -58 60 -54 48 66 -68 42 -37 -71 75 -32 22 76 
32 50 31 -21 50 -15 4 -95 -12 -76 -52 45 37 13 -41 -69 
-44 -41 -24 29 -44 28 19 93 36 69 38 -58 -41 -3 57 56 
53 29 17 -34 35 -38 -44 -84 -54 -55 -20 67 39 -7 -70 -40 
-59 -9 -6 37 -24 47 68 67 67 38 2 -69 -35 19 79 14 
60 -6 -3 -38 11 -51 -65 -121 -3 97 
RSSI :-110 
Input angle :303
Zaxis angle :0 
minval :0 

minval :0 



-38 -74 79 -27 19 83 -86 14 -5 -86 87 1 -6 85 -84 -16 
-28 -5 -24 26 -15 47 50 85 39 37 16 -60 -19 -3 86 -4 
29 -1 17 -32 1 -49 -71 -70 -49 -25 0 62 19 -5 -77 30 
-28 9 -7 36 13 48 87 44 53 12 -17 -60 -18 7 69 -51 
23 -16 0 -35 -24 -43 -95 -22 -54 0 29 53 13 -14 -52 64 
-21 22 10 34 32 31 112 48 -1 -43 
RSSI :-110 
Input angle :16
Zaxis angle :14 
minval :0 

minval :0 



-39 48 -46 -42 47 -42 35 52 -55 30 -27 -57 59 -22 16 60 
-13 36 32 7 43 5 50 -72 32 -48 -67 8 15 17 -29 -55 
3 -39 -33 2 -44 5 -32 82 -19 56 61 -27 -18 -12 42 45 
7 38 31 -11 40 -18 3 -89 0 -58 -51 44 22 6 -54 -31 
-15 -35 -26 17 -35 27 15 87 13 58 40 -54 -22 0 61 14 
25 29 20 -25 26 -36 63 111 -7 -65 
RSSI :-110 
Input angle :331
Zaxis angle :0 
minval :0 

minval :0 



44 82 -84 38 -30 -87 90 -20 11 92 -92 2 6 -92 90 13 
43 -8 21 -11 -4 -55 -39 -61 -51 -5 -4 48 9 0 -92 10 
-40 19 -17 16 19 52 53 48 51 -7 -9 -47 -9 3 85 -36 
33 -28 12 -20 -32 -44 -65 -30 -47 20 23 42 7 -4 -73 56 
-25 37 -5 24 43 34 71 11 40 -32 -35 -34 -5 7 54 -74 
12 -43 0 -23 -52 -18 95 72 5 49 
RSSI :-110 
Input angle :11
Zaxis angle :0 
minval :0 

minval :0 



-55 -73 77 -48 41 81 -84 34 -24 -87 87 -18 9 90 -90 4 
-54 8 3 20 2 37 83 58 42 8 -12 -63 -19 6 87 -25 
51 -21 -7 -19 -14 -35 -98 -30 -43 4 29 55 17 -11 -75 51 
-43 34 14 16 24 30 101 4 40 -14 -44 -45 -14 15 59 -68 
31 -45 -17 -10 -32 -21 -99 23 -33 26 54 33 10 -18 -39 82 
-18 52 20 7 35 13 -64 -63 -5 -93 
RSSI :-110 
Input angle :13
Zaxis angle :14 
minval :0 

minval :0 



-85 38 -30 -88 91 -23 18 92 -92 8 0 -94 94 7 -15 90 
-1 18 20 12 25 19 72 -28 42 -22 -43 -35 -4 19 -9 -93 
-4 -18 -24 -6 -30 -11 -63 44 -35 34 52 20 0 -19 33 87 
9 15 24 0 32 2 49 -61 22 -44 -55 -4 7 18 -53 -76 
-14 -13 -23 6 -31 5 -30 72 -12 47 54 -10 -10 -16 73 56 
16 9 19 -14 28 -15 -17 -33 -7 23 
RSSI :-110 
Input angle :18
Zaxis angle :0 
minval :0 

minval :0 



-96 3 5 -97 96 9 -16 95 -92 -27 37 -89 85 43 -49 81 
-12 39 26 6 32 15 96 -32 15 -43 -57 -21 -12 3 32 -90 
2 -40 -26 0 -36 -6 -87 54 -3 46 60 7 10 -5 -3 96 
9 39 25 -7 36 -3 67 -77 -8 -45 -60 11 -9 7 -19 -93 
-18 -36 -23 13 -35 11 -46 91 20 41 55 -27 6 -9 47 85 
28 29 18 -19 29 -20 -97 -124 -5 1 
RSSI :-110 
Input angle :13
Zaxis angle :0 
minval :0 

minval :0 



22 -82 80 29 -37 77 -74 -43 49 -70 64 56 -60 60 -55 -64 
4 -32 -40 8 -28 18 -46 104 7 46 73 -30 -10 -41 66 52 
3 32 36 -18 21 -27 16 -113 -19 -44 -62 48 20 37 -78 -32 
-11 -29 -29 29 -13 32 15 113 31 36 47 -63 -30 -30 84 10 
18 26 20 -35 3 -35 -43 -106 -38 -26 -23 76 38 20 -82 18 
-26 -18 -10 39 6 34 48 -49 1 115 
RSSI :-110 
Input angle :21
Zaxis angle :0 
minval :0 

minval :0 



-77 -50 58 -72 65 65 -70 60 -54 -74 80 -46 38 84 -88 29 
-29 24 -5 14 22 33 66 39 52 -21 -22 -48 -16 -5 78 -50 
22 -30 0 -14 -31 -26 -75 -16 -44 33 36 40 17 1 -56 73 
-11 36 2 13 37 17 77 -1 34 -45 -46 -29 -16 4 38 -85 
3 -38 -6 -13 -40 -6 -74 22 -20 53 52 12 14 -8 -15 91 
9 37 9 11 41 -5 0 -32 -8 93 
RSSI :-110 
Input angle :11
Zaxis angle :0 
minval :0 

minval :0 



-46 -62 65 -42 36 69 -72 29 -21 -75 76 -15 10 77 -77 5 
-17 -27 -36 32 -11 39 47 94 44 35 23 -67 -38 -13 75 -20 
24 22 27 -40 2 -42 -71 -76 -52 -22 -4 71 41 1 -66 39 
-29 -15 -15 46 12 40 88 54 57 7 -18 -69 -40 8 51 -58 
31 6 0 -48 -21 -34 -101 -30 -57 8 33 62 37 -18 -34 69 
-32 2 12 46 29 29 -32 84 -3 -47 
RSSI :-110 
Input angle :16
Zaxis angle :14 
minval :0 

minval :0 



-31 -78 82 -23 17 83 -84 10 -2 -85 85 8 -14 84 -81 -21 
-6 -27 -36 11 -21 29 13 93 22 40 43 -48 -20 -32 84 -3 
13 24 31 -21 13 -32 -34 -88 -33 -33 -29 59 27 24 -79 28 
-18 -19 -23 29 -2 35 58 73 40 22 13 -64 -33 -15 70 -46 
24 13 15 -34 -5 -34 -76 -55 -45 -9 4 66 37 5 -55 65 
-27 -6 -5 38 16 32 48 -90 -1 67 
RSSI :-110 
Input angle :13
Zaxis angle :14 
minval :0 

minval :0 



-53 39 -31 -54 55 -30 25 62 -60 19 -11 -60 64 -3 0 66 
-40 34 49 -6 14 28 82 -66 49 -27 -54 -7 14 23 -19 -63 
29 -42 -43 24 -24 -22 -61 88 -46 44 55 -12 -19 -17 36 53 
-16 47 37 -35 27 17 30 -100 36 -52 -48 23 23 10 -50 -39 
5 -51 -24 43 -34 -7 -2 107 -21 54 41 -37 -24 -3 59 27 
8 50 14 -51 35 2 -81 10 -7 -83 
RSSI :-110 
Input angle :316
Zaxis angle :0 
minval :0 

minval :0 



-57 -61 71 -53 42 74 -75 40 -30 -83 86 -26 14 86 -83 9 
-39 -10 10 33 -7 56 56 89 48 4 19 -53 -16 -3 82 -25 
44 0 -16 -27 -1 -58 -80 -64 -46 8 -1 59 18 0 -67 49 
-44 11 23 23 18 55 98 38 42 -22 -13 -58 -15 7 53 -64 
37 -23 -28 -16 -36 -44 -105 -11 -35 32 30 50 15 -7 -28 81 
-29 30 31 7 41 35 48 -72 -6 -95 
RSSI :-110 
Input angle :21
Zaxis angle :0 
minval :0 

minval :0 



-76 41 -34 -79 81 -28 19 85 -86 12 -5 -87 86 1 -10 86 
-25 40 40 0 46 8 106 -59 15 -34 -71 -23 -9 38 -10 -85 
13 -45 -39 9 -47 3 -90 84 -5 36 76 2 0 -38 33 79 
-1 48 35 -19 43 -15 57 -107 -5 -37 -74 16 10 37 -53 -67 
-11 -46 -29 28 -38 27 -31 118 14 35 66 -36 -21 -32 70 50 
24 40 18 -35 30 -36 127 92 -4 41 
RSSI :-110 
Input angle :21
Zaxis angle :0 
minval :0 

minval :0 



-31 -62 64 -24 17 65 -68 13 -7 -68 69 0 -6 68 -67 -10 
-41 -26 13 33 -35 50 71 68 42 39 -7 -63 -21 25 67 -8 
47 14 -22 -28 18 -59 -88 -44 -50 -26 24 59 13 -30 -63 26 
-49 -2 28 21 -4 60 96 21 55 14 -37 -51 -6 32 54 -42 
48 -10 -33 -14 -11 -60 -98 8 -57 1 51 38 -4 -33 -42 54 
-42 23 36 1 30 52 80 54 -3 -79 
RSSI :-110 
Input angle :315
Zaxis angle :0 
minval :0 

minval :0 



31 72 -80 24 -19 -74 78 -12 11 79 -83 0 4 -81 78 14 
43 10 -10 -44 7 -47 -73 -86 -44 -25 -14 73 42 -13 -80 4 
-45 1 22 41 5 48 93 60 48 14 -6 -73 -35 26 75 -31 
43 -12 -33 -32 -22 -45 -107 -33 -49 -1 24 69 27 -30 -65 47 
-38 22 40 24 31 37 111 1 49 -13 -46 -59 -18 38 51 -60 
31 -31 -45 -13 -40 -29 31 -23 2 57 
RSSI :-110 
Input angle :313
Zaxis angle :0 
minval :0 

minval :0 



3 -82 82 8 -17 80 -78 -24 31 -76 72 37 -43 69 -66 -48 
-40 -22 1 30 -26 57 28 93 38 28 31 -63 -6 -5 76 30 
44 10 -10 -29 14 -61 -51 -83 -45 -18 -16 68 7 4 -81 -9 
-45 2 16 26 6 61 71 67 49 3 -2 -70 -8 -2 80 -11 
43 -13 -23 -21 -22 -58 -86 -45 -47 6 21 66 8 0 -75 32 
-38 24 28 14 36 51 -112 76 -3 -63 
RSSI :-110 
Input angle :13
Zaxis angle :14 
minval :0 

minval :0 



-22 80 -77 -28 36 -74 72 41 -47 68 -65 -52 56 -59 53 63 
11 30 23 -20 38 -38 5 -88 -18 -72 -50 53 37 9 -68 -46 
-20 -25 -16 27 -27 47 19 86 36 64 31 -66 -39 0 77 27 
25 19 9 -30 12 -53 -43 -77 -53 -51 -12 72 37 -10 -82 -3 
-30 -11 0 31 1 55 61 64 66 33 -8 -74 -33 20 80 -19 
31 3 -9 -31 -19 -52 47 -27 -3 73 
RSSI :-110 
Input angle :313
Zaxis angle :0 
minval :0 

minval :0 



-16 61 -60 -21 27 -58 55 31 -36 53 -50 -41 45 -45 40 48 
43 35 20 -37 47 -55 -42 -66 -46 -47 -22 69 42 -6 -52 -37 
-50 -23 -8 41 -30 66 59 52 59 31 2 -73 -37 18 61 20 
54 7 -2 -43 9 -72 -70 -33 -63 -17 14 70 32 -28 -63 -1 
-54 9 13 40 10 72 77 13 66 0 -32 -64 -23 34 63 -10 
51 -20 -23 -35 -29 -66 -49 -46 2 1 
RSSI :-110 
Input angle :313
Zaxis angle :0 
minval :0 

minval :0 



51 68 -73 44 -38 -76 80 -31 23 82 -84 15 -7 -84 84 -1 
22 34 31 -48 17 -30 -43 -110 -46 -18 -21 68 23 2 -81 23 
-30 -26 -16 55 -7 35 66 95 49 5 1 -70 -23 7 71 -47 
38 16 1 -56 -1 -36 -94 -68 -48 8 15 68 20 -12 -58 60 
-41 -6 12 55 10 34 108 44 45 -20 -31 -63 -17 17 39 -75 
41 -3 -28 -50 -17 -30 31 8 4 -19 
RSSI :-110 
Input angle :16
Zaxis angle :0 
minval :0 

minval :0 



-84 -10 18 -84 82 23 -31 79 -76 -38 43 -74 69 49 -57 64 
-38 -8 -7 39 17 46 101 58 55 -11 -22 -63 -20 14 40 -75 
39 -1 -4 -40 -29 -39 -112 -30 -50 22 40 54 15 -19 -16 83 
-37 11 14 36 39 30 116 -3 41 -38 -54 -40 -9 23 -8 -85 
33 -21 -24 -32 -46 -18 -111 37 -29 47 63 23 4 -24 31 79 
-25 30 32 23 49 5 16 78 -7 93 
RSSI :-110 
Input angle :192
Zaxis angle :14 
minval :0 

minval :0 



-57 36 -30 -60 63 -25 21 65 -67 14 -6 -67 68 0 -5 67 
-57 34 28 13 36 51 105 -30 56 -41 -53 -35 9 15 -14 -67 
46 -48 -31 -7 -48 -42 -92 58 -44 54 61 17 -14 -11 32 60 
-30 59 31 -4 56 27 75 -80 29 -63 -63 -3 16 7 -46 -51 
14 -65 -30 10 -62 -9 -51 97 -8 70 60 -16 -18 -2 59 33 
3 67 25 -19 62 -11 -33 75 -9 -47 
RSSI :-110 
Input angle :32
Zaxis angle :14 
minval :0 

minval :0 



-65 -22 28 -67 60 31 -38 61 -54 -39 44 -54 47 48 -51 47 
-45 -32 -2 49 -23 55 97 76 65 23 -1 -79 -16 14 41 -56 
50 16 -10 -48 7 -60 -113 -52 -61 -11 19 76 12 -15 -26 65 
-55 -4 21 40 11 59 122 13 61 -8 -38 -64 -6 19 9 -70 
54 -9 -31 -33 -24 -54 -124 18 -53 21 56 54 0 -21 11 69 
-47 22 40 27 40 44 96 67 -5 69 
RSSI :-110 
Input angle :326
Zaxis angle :0 
minval :0 

minval :0 



-52 35 -29 -56 58 -23 17 61 -62 13 -8 -63 63 -3 -1 64 
-48 33 19 25 34 47 107 -11 50 -46 -54 -40 0 17 -12 -62 
39 -45 -25 -19 -47 -36 -102 39 -33 59 64 22 -3 -16 29 55 
-22 55 30 9 56 21 85 -68 18 -64 -68 -6 8 15 -44 -46 
6 -59 -31 0 -59 -6 -67 86 2 68 67 -12 -12 -11 56 30 
7 59 30 -8 58 -11 -17 -37 -9 45 
RSSI :-110 
Input angle :16
Zaxis angle :0 
minval :0 

minval :0 



-63 -27 30 -59 51 35 -41 52 -45 -45 51 -41 37 51 -56 38 
-47 -25 -9 31 -12 59 64 92 64 17 8 -72 -21 -3 43 -48 
51 11 -1 -33 -5 -62 -88 -67 -67 1 11 75 22 -1 -31 60 
-54 3 9 29 27 59 103 44 70 -19 -27 -69 -18 4 13 -65 
50 -16 -17 -26 -39 -49 -111 -17 -66 26 49 56 16 -11 3 65 
-44 30 22 20 49 39 32 -35 -7 25 
RSSI :-110 
Input angle :16
Zaxis angle :0 
minval :0 

minval :0 



-78 -31 38 -76 73 43 -49 69 -65 -55 61 -58 52 67 -69 47 
-37 -28 -6 38 -13 57 73 86 68 24 2 -76 -16 -3 51 -65 
44 16 -3 -38 -2 -59 -95 -61 -73 -4 16 73 16 -1 -33 78 
-46 -3 12 36 18 56 108 35 70 -15 -36 -66 -15 5 13 -83 
45 -8 -22 -31 -33 -49 -113 -4 -64 34 55 53 13 -9 6 85 
-42 19 28 25 44 38 0 -63 -7 -119 
RSSI :-110 
Input angle :16
Zaxis angle :14 
minval :0 

minval :0 



38 56 -58 33 -28 -61 64 -22 14 65 -66 8 -1 -68 66 2 
18 50 29 -24 44 -38 -21 -114 -28 -51 -52 71 12 13 -65 17 
-30 -44 -24 30 -33 47 48 105 41 40 33 -82 -16 -10 57 -35 
42 33 13 -36 15 -56 -78 -86 -52 -26 -7 88 17 5 -48 46 
-48 -22 -2 37 -1 58 98 61 57 13 -13 -87 -17 -1 33 -59 
53 8 -6 -36 -13 -56 -81 1 0 117 
RSSI :-110 
Input angle :16
Zaxis angle :14 
minval :0 

minval :0 



51 64 -69 44 -37 -72 75 -30 21 78 -81 15 -10 -81 80 -6 
23 30 33 -22 30 -44 -30 -112 -39 -29 -41 72 16 17 -75 30 
-30 -22 -27 31 -15 52 61 99 44 19 22 -80 -20 -10 66 -45 
36 14 18 -35 0 -53 -85 -78 -47 -5 -3 82 23 4 -52 61 
-41 -1 -7 39 14 51 101 54 47 -7 -21 -79 -24 0 32 -73 
38 -7 -4 -39 -26 -46 -33 87 2 -23 
RSSI :-110 
Input angle :13
Zaxis angle :14 
minval :0 

minval :0 



-63 54 -48 -67 69 -43 36 74 -78 29 -21 -80 81 -12 5 82 
-36 21 26 30 40 41 115 -24 46 -33 -62 -44 -14 16 -24 -78 
31 -28 -33 -25 -49 -30 -103 55 -36 45 72 28 9 -20 43 70 
-22 36 39 11 56 14 85 -81 22 -53 -76 -5 -4 21 -63 -52 
10 -42 -41 -2 -58 2 -63 100 -6 57 75 -13 -2 -22 74 35 
0 42 39 -8 54 -17 -33 -46 -8 89 
RSSI :-110 
Input angle :16
Zaxis angle :14 
minval :0 

minval :0 



67 19 -25 65 -62 -29 33 -61 57 39 -45 52 -48 -51 53 -43 
41 23 16 -38 16 -53 -82 -84 -51 -30 -3 77 16 6 -39 57 
-46 -11 -3 41 -3 55 101 60 57 15 -14 -76 -17 -2 22 -66 
49 -1 -7 -40 -14 -54 -114 -28 -59 3 34 70 17 -1 -4 70 
-45 15 18 35 26 48 118 -3 55 -18 -53 -56 -15 6 -13 -68 
40 -25 -27 -31 -39 -39 63 -1 3 69 
RSSI :-110 
Input angle :16
Zaxis angle :14 
minval :0 

minval :0 



-67 26 -18 -69 70 -12 3 71 -71 0 5 -71 70 12 -18 69 
-42 9 10 49 28 47 121 15 63 -14 -44 -61 -27 11 2 -72 
39 -20 -24 -44 -38 -39 -119 25 -57 33 57 49 22 -18 20 68 
-33 28 34 36 47 30 112 -49 46 -46 -68 -32 -17 24 -38 -60 
23 -36 -42 -26 -54 -13 -92 79 -33 57 75 10 10 -27 51 51 
-13 42 48 12 54 0 -48 -47 -9 45 
RSSI :-110 
Input angle :11
Zaxis angle :14 
minval :0 

minval :0 



39 61 -64 34 -29 -67 70 -23 15 72 -73 10 -3 -73 72 4 
20 35 45 -20 32 -37 -14 -118 -18 -43 -55 51 15 22 -71 17 
-29 -28 -38 31 -24 43 47 109 30 35 36 -67 -20 -17 62 -37 
36 18 26 -42 12 -48 -74 -92 -38 -28 -18 73 24 11 -50 52 
-40 -7 -14 47 1 49 97 68 45 14 -1 -75 -26 -5 37 -63 
41 -2 2 -51 -13 -47 127 -45 -1 -95 
RSSI :-110 
Input angle :9
Zaxis angle :14 
minval :0 

minval :0 



-56 -39 43 -51 49 47 -50 45 -39 -53 58 -36 29 61 -63 23 
-47 -15 -9 41 -7 50 88 76 46 0 3 -71 -17 -9 55 -38 
49 5 0 -42 -5 -49 -104 -51 -44 13 16 69 18 4 -43 51 
-48 11 11 41 21 45 114 23 39 -24 -34 -62 -18 2 28 -61 
43 -22 -23 -37 -31 -38 -116 7 -31 34 47 52 17 -6 -8 66 
-35 33 29 29 39 28 64 -6 -6 -115 
RSSI :-110 
Input angle :21
Zaxis angle :0 
minval :0 

minval :0 



35 61 -64 30 -25 -66 68 -18 11 70 -71 6 0 -70 70 5 
17 44 39 -25 36 -35 -22 -119 -19 -42 -47 57 16 21 -70 12 
-28 -37 -30 37 -25 44 57 105 33 33 30 -69 -21 -15 63 -31 
38 27 19 -43 13 -49 -81 -88 -38 -24 -14 74 25 9 -53 46 
-43 -17 -9 46 0 50 100 65 45 14 -7 -74 -26 -3 40 -57 
46 6 -3 -47 -14 -48 63 -74 -1 -3 
RSSI :-110 
Input angle :16
Zaxis angle :14 
minval :0 

minval :0 



23 76 -76 17 -8 -76 77 -1 -7 76 -78 -14 20 -77 74 26 
10 44 42 -12 37 -25 2 -118 -8 -42 -60 42 11 23 -75 -11 
-18 -41 -39 24 -30 33 23 117 21 36 45 -58 -16 -18 76 -13 
30 34 30 -33 17 -41 -58 -103 -33 -31 -30 66 22 13 -70 36 
-38 -25 -22 39 -7 46 80 86 41 16 9 -74 -25 -8 56 -52 
43 12 8 -45 -4 -45 -113 51 -1 -23 
RSSI :-110 
Input angle :16
Zaxis angle :14 
minval :0 

minval :0 



-62 49 -42 -67 70 -35 28 74 -77 20 -13 -79 79 -6 0 79 
-44 24 23 38 31 31 116 -22 40 -18 -59 -48 -16 14 -24 -75 
37 -33 -33 -30 -38 -21 -108 48 -34 28 70 31 12 -17 39 68 
-26 42 39 21 42 10 90 -77 24 -35 -77 -11 -6 20 -58 -53 
14 -48 -43 -10 -44 0 -63 100 -14 41 76 -11 1 -21 70 35 
0 49 44 -2 41 -13 96 -125 -6 89 
RSSI :-110 
Input angle :11
Zaxis angle :14 
minval :0 

minval :0 



65 -38 28 69 -71 22 -18 -73 74 -13 4 74 -75 -2 9 -74 
33 -24 -19 -41 -37 -34 -121 24 -41 22 53 52 24 -17 12 73 
-26 31 30 34 45 23 108 -57 32 -34 -65 -38 -18 21 -30 -67 
16 -37 -38 -23 -49 -7 -88 85 -22 40 74 15 11 -27 50 54 
-4 40 43 12 50 -5 66 -103 10 -44 -75 1 -4 29 -62 -41 
-5 -41 -46 0 -47 17 32 -37 5 69 
RSSI :-110 
Input angle :16
Zaxis angle :14 
minval :0 

minval :0 



-70 -40 44 -65 60 53 -56 52 -47 -59 68 -43 40 69 -72 33 
-37 -12 -33 35 -5 48 74 98 33 22 24 -70 -27 -13 56 -52 
39 0 20 -45 -10 -48 -98 -70 -38 -3 -1 73 31 4 -47 64 
-39 9 -8 48 23 42 114 43 48 -5 -23 -71 -30 3 26 -72 
35 -17 -5 -48 -29 -39 -123 -9 -35 16 36 64 27 -12 -7 75 
-29 26 18 46 38 28 48 56 -4 -71 
RSSI :-110 
Input angle :21
Zaxis angle :14 
minval :0 

minval :0 



-79 -12 18 -78 75 25 -33 73 -69 -40 46 -65 61 52 -55 56 
-39 9 -11 44 18 45 105 53 37 -4 -12 -70 -27 -3 38 -70 
35 -19 -1 -46 -29 -39 -116 -21 -34 14 29 63 27 -3 -20 78 
-28 27 11 45 40 29 117 -6 29 -23 -44 -53 -26 11 -3 -78 
19 -34 -23 -40 -45 -18 -110 40 -23 29 57 38 21 -18 24 75 
-10 38 33 30 49 3 0 -121 -5 41 
RSSI :-110 
Input angle :13
Zaxis angle :14 
minval :0 

minval :0 



-27 -54 54 -21 22 56 -59 14 -9 -60 62 -4 -1 59 -60 -5 
-18 -50 -32 20 -34 34 4 123 33 46 55 -52 -9 -21 56 -9 
33 44 25 -28 23 -42 -37 -116 -43 -35 -43 62 15 19 -54 22 
-43 -32 -18 34 -11 47 68 102 51 23 18 -70 -22 -14 46 -39 
51 19 8 -37 1 -49 -96 -77 -55 -6 0 77 21 7 -33 50 
-55 -5 3 39 12 46 -16 4 -1 -99 
RSSI :-110 
Input angle :16
Zaxis angle :14 
minval :0 

minval :0 



23 62 -64 18 -11 -66 66 -6 0 66 -66 -7 14 -65 63 17 
11 55 33 -7 40 -17 5 -111 -20 -57 -52 41 17 15 -67 -6 
-23 -51 -31 14 -36 26 18 109 33 51 40 -54 -21 -9 64 -14 
37 43 25 -22 28 -35 -49 -99 -44 -39 -26 63 22 4 -57 32 
-45 -32 -18 28 -17 41 72 83 54 27 5 -68 -22 2 48 -46 
53 17 9 -32 5 -43 31 -113 -2 -123 
RSSI :-110 
Input angle :11
Zaxis angle :14 
minval :0 

minval :0 



-47 14 -10 -48 49 -6 3 49 -50 0 5 -48 47 11 -16 46 
-36 22 7 39 36 39 110 -3 44 -13 -46 -69 -29 17 2 -49 
30 -30 -16 -36 -43 -30 -104 35 -38 25 63 53 22 -23 12 48 
-18 37 26 29 50 16 95 -55 30 -34 -73 -37 -15 28 -25 -43 
10 -41 -34 -21 -54 -5 -72 83 -19 41 81 13 7 -32 33 36 
3 41 37 11 52 -13 96 65 -6 -7 
RSSI :-110 
Input angle :13
Zaxis angle :14 
minval :0 

minval :0 



-48 -24 30 -44 42 35 -37 39 -35 -41 44 -32 28 46 -48 24 
-44 -25 -14 40 -16 49 76 88 41 28 26 -80 -22 -15 41 -35 
49 13 7 -42 3 -51 -95 -67 -46 -16 -2 84 27 8 -29 45 
-51 0 7 41 9 50 110 37 48 2 -22 -81 -27 0 17 -51 
49 -13 -16 -39 -23 -45 -116 -2 -48 9 42 73 26 -6 -2 54 
-44 26 26 33 35 38 32 -8 -4 109 
RSSI :-110 
Input angle :21
Zaxis angle :14 
minval :0 

minval :0 


