
74 23 -31 70 -66 -38 43 -64 60 49 -53 55 -50 -58 60 -45 
45 6 -2 -43 0 -45 -101 -51 -45 9 14 71 25 5 -48 60 
-46 5 14 40 12 44 112 22 41 -21 -28 -65 -25 0 33 -68 
44 -18 -23 -36 -22 -40 -113 5 -35 29 45 56 24 -7 -11 75 
-38 28 31 29 33 32 108 -34 24 -38 -59 -40 -21 13 -7 -77 
27 -38 -38 -16 -40 -21 -17 120 5 -35 
RSSI :-110 
Input angle :21
Zaxis angle :0 
minval :0 

minval :0 



-11 61 -61 -16 22 -59 57 26 -29 55 -52 -34 40 -48 44 45 
-8 50 35 -3 49 3 54 -102 -3 -50 -81 9 -3 35 -55 -30 
-6 -51 -34 12 -49 9 -28 112 17 47 74 -33 -8 -33 60 14 
19 48 27 -22 44 -21 -6 -116 -30 -41 -64 49 14 31 -62 0 
-30 -41 -21 28 -36 33 36 110 39 31 49 -63 -22 -25 61 -17 
41 31 11 -33 27 -40 -113 125 -3 -55 
RSSI :-110 
Input angle :21
Zaxis angle :14 
minval :0 

minval :0 



-64 -16 22 -61 58 29 -34 56 -54 -37 40 -51 49 45 -49 43 
-46 5 -16 31 1 57 106 59 47 -11 -4 -70 -26 -9 37 -55 
44 -16 7 -35 -17 -55 -119 -29 -43 22 22 67 28 3 -21 62 
-38 27 1 35 29 48 122 2 35 -33 -39 -59 -28 4 4 -65 
29 -36 -13 -33 -44 -36 -118 31 -24 42 54 44 25 -12 15 64 
-18 44 21 27 52 23 -64 5 -6 57 
RSSI :-110 
Input angle :9
Zaxis angle :14 
minval :0 

minval :0 



60 6 -11 60 -59 -16 21 -57 55 25 -30 53 -50 -34 40 -46 
18 -35 -18 -37 -35 -48 -93 18 -52 20 73 53 34 -39 -26 54 
-8 40 28 31 46 35 86 -41 46 -33 -83 -36 -24 47 11 -60 
-1 -41 -35 -22 -55 -22 -73 61 -35 43 90 11 11 -51 3 60 
11 40 40 14 59 10 54 -78 22 -51 -89 13 3 52 -22 -55 
-22 -35 -43 -3 -58 5 63 -8 6 37 
RSSI :-110 
Input angle :13
Zaxis angle :14 
minval :0 

minval :0 



7 -58 57 13 -20 54 -52 -26 29 -51 48 34 -38 45 -42 -40 
-37 -3 -49 -12 -34 26 -30 103 13 53 80 -45 -31 -56 49 29 
37 -7 51 -2 25 -36 -6 -108 -28 -46 -63 68 43 47 -57 -13 
-32 18 -47 18 -15 41 32 103 39 38 40 -84 -54 -35 58 0 
29 -24 43 -28 5 -45 -55 -94 -48 -27 -16 92 61 19 -54 18 
-21 31 -33 39 7 44 48 -90 1 -107 
RSSI :-110 
Input angle :11
Zaxis angle :14 
minval :0 

minval :0 



-38 44 -39 -43 47 -34 30 50 -53 27 -22 -54 56 -17 12 57 
51 38 17 -21 65 -30 6 -81 -26 -40 -73 43 -14 46 -27 -51 
-60 -23 -11 24 -55 48 16 80 35 32 59 -61 3 -49 42 40 
63 4 3 -26 39 -62 -39 -72 -42 -20 -35 77 10 49 -50 -28 
-63 12 2 27 -23 68 54 60 45 8 19 -82 -22 -44 55 14 
58 -27 -10 -25 6 -72 95 120 0 9 
RSSI :-110 
Input angle :18
Zaxis angle :14 
minval :0 

minval :0 



-50 41 -36 -52 55 -31 26 58 -59 20 -14 -62 63 -9 4 62 
19 45 18 -1 56 0 21 -62 -20 -65 -37 11 -12 17 -22 -59 
-32 -38 -16 7 -54 14 -5 64 38 57 34 -20 7 -19 40 49 
41 27 13 -12 49 -28 -13 -64 -51 -43 -28 27 -1 20 -50 -39 
-49 -13 -9 15 -36 43 31 57 62 29 18 -34 -3 -20 59 21 
50 2 5 -17 26 -50 -65 -74 -2 113 
RSSI :-110 
Input angle :18
Zaxis angle :0 
minval :0 

minval :0 



33 -30 27 35 -38 22 -17 -41 42 -12 9 43 -44 6 -2 -44 
18 -2 -97 5 -75 -73 -101 5 26 -93 59 -38 -100 23 12 43 
-16 7 92 -32 93 48 95 -36 0 96 -45 54 87 -55 -23 -38 
14 -12 -82 51 -103 -20 -81 61 -24 -93 29 -64 -72 73 34 29 
-10 14 60 -76 105 -6 60 -82 50 82 -10 69 49 -91 -41 -20 
6 -17 -35 90 -98 37 -35 51 -32 -119 
RSSI :-110 
Input angle :111
Zaxis angle :0 
minval :0 

minval :0 



44 1 -4 44 -43 -7 11 -42 41 15 -19 39 -37 -23 25 -35 
18 24 -94 -28 -36 -99 -93 -40 62 -77 52 8 -102 -14 -17 41 
-24 -18 98 3 64 84 100 20 -39 91 -52 6 102 -10 4 -44 
28 11 -96 21 -86 -61 -101 9 12 -98 48 -19 -95 39 5 45 
-29 -4 87 -45 98 40 95 -37 14 98 -40 32 80 -65 -19 -41 
29 -5 -72 66 -105 -11 -66 107 -45 -31 
RSSI :-110 
Input angle :106
Zaxis angle :0 
minval :0 

minval :0 



-19 -24 25 -17 15 26 -27 12 -8 -29 29 -6 3 30 -30 0 
-6 -31 14 74 -59 98 18 81 -66 -23 -26 -26 47 86 30 -7 
13 28 -34 -67 26 -112 -38 -73 71 2 34 15 -69 -70 -26 15 
-21 -23 52 55 2 115 57 60 -70 13 -36 -8 86 48 21 -21 
27 16 -64 -37 -32 -110 -73 -40 62 -34 37 -3 -96 -21 -13 28 
-30 -9 72 20 60 97 15 -53 12 -63 
RSSI :-110 
Input angle :111
Zaxis angle :0 
minval :0 

minval :0 



28 6 -9 28 -27 -11 12 -26 25 15 -18 23 -21 -20 21 -20 
13 12 -43 -55 7 -110 -63 -58 79 -28 35 1 -76 -49 -15 25 
-17 -7 57 40 24 109 77 38 -68 50 -34 7 85 30 8 -28 
18 2 -66 -25 -47 -101 -84 -15 54 -65 31 -15 -90 -7 0 30 
-18 1 69 8 75 82 86 -2 -34 77 -26 23 87 -21 -5 -29 
17 -6 -69 10 -96 -56 64 -51 -22 17 
RSSI :-110 
Input angle :103
Zaxis angle :0 
minval :0 

minval :0 



-34 7 -4 -35 35 -2 0 35 -35 -3 6 -34 33 9 -12 32 
-25 -15 74 14 51 99 84 32 -59 57 -27 -2 99 8 5 -35 
29 7 -75 5 -75 -83 -90 -7 40 -71 26 -4 -99 16 4 35 
-29 1 70 -27 98 54 89 -16 -21 80 -24 11 87 -48 -12 -33 
28 -7 -60 44 -107 -29 -82 37 -3 -83 20 -18 -74 67 22 27 
-25 16 47 -58 111 -3 -64 -51 19 -11 
RSSI :-110 
Input angle :103
Zaxis angle :0 
minval :0 

minval :0 



13 39 -40 10 -7 -40 41 -3 0 41 -40 -4 9 -40 38 14 
-14 25 17 -59 98 -56 29 -74 55 64 11 44 24 -101 -41 -1 
6 -28 -4 62 -77 82 -8 79 -69 -47 -21 -40 0 104 40 -9 
0 29 -14 -60 56 -97 -15 -78 80 27 33 31 -29 -100 -36 19 
-10 -27 33 52 -22 110 36 70 -83 -3 -40 -21 60 85 27 -30 
16 23 -45 -42 -5 -112 81 -42 -5 73 
RSSI :-110 
Input angle :111
Zaxis angle :0 
minval :0 

minval :0 



-5 38 -35 -9 13 -36 34 17 -19 30 -29 -21 25 -26 25 28 
-21 23 32 -60 117 -18 51 -64 33 63 -8 32 33 -87 -32 -20 
15 -28 -11 67 -109 47 -31 76 -53 -48 1 -33 -10 94 35 14 
-6 30 -6 -67 93 -74 12 -82 63 33 7 32 -14 -93 -38 0 
-3 -31 23 63 -67 97 12 82 -70 -17 -15 -28 41 84 37 -11 
11 30 -40 -55 32 -113 -15 39 -1 45 
RSSI :-110 
Input angle :106
Zaxis angle :25 
minval :0 

minval :0 



32 25 -27 29 -27 -30 32 -24 21 34 -36 18 -13 -38 39 -10 
9 28 -30 -62 56 -103 -19 -84 70 10 28 28 -46 -88 -36 19 
-16 -24 45 51 -25 114 43 75 -71 7 -36 -17 70 72 29 -29 
22 19 -60 -33 -9 -117 -60 -61 65 -27 39 10 -86 -50 -19 36 
-27 -11 66 18 37 111 75 40 -55 45 -40 1 97 24 10 -40 
30 3 -68 -1 -68 -95 112 -125 -15 125 
RSSI :-110 
Input angle :111
Zaxis angle :0 
minval :0 

minval :0 



-28 -25 29 -27 22 30 -34 19 -17 -34 36 -15 11 38 -38 6 
2 -31 10 55 -64 106 14 94 -65 -41 -31 -25 34 101 36 -15 
5 30 -22 -50 36 -121 -40 -85 70 20 39 17 -65 -86 -29 24 
-15 -26 35 43 -3 125 62 73 -73 -1 -42 -4 82 67 22 -31 
20 23 -46 -31 -37 -120 -76 -54 73 -18 40 -5 -101 -37 -11 37 
-25 -17 54 17 63 111 111 17 9 97 
RSSI :-110 
Input angle :103
Zaxis angle :0 
minval :0 

minval :0 



33 15 -17 32 -30 -19 22 -28 25 25 -28 23 -20 -30 31 -17 
18 24 -47 -37 3 -126 -57 -68 72 -3 35 5 -80 -67 -26 25 
-24 -19 56 20 37 120 72 51 -69 23 -36 6 96 39 19 -31 
28 11 -59 -7 -62 -109 -83 -31 58 -43 32 -15 -104 -8 -9 36 
-30 -3 59 -10 90 88 89 3 -45 57 -27 24 103 -18 -1 -37 
31 -4 -52 28 -112 -58 -16 14 -17 -75 
RSSI :-110 
Input angle :106
Zaxis angle :0 
minval :0 

minval :0 



-33 19 -17 -34 36 -14 10 37 -37 6 -3 -38 38 1 -3 38 
-29 -14 57 5 64 88 93 26 -53 60 -36 20 100 3 -5 -38 
32 6 -55 11 -84 -69 -96 2 33 -72 31 -28 -97 23 14 35 
-33 2 51 -23 100 43 94 -21 -15 78 -22 35 88 -46 -23 -31 
31 -10 -42 38 -108 -14 -81 52 -6 -80 10 -40 -72 70 31 23 
-26 19 29 -48 107 -19 32 -108 18 5 
RSSI :-110 
Input angle :111
Zaxis angle :0 
minval :0 

minval :0 



12 36 -37 10 -6 -37 37 -3 0 37 -37 -4 7 -37 36 10 
-16 29 28 -57 93 -46 35 -77 66 74 15 38 20 -102 -38 0 
7 -32 -13 63 -75 73 -11 84 -84 -53 -25 -31 12 103 36 -10 
1 33 -5 -63 52 -90 -8 -84 95 28 33 23 -39 -96 -32 20 
-9 -32 22 60 -25 101 35 77 -99 0 -38 -12 65 81 26 -28 
19 27 -37 -52 0 -105 1 85 -8 -27 
RSSI :-110 
Input angle :111
Zaxis angle :0 
minval :0 

minval :0 



31 16 -19 29 -27 -22 25 -25 22 27 -28 20 -18 -29 31 -16 
17 29 -27 -61 24 -97 -29 -83 92 -1 33 18 -63 -79 -26 23 
-23 -23 42 51 0 99 52 70 -88 24 -37 -9 83 57 19 -30 
29 17 -55 -38 -26 -96 -69 -54 78 -48 38 -3 -96 -32 -9 35 
-32 -7 63 21 52 85 81 35 -63 67 -36 10 100 7 1 -35 
33 -1 -66 -1 -72 -69 -96 56 -21 61 
RSSI :-110 
Input angle :106
Zaxis angle :0 
minval :0 

minval :0 



1 -30 30 4 -6 29 -29 -8 10 -28 27 13 -16 25 -24 -18 
23 -25 -38 56 -103 4 -49 65 -42 -72 -5 -40 -41 92 28 12 
-15 30 26 -63 98 -33 31 -75 60 58 15 37 19 -98 -29 -5 
6 -33 -5 68 -84 59 -8 81 -73 -42 -25 -30 11 100 30 -4 
0 34 -13 -67 68 -79 -9 -80 81 18 32 22 -39 -93 -27 11 
-11 -32 29 62 -44 95 -114 99 1 29 
RSSI :-110 
Input angle :106
Zaxis angle :0 
minval :0 

minval :0 



-41 -10 14 -39 38 18 -21 36 -34 -24 26 -33 31 28 -30 28 
-18 -18 50 42 12 106 57 56 -78 33 -36 4 88 43 24 -34 
22 12 -60 -25 -46 -97 -70 -37 67 -52 32 -14 -97 -14 -17 39 
-25 -5 65 6 67 83 78 17 -49 69 -26 24 97 -12 3 -43 
26 -2 -65 10 -87 -62 -80 2 31 -79 20 -29 -90 38 7 42 
-24 9 59 -27 101 34 111 70 21 1 
RSSI :-110 
Input angle :103
Zaxis angle :0 
minval :0 

minval :0 



-26 -26 27 -23 21 30 -31 18 -14 -33 34 -11 7 34 -35 5 
-8 -30 18 62 -51 95 17 81 -85 -13 -29 -21 44 93 34 -13 
15 26 -32 -56 28 -104 -34 -76 85 -6 34 13 -69 -76 -29 21 
-22 -20 49 41 3 108 57 61 -79 31 -36 -4 84 60 23 -28 
26 15 -58 -27 -31 -103 -70 -46 69 -49 36 -6 -100 -26 -11 34 
-30 -5 64 9 61 89 -1 85 17 -39 
RSSI :-110 
Input angle :111
Zaxis angle :0 
minval :0 

minval :0 



19 -34 33 21 -24 31 -28 -26 29 -26 23 32 -34 20 -17 -35 
29 -13 -48 42 -114 -20 -69 48 -11 -84 10 -38 -68 76 26 30 
-24 21 34 -54 114 -18 52 -66 37 76 1 39 44 -92 -34 -20 
17 -26 -20 61 -106 46 -33 77 -55 -63 -11 -37 -16 101 37 13 
-10 30 0 -64 89 -73 11 -84 70 48 22 32 -11 -101 -40 0 
0 -32 15 63 -65 95 -98 -95 -6 41 
RSSI :-110 
Input angle :134
Zaxis angle :0 
minval :0 

minval :0 



37 -4 1 37 -37 -2 5 -37 36 9 -12 35 -34 -15 18 -32 
24 14 -59 -25 -35 -101 -76 -34 54 -52 41 -12 -108 -14 -11 36 
-27 -6 63 6 64 85 83 11 -43 62 -35 24 108 -13 -1 -38 
28 0 -63 9 -83 -67 -82 14 18 -74 28 -32 -100 41 10 37 
-26 7 58 -26 98 42 77 -33 0 76 -17 39 86 -67 -20 -32 
24 -14 -48 41 -105 -17 -1 -93 -19 13 
RSSI :-110 
Input angle :103
Zaxis angle :0 
minval :0 

minval :0 



31 22 -24 29 -27 -26 28 -26 23 31 -32 20 -17 -33 35 -13 
5 32 -34 -52 38 -113 -42 -74 80 -8 36 12 -72 -74 -33 20 
-14 -30 47 40 -6 120 59 62 -77 26 -38 -2 91 50 26 -29 
21 24 -56 -26 -29 -115 -73 -43 64 -48 36 -8 -101 -25 -16 35 
-27 -18 62 8 60 102 82 17 -50 64 -33 17 104 0 5 -38 
32 10 -62 6 -84 -84 -16 -58 -20 -19 
RSSI :-110 
Input angle :114
Zaxis angle :0 
minval :0 

minval :0 



3 -33 33 5 -9 32 -30 -13 16 -29 27 18 -20 26 -24 -22 
20 -21 -31 56 -109 22 -46 67 -44 -67 -8 -37 -31 95 30 16 
-14 25 14 -63 101 -45 25 -78 60 53 17 33 6 -99 -33 -9 
7 -27 0 64 -85 71 -3 82 -71 -35 -25 -28 22 97 34 0 
0 28 -17 -62 60 -92 -16 -81 78 17 31 21 -44 -89 -32 9 
-8 -28 35 53 -38 104 -98 43 1 -47 
RSSI :-110 
Input angle :114
Zaxis angle :0 
minval :0 

minval :0 



-29 28 -26 -31 33 -23 20 35 -36 17 -12 -38 39 -9 6 40 
-32 -4 61 -14 98 62 88 -11 -22 82 -26 30 99 -47 -17 -38 
32 -2 -55 31 -111 -36 -82 35 0 -85 16 -36 -80 74 24 33 
-30 10 43 -45 117 4 69 -56 21 82 -6 39 58 -92 -33 -24 
25 -20 -28 56 -112 30 -51 73 -44 -72 -2 -39 -32 104 38 14 
-20 25 15 -61 103 -55 96 95 15 37 
RSSI :-110 
Input angle :111
Zaxis angle :0 
minval :0 

minval :0 



12 -30 29 16 -19 27 -26 -20 22 -24 22 24 -27 20 -17 -28 
19 -21 -36 42 -98 -3 -62 61 -30 -71 -1 -42 -45 87 24 24 
-13 26 24 -50 97 -19 39 -77 45 62 13 40 20 -96 -30 -14 
4 -28 -9 55 -87 45 -15 85 -61 -46 -25 -33 2 99 33 7 
2 29 -7 -55 71 -67 -7 -86 72 27 33 26 -33 -93 -34 1 
-10 -26 20 52 -49 85 -2 63 -1 9 
RSSI :-110 
Input angle :106
Zaxis angle :0 
minval :0 

minval :0 



0 -44 44 2 -6 44 -42 -10 14 -41 40 18 -22 38 -35 -25 
21 -15 -33 62 -113 14 -57 66 -27 -78 -7 -45 -46 94 42 15 
-15 21 16 -68 107 -41 39 -78 46 68 19 41 19 -103 -44 -3 
9 -24 3 71 -89 73 -14 86 -65 -50 -29 -34 10 105 43 -7 
-3 25 -20 -68 66 -94 -7 -87 75 34 39 25 -35 -98 -40 19 
-5 -25 41 58 -37 109 30 -53 -4 89 
RSSI :-110 
Input angle :111
Zaxis angle :0 
minval :0 

minval :0 



37 -22 19 39 -40 15 -11 -42 43 -8 4 43 -43 0 4 -43 
30 -3 -61 12 -89 -65 -79 3 24 -82 15 -31 -91 33 6 43 
-28 11 54 -28 101 43 75 -25 0 85 -6 35 80 -55 -18 -40 
24 -19 -45 41 -109 -11 -67 43 -24 -82 -2 -34 -63 73 28 33 
-18 25 32 -52 109 -16 53 -59 43 74 11 33 38 -89 -36 -25 
12 -28 -17 58 -103 38 15 92 -15 57 
RSSI :-110 
Input angle :106
Zaxis angle :0 
minval :0 

minval :0 



17 30 -31 15 -11 -33 34 -10 7 36 -35 4 0 -37 36 4 
-11 33 0 -53 78 -73 1 -82 77 35 36 29 -23 -104 -35 5 
0 -34 13 51 -58 90 11 82 -83 -12 -39 -20 50 92 34 -15 
7 34 -26 -46 37 -101 -36 -72 84 -9 44 7 -70 -78 -27 24 
-16 -30 38 38 -3 107 58 57 -77 29 -44 4 91 54 20 -30 
24 25 -47 -25 -22 -104 -31 -59 -13 29 
RSSI :-110 
Input angle :111
Zaxis angle :0 
minval :0 

minval :0 



28 19 -21 26 -24 -24 26 -22 19 28 -30 17 -14 -30 31 -13 
11 29 -33 -57 32 -112 -33 -78 79 -6 34 16 -69 -75 -29 19 
-20 -24 49 44 0 116 55 64 -75 28 -37 -4 88 53 23 -26 
26 17 -59 -29 -30 -112 -71 -47 63 -49 37 -5 -100 -24 -12 32 
-29 -10 65 14 61 99 81 22 -45 66 -34 15 103 0 4 -34 
31 2 -66 4 -88 -76 -16 -67 -20 113 
RSSI :-110 
Input angle :111
Zaxis angle :0 
minval :0 

minval :0 



0 -36 37 3 -6 36 -36 -9 13 -34 33 15 -19 32 -30 -21 
12 -31 -13 53 -95 42 -31 69 -62 -53 -19 -31 -3 97 35 14 
-2 34 -1 -54 79 -68 8 -76 75 31 28 22 -26 -93 -37 -4 
-6 -34 15 52 -58 87 9 75 -80 -12 -33 -15 51 83 37 -6 
16 30 -29 -46 30 -100 -33 -68 81 -11 35 6 -67 -70 -34 16 
-23 -24 40 37 -2 105 46 -112 8 85 
RSSI :-110 
Input angle :103
Zaxis angle :0 
minval :0 

minval :0 



-45 -11 11 -44 44 15 -19 42 -41 -24 30 -38 34 30 -34 32 
-30 -21 62 30 31 120 64 50 -62 53 -41 9 96 29 26 -40 
35 12 -68 -9 -68 -104 -76 -28 42 -69 35 -20 -100 5 -12 46 
-37 -2 68 -10 92 83 81 6 -23 79 -28 31 96 -33 -2 -49 
36 -6 -63 30 -112 -56 -80 13 1 -81 20 -36 -83 56 13 47 
-32 16 55 -44 121 25 112 -20 19 53 
RSSI :-110 
Input angle :114
Zaxis angle :0 
minval :0 

minval :0 



21 -32 30 23 -27 27 -24 -29 32 -21 18 34 -35 15 -12 -36 
26 -9 -49 34 -114 -33 -71 35 -7 -83 13 -36 -78 69 21 33 
-22 16 38 -46 119 0 61 -51 31 77 0 39 56 -88 -28 -26 
17 -21 -24 55 -115 27 -43 66 -48 -68 -8 -38 -31 99 35 17 
-12 25 8 -59 102 -59 25 -74 67 51 17 35 3 -104 -38 -9 
5 -26 5 60 -85 81 -50 -15 -9 25 
RSSI :-110 
Input angle :103
Zaxis angle :0 
minval :0 

minval :0 



-19 -32 34 -16 13 35 -36 8 -6 -38 38 -2 -2 39 -37 -4 
0 -24 16 58 -71 85 17 87 -73 -19 -40 -26 42 91 39 -4 
7 26 -29 -52 45 -99 -40 -77 76 5 45 13 -67 -78 -36 16 
-12 -22 43 41 -15 111 63 62 -73 20 -47 -1 87 55 30 -25 
17 18 -53 -26 -15 -111 -74 -48 64 -39 47 -10 -96 -29 -23 33 
-21 -12 56 14 42 104 15 -57 13 105 
RSSI :-110 
Input angle :103
Zaxis angle :0 
minval :0 

minval :0 



4 36 -37 0 2 -36 35 5 -9 35 -35 -12 14 -33 32 17 
-17 30 17 -54 103 -38 32 -83 61 61 16 37 15 -102 -36 -9 
9 -33 -2 58 -90 64 -11 88 -74 -44 -25 -31 12 102 37 0 
0 34 -10 -57 67 -87 -14 -88 84 21 32 24 -38 -97 -36 9 
-7 -33 25 51 -45 101 38 80 -86 0 -38 -13 64 81 31 -18 
19 29 -42 -39 15 -109 -111 83 -7 65 
RSSI :-110 
Input angle :206
Zaxis angle :36 
minval :0 

minval :0 



39 -5 2 40 -40 -1 4 -39 39 6 -10 38 -36 -14 18 -35 
19 7 -64 -14 -50 -96 -74 -19 45 -64 21 -16 -101 2 -8 39 
-20 0 65 -5 77 76 77 -1 -26 75 -16 21 96 -28 -2 -40 
19 -3 -60 23 -95 -53 -73 25 1 -79 9 -25 -83 57 14 37 
-18 9 52 -40 106 24 65 -42 16 77 -2 27 63 -78 -24 -32 
14 -14 -38 52 -109 5 95 -20 -18 -27 
RSSI :-110 
Input angle :103
Zaxis angle :0 
minval :0 

minval :0 



46 -6 3 47 -46 0 5 -46 46 8 -12 45 -43 -16 20 -42 
17 9 -61 -2 -60 -95 -79 -14 33 -74 31 -18 -103 18 -10 46 
-19 -4 60 -12 86 73 80 -7 -9 80 -25 26 96 -43 -4 -47 
19 -3 -54 30 -104 -44 -74 31 -12 -81 17 -32 -80 68 17 45 
-18 6 45 -42 111 15 66 -46 30 76 -7 36 54 -90 -26 -39 
15 -11 -29 53 -112 14 -33 -45 -17 89 
RSSI :-110 
Input angle :111
Zaxis angle :0 
minval :0 

minval :0 



19 39 -40 15 -12 -41 42 -8 5 43 -43 2 1 -43 42 5 
-14 28 7 -58 81 -67 16 -79 67 31 28 29 -11 -101 -43 4 
4 -31 12 58 -58 88 5 80 -73 -10 -34 -21 37 95 40 -16 
2 31 -25 -53 32 -100 -25 -76 73 -7 38 11 -59 -82 -36 24 
-10 -29 39 44 -4 105 43 67 -70 25 -40 0 80 61 28 -33 
17 26 -50 -32 -20 -103 0 -50 -12 -31 
RSSI :-110 
Input angle :106
Zaxis angle :0 
minval :0 

minval :0 



37 -36 33 39 -40 31 -26 -44 47 -21 17 48 -50 12 -7 -51 
26 10 -68 21 -93 -66 -86 9 14 -80 28 -34 -102 49 21 47 
-28 -1 59 -41 106 43 81 -32 3 81 -19 39 85 -74 -34 -39 
28 -4 -47 54 -114 -11 -69 52 -25 -77 7 -43 -64 94 42 30 
-25 11 29 -65 113 -17 52 -69 44 67 3 43 39 -107 -48 -18 
21 -18 -12 71 -103 51 63 -119 -14 105 
RSSI :-110 
Input angle :106
Zaxis angle :0 
minval :0 

minval :0 



19 35 -37 16 -12 -38 39 -9 6 40 -41 2 1 -40 40 5 
-13 33 1 -59 82 -75 5 -79 82 38 29 26 -19 -107 -40 3 
3 -36 17 56 -59 95 13 78 -90 -12 -36 -17 47 99 38 -14 
4 36 -30 -51 32 -106 -35 -71 90 -9 39 8 -70 -84 -33 24 
-15 -33 41 42 1 111 51 61 -82 37 -40 2 92 60 24 -33 
22 27 -51 -28 -26 -108 65 -77 -15 17 
RSSI :-110 
Input angle :103
Zaxis angle :0 
minval :0 

minval :0 



-3 40 -40 -5 8 -39 38 12 -15 36 -35 -18 22 -33 30 25 
-22 24 40 -59 114 -10 60 -71 38 80 1 36 54 -97 -36 -17 
13 -30 -20 68 -106 42 -36 86 -62 -63 -12 -34 -20 108 40 5 
-4 33 3 -72 92 -68 16 -91 75 46 19 30 -4 -110 -40 4 
-3 -32 16 70 -71 89 9 92 -84 -28 -26 -25 29 107 37 -15 
12 31 -34 -62 48 -104 113 -1 -1 -123 
RSSI :-110 
Input angle :103
Zaxis angle :0 
minval :0 

minval :0 



38 2 -6 38 -38 -8 10 -37 36 13 -16 35 -33 -20 23 -31 
22 17 -60 -29 -33 -109 -77 -37 71 -57 39 -6 -98 -31 -17 36 
-26 -10 66 13 61 96 83 15 -52 74 -36 17 102 1 6 -39 
28 3 -67 4 -84 -76 -84 5 32 -85 30 -26 -99 27 5 38 
-29 4 63 -23 101 53 80 -26 -6 90 -23 32 89 -50 -13 -37 
26 -10 -56 38 -112 -24 -33 -79 -23 113 
RSSI :-110 
Input angle :106
Zaxis angle :0 
minval :0 

minval :0 



-34 19 -15 -36 37 -12 9 38 -39 5 -1 -39 39 2 -5 38 
-29 -6 63 -5 72 81 80 6 -31 82 -32 28 106 -16 -4 -39 
30 -1 -58 24 -94 -54 -78 18 7 -87 23 -36 -97 43 15 36 
-28 10 50 -38 103 33 71 -38 15 86 -13 41 80 -70 -24 -31 
24 -17 -38 50 -109 -2 -59 55 -38 -79 1 -43 -62 87 32 23 
-18 23 23 -59 105 -26 32 -85 16 -31 
RSSI :-110 
Input angle :114
Zaxis angle :0 
minval :0 

minval :0 



2 -38 37 4 -9 37 -36 -12 15 -35 33 18 -21 30 -29 -24 
21 -14 -36 46 -105 4 -59 59 -32 -82 -1 -41 -54 89 34 16 
-15 20 21 -55 100 -34 42 -71 54 70 11 40 27 -100 -37 -7 
10 -23 -6 58 -86 60 -20 81 -71 -52 -20 -36 -2 103 38 -2 
-4 25 -5 -58 71 -77 2 -84 82 32 30 28 -25 -101 -36 12 
-2 -25 21 55 -46 94 126 -110 -3 -51 
RSSI :-110 
Input angle :106
Zaxis angle :0 
minval :0 

minval :0 



3 -40 39 6 -10 38 -37 -14 17 -36 34 20 -23 32 -30 -25 
17 -21 -33 50 -109 21 -51 73 -39 -64 -9 -42 -34 95 36 18 
-10 25 19 -56 99 -50 26 -85 55 50 20 37 6 -101 -40 -6 
3 -28 -2 58 -82 75 -5 90 -67 -34 -30 -30 26 97 40 -2 
3 27 -13 -57 61 -93 -17 -88 73 17 36 21 -49 -88 -38 14 
-11 -25 29 52 -30 106 -34 38 1 61 
RSSI :-110 
Input angle :103
Zaxis angle :0 
minval :0 

minval :0 



39 -4 1 39 -39 -1 4 -38 38 7 -11 37 -37 -15 18 -34 
15 20 -50 -33 -25 -109 -77 -45 68 -47 37 -8 -104 -28 -10 38 
-19 -15 57 15 56 96 86 24 -51 66 -33 18 109 -1 -2 -40 
22 9 -60 -2 -78 -81 -89 1 34 -75 27 -26 -105 26 11 38 
-24 -3 58 -15 95 59 85 -26 -11 82 -19 32 90 -60 -21 -34 
24 -3 -53 28 -108 -26 127 122 -21 -79 
RSSI :-110 
Input angle :103
Zaxis angle :0 
minval :0 

minval :0 



37 -29 25 41 -44 22 -16 -44 46 -14 9 46 -49 5 -2 -49 
20 3 -59 10 -87 -70 -82 6 25 -74 19 -27 -88 28 12 48 
-21 2 54 -26 103 42 77 -28 -3 77 -11 32 77 -52 -26 -40 
19 -8 -43 41 -112 -11 -67 48 -13 -77 3 -33 -63 67 34 35 
-17 12 34 -50 111 -15 53 -63 35 70 7 33 39 -84 -41 -25 
12 -17 -17 57 -101 47 -17 61 -15 -103 
RSSI :-110 
Input angle :106
Zaxis angle :0 
minval :0 

minval :0 



6 -35 34 8 -12 33 -32 -16 19 -30 27 22 -24 25 -23 -26 
21 -17 -32 50 -107 7 -45 63 -37 -71 -11 -38 -33 91 31 19 
-15 22 17 -57 97 -42 29 -72 53 60 19 34 9 -96 -35 -10 
9 -25 0 59 -87 62 -7 77 -67 -43 -27 -28 16 94 36 2 
-2 27 -13 -58 66 -83 -13 -76 78 19 33 19 -41 -87 -35 6 
-4 -26 28 52 -44 98 126 -11 -1 -123 
RSSI :-110 
Input angle :103
Zaxis angle :0 
minval :0 

minval :0 



25 3 -5 25 -24 -7 9 -23 22 12 -13 21 -20 -16 17 -17 
23 17 -48 -38 -4 -99 -56 -51 65 -48 34 3 -93 -36 -14 21 
-26 -8 57 25 26 96 66 35 -51 62 -34 7 98 21 8 -24 
28 1 -62 -9 -51 -85 -73 -17 32 -74 30 -16 -98 11 0 26 
-28 5 61 -9 74 66 76 -4 -11 80 -24 23 92 -38 -5 -24 
26 -11 -57 24 -88 -43 127 -44 -21 -7 
RSSI :-110 
Input angle :106
Zaxis angle :0 
minval :0 

minval :0 



20 15 -17 18 -17 -18 19 -16 14 20 -22 12 -9 -23 24 -8 
13 21 -31 -49 24 -99 -32 -62 73 -21 25 7 -76 -47 -22 14 
-19 -16 43 39 7 102 51 45 -64 40 -26 0 84 31 18 -18 
21 11 -52 -27 -30 -98 -60 -34 50 -57 26 -6 -90 -6 -12 22 
-24 -6 57 11 53 88 67 16 -37 66 -23 13 89 -16 6 -25 
25 0 -59 2 -76 -68 -112 50 -19 -31 
RSSI :-110 
Input angle :103
Zaxis angle :0 
minval :0 

minval :0 



-27 -20 23 -25 22 25 -27 21 -18 -29 30 -15 11 32 -32 8 
-8 -30 23 51 -32 92 23 72 -82 0 -31 -13 58 72 30 -17 
14 27 -37 -42 9 -97 -40 -65 78 -23 34 4 -72 -58 -26 23 
-20 -23 47 31 17 95 59 49 -69 43 -34 6 86 33 17 -30 
26 15 -53 -18 -42 -87 -68 -33 56 -58 31 -13 -91 -12 -8 33 
-29 -8 56 1 64 73 -65 -127 18 85 
RSSI :-110 
Input angle :103
Zaxis angle :0 
minval :0 

minval :0 



8 -29 28 11 -13 27 -26 -15 17 -25 24 18 -21 22 -19 -23 
15 -26 -34 50 -98 8 -49 58 -36 -74 1 -34 -46 88 25 18 
-8 29 24 -56 93 -32 31 -70 53 62 7 33 22 -97 -29 -11 
1 -30 -5 61 -81 56 -12 75 -68 -46 -16 -30 4 100 31 4 
7 29 -11 -60 62 -76 -4 -76 78 26 23 25 -31 -95 -30 5 
-15 -26 26 55 -41 90 46 -53 -1 61 
RSSI :-110 
Input angle :103
Zaxis angle :0 
minval :0 

minval :0 



-34 19 -16 -35 36 -14 11 37 -38 8 -5 -38 38 -1 -2 39 
-33 -8 63 -16 87 71 94 -8 -32 89 -34 30 106 -25 -7 -39 
34 0 -58 30 -103 -46 -88 32 7 -95 22 -40 -91 60 17 36 
-32 9 45 -47 112 16 76 -55 17 93 -12 44 74 -79 -25 -30 
30 -16 -33 56 -112 17 -59 73 -42 -85 0 -46 -49 96 32 23 
-24 24 16 -63 103 -43 81 -87 17 -79 
RSSI :-110 
Input angle :106
Zaxis angle :0 
minval :0 

minval :0 



42 13 -16 41 -39 -20 23 -37 35 27 -29 33 -29 -32 35 -26 
17 26 -51 -43 -1 -111 -52 -62 80 -29 40 1 -86 -52 -28 35 
-24 -19 63 24 34 105 68 44 -67 54 -39 8 97 29 16 -41 
29 12 -67 -5 -62 -91 -78 -22 48 -70 36 -19 -101 0 -5 44 
-31 -4 67 -11 85 71 81 3 -32 79 -28 28 97 -28 -6 -44 
30 -4 -61 29 -102 -43 16 -124 -22 33 
RSSI :-110 
Input angle :103
Zaxis angle :0 
minval :0 

minval :0 



32 20 -23 31 -28 -25 28 -26 23 30 -32 20 -18 -34 34 -15 
0 28 -26 -47 45 -97 -21 -80 86 19 38 19 -46 -84 -31 23 
-6 -28 38 39 -21 106 41 72 -88 6 -41 -9 66 70 25 -29 
15 24 -46 -29 -12 -107 -60 -56 85 -25 42 -2 -82 -51 -16 35 
-20 -19 52 14 35 101 72 41 -74 48 -40 14 93 26 3 -39 
25 14 -55 0 -64 -87 -48 28 -17 13 
RSSI :-110 
Input angle :114
Zaxis angle :0 
minval :0 

minval :0 



-40 11 -7 -41 41 -3 0 42 -41 -3 8 -41 40 11 -14 38 
-27 -13 56 8 61 87 82 13 -42 65 -35 30 104 -14 5 -42 
30 5 -56 8 -85 -64 -82 6 21 -75 26 -37 -98 40 5 42 
-30 2 53 -21 99 39 77 -28 -2 78 -16 43 81 -68 -18 -38 
28 -11 -45 34 -106 -14 -66 50 -18 -76 3 -46 -56 89 27 32 
-24 17 34 -45 106 -12 96 -66 16 -127 
RSSI :-110 
Input angle :106
Zaxis angle :0 
minval :0 

minval :0 



-11 43 -41 -15 19 -39 38 23 -25 36 -34 -28 31 -31 27 34 
-19 22 36 -51 103 -15 48 -65 35 52 7 41 26 -96 -35 -27 
11 -27 -20 59 -95 40 -28 75 -49 -41 -19 -36 0 100 43 13 
-2 30 0 -63 80 -66 5 -81 57 27 27 31 -26 -96 -45 -4 
-5 -29 13 61 -58 86 13 79 -63 -9 -34 -24 54 83 44 -9 
12 27 -30 -55 33 -98 -111 39 -2 -15 
RSSI :-110 
Input angle :103
Zaxis angle :0 
minval :0 

minval :0 



42 -21 18 43 -45 14 -10 -46 47 -7 3 47 -48 0 4 -46 
30 5 -63 -9 -65 -85 -81 -15 57 -63 31 -24 -101 1 5 47 
-30 5 63 -10 84 68 81 -9 -34 79 -23 31 98 -24 -18 -44 
28 -12 -57 27 -100 -37 -76 27 11 -85 15 -36 -86 55 30 36 
-22 21 49 -40 108 9 66 -48 9 85 -2 39 68 -76 -38 -28 
18 -25 -38 50 -106 18 -1 67 -20 101 
RSSI :-110 
Input angle :106
Zaxis angle :0 
minval :0 

minval :0 



36 32 -36 32 -28 -38 41 -25 21 43 -45 18 -14 -46 47 -11 
-8 38 -18 -66 71 -93 3 -83 84 46 37 28 -18 -100 -44 20 
-1 -39 33 59 -46 107 21 80 -94 -17 -44 -16 45 92 36 -32 
13 36 -50 -46 15 -116 -42 -71 96 -3 46 2 -67 -76 -27 40 
-21 -32 60 31 17 116 57 59 -92 27 -45 8 83 59 14 -46 
30 25 -66 -14 -43 -109 -31 65 -14 77 
RSSI :-110 
Input angle :106
Zaxis angle :0 
minval :0 

minval :0 



-34 11 -7 -34 35 -5 3 35 -35 0 2 -35 34 5 -8 34 
-33 -17 50 20 45 92 65 33 -63 62 -28 12 96 20 3 -35 
36 8 -53 -6 -70 -75 -71 -15 45 -75 23 -19 -98 3 6 35 
-37 2 52 -10 88 52 72 -9 -22 86 -17 25 92 -33 -17 -30 
35 -12 -48 24 -99 -27 -68 26 0 -88 11 -28 -84 50 23 26 
-32 19 41 -34 103 1 -48 94 21 -63 
RSSI :-110 
Input angle :106
Zaxis angle :0 
minval :0 

minval :0 



25 -23 21 27 -28 19 -16 -30 31 -13 10 32 -33 8 -5 -33 
32 -4 -56 10 -86 -60 -77 -2 22 -79 25 -24 -93 27 11 32 
-30 13 52 -25 98 38 75 -17 2 82 -18 30 82 -51 -19 -29 
25 -21 -44 38 -105 -10 -67 38 -25 -77 7 -34 -60 75 27 21 
-18 26 32 -48 103 -21 55 -53 45 68 0 36 42 -87 -32 -12 
10 -30 -19 54 -96 44 127 118 -14 -83 
RSSI :-110 
Input angle :106
Zaxis angle :0 
minval :0 

minval :0 



21 -26 23 23 -25 22 -20 -26 28 -17 14 29 -31 12 -9 -32 
28 -18 -52 41 -105 -13 -61 43 -15 -74 8 -38 -64 71 16 29 
-23 25 41 -52 105 -11 48 -59 33 68 1 39 41 -87 -24 -24 
15 -30 -24 62 -98 39 -28 70 -53 -54 -14 -36 -13 95 29 16 
-7 33 6 -66 83 -66 11 -75 65 39 21 32 -7 -95 -33 -8 
-1 -34 8 66 -65 85 94 -62 -6 -107 
RSSI :-110 
Input angle :103
Zaxis angle :0 
minval :0 

minval :0 



31 -18 15 32 -34 12 -9 -34 35 -6 2 36 -36 -1 4 -36 
27 -4 -57 12 -82 -55 -85 10 25 -78 23 -33 -90 41 3 36 
-24 12 50 -29 95 29 80 -30 -1 82 -12 37 77 -63 -15 -33 
20 -18 -40 42 -99 0 -68 52 -23 -79 1 -40 -57 82 23 28 
-15 23 29 -51 96 -24 52 -68 42 71 8 39 37 -93 -29 -22 
9 -26 -16 57 -88 45 111 75 -15 9 
RSSI :-110 
Input angle :103
Zaxis angle :0 
minval :0 

minval :0 



35 -14 10 36 -37 7 -4 -38 38 0 -3 37 -37 -5 8 -36 
30 5 -58 6 -69 -76 -84 -16 46 -67 34 -28 -102 9 0 38 
-31 2 56 -17 83 61 85 -4 -29 75 -25 37 95 -36 -9 -37 
29 -10 -49 32 -97 -32 -80 30 2 -81 15 -42 -78 65 21 33 
-25 18 37 -45 103 2 66 -54 16 79 0 45 60 -83 -28 -26 
18 -24 -22 54 -100 23 -81 -9 -19 -15 
RSSI :-110 
Input angle :114
Zaxis angle :0 
minval :0 

minval :0 



-41 0 4 -41 40 8 -12 39 -38 -15 17 -37 35 20 -23 33 
-24 -31 52 25 27 109 62 58 -75 42 -42 3 95 40 14 -39 
33 22 -57 -13 -59 -96 -76 -38 60 -63 40 -13 -103 -11 -3 41 
-38 -13 59 -2 78 81 85 13 -42 76 -35 24 102 -15 -7 -40 
40 0 -55 19 -99 -55 -85 8 20 -84 27 -33 -96 39 16 38 
-40 8 49 -32 108 30 16 -58 21 101 
RSSI :-110 
Input angle :106
Zaxis angle :0 
minval :0 

minval :0 



29 12 -15 28 -26 -17 20 -25 23 22 -24 21 -18 -25 26 -16 
6 37 -28 -53 27 -102 -34 -75 82 0 36 11 -71 -66 -23 22 
-17 -32 42 44 0 105 56 60 -77 26 -38 0 85 45 17 -27 
25 26 -51 -30 -32 -100 -70 -43 68 -45 37 -8 -95 -16 -10 31 
-30 -20 57 18 59 88 78 23 -52 62 -32 20 97 -6 0 -32 
35 9 -60 0 -81 -67 -16 109 -19 -39 
RSSI :-110 
Input angle :103
Zaxis angle :0 
minval :0 

minval :0 



37 -3 -1 37 -37 -5 8 -36 36 11 -14 35 -33 -17 20 -32 
21 20 -59 -32 -18 -124 -66 -43 79 -43 40 -2 -99 -42 -12 36 
-26 -13 66 17 52 114 77 21 -62 64 -38 15 107 13 2 -38 
28 5 -68 1 -83 -93 -79 -1 43 -78 33 -24 -106 19 9 36 
-29 2 65 -20 105 67 76 -20 -20 88 -26 31 97 -46 -16 -34 
27 -9 -57 37 -120 -33 -65 103 -23 -63 
RSSI :-110 
Input angle :106
Zaxis angle :0 
minval :0 

minval :0 



-7 -40 41 -4 1 41 -41 -1 4 -40 40 9 -15 38 -36 -18 
17 -26 -22 59 -117 41 -36 79 -56 -71 -9 -38 -25 107 41 7 
-8 30 2 -63 100 -72 9 -86 77 46 19 34 -6 -109 -41 4 
0 -31 15 62 -76 97 15 85 -86 -27 -28 -27 34 104 39 -15 
8 30 -30 -56 43 -115 -35 -79 91 0 35 17 -61 -91 -32 25 
-17 -26 45 45 -16 122 94 57 6 53 
RSSI :-110 
Input angle :103
Zaxis angle :0 
minval :0 

minval :0 



-42 16 -12 -43 45 -7 4 45 -45 0 4 -44 44 8 -12 43 
-27 -10 68 11 63 110 84 27 -67 66 -42 11 106 14 2 -46 
28 2 -69 6 -90 -89 -88 -2 47 -81 38 -22 -107 14 10 45 
-28 4 64 -26 110 62 87 -18 -20 92 -29 33 95 -50 -22 -40 
25 -13 -55 41 -124 -26 -77 45 -5 -94 20 -39 -81 71 33 31 
-21 20 41 -55 126 -12 112 17 22 33 
RSSI :-110 
Input angle :119
Zaxis angle :0 
minval :0 

minval :0 



-7 -40 41 -2 0 41 -41 -4 6 -40 39 11 -14 38 -37 -18 
19 -22 -23 68 -114 34 -40 70 -56 -79 -13 -40 -31 97 40 9 
-13 27 0 -72 99 -66 23 -78 76 60 21 37 5 -101 -41 3 
5 -29 19 70 -81 87 2 81 -90 -36 -31 -29 23 99 39 -13 
2 30 -33 -63 53 -106 -22 -77 96 17 37 20 -47 -90 -34 23 
-10 -27 52 49 -16 118 62 112 2 -111 
RSSI :-110 
Input angle :106
Zaxis angle :0 
minval :0 

minval :0 



38 -18 13 40 -41 9 -6 -41 41 -2 -1 41 -41 -5 10 -40 
29 8 -54 7 -79 -66 -82 3 26 -78 26 -33 -86 26 1 42 
-31 0 51 -21 95 39 77 -28 -3 82 -15 40 74 -53 -14 -40 
29 -9 -42 35 -102 -15 -66 48 -17 -80 4 -42 -55 72 24 34 
-26 16 31 -45 102 -17 49 -65 40 71 7 42 36 -83 -32 -26 
20 -23 -16 53 -91 47 31 -28 -15 125 
RSSI :-110 
Input angle :103
Zaxis angle :0 
minval :0 

minval :0 



-17 -39 43 -14 10 42 -45 6 0 -44 43 2 -8 43 -41 -9 
7 -27 -2 51 -64 74 -14 50 -61 -40 -23 -30 9 82 46 1 
0 28 -13 -49 42 -89 0 -52 74 20 30 23 -34 -74 -41 11 
-8 -26 25 44 -14 93 15 53 -74 0 -35 -12 52 67 36 -24 
16 27 -37 -34 -8 -97 -30 -46 72 -23 38 2 -68 -51 -30 35 
-21 -17 44 24 39 90 -17 -38 9 -23 
RSSI :-110 
Input angle :106
Zaxis angle :0 
minval :0 

minval :0 



-8 -39 39 -5 1 40 -39 -1 5 -40 39 8 -11 38 -37 -14 
3 -25 -3 51 -63 55 -17 52 -54 -43 -17 -30 2 75 40 5 
5 24 -11 -50 46 -70 5 -54 64 28 26 23 -24 -71 -40 7 
-10 -23 25 44 -24 80 11 54 -69 -8 -32 -14 44 61 36 -17 
17 19 -36 -36 3 -84 -24 -49 68 -12 34 8 -55 -51 -32 24 
-21 -13 43 26 18 81 63 -76 6 89 
RSSI :-110 
Input angle :111
Zaxis angle :0 
minval :0 

minval :0 



17 -34 32 20 -22 31 -29 -25 28 -25 22 31 -33 19 -17 -34 
25 -5 -37 38 -95 -20 -58 30 -1 -88 9 -39 -55 52 25 30 
-22 12 24 -47 97 -4 49 -44 27 84 2 40 40 -65 -32 -21 
18 -18 -9 52 -92 28 -32 57 -49 -74 -12 -38 -19 73 36 12 
-12 22 -2 -53 79 -55 19 -63 68 57 23 33 -3 -76 -39 0 
4 -25 19 49 -62 74 30 25 -9 -27 
RSSI :-110 
Input angle :106
Zaxis angle :0 
minval :0 

minval :0 



-27 26 -25 -28 31 -22 18 33 -35 15 -10 -36 37 -7 4 37 
-16 9 45 -29 88 34 62 -21 3 82 -22 32 74 -42 -14 -36 
13 -13 -34 42 -94 -9 -51 40 -28 -77 11 -38 -57 62 24 30 
-9 17 21 -49 93 -14 41 -50 46 68 -1 40 40 -75 -31 -22 
4 -19 -9 53 -85 39 -25 61 -64 -50 -9 -39 -17 83 36 13 
0 19 -6 -54 72 -61 -31 -100 7 121 
RSSI :-110 
Input angle :111
Zaxis angle :0 
minval :0 

minval :0 



12 40 -41 8 -4 -41 42 0 -2 41 -41 -6 9 -40 39 12 
-20 21 -9 -64 90 -82 11 -83 76 44 30 40 -17 -104 -42 -5 
13 -26 27 59 -60 106 14 82 -85 -22 -40 -30 46 93 42 -7 
-5 29 -44 -48 27 -119 -34 -76 88 -4 47 17 -70 -78 -38 18 
-1 -29 52 38 -1 122 55 63 -84 25 -50 -6 89 55 32 -28 
10 28 -62 -20 -33 -117 33 -119 -13 -123 
RSSI :-110 
Input angle :106
Zaxis angle :0 
minval :0 

minval :0 



19 39 -40 16 -12 -42 43 -7 3 43 -44 0 2 -43 43 5 
-1 25 -14 -71 75 -90 0 -73 80 32 28 27 -21 -89 -43 4 
-5 -24 35 63 -45 109 20 71 -85 -8 -35 -17 44 80 41 -16 
12 22 -51 -51 14 -117 -38 -62 85 -11 38 8 -63 -65 -35 26 
-17 -19 63 35 12 117 52 53 -77 38 -39 3 80 43 25 -36 
21 13 -70 -19 -50 -107 96 19 -15 -35 
RSSI :-110 
Input angle :106
Zaxis angle :0 
minval :0 

minval :0 



21 -28 27 24 -26 25 -21 -28 30 -21 16 31 -34 14 -11 -34 
25 -8 -52 36 -101 -22 -74 37 0 -77 13 -46 -63 70 20 32 
-19 16 41 -49 104 -9 62 -56 26 74 0 46 46 -83 -28 -24 
16 -21 -26 58 -100 33 -48 69 -41 -65 -11 -46 -21 92 34 15 
-8 23 10 -63 86 -60 23 -81 56 52 27 39 -6 -96 -36 -7 
1 -27 9 63 -67 77 30 -81 -8 -67 
RSSI :-110 
Input angle :114
Zaxis angle :0 
minval :0 

minval :0 



-41 3 1 -41 41 4 -8 40 -40 -12 15 -38 37 18 -21 35 
-21 -15 58 16 48 103 81 33 -61 52 -42 19 96 7 13 -40 
24 10 -60 3 -79 -81 -87 -9 43 -68 37 -28 -95 18 0 42 
-26 -1 58 -17 99 55 86 -17 -19 77 -25 39 87 -41 -9 -41 
26 -4 -50 33 -110 -29 -79 38 0 -80 13 -45 -72 63 20 36 
-23 11 39 -46 114 0 48 105 19 13 
RSSI :-110 
Input angle :106
Zaxis angle :0 
minval :0 

minval :0 



-34 -18 21 -32 30 24 -27 28 -26 -29 30 -23 20 32 -33 18 
-14 -26 44 42 -10 113 51 67 -83 22 -45 -5 76 60 30 -25 
21 21 -53 -28 -25 -111 -68 -49 75 -44 45 -6 -90 -34 -21 33 
-27 -13 60 13 55 99 79 28 -60 63 -41 19 96 8 11 -37 
29 6 -61 5 -77 -84 -84 -5 39 -76 35 -29 -96 13 0 39 
-30 0 56 -22 100 54 127 105 21 -15 
RSSI :-110 
Input angle :114
Zaxis angle :0 
minval :0 

minval :0 



-31 20 -17 -33 35 -13 10 36 -36 7 -5 -37 37 -1 -1 36 
-30 -4 61 -7 84 73 84 -1 -32 82 -33 28 95 -24 -6 -37 
30 -4 -58 22 -103 -39 -80 26 9 -87 22 -37 -85 50 15 34 
-28 12 47 -40 110 12 70 -46 13 87 -11 42 67 -73 -24 -28 
24 -19 -36 50 -110 14 -58 61 -37 -79 -1 -43 -48 87 32 20 
-17 25 21 -58 102 -43 -112 46 16 -43 
RSSI :-110 
Input angle :119
Zaxis angle :0 
minval :0 

minval :0 



-9 37 -36 -11 15 -35 33 19 -22 32 -29 -25 27 -27 24 29 
-26 15 40 -46 117 -6 61 -58 31 83 -4 46 47 -81 -31 -23 
21 -21 -24 56 -111 34 -40 74 -50 -73 -9 -45 -23 91 36 14 
-14 26 8 -61 93 -70 22 -81 70 55 20 41 0 -94 -39 -4 
7 -29 6 61 -71 92 0 84 -82 -37 -32 -33 29 89 38 -7 
1 30 -26 -55 44 -107 -15 -122 2 41 
RSSI :-110 
Input angle :119
Zaxis angle :0 
minval :0 

minval :0 



-28 -26 28 -26 24 30 -31 22 -19 -33 35 -15 11 36 -37 8 
-4 -30 19 60 -38 108 25 77 -87 -11 -40 -21 49 77 34 -18 
12 27 -36 -52 8 -115 -48 -65 85 -18 43 12 -68 -61 -28 26 
-20 -23 48 40 23 112 63 51 -79 38 -45 1 82 41 19 -34 
25 17 -57 -26 -50 -103 -76 -28 66 -57 43 -13 -90 -16 -10 37 
-29 -9 61 9 78 84 -81 119 18 13 
RSSI :-110 
Input angle :103
Zaxis angle :0 
minval :0 

minval :0 



-23 34 -32 -26 29 -29 26 32 -34 23 -20 -36 37 -17 14 38 
-30 8 55 -26 108 32 80 -30 -2 88 -17 41 74 -56 -23 -34 
27 -16 -45 42 -113 1 -66 52 -24 -85 7 -44 -56 74 33 25 
-21 24 31 -53 108 -33 52 -67 45 76 4 44 30 -88 -38 -17 
15 -27 -15 59 -98 57 -34 77 -62 -63 -18 -40 -11 92 41 6 
-6 31 0 -62 76 -82 113 -71 10 93 
RSSI :-110 
Input angle :106
Zaxis angle :0 
minval :0 

minval :0 



36 11 -13 35 -34 -14 17 -31 30 22 -25 28 -27 -25 27 -23 
21 20 -48 -39 -6 -108 -54 -60 82 -31 42 2 -80 -54 -24 29 
-22 -13 56 26 36 102 69 42 -70 53 -41 11 91 29 12 -35 
27 8 -62 -10 -62 -89 -79 -20 52 -71 37 -21 -96 -1 -3 38 
-28 0 62 -8 86 67 82 0 -33 81 -30 30 93 -25 -6 -37 
27 -6 -57 25 -101 -39 -80 -48 -23 61 
RSSI :-110 
Input angle :103
Zaxis angle :0 
minval :0 

minval :0 



-35 12 -9 -36 36 -5 2 37 -37 0 3 -36 36 6 -10 35 
-25 -7 59 0 68 85 79 13 -48 67 -34 25 92 -5 -1 -37 
27 1 -57 17 -90 -61 -79 9 26 -78 25 -34 -87 29 11 35 
-26 7 51 -31 103 37 73 -32 0 83 -13 40 73 -55 -20 -31 
22 -14 -40 43 -109 -5 -61 49 -21 -81 3 -43 -57 72 27 25 
-18 19 26 -53 106 -27 -32 35 18 33 
RSSI :-110 
Input angle :103
Zaxis angle :0 
minval :0 

minval :0 



4 -37 37 6 -10 36 -35 -13 16 -33 32 18 -22 30 -28 -24 
25 -24 -27 50 -100 33 -46 74 -44 -66 -11 -53 -29 97 34 17 
-17 30 12 -55 86 -60 24 -84 64 48 27 47 -2 -101 -37 -6 
9 -33 2 56 -66 82 1 87 -73 -31 -38 -38 26 98 38 -3 
1 35 -19 -53 41 -97 -22 -85 79 8 47 26 -53 -86 -36 12 
-12 -32 34 45 -10 105 30 29 3 5 
RSSI :-110 
Input angle :103
Zaxis angle :0 
minval :0 

minval :0 



-37 -18 22 -35 32 26 -29 30 -27 -31 33 -25 22 34 -36 19 
-11 -20 49 48 -17 113 48 71 -87 22 -46 -6 77 69 32 -27 
17 16 -60 -32 -17 -113 -64 -57 77 -45 46 -5 -93 -43 -23 35 
-21 -12 66 16 45 106 77 38 -61 66 -42 19 102 15 14 -39 
23 5 -69 0 -73 -88 -84 -16 41 -80 37 -28 -103 9 0 42 
-24 1 64 -22 97 60 31 71 22 89 
RSSI :-110 
Input angle :114
Zaxis angle :0 
minval :0 

minval :0 



20 -36 35 22 -25 33 -30 -27 29 -28 25 32 -35 21 -18 -36 
33 -6 -59 27 -100 -39 -74 10 13 -78 28 -31 -78 48 27 30 
-29 16 49 -42 107 7 70 -28 8 79 -20 37 67 -63 -34 -22 
24 -23 -37 54 -104 26 -57 49 -32 -73 6 -42 -42 82 39 11 
-17 29 21 -61 94 -52 41 -63 51 60 5 42 18 -90 -41 0 
7 -32 0 65 -75 76 126 -97 -12 61 
RSSI :-110 
Input angle :114
Zaxis angle :0 
minval :0 

minval :0 



4 -36 35 6 -10 35 -33 -12 16 -32 31 18 -21 29 -27 -23 
19 -23 -29 51 -109 31 -47 62 -44 -73 -7 -46 -36 91 32 17 
-13 28 14 -58 99 -55 27 -74 64 57 19 42 7 -98 -35 -7 
5 -30 1 60 -77 84 -9 78 -77 -38 -30 -35 19 96 36 -2 
4 30 -17 -57 56 -98 -13 -77 84 16 39 25 -40 -90 -35 11 
-11 -29 35 48 -25 110 -82 -50 1 29 
RSSI :-110 
Input angle :111
Zaxis angle :0 
minval :0 

minval :0 



-10 -35 37 -7 3 37 -37 0 2 -36 36 6 -9 35 -34 -11 
12 -26 -12 64 -80 70 -18 87 -66 -62 -18 -36 -3 96 37 3 
-4 28 -7 -65 57 -90 -6 -88 80 44 27 30 -22 -93 -37 6 
-4 -29 24 61 -31 102 31 83 -89 -20 -34 -20 44 85 34 -15 
11 27 -37 -54 3 -107 -51 -73 91 -7 39 10 -68 -67 -28 24 
-19 -22 54 38 30 102 14 42 8 109 
RSSI :-110 
Input angle :111
Zaxis angle :0 
minval :0 

minval :0 



-36 -8 11 -35 33 15 -18 31 -29 -21 24 -28 26 25 -28 23 
-13 -25 46 42 7 106 54 62 -84 28 -45 -2 84 51 21 -30 
20 21 -58 -24 -42 -98 -71 -41 72 -51 44 -9 -95 -26 -12 35 
-26 -14 62 8 68 80 78 22 -56 67 -40 21 99 1 1 -36 
28 7 -62 7 -87 -60 -83 1 35 -81 32 -32 -96 25 8 36 
-29 0 57 -24 99 39 31 1 22 -59 
RSSI :-110 
Input angle :103
Zaxis angle :0 
minval :0 

minval :0 



-36 13 -10 -37 38 -7 3 39 -38 0 3 -39 38 6 -9 37 
-29 -9 60 5 79 77 84 12 -47 74 -35 27 97 -4 0 -39 
31 1 -60 10 -94 -58 -84 12 23 -85 25 -36 -89 36 10 37 
-30 6 53 -29 106 28 77 -36 -1 88 -14 42 77 -58 -20 -33 
26 -16 -44 42 -111 1 -67 53 -22 -85 4 -44 -58 77 28 26 
-21 22 30 -52 105 -33 -32 7 19 -87 
RSSI :-110 
Input angle :106
Zaxis angle :0 
minval :0 

minval :0 



7 35 -36 4 0 -37 36 2 -5 36 -35 -8 12 -34 32 15 
-17 24 22 -58 97 -48 31 -77 55 66 16 42 21 -98 -36 -7 
8 -28 -3 61 -81 72 -14 82 -72 -46 -28 -35 8 100 36 -5 
0 30 -11 -61 50 -96 -8 -83 82 25 37 26 -30 -95 -34 13 
-7 -29 26 56 -28 104 33 76 -86 -1 -43 -15 59 81 28 -24 
16 25 -42 -45 -1 -109 -79 71 -7 -11 
RSSI :-110 
Input angle :103
Zaxis angle :0 
minval :0 

minval :0 



-26 28 -24 -28 30 -22 19 32 -34 16 -13 -35 37 -10 7 37 
-31 -3 59 -16 100 50 84 -14 -22 86 -25 38 92 -36 -14 -35 
31 -5 -53 32 -109 -22 -75 38 -2 -89 14 -43 -76 62 24 29 
-27 14 42 -44 111 -11 62 -57 27 85 -2 46 55 -81 -31 -22 
22 -22 -27 55 -105 39 -42 73 -50 -73 -11 -44 -32 93 36 11 
-16 27 8 -61 88 -67 -31 108 14 -39 
RSSI :-110 
Input angle :111
Zaxis angle :0 
minval :0 

minval :0 



28 25 -28 26 -23 -30 31 -21 18 33 -35 15 -11 -36 36 -8 
0 29 -24 -56 45 -104 -23 -80 88 13 38 24 -46 -84 -35 16 
-10 -28 38 48 -13 112 41 72 -90 12 -43 -12 71 66 28 -25 
15 25 -51 -35 -19 -112 -61 -56 83 -35 45 0 -85 -46 -20 32 
-22 -19 58 20 49 102 75 36 -69 58 -44 11 94 24 10 -37 
26 11 -62 -1 -77 -83 64 -47 -20 -67 
RSSI :-110 
Input angle :103
Zaxis angle :0 
minval :0 

minval :0 



14 36 -37 11 -7 -38 39 -3 0 39 -38 -3 7 -37 36 11 
-13 28 5 -64 82 -75 12 -83 68 53 23 39 -2 -95 -39 0 
3 -31 14 63 -57 96 10 83 -82 -28 -33 -32 33 89 38 -10 
4 31 -30 -56 29 -108 -32 -77 86 6 40 20 -55 -77 -33 20 
-13 -28 46 44 2 112 53 64 -85 17 -44 -9 74 60 26 -29 
19 24 -56 -31 -36 -105 17 103 -11 17 
RSSI :-110 
Input angle :114
Zaxis angle :0 
minval :0 

minval :0 


