
-25 -25 26 -23 21 29 -31 17 -13 -33 34 -10 8 34 -35 5 
0 -34 26 56 -36 100 29 81 -89 -6 -39 -20 53 86 33 -15 
10 32 -40 -47 6 -107 -50 -70 88 -15 43 9 -78 -63 -28 22 
-19 -28 51 33 25 104 68 53 -79 42 -44 4 93 40 20 -29 
26 21 -59 -17 -50 -94 -80 -31 62 -64 42 -15 -100 -11 -10 35 
-31 -14 61 0 77 74 -1 -31 19 -11 
RSSI :-110 
Input angle :114
Zaxis angle :0 
minval :0 

minval :0 



-36 14 -10 -38 39 -6 3 39 -39 0 3 -39 38 7 -9 37 
-31 -12 66 2 82 73 90 3 -42 82 -33 25 99 -17 1 -40 
33 3 -64 14 -96 -52 -88 20 20 -90 26 -33 -88 49 8 39 
-33 7 57 -33 108 19 73 -51 4 92 -15 39 69 -73 -20 -34 
30 -16 -45 48 -108 12 -61 66 -34 -85 3 -42 -47 89 28 27 
-25 22 28 -59 99 -46 -112 25 18 69 
RSSI :-110 
Input angle :114
Zaxis angle :0 
minval :0 

minval :0 



-31 -17 19 -30 28 23 -26 25 -23 -27 28 -22 20 30 -32 15 
-6 -33 40 48 -14 107 49 71 -93 18 -42 -11 76 70 26 -24 
17 29 -52 -34 -16 -106 -67 -55 85 -42 43 0 -93 -46 -20 30 
-23 -24 60 18 45 98 79 35 -67 67 -41 13 103 16 11 -35 
30 16 -63 -2 -74 -78 -86 -9 49 -81 37 -24 -104 10 0 36 
-33 -7 59 -20 91 57 -65 52 23 41 
RSSI :-110 
Input angle :106
Zaxis angle :0 
minval :0 

minval :0 



-27 23 -19 -28 31 -17 14 32 -33 12 -9 -34 35 -6 3 35 
-30 0 56 -24 102 43 82 -24 -10 90 -21 40 86 -53 -10 -34 
29 -7 -49 35 -109 -16 -73 43 -12 -89 11 -44 -67 75 20 29 
-25 15 38 -47 109 -15 56 -64 39 81 2 45 44 -91 -28 -23 
21 -22 -20 58 -98 50 -34 77 -58 -66 -16 -42 -19 99 33 13 
-12 27 2 -61 83 -72 1 22 12 125 
RSSI :-110 
Input angle :103
Zaxis angle :0 
minval :0 

minval :0 



10 -36 34 13 -17 33 -31 -19 22 -30 27 25 -28 24 -22 -29 
27 -14 -39 50 -103 17 -58 64 -40 -88 0 -40 -48 92 28 24 
-22 21 20 -60 94 -45 39 -78 63 74 11 38 15 -102 -34 -15 
16 -27 -2 63 -81 66 -10 86 -81 -54 -22 -33 10 104 37 4 
-7 30 -15 -61 56 -88 -9 -86 92 30 29 27 -40 -95 -37 7 
-4 -30 31 55 -23 102 14 -23 1 97 
RSSI :-110 
Input angle :114
Zaxis angle :0 
minval :0 

minval :0 



-37 -4 7 -37 35 10 -14 34 -33 -17 20 -31 29 23 -25 26 
-22 -26 50 34 24 103 70 43 -86 45 -39 2 91 44 19 -32 
30 17 -58 -15 -55 -89 -79 -22 66 -70 36 -14 -99 -16 -9 36 
-34 -9 60 -1 78 71 83 -2 -47 84 -30 24 100 -12 -2 -38 
35 0 -59 13 -93 -50 -78 25 19 -95 22 -31 -91 42 13 35 
-33 11 48 -35 105 17 0 20 24 -79 
RSSI :-110 
Input angle :106
Zaxis angle :0 
minval :0 

minval :0 



-16 25 -24 -18 20 -22 20 22 -24 17 -16 -25 27 -14 11 28 
-21 20 39 -50 120 -7 69 -57 33 82 3 47 53 -85 -17 -26 
14 -25 -27 58 -114 39 -44 77 -61 -64 -19 -43 -22 98 24 20 
-7 28 8 -64 97 -72 23 -86 75 48 29 36 -3 -100 -29 -12 
-2 -29 11 63 -72 96 -3 89 -85 -27 -37 -29 34 94 31 3 
8 27 -28 -58 44 -112 33 -111 0 -111 
RSSI :-110 
Input angle :103
Zaxis angle :0 
minval :0 

minval :0 



-33 123 -120 -45 55 -117 111 64 -76 104 -96 -85 90 -90 82 95 
-67 55 -40 2 126 3 71 -4 -46 78 -70 -14 102 73 -104 -68 
50 -72 38 -14 -122 34 -68 22 22 -87 71 -1 -118 -45 119 38 
-33 81 -34 22 112 -59 59 -38 0 92 -67 25 125 9 -125 0 
3 -87 25 -32 -89 90 -43 56 -29 -87 59 -42 -122 24 121 -30 
24 84 -15 37 56 -113 32 108 9 -45 
RSSI :-110 
Input angle :157
Zaxis angle :14 
minval :0 

minval :0 



-32 -117 119 -23 13 120 -120 2 11 -121 119 22 -32 115 -113 -40 
3 -80 41 -21 -64 81 -30 50 -67 -84 79 -37 -108 49 119 8 
19 79 -32 33 38 -95 14 -57 89 62 -63 61 92 -77 -116 27 
-41 -69 21 -41 -14 102 2 58 -103 -33 45 -75 -66 98 104 -57 
60 55 -10 45 -15 -102 -19 -55 107 6 -23 84 39 -112 -80 87 
-72 -35 -3 -46 43 94 95 69 3 39 
RSSI :-110 
Input angle :147
Zaxis angle :0 
minval :0 

minval :0 



-9 119 -117 -20 29 -115 112 40 -52 107 -101 -63 70 -95 90 78 
-47 95 -52 10 83 -40 49 -53 22 117 -66 18 100 20 -105 -55 
15 -106 47 -23 -70 61 -32 63 -57 -104 58 -37 -100 11 117 15 
19 105 -36 37 46 -81 11 -70 83 84 -45 54 94 -40 -118 16 
-42 -98 27 -44 -24 90 5 71 -102 -60 30 -63 -77 66 106 -52 
73 77 -10 52 -4 -93 0 105 3 9 
RSSI :-110 
Input angle :134
Zaxis angle :0 
minval :0 

minval :0 



-31 66 -62 -38 43 -60 55 47 -53 51 -45 -56 61 -41 37 63 
-47 26 -6 0 56 -2 27 -10 -26 61 -24 -7 38 40 -51 -50 
35 -40 6 -1 -53 20 -22 17 4 -67 26 0 -47 -24 62 34 
-23 50 -5 3 43 -33 16 -24 13 66 -25 7 51 10 -71 -14 
10 -54 3 -5 -31 44 -10 28 -30 -55 22 -15 -54 5 71 -7 
8 53 -2 5 17 -53 32 89 11 91 
RSSI :-110 
Input angle :133
Zaxis angle :0 
minval :0 

minval :0 



17 -66 64 22 -27 62 -60 -32 37 -57 53 43 -49 48 -43 -52 
36 -33 15 -9 -46 3 -26 6 33 -51 35 15 -51 -23 53 40 
-27 41 -13 13 43 -16 24 -13 -20 58 -39 -3 56 3 -65 -18 
11 -48 8 -16 -36 29 -20 19 1 -61 38 -5 -55 9 67 2 
1 49 -3 18 28 -36 12 -24 15 59 -35 16 50 -26 -65 16 
-14 -47 -1 -18 -15 43 31 -61 -14 63 
RSSI :-110 
Input angle :150
Zaxis angle :14 
minval :0 

minval :0 



-105 -56 65 -99 93 73 -82 85 -79 -90 94 -72 65 100 -104 55 
-64 -71 -11 -16 -27 115 7 48 -101 -48 36 -51 -44 108 85 -82 
80 49 15 11 -10 -119 -20 -44 111 19 -20 59 12 -115 -58 103 
-91 -28 -19 -6 42 110 32 37 -112 17 3 -61 16 115 26 -115 
95 1 20 0 -74 -93 -42 -26 102 -46 14 59 -51 -104 5 118 
-91 28 -20 3 96 67 63 -113 9 33 
RSSI :-110 
Input angle :157
Zaxis angle :0 
minval :0 

minval :0 



125 -12 4 127 -126 -7 24 -122 121 36 -42 118 -117 -51 63 -110 
89 48 10 20 -42 -85 -24 -42 121 10 -20 69 20 -104 -31 120 
-100 -19 -15 -17 62 70 35 32 -119 28 0 -72 15 106 -7 -126 
101 -12 19 11 -83 -48 -45 -19 105 -61 20 70 -44 -96 36 121 
-97 33 -22 -5 92 23 48 7 -85 86 -39 -64 69 80 -69 -105 
82 -60 23 0 -95 2 -16 -93 -14 117 
RSSI :-110 
Input angle :157
Zaxis angle :0 
minval :0 

minval :0 



-118 7 5 -118 116 15 -24 114 -112 -34 47 -108 102 57 -66 96 
-118 -38 -19 -12 42 78 41 32 -119 14 1 -70 -10 116 30 -111 
125 2 23 5 -62 -64 -48 -16 109 -48 19 66 -16 -115 0 115 
-121 27 -23 0 77 44 51 5 -93 75 -37 -58 55 102 -35 -110 
108 -63 22 -7 -87 -19 -50 9 70 -97 51 47 -78 -86 63 97 
-84 92 -18 14 89 -4 95 114 14 -57 
RSSI :-110 
Input angle :150
Zaxis angle :14 
minval :0 

minval :0 



25 66 -69 18 -13 -70 71 -7 0 71 -71 -6 10 -71 70 14 
0 51 -7 6 42 -38 13 -25 19 50 -25 18 56 -30 -71 3 
-13 -49 5 -8 -29 50 -5 27 -32 -42 19 -25 -43 47 67 -25 
29 42 -2 9 13 -56 -3 -28 44 30 -13 28 28 -57 -56 43 
-39 -33 0 -10 3 57 11 26 -50 -17 2 -31 -10 63 43 -56 
47 20 2 9 -17 -55 -64 85 0 -87 
RSSI :-110 
Input angle :153
Zaxis angle :0 
minval :0 

minval :0 



-115 33 -22 -115 113 -10 -4 116 -115 -13 21 -116 113 34 -41 107 
-89 -16 -10 -14 46 92 29 25 -93 23 1 -65 17 124 7 -114 
86 -11 13 12 -63 -75 -35 -17 82 -48 14 59 -54 -114 24 113 
-81 42 -16 -7 89 47 44 6 -64 71 -33 -52 83 95 -55 -100 
66 -62 18 1 -103 -26 -40 2 49 -89 46 42 -105 -63 80 80 
-46 77 -17 3 99 -5 79 34 12 -115 
RSSI :-110 
Input angle :157
Zaxis angle :0 
minval :0 

minval :0 



23 -58 55 28 -34 52 -48 -39 43 -45 42 46 -50 37 -32 -53 
46 -36 1 -5 -37 -9 -21 0 27 -49 20 28 -49 -55 46 41 
-35 46 0 5 38 0 20 -6 -9 56 -28 -20 64 37 -56 -26 
19 -56 -1 -5 -36 13 -17 11 -7 -56 32 12 -71 -18 61 10 
-1 59 2 4 32 -21 13 -16 21 52 -34 0 74 -3 -61 6 
-14 -57 -4 -4 -25 30 -1 49 -11 -31 
RSSI :-110 
Input angle :149
Zaxis angle :20 
minval :0 

minval :0 



63 -20 15 64 -65 9 -4 -66 66 1 -9 66 -65 -15 19 -63 
60 8 -3 2 -46 -41 -14 -8 63 -13 1 33 -8 -59 -2 65 
-61 8 3 -2 55 26 16 4 -57 31 -10 -31 24 55 -16 -63 
56 -23 -2 3 -60 -8 -16 0 45 -46 19 27 -37 -47 33 56 
-46 40 1 -3 61 -4 15 -5 -29 57 -25 -21 51 33 -48 -44 
32 -52 0 4 -55 25 -16 -19 -17 -61 
RSSI :-110 
Input angle :122
Zaxis angle :0 
minval :0 

minval :0 



44 -108 103 52 -61 99 -91 -71 80 -84 77 87 -94 68 -59 -99 
62 -74 19 -32 -97 2 -28 39 44 -95 39 13 -87 -33 84 79 
-36 91 -10 36 91 -32 13 -47 -12 104 -42 -1 93 3 -104 -48 
8 -97 -1 -37 -81 54 -2 49 -19 -103 41 -9 -91 21 115 14 
17 96 11 35 62 -74 -11 -47 42 96 -35 21 81 -46 -115 11 
-45 -86 -23 -29 -36 90 -65 -104 -10 21 
RSSI :-110 
Input angle :147
Zaxis angle :20 
minval :0 

minval :0 



68 -16 10 69 -70 3 4 -70 69 10 -15 68 -67 -22 28 -64 
54 10 15 8 -30 -46 -24 -10 55 -10 6 27 -7 -54 -13 68 
-55 3 -16 -4 42 35 26 4 -49 27 -13 -24 23 49 -10 -69 
52 -18 17 0 -50 -22 -25 4 38 -40 20 19 -37 -40 29 64 
-43 34 -16 5 55 6 23 -11 -26 50 -25 -12 47 28 -46 -53 
31 -45 14 -10 -54 9 80 22 -14 -7 
RSSI :-110 
Input angle :147
Zaxis angle :0 
minval :0 

minval :0 



-62 19 -14 -64 64 -8 2 65 -65 -2 9 -64 64 15 -19 61 
-46 -4 -10 -5 27 38 14 14 -52 11 -6 -34 8 60 4 -64 
45 -6 12 2 -37 -29 -18 -9 47 -26 15 31 -27 -55 16 63 
-42 18 -11 0 43 18 20 3 -37 39 -24 -24 42 44 -33 -55 
35 -30 12 -4 -46 -6 -20 2 25 -48 29 17 -52 -34 46 44 
-23 39 -9 7 46 -7 -49 72 13 77 
RSSI :-110 
Input angle :155
Zaxis angle :0 
minval :0 

minval :0 



-106 45 -35 -110 112 -26 16 114 -115 4 5 -115 115 14 -26 112 
-112 -1 -30 -21 75 48 55 10 -73 64 -40 -58 57 103 -8 -114 
107 -34 35 13 -84 -28 -57 4 52 -81 54 45 -81 -85 40 108 
-95 62 -36 0 89 2 54 -18 -29 92 -65 -25 102 59 -69 -91 
69 -89 35 -8 -86 21 -45 34 3 -97 69 7 -116 -23 93 67 
-41 104 -32 20 77 -45 0 -80 11 47 
RSSI :-110 
Input angle :153
Zaxis angle :20 
minval :0 

minval :0 



-7 81 -80 -13 21 -78 76 28 -34 74 -70 -40 46 -67 62 52 
-26 50 -9 -4 61 -12 25 -8 2 59 -33 -10 68 17 -72 -35 
12 -55 10 2 -56 27 -21 15 -16 -57 34 0 -69 3 80 11 
7 56 -10 0 44 -43 16 -21 34 48 -33 9 66 -21 -80 11 
-22 -52 9 -3 -32 53 -9 24 -47 -36 29 -17 -56 41 72 -35 
36 44 -8 6 15 -60 -16 114 5 -127 
RSSI :-110 
Input angle :147
Zaxis angle :14 
minval :0 

minval :0 



57 83 -87 45 -36 -91 93 -33 26 97 -98 16 -7 -101 99 0 
-16 93 -2 12 58 -37 34 -44 37 98 -69 6 119 -16 -96 26 
-10 -95 0 -13 -41 54 -21 52 -65 -82 63 -28 -110 48 84 -53 
37 88 4 11 27 -61 5 -55 87 60 -54 46 90 -77 -67 73 
-60 -75 -7 -7 -6 66 8 56 -99 -37 39 -58 -65 103 42 -86 
79 55 10 6 -14 -66 64 -93 0 99 
RSSI :-110 
Input angle :157
Zaxis angle :0 
minval :0 

minval :0 



51 23 -27 48 -45 -33 37 -41 37 42 -45 33 -29 -47 49 -25 
19 40 4 -1 16 -40 3 -16 39 17 -32 19 48 -57 -40 38 
-31 -32 -3 2 -4 42 1 16 -42 -5 25 -28 -29 69 28 -47 
39 22 2 -3 -9 -42 -6 -15 42 -8 -16 34 9 -74 -11 54 
-44 -10 -1 3 21 37 10 13 -37 20 5 -37 12 74 -3 -55 
45 -3 0 -4 -30 -30 -48 73 -8 -71 
RSSI :-110 
Input angle :131
Zaxis angle :29 
minval :0 

minval :0 



-20 -44 48 -17 13 47 -50 9 -4 -49 52 0 -7 51 -48 -8 
0 -55 11 -6 -30 15 -20 19 -28 -40 35 -13 -67 16 51 -4 
14 53 -8 9 22 -19 15 -21 39 29 -28 22 60 -33 -47 18 
-29 -47 5 -11 -17 30 -6 27 -49 -22 20 -32 -45 52 41 -29 
38 34 -2 11 7 -28 -2 -27 53 6 -14 35 27 -63 -28 42 
-48 -20 -1 -12 -1 34 -97 73 1 -101 
RSSI :-110 
Input angle :153
Zaxis angle :0 
minval :0 

minval :0 



0 -91 91 7 -16 90 -88 -24 32 -85 83 39 -45 78 -74 -52 
4 -93 22 -22 -66 12 -37 24 -43 -78 62 -15 -124 39 84 32 
24 91 -15 27 58 -32 27 -35 62 62 -54 33 107 -73 -90 -5 
-47 -81 4 -31 -48 47 -17 41 -78 -43 44 -45 -83 99 87 -23 
71 63 4 31 32 -59 5 -44 86 18 -29 57 53 -118 -78 46 
-83 -43 -12 -27 -10 67 -1 82 1 127 
RSSI :-110 
Input angle :150
Zaxis angle :14 
minval :0 

minval :0 



-60 13 -10 -61 61 -4 -2 62 -61 -8 13 -60 59 19 -23 57 
-50 -9 -8 -7 9 36 13 18 -50 12 -7 -31 8 64 7 -61 
50 -5 9 4 -19 -32 -17 -13 44 -25 15 29 -24 -60 10 61 
-48 18 -11 -1 27 26 20 8 -35 37 -23 -23 42 49 -26 -55 
40 -30 11 -2 -34 -16 -22 -2 22 -46 28 15 -53 -36 40 45 
-30 40 -10 4 37 6 79 -83 12 -47 
RSSI :-110 
Input angle :150
Zaxis angle :0 
minval :0 

minval :0 



-93 32 -27 -97 97 -15 11 102 -104 -3 15 -102 97 21 -32 97 
-95 13 -33 -23 33 82 76 45 -76 37 -33 -36 58 118 2 -102 
88 -38 40 11 -56 -67 -85 -19 71 -51 37 28 -87 -94 30 96 
-72 58 -42 0 73 48 89 -2 -50 67 -44 -13 111 66 -55 -81 
49 -78 40 -10 -88 -23 -81 31 26 -78 50 1 -124 -39 77 69 
-26 85 -35 21 95 0 -113 -37 10 -77 
RSSI :-110 
Input angle :149
Zaxis angle :0 
minval :0 

minval :0 



-55 -19 25 -52 50 30 -34 47 -44 -38 41 -41 38 45 -47 33 
-42 -40 5 -17 -11 40 1 40 -53 -14 13 -45 -30 71 37 -43 
50 28 -1 18 0 -41 -12 -38 54 1 1 46 9 -77 -24 52 
-57 -11 -4 -17 11 39 23 33 -53 13 -11 -45 11 76 9 -56 
58 -6 8 16 -23 -33 -30 -25 48 -27 23 40 -34 -69 8 56 
-54 22 -13 -12 31 27 47 -116 10 -105 
RSSI :-110 
Input angle :150
Zaxis angle :0 
minval :0 

minval :0 



34 -42 38 37 -40 36 -32 -44 47 -27 23 48 -50 19 -14 -52 
53 -32 9 2 -39 -22 -28 -15 25 -41 29 23 -56 -42 25 47 
-40 47 -10 0 43 10 31 6 -13 47 -34 -13 68 21 -39 -36 
24 -57 9 -2 -44 1 -32 1 0 -48 37 3 -71 -2 46 25 
-5 61 -8 5 42 -14 30 -11 14 45 -36 6 69 -18 -52 -9 
-8 -62 7 -7 -37 25 -65 -28 -11 -23 
RSSI :-110 
Input angle :165
Zaxis angle :0 
minval :0 

minval :0 



78 -74 69 83 -88 61 -54 -93 96 -46 35 102 -105 25 -16 -105 
95 -37 16 11 -67 -45 -58 -38 50 -74 53 46 -92 -80 42 97 
-82 61 -18 -7 76 26 65 21 -31 84 -64 -29 109 55 -70 -80 
62 -81 19 1 -82 -8 -69 -1 6 -89 71 7 -121 -18 87 59 
-35 96 -20 3 79 -20 66 -18 23 87 -70 10 120 -19 -102 -32 
5 -102 18 -9 -71 40 -17 70 -10 59 
RSSI :-110 
Input angle :162
Zaxis angle :0 
minval :0 

minval :0 



-123 12 0 -123 123 10 -19 122 -121 -30 38 -118 112 51 -59 107 
-109 -42 -30 -11 39 96 27 39 -125 0 4 -54 0 118 25 -118 
115 12 32 1 -66 -78 -38 -28 118 -42 11 53 -31 -114 11 122 
-114 21 -32 8 83 61 45 16 -103 72 -25 -48 63 100 -47 -112 
103 -55 27 -18 -98 -31 -47 -2 80 -98 37 39 -87 -79 73 97 
-83 82 -21 24 103 2 111 -108 14 31 
RSSI :-110 
Input angle :153
Zaxis angle :0 
minval :0 

minval :0 



52 1 -6 53 -51 -9 14 -51 49 19 -25 47 -44 -28 33 -40 
50 23 12 4 -11 -45 -11 -17 68 0 0 26 1 -65 -20 48 
-55 -4 -14 0 24 40 15 14 -65 18 -7 -25 14 64 6 -50 
54 -9 12 -2 -35 -31 -18 -8 58 -35 14 22 -27 -58 8 50 
-50 25 -11 6 42 22 20 2 -42 53 -20 -17 46 45 -22 -46 
40 -37 9 -10 -46 -7 112 112 -16 115 
RSSI :-110 
Input angle :161
Zaxis angle :0 
minval :0 

minval :0 



19 -53 52 22 -28 49 -47 -31 36 -43 40 40 -43 36 -32 -46 
44 -39 13 3 -45 0 -29 7 24 -67 28 14 -48 -27 43 35 
-31 49 -13 0 44 -9 25 -15 -3 71 -31 -5 53 10 -52 -21 
16 -56 12 -4 -38 23 -21 21 -18 -68 31 -4 -55 4 55 8 
2 59 -11 8 31 -33 13 -26 34 62 -28 12 52 -18 -56 8 
-17 -56 8 -10 -20 40 63 -67 -13 85 
RSSI :-110 
Input angle :147
Zaxis angle :0 
minval :0 

minval :0 



113 -10 0 112 -113 -9 18 -112 110 28 -39 106 -103 -47 56 -96 
109 40 22 27 -32 -91 -20 -41 117 -22 7 57 0 -108 -33 106 
-116 -3 -28 -19 57 79 31 35 -106 53 -19 -54 31 104 2 -111 
113 -29 33 12 -76 -60 -40 -23 85 -84 35 45 -61 -88 35 105 
-98 61 -34 0 90 35 46 11 -59 102 -45 -33 84 68 -65 -90 
77 -88 34 -9 -96 -7 48 81 -15 -89 
RSSI :-110 
Input angle :157
Zaxis angle :0 
minval :0 

minval :0 



-109 21 -14 -111 111 -6 -3 111 -111 -13 23 -109 105 32 -40 102 
-110 -6 -31 -17 42 92 47 34 -119 25 -8 -46 19 103 19 -108 
108 -24 35 9 -67 -75 -54 -20 103 -65 23 39 -49 -92 17 108 
-96 54 -36 0 85 53 58 2 -81 91 -35 -30 73 75 -46 -99 
72 -84 34 -12 -98 -24 -56 15 49 -111 42 20 -92 -49 76 78 
-47 100 -28 22 101 -4 31 29 15 -5 
RSSI :-110 
Input angle :166
Zaxis angle :0 
minval :0 

minval :0 



-56 6 -1 -56 56 3 -7 56 -54 -12 17 -53 51 22 -27 49 
-52 -22 -8 -16 25 48 23 24 -70 3 -6 -26 -3 59 10 -54 
56 6 13 13 -39 -37 -30 -15 66 -22 12 24 -14 -57 3 54 
-56 9 -16 -8 49 24 33 7 -54 44 -19 -19 29 50 -22 -51 
50 -26 18 2 -53 -10 -34 3 43 -55 23 12 -41 -41 32 44 
-43 36 -18 1 54 -3 -49 -89 16 -33 
RSSI :-110 
Input angle :152
Zaxis angle :0 
minval :0 

minval :0 



22 -123 121 32 -43 116 -115 -51 57 -112 104 66 -78 98 -88 -86 
73 -90 21 -10 -105 -5 -61 -3 45 -119 60 11 -108 -32 106 61 
-46 108 -17 17 99 -31 58 -16 -7 126 -62 5 113 5 -122 -19 
15 -117 12 -19 -90 56 -53 29 -29 -123 57 -23 -110 28 122 -12 
25 114 -5 23 70 -78 41 -44 66 110 -48 38 96 -58 -116 43 
-53 -105 0 -24 -46 95 111 38 -11 49 
RSSI :-110 
Input angle :152
Zaxis angle :0 
minval :0 

minval :0 



27 -41 39 32 -35 37 -32 -37 43 -29 24 44 -43 22 -18 -46 
50 -30 6 4 -35 -9 -18 0 35 -57 22 15 -41 -32 30 38 
-40 43 -7 -2 35 3 16 -6 -17 60 -25 -10 44 21 -37 -32 
28 -52 7 0 -35 6 -14 10 0 -68 26 -1 -49 -4 47 18 
-11 60 -7 1 30 -19 10 -14 17 60 -26 7 50 -6 -50 -4 
-6 -59 5 -3 -26 28 47 -18 -14 19 
RSSI :-110 
Input angle :147
Zaxis angle :0 
minval :0 

minval :0 



-4 -69 69 0 -6 69 -68 -12 18 -66 64 24 -30 61 -58 -36 
20 -52 1 1 -54 28 -23 7 0 -71 36 3 -59 -6 66 14 
-5 55 -2 -1 47 -40 20 -13 20 68 -35 6 58 -8 -68 2 
-11 -54 1 0 -29 54 -15 19 -39 -59 32 -17 -51 28 64 -22 
28 48 -2 0 14 -59 9 -22 55 43 -26 24 43 -39 -54 40 
-40 -38 2 0 2 61 -114 -69 -7 -9 
RSSI :-110 
Input angle :132
Zaxis angle :0 
minval :0 

minval :0 



-13 51 -49 -19 23 -48 45 26 -30 43 -39 -35 38 -36 32 41 
-26 42 -12 15 51 -4 23 -13 -18 64 -12 -5 48 12 -43 -30 
12 -48 6 -19 -47 20 -17 19 -4 -66 13 0 -50 2 50 15 
3 49 0 19 38 -34 11 -23 22 62 -13 1 47 -15 -52 0 
-16 -46 -4 -19 -28 43 -3 26 -37 -54 12 -5 -41 28 50 -13 
28 40 10 17 13 -50 -80 73 10 75 
RSSI :-110 
Input angle :161
Zaxis angle :0 
minval :0 

minval :0 



65 -32 26 68 -70 20 -13 -71 73 -6 0 73 -73 -5 11 -72 
65 6 6 9 -34 -37 -27 -25 55 -16 30 33 -21 -61 9 71 
-64 14 -9 -7 43 25 33 15 -47 32 -38 -22 39 51 -28 -66 
57 -31 11 3 -49 -12 -36 -6 37 -44 42 12 -52 -38 49 53 
-47 46 -11 0 50 -3 37 -4 -21 53 -44 3 61 20 -61 -38 
31 -58 11 -3 -47 17 0 -122 -15 45 
RSSI :-110 
Input angle :165
Zaxis angle :14 
minval :0 

minval :0 



12 -75 73 20 -26 71 -70 -30 35 -67 63 41 -48 59 -54 -52 
31 -44 2 -1 -50 21 -10 14 0 -52 38 3 -48 -8 66 37 
-18 51 -2 2 41 -34 6 -16 15 49 -38 5 48 -5 -73 -18 
6 -54 1 -2 -31 44 0 18 -27 -44 34 -16 -45 19 76 -2 
9 54 0 3 16 -52 -3 -17 38 34 -27 27 36 -32 -72 25 
-26 -48 0 -2 -1 54 15 -36 -6 17 
RSSI :-110 
Input angle :146
Zaxis angle :20 
minval :0 

minval :0 



-15 -62 63 -10 5 64 -64 0 5 -63 63 11 -18 61 -58 -23 
19 -57 9 -13 -33 34 -14 25 -2 -66 36 -5 -62 1 62 7 
-4 60 -4 15 22 -41 8 -28 20 62 -32 15 60 -16 -61 14 
-13 -59 0 -16 -9 46 2 29 -38 -54 27 -23 -52 32 55 -31 
29 52 4 15 -1 -48 -8 -28 52 40 -19 30 41 -47 -45 44 
-44 -42 -8 -14 18 43 -81 63 -6 99 
RSSI :-110 
Input angle :148
Zaxis angle :14 
minval :0 

minval :0 



-40 55 -51 -45 50 -46 42 53 -56 38 -32 -60 63 -25 19 65 
-44 12 -7 -1 54 21 30 4 -47 36 -27 -21 40 41 -38 -55 
39 -25 7 -1 -58 -7 -30 5 35 -47 32 12 -51 -26 53 42 
-31 34 -7 2 58 -10 28 -13 -22 55 -35 -2 56 13 -62 -27 
19 -42 6 -4 -52 27 -23 21 3 -59 34 -6 -57 7 68 9 
-6 46 -4 6 42 -41 -64 112 14 69 
RSSI :-110 
Input angle :152
Zaxis angle :0 
minval :0 

minval :0 



-24 -101 102 -14 8 104 -102 0 10 -101 100 19 -27 99 -97 -36 
23 -108 13 -10 -48 64 1 38 -48 -107 50 -9 -70 18 101 10 
11 112 -9 12 26 -77 -13 -37 78 89 -47 19 61 -38 -102 21 
-42 -108 3 -15 4 85 23 32 -104 -65 38 -32 -52 53 89 -46 
73 86 0 16 -22 -76 -29 -23 117 31 -27 42 32 -64 -74 72 
-97 -64 -3 -15 44 68 111 -56 0 -103 
RSSI :-110 
Input angle :140
Zaxis angle :32 
minval :0 

minval :0 



-82 91 -85 -90 97 -75 64 104 -111 53 -42 -117 120 -31 23 120 
-113 39 -32 -4 88 23 44 -6 -71 75 -29 -41 55 83 -56 -109 
95 -72 32 -7 -91 5 -39 21 44 -95 41 28 -77 -61 89 83 
-71 96 -28 15 85 -30 31 -30 -15 105 -47 -17 92 37 -107 -60 
39 -111 23 -22 -73 54 -22 38 -14 -104 49 3 -99 -8 119 26 
-2 119 -15 28 52 -74 16 -59 11 123 
RSSI :-110 
Input angle :160
Zaxis angle :14 
minval :0 

minval :0 



-97 -75 84 -91 82 92 -99 74 -65 -105 111 -54 42 116 -120 31 
-54 -83 7 -31 -36 88 8 47 -80 -61 41 -51 -75 84 104 -64 
73 65 0 31 8 -95 -22 -44 94 35 -24 60 49 -101 -85 90 
-89 -43 -9 -30 17 95 33 35 -101 -8 8 -66 -24 111 53 -111 
98 15 17 26 -41 -87 -42 -25 99 -26 12 65 -16 -112 -16 122 
-97 16 -24 -19 62 72 -113 125 6 -51 
RSSI :-110 
Input angle :150
Zaxis angle :0 
minval :0 

minval :0 



-13 -109 113 -3 -6 111 -107 -18 32 -105 105 39 -42 105 -97 -54 
15 -94 37 -25 -69 27 -25 46 -35 -91 58 -2 -121 5 108 26 
12 96 -25 35 52 -48 11 -52 61 74 -58 18 120 -41 -111 5 
-43 -84 15 -40 -45 58 5 50 -72 -57 48 -33 -96 73 99 -41 
65 71 -1 43 23 -68 -17 -45 85 33 -40 46 76 -99 -86 64 
-77 -47 -8 -43 -2 67 47 -114 -2 -79 
RSSI :-110 
Input angle :157
Zaxis angle :20 
minval :0 

minval :0 



35 35 -38 32 -29 -40 42 -25 21 45 -47 16 -13 -47 49 -10 
19 50 1 8 7 -28 0 -16 37 26 -30 11 58 -32 -44 21 
-33 -44 -2 -7 0 30 3 15 -49 -15 26 -18 -49 48 36 -32 
40 35 5 6 -9 -29 -4 -16 52 3 -20 25 33 -60 -25 42 
-53 -17 -7 -4 19 24 9 12 -50 12 12 -29 -16 67 13 -47 
56 5 7 2 -18 -19 0 58 -7 -109 
RSSI :-110 
Input angle :150
Zaxis angle :20 
minval :0 

minval :0 



25 124 -126 8 1 0 127 11 -20 125 -122 -30 41 -119 116 52 
-33 101 -16 14 87 -45 25 -19 17 103 -68 -12 116 6 -123 -22 
6 -106 11 -17 -73 65 -21 23 -42 -95 70 -8 -114 23 125 -12 
27 103 -6 20 52 -84 12 -29 67 80 -64 27 102 -56 -117 44 
-55 -91 0 -21 -25 95 -5 32 -89 -52 54 -43 -79 86 100 -78 
79 71 5 21 -2 -98 -64 124 3 -23 
RSSI :-110 
Input angle :159
Zaxis angle :0 
minval :0 

minval :0 



-20 -59 62 -14 11 64 -63 3 0 -62 62 7 -14 63 -59 -20 
12 -50 17 -6 -37 32 -13 24 -19 -61 33 -5 -61 0 63 -1 
5 52 -15 10 23 -47 7 -26 35 59 -31 13 55 -22 -60 18 
-19 -49 11 -14 -12 47 0 27 -51 -45 24 -22 -50 35 52 -35 
36 41 -6 16 -4 -53 -10 -26 62 28 -19 27 37 -49 -42 45 
-43 -29 1 -18 20 47 94 -3 -3 -53 
RSSI :-110 
Input angle :147
Zaxis angle :14 
minval :0 

minval :0 



-95 72 -63 -103 110 -48 43 112 -117 35 -28 -115 118 -19 6 121 
-104 15 -18 -8 72 47 42 7 -86 65 -30 -50 51 92 -30 -115 
98 -41 21 0 -82 -26 -42 6 64 -87 43 39 -78 -71 68 97 
-77 72 -21 4 86 2 40 -15 -36 101 -53 -24 95 46 -88 -74 
58 -91 18 -9 -83 23 -33 28 2 -109 58 11 -104 -17 106 52 
-31 102 -14 14 73 -45 16 51 13 -81 
RSSI :-110 
Input angle :153
Zaxis angle :14 
minval :0 

minval :0 



70 -106 100 78 -85 94 -86 -93 101 -76 66 109 -114 56 -46 -118 
77 -65 30 -13 -79 -28 -41 24 42 -74 33 22 -96 -69 79 99 
-53 88 -26 22 84 0 30 -35 -18 84 -38 -11 112 38 -103 -70 
28 -98 17 -28 -80 23 -20 42 -6 -85 40 0 -119 -6 118 44 
-1 101 -9 32 71 -42 8 -46 29 80 -40 11 113 -31 -125 -4 
-30 -97 -1 -33 -53 65 -81 -32 -9 -111 
RSSI :-110 
Input angle :157
Zaxis angle :14 
minval :0 

minval :0 



-102 -2 9 -100 99 22 -34 94 -90 -41 49 -88 83 57 -60 79 
-55 -38 4 -4 -26 72 13 66 -93 -26 43 -57 -49 118 43 -88 
63 20 -3 5 6 -76 -33 -58 96 -6 -26 66 13 -125 -11 99 
-66 1 2 -5 17 74 49 46 -90 33 3 -70 24 125 -15 -97 
65 -16 -1 5 -40 -65 -60 -30 80 -55 13 70 -59 -112 46 87 
-57 37 -2 -6 54 54 -81 -96 9 -29 
RSSI :-110 
Input angle :122
Zaxis angle :0 
minval :0 

minval :0 



-121 22 -13 -122 122 -1 -6 123 -120 -18 31 -118 115 43 -52 109 
-57 -26 33 -31 61 83 63 43 -122 6 -12 -46 -29 102 19 -119 
63 10 -24 37 -79 -65 -72 -24 117 -38 24 40 0 -106 20 119 
-63 11 12 -43 96 37 77 1 -100 69 -35 -31 31 100 -49 -109 
57 -26 -1 44 -102 -8 -73 22 75 -98 43 19 -56 -90 79 92 
-48 41 -12 -44 101 -19 -1 67 14 -57 
RSSI :-110 
Input angle :124
Zaxis angle :0 
minval :0 

minval :0 



21 -81 79 28 -36 76 -72 -44 50 -67 62 55 -61 57 -53 -64 
77 -50 -7 22 -30 -27 -69 -24 31 -27 61 30 -45 -60 67 48 
-61 69 0 -23 37 18 74 7 -20 36 -68 -10 63 44 -77 -27 
37 -85 5 22 -41 -5 -72 15 8 -39 67 -10 -73 -21 82 4 
-12 91 -13 -18 41 -4 65 -34 3 41 -62 28 76 1 -79 23 
-15 -91 17 14 -36 18 -97 36 -5 27 
RSSI :-110 
Input angle :122
Zaxis angle :0 
minval :0 

minval :0 



6 -50 52 9 -10 51 -50 -17 22 -45 44 28 -30 42 -39 -32 
29 -30 11 -1 -42 10 -20 31 13 -65 40 20 -78 -27 46 22 
-13 38 -10 4 37 -22 13 -37 4 66 -42 -4 82 3 -49 -5 
2 -40 8 -7 -28 32 -3 38 -26 -63 44 -7 -82 22 49 -6 
8 39 -5 9 19 -38 -11 -36 44 52 -39 20 71 -43 -46 21 
-16 -38 2 -11 -6 45 -113 -105 -10 -3 
RSSI :-110 
Input angle :147
Zaxis angle :20 
minval :0 

minval :0 



11 65 -65 6 -2 -66 66 2 -9 65 -64 -14 19 -63 60 25 
-21 59 -10 -5 30 -20 27 -26 -2 65 -45 -4 77 12 -64 -9 
3 -62 12 2 -23 28 -19 33 -18 -63 45 -7 -78 10 65 -9 
15 60 -12 0 15 -32 9 -37 35 55 -40 21 72 -30 -59 28 
-30 -54 10 -4 -4 36 1 38 -50 -42 32 -31 -59 50 48 -45 
44 43 -8 7 -6 -36 -96 -82 6 -31 
RSSI :-110 
Input angle :140
Zaxis angle :14 
minval :0 

minval :0 



18 -55 54 23 -26 52 -49 -31 35 -46 43 39 -43 38 -35 -46 
26 -31 8 1 -44 7 -19 19 1 -53 29 22 -60 -24 46 34 
-14 38 -8 1 40 -19 11 -25 11 52 -35 -11 65 6 -54 -18 
2 -40 7 -3 -32 31 -5 27 -27 -46 36 2 -63 13 59 2 
8 40 -5 6 23 -38 -3 -27 39 37 -36 8 56 -32 -55 13 
-19 -36 3 -7 -8 43 -33 79 -6 51 
RSSI :-110 
Input angle :150
Zaxis angle :25 
minval :0 

minval :0 



-92 -47 58 -89 82 65 -73 74 -69 -79 84 -64 57 88 -93 48 
-49 -81 0 -20 -2 58 8 55 -46 -51 46 -49 -81 70 74 -73 
73 62 6 18 -16 -55 -20 -53 59 38 -31 58 61 -89 -52 89 
-85 -43 -11 -16 32 48 36 42 -68 -16 12 -67 -32 102 26 -100 
93 19 15 12 -44 -36 -46 -32 70 0 5 66 0 -108 6 102 
-95 10 -18 -8 54 22 15 12 3 21 
RSSI :-110 
Input angle :144
Zaxis angle :14 
minval :0 

minval :0 



84 76 -83 80 -71 -94 100 -60 49 107 -108 38 -32 -112 111 -22 
45 100 -8 28 41 -70 -3 -44 46 69 -42 34 96 -87 -101 57 
-73 -81 0 -30 -24 80 18 42 -67 -50 29 -47 -64 111 86 -79 
93 57 6 29 -2 -83 -27 -37 78 30 -17 51 28 -122 -62 98 
-104 -27 -15 -24 24 80 37 28 -83 -8 5 -54 3 126 28 -111 
107 -6 21 19 -46 -68 -80 -15 -3 105 
RSSI :-110 
Input angle :153
Zaxis angle :0 
minval :0 

minval :0 



40 53 -56 35 -30 -59 62 -23 18 64 -65 13 -8 -66 66 -3 
5 50 -11 5 23 -54 -3 -18 47 54 -31 16 41 -19 -62 21 
-21 -46 8 -8 -5 59 8 16 -60 -39 25 -24 -33 30 55 -36 
33 37 -6 10 -12 -58 -12 -13 68 20 -17 30 23 -39 -42 50 
-42 -27 3 -12 27 52 16 9 -72 2 6 -35 -13 43 22 -62 
48 13 0 12 -41 -42 49 -5 -7 77 
RSSI :-110 
Input angle :61
Zaxis angle :0 
minval :0 

minval :0 



51 -40 36 55 -57 30 -25 -60 62 -21 15 64 -65 9 -3 -65 
53 -13 3 8 -41 -28 -17 -6 50 -33 7 29 -18 -49 21 60 
-49 24 -4 -8 47 16 18 1 -42 43 -15 -26 30 42 -38 -52 
36 -40 7 5 -50 -1 -18 4 26 -54 23 18 -41 -32 50 39 
-25 49 -8 -3 48 -13 16 -9 -10 59 -28 -12 48 19 -61 -21 
9 -54 9 1 -43 24 31 -16 -16 -97 
RSSI :-110 
Input angle :147
Zaxis angle :14 
minval :0 

minval :0 



-101 57 -47 -107 112 -34 22 114 -116 16 -8 -117 117 2 -11 116 
-110 13 -36 1 86 51 36 -1 -86 55 -33 -36 81 89 -21 -113 
100 -47 33 -11 -95 -25 -34 9 66 -79 42 26 -102 -66 52 103 
-85 73 -28 20 98 -4 29 -20 -40 94 -47 -14 115 38 -77 -84 
60 -93 20 -27 -92 32 -22 28 12 -101 49 -1 -121 1 101 55 
-26 110 -12 33 81 -58 -16 -97 12 -127 
RSSI :-110 
Input angle :150
Zaxis angle :0 
minval :0 

minval :0 



0 -60 60 7 -12 59 -57 -17 21 -55 54 26 -31 51 -48 -36 
26 -43 11 -17 -52 -11 -7 4 9 -47 17 -8 -64 -8 56 21 
-13 49 -5 20 53 -3 5 -6 1 48 -13 13 64 -10 -59 -2 
-4 -50 -1 -21 -50 19 -3 8 -17 -45 9 -16 -57 31 58 -15 
20 47 6 19 42 -33 1 -8 30 37 -3 18 46 -46 -52 28 
-31 -40 -12 -16 -31 44 -65 -7 -8 101 
RSSI :-110 
Input angle :147
Zaxis angle :0 
minval :0 

minval :0 



-60 19 -13 -61 63 -10 4 62 -63 0 8 -62 62 14 -20 58 
-61 -2 0 -10 31 35 9 19 -58 21 -13 -31 27 64 5 -62 
60 -13 2 10 -40 -24 -14 -16 49 -38 22 25 -46 -52 13 61 
-53 29 -5 -8 45 10 19 10 -36 49 -28 -18 58 37 -30 -55 
41 -44 6 8 -48 2 -21 -5 19 -59 31 10 -66 -19 44 43 
-25 56 -9 -5 45 -16 -1 88 15 -71 
RSSI :-110 
Input angle :182
Zaxis angle :0 
minval :0 

minval :0 



-57 -54 59 -52 47 63 -67 42 -36 -70 73 -30 23 75 -77 16 
-19 -59 1 -11 -24 33 -13 20 -43 -32 16 -20 -56 13 69 -36 
36 50 1 11 14 -39 6 -24 50 19 -9 23 49 -29 -58 52 
-48 -39 -5 -9 -3 41 1 24 -54 -2 2 -26 -38 43 38 -68 
59 20 8 7 -9 -40 -8 -23 52 -12 5 25 24 -52 -19 76 
-62 -6 -9 -5 20 35 -65 -107 6 -99 
RSSI :-110 
Input angle :149
Zaxis angle :0 
minval :0 

minval :0 



-58 -105 111 -47 40 115 -117 32 -20 -119 121 -6 -4 120 -118 -13 
0 -94 34 -32 -67 21 -38 55 -64 -63 53 -39 -108 1 118 -13 
23 92 -26 38 59 -38 23 -62 79 44 -40 53 103 -31 -108 50 
-50 -81 13 -44 -44 54 -5 67 -88 -15 23 -62 -89 61 88 -79 
74 59 0 47 27 -64 -16 -64 88 -8 -5 68 66 -85 -56 104 
-88 -33 -15 -44 -6 70 47 -79 4 -17 
RSSI :-110 
Input angle :147
Zaxis angle :0 
minval :0 

minval :0 



-33 117 -113 -42 51 -109 100 62 -71 97 -91 -78 85 -87 73 89 
-73 93 -12 25 83 21 57 -43 -28 81 -49 1 117 57 -101 -65 
44 -110 7 -27 -82 4 -46 58 7 -87 48 -12 -124 -22 113 36 
-7 113 2 28 76 -31 23 -73 22 84 -39 23 124 -9 -119 -1 
-19 -115 -10 -27 -64 52 -6 74 -47 -65 32 -36 -121 43 111 -34 
53 107 18 22 45 -68 -96 -23 6 -55 
RSSI :-110 
Input angle :149
Zaxis angle :0 
minval :0 

minval :0 



-115 37 -26 -118 120 -15 3 121 -122 -3 13 -121 119 22 -34 115 
-99 -20 -37 3 12 76 66 29 -100 24 -32 -45 0 123 0 -119 
100 -10 36 -13 -34 -68 -71 -6 86 -55 44 33 -33 -119 34 114 
-92 41 -29 24 52 57 70 -13 -70 76 -52 -18 64 104 -63 -102 
75 -67 22 -31 -67 -39 -64 31 46 -92 55 0 -90 -83 88 80 
-54 83 -10 37 73 20 -81 -55 12 -87 
RSSI :-110 
Input angle :154
Zaxis angle :0 
minval :0 

minval :0 



58 -17 10 59 -60 4 2 -60 60 7 -11 60 -58 -16 22 -57 
71 8 0 24 -47 -17 -14 -26 80 -9 3 46 1 -57 -4 60 
-71 8 -6 -24 50 2 22 20 -73 34 -18 -42 15 56 -13 -57 
65 -29 13 20 -49 11 -26 -13 61 -53 29 35 -30 -50 27 53 
-53 48 -17 -17 46 -24 30 4 -43 68 -37 -26 42 39 -43 -41 
38 -60 21 10 -37 36 96 19 -20 1 
RSSI :-110 
Input angle :147
Zaxis angle :0 
minval :0 

minval :0 



-81 70 -58 -89 93 -49 40 98 -102 30 -23 -104 105 -16 6 106 
-89 38 -50 3 94 61 63 -4 -66 42 -54 -38 46 102 -33 -100 
76 -62 46 -18 -109 -29 -60 19 52 -58 62 22 -72 -85 61 86 
-54 81 -40 29 114 -2 50 -38 -35 71 -65 -4 95 59 -83 -64 
30 -93 29 -40 -109 32 -36 51 11 -78 65 -18 -107 -25 98 37 
3 97 -13 48 92 -67 -112 -75 9 -31 
RSSI :-110 
Input angle :147
Zaxis angle :0 
minval :0 

minval :0 



15 66 -67 7 0 -67 66 7 -13 66 -65 -19 24 -63 60 28 
-10 50 0 4 51 -36 8 -14 -5 52 -25 17 58 -15 -66 -9 
-6 -51 -1 -4 -40 49 -4 16 -10 -51 19 -23 -51 32 67 -5 
19 48 2 3 22 -58 -1 -16 25 46 -11 27 42 -43 -61 25 
-34 -39 -3 -3 -3 63 5 16 -36 -37 3 -30 -24 54 51 -43 
43 28 3 1 -14 -62 16 13 6 -59 
RSSI :-110 
Input angle :147
Zaxis angle :0 
minval :0 

minval :0 



-33 26 -22 -36 37 -19 15 39 -41 12 -9 -42 42 -4 0 42 
-44 8 -22 0 15 43 17 4 -40 11 -10 -17 24 66 -13 -39 
39 -20 21 -7 -27 -36 -17 0 34 -24 15 14 -42 -57 25 33 
-33 30 -18 13 37 26 16 -5 -26 32 -18 -9 57 42 -33 -24 
22 -39 14 -17 -43 -14 -14 10 13 -39 20 3 -67 -22 39 15 
-8 44 -8 21 45 1 -49 -110 10 -87 
RSSI :-110 
Input angle :160
Zaxis angle :0 
minval :0 

minval :0 



22 -111 111 36 -43 107 -102 -47 53 -97 94 61 -75 88 -81 -83 
65 -98 4 -42 -75 17 -20 55 22 -65 58 -16 -108 -51 102 55 
-30 115 10 41 63 -42 3 -63 9 68 -48 36 125 19 -109 -20 
1 -119 -20 -38 -52 55 13 59 -28 -62 37 -46 -121 15 112 -10 
36 115 31 30 33 -67 -30 -52 43 54 -21 56 109 -52 -104 41 
-65 -100 -37 -18 -12 76 47 58 -5 -7 
RSSI :-110 
Input angle :147
Zaxis angle :0 
minval :0 

minval :0 



45 -41 38 48 -51 34 -31 -53 56 -25 18 58 -60 13 -8 -60 
55 -9 22 5 -34 -26 -24 0 28 -20 25 24 -20 -68 27 54 
-49 25 -22 0 40 14 23 -6 -22 27 -30 -17 38 60 -39 -46 
40 -39 21 -7 -42 -3 -20 13 13 -32 35 5 -55 -43 52 30 
-26 50 -18 14 42 -9 15 -18 -3 35 -34 4 64 28 -59 -15 
12 -55 13 -17 -37 20 127 64 -9 77 
RSSI :-110 
Input angle :147
Zaxis angle :0 
minval :0 

minval :0 



20 -56 53 25 -29 51 -48 -34 39 -45 41 42 -47 36 -31 -49 
48 -20 -4 -12 -37 -1 -17 -6 47 -35 14 38 -29 -74 43 38 
-39 34 7 10 36 -10 17 0 -34 48 -25 -32 49 62 -54 -20 
27 -44 -10 -7 -32 20 -18 3 19 -55 33 25 -64 -46 57 6 
-13 50 12 4 25 -28 15 -9 -3 58 -39 -12 74 28 -57 9 
-3 -52 -13 0 -16 34 -33 -101 -15 37 
RSSI :-110 
Input angle :140
Zaxis angle :20 
minval :0 

minval :0 



42 28 -31 40 -37 -35 38 -34 30 41 -44 26 -23 -46 46 -20 
11 52 6 7 25 -31 -16 -7 26 27 -10 13 53 -41 -38 32 
-28 -45 -7 -5 -15 37 18 1 -32 -19 6 -14 -43 52 30 -40 
39 37 9 2 4 -40 -17 3 36 9 -1 16 27 -62 -15 48 
-48 -23 -9 0 7 39 15 -9 -37 3 -3 -15 -8 67 2 -50 
53 8 8 -2 -19 -35 96 124 -4 9 
RSSI :-110 
Input angle :150
Zaxis angle :14 
minval :0 

minval :0 



-29 111 -110 -38 47 -105 97 58 -65 91 -90 -75 84 -82 69 89 
-73 55 10 19 89 31 21 -35 -27 50 -27 -19 98 55 -93 -66 
59 -71 -14 -14 -98 0 -5 40 11 -59 32 8 -111 -18 111 28 
-33 87 17 10 95 -27 -5 -41 10 58 -34 3 111 -15 -114 0 
9 -95 -20 -3 -80 53 16 35 -23 -56 31 -11 -104 39 110 -29 
18 93 21 -1 61 -72 80 -15 5 -19 
RSSI :-110 
Input angle :140
Zaxis angle :14 
minval :0 

minval :0 



101 66 -72 95 -89 -80 87 -82 73 94 -100 64 -54 -107 110 -44 
37 82 23 9 52 -72 -12 -75 23 72 -18 51 70 -49 -95 70 
-57 -69 -24 -4 -25 85 36 68 -46 -60 4 -54 -50 69 71 -94 
78 45 24 -4 0 -90 -54 -54 63 42 13 53 27 -81 -35 113 
-88 -19 -22 12 27 86 67 36 -71 -21 -26 -46 -1 86 3 -118 
90 -4 17 -17 -49 -75 -64 -6 -1 61 
RSSI :-110 
Input angle :149
Zaxis angle :0 
minval :0 

minval :0 



-96 -67 74 -91 82 85 -92 73 -67 -97 102 -60 48 107 -110 38 
-58 -113 12 -30 24 64 6 68 -92 -35 27 -82 -81 86 96 -65 
88 91 -1 33 -42 -54 -31 -62 98 8 -3 86 57 -104 -73 90 
-110 -65 -7 -31 54 41 46 50 -96 22 -21 -84 -24 115 38 -109 
125 26 16 28 -65 -21 -57 -38 86 -48 43 74 -5 -118 -6 116 
-127 13 -24 -21 69 4 47 -2 8 33 
RSSI :-110 
Input angle :151
Zaxis angle :0 
minval :0 

minval :0 



64 29 -36 60 -57 -41 46 -53 49 50 -54 45 -40 -57 60 -35 
33 50 8 7 -7 -49 -11 -35 35 19 -14 33 28 -41 -49 50 
-46 -38 -10 -5 21 45 20 31 -39 -8 5 -36 -16 46 33 -60 
55 23 11 2 -32 -37 -28 -24 40 -2 3 36 2 -49 -13 68 
-60 -7 -11 1 41 26 34 14 -38 13 -16 -32 12 47 -5 -69 
58 -9 10 -4 -48 -10 80 110 -7 117 
RSSI :-110 
Input angle :147
Zaxis angle :0 
minval :0 

minval :0 



105 70 -77 98 -91 -86 95 -84 72 103 -108 64 -55 -113 117 -45 
47 95 -29 27 1 -99 -4 -66 57 50 -41 77 82 -76 -100 74 
-76 -76 22 -34 30 93 20 62 -67 -34 17 -87 -52 96 72 -101 
95 47 -8 39 -59 -80 -39 -53 73 12 9 87 27 -106 -38 119 
-104 -23 -2 -41 79 59 54 36 -73 15 -38 -78 11 110 2 -125 
105 -10 13 38 -92 -33 -96 -8 -5 89 
RSSI :-110 
Input angle :141
Zaxis angle :0 
minval :0 

minval :0 



-16 59 -57 -22 27 -55 53 31 -34 50 -47 -39 44 -42 40 46 
-53 49 11 -6 55 -34 25 -15 -22 53 -34 -11 50 14 -52 -31 
35 -63 -8 9 -42 49 -18 21 5 -57 36 0 -51 0 58 15 
-17 70 5 -11 22 -60 12 -26 13 55 -34 9 49 -13 -60 -1 
-4 -72 -2 12 -7 64 -4 28 -26 -51 30 -21 -41 30 57 -19 
24 68 -1 -12 -14 -63 80 21 10 -83 
RSSI :-110 
Input angle :122
Zaxis angle :0 
minval :0 

minval :0 



7 67 -67 1 4 -66 66 11 -15 65 -63 -22 27 -61 58 31 
-22 60 -12 0 34 -35 16 -18 -5 49 -34 8 51 0 -64 -12 
3 -64 11 -4 -26 41 -12 22 -7 -48 30 -18 -48 12 66 -6 
16 61 -9 6 11 -47 4 -24 23 44 -25 24 42 -28 -61 24 
-32 -54 6 -10 8 49 3 24 -34 -35 14 -32 -28 40 49 -43 
48 41 -3 11 -18 -46 48 -85 5 -115 
RSSI :-110 
Input angle :144
Zaxis angle :14 
minval :0 

minval :0 



-63 -36 40 -60 57 44 -48 53 -48 -54 58 -43 37 62 -64 31 
-33 -52 11 -12 14 56 3 25 -37 -24 21 -34 -24 43 53 -48 
46 40 -7 14 -28 -50 -9 -24 43 12 -9 38 10 -50 -35 62 
-56 -24 2 -16 43 39 15 20 -45 0 -3 -40 5 50 15 -70 
61 9 2 15 -52 -25 -21 -14 43 -12 14 38 -20 -46 7 71 
-61 11 -7 -14 57 8 79 94 6 113 
RSSI :-110 
Input angle :147
Zaxis angle :14 
minval :0 

minval :0 



1 68 -68 -6 12 -67 65 19 -21 63 -62 -25 30 -60 56 36 
-31 55 -6 -3 48 -28 12 -19 -13 48 -28 5 52 -4 -63 -20 
11 -60 7 0 -37 41 -6 22 0 -47 26 -12 -48 18 66 2 
3 63 -6 0 27 -48 0 -22 17 45 -22 19 40 -34 -64 16 
-20 -58 5 -2 -14 55 6 21 -29 -39 15 -25 -26 44 55 -36 
37 50 -5 4 -5 -55 96 -55 7 -59 
RSSI :-110 
Input angle :140
Zaxis angle :14 
minval :0 

minval :0 



-13 74 -73 -18 26 -70 68 33 -39 65 -61 -43 50 -56 51 55 
-39 47 -11 -6 44 -37 10 -14 -18 57 -27 -8 42 28 -65 -34 
24 -57 12 2 -32 48 -6 17 0 -60 29 0 -49 -12 72 17 
-8 61 -13 0 18 -55 0 -17 17 58 -28 8 51 -2 -74 4 
-11 -61 12 -4 1 58 4 17 -33 -50 25 -15 -49 15 71 -24 
29 54 -10 7 -17 -55 0 120 9 25 
RSSI :-110 
Input angle :134
Zaxis angle :25 
minval :0 

minval :0 



24 -52 49 30 -36 45 -41 -41 42 -39 36 44 -47 32 -28 -50 
53 -33 11 -8 -51 -16 -48 34 49 -56 42 14 -61 -64 41 39 
-41 47 -7 11 53 0 35 -48 -28 68 -45 0 78 40 -49 -28 
24 -57 3 -13 -51 15 -15 57 7 -74 43 -12 -87 -15 55 12 
-5 62 0 14 44 -30 3 -59 17 72 -37 25 88 -10 -56 6 
-12 -62 -4 -13 -32 41 -1 36 -17 97 
RSSI :-110 
Input angle :153
Zaxis angle :0 
minval :0 

minval :0 



10 61 -61 5 0 -62 61 5 -12 60 -60 -17 20 -58 56 23 
-20 52 -9 7 43 -15 15 -48 -23 44 -30 11 65 18 -60 -8 
2 -56 6 -10 -36 27 0 50 6 -49 25 -19 -68 2 59 -10 
15 54 -3 11 28 -36 -13 -49 9 49 -19 26 63 -24 -53 28 
-28 -47 0 -11 -14 43 27 43 -23 -44 10 -30 -54 41 43 -42 
40 38 3 11 4 -46 -112 57 9 -47 
RSSI :-110 
Input angle :147
Zaxis angle :0 
minval :0 

minval :0 



-63 -18 25 -61 59 29 -33 57 -53 -38 44 -48 43 50 -52 40 
-35 -39 -9 -6 9 46 32 16 -39 -18 -1 -29 -33 44 39 -52 
44 29 10 4 -23 -40 -35 -8 42 6 11 28 21 -51 -20 61 
-51 -13 -11 0 34 32 35 -3 -42 6 -18 -24 -4 55 1 -66 
53 0 11 -2 -41 -21 -33 14 39 -19 24 17 -10 -54 15 63 
-50 17 -9 6 46 9 31 -126 7 -83 
RSSI :-110 
Input angle :158
Zaxis angle :20 
minval :0 

minval :0 



42 33 -36 39 -35 -40 43 -31 27 46 -48 22 -18 -50 51 -14 
13 41 -8 12 13 -19 -1 -22 28 42 -26 31 55 -34 -43 30 
-26 -35 4 -14 -7 23 8 19 -39 -32 14 -38 -46 46 35 -39 
35 27 -1 14 1 -24 -13 -16 46 20 -4 40 28 -59 -22 47 
-41 -15 -3 -14 6 22 18 12 -51 -5 -8 -39 -7 65 6 -51 
43 2 6 12 -13 -20 -96 1 -3 -107 
RSSI :-110 
Input angle :147
Zaxis angle :0 
minval :0 

minval :0 



98 -53 45 103 -106 37 -28 -109 109 -18 8 112 -112 -4 14 -110 
90 -7 0 33 -23 -21 -69 -22 73 -39 45 63 -9 -122 17 109 
-84 31 -10 -31 28 14 72 0 -59 57 -60 -48 42 115 -45 -100 
69 -56 18 26 -31 -4 -69 21 41 -71 71 31 -76 -95 72 83 
-48 75 -25 -19 31 -3 59 -42 -15 80 -78 -10 99 73 -97 -51 
25 -86 30 11 -28 13 -97 -87 -11 9 
RSSI :-110 
Input angle :133
Zaxis angle :0 
minval :0 

minval :0 



45 -32 29 48 -50 24 -20 -52 54 -16 13 55 -56 9 -4 -55 
43 3 7 -7 -22 -14 -17 7 41 -27 22 39 -24 -75 20 51 
-42 10 -4 8 25 7 14 -12 -32 38 -33 -30 43 66 -32 -45 
37 -22 1 -10 -26 2 -10 16 20 -45 40 20 -62 -48 42 35 
-29 32 0 10 25 -9 5 -18 -3 49 -44 -6 73 29 -51 -19 
17 -40 -3 -9 -22 15 -97 -57 -13 -11 
RSSI :-110 
Input angle :150
Zaxis angle :25 
minval :0 

minval :0 



9 64 -64 4 0 -64 63 7 -15 62 -60 -22 26 -58 56 29 
-20 35 11 7 45 -14 -11 -17 -10 31 -29 -13 73 27 -62 -13 
11 -39 -13 -3 -39 27 16 13 0 -33 31 5 -78 -5 62 -4 
0 41 14 0 30 -37 -19 -9 10 32 -32 4 76 -18 -59 22 
-13 -38 -12 4 -15 45 21 1 -20 -27 29 -14 -67 41 48 -40 
24 33 10 -8 3 -47 96 53 5 105 
RSSI :-110 
Input angle :137
Zaxis angle :25 
minval :0 

minval :0 



-56 -47 52 -51 46 57 -60 41 -35 -63 66 -31 25 68 -70 20 
-1 -45 -4 0 -4 36 15 6 -14 -40 42 -5 -78 7 61 -39 
15 42 4 0 -4 -36 -16 -2 24 35 -38 17 72 -28 -44 56 
-27 -36 -3 1 17 31 15 -2 -32 -27 31 -28 -60 49 29 -65 
36 27 3 -3 -25 -25 -14 7 40 15 -22 36 44 -64 -9 71 
-42 -16 -2 3 31 18 15 50 -1 -39 
RSSI :-110 
Input angle :146
Zaxis angle :29 
minval :0 

minval :0 



7 -114 116 15 -27 116 -111 -37 43 -107 105 52 -60 101 -93 -71 
46 -53 -1 4 -46 36 -18 22 16 -45 49 26 -66 -59 108 44 
-27 65 -2 -6 35 -47 12 -27 -2 48 -55 -7 84 39 -116 -7 
7 -73 1 6 -18 53 -5 25 -13 -46 56 -7 -89 -11 114 -29 
11 70 -5 -3 5 -57 -7 -28 23 41 -52 18 87 -14 -102 58 
-32 -65 4 2 11 55 -65 -15 -2 -59 
RSSI :-110 
Input angle :124
Zaxis angle :20 
minval :0 

minval :0 


