
16 52 -52 12 -8 -53 54 -3 -1 53 -53 -7 12 -52 51 15 
-58 43 61 -36 -37 23 -63 -50 43 61 0 -10 20 1 -52 0 
40 -60 -48 50 29 -33 75 28 -60 -43 3 9 -18 5 51 -16 
-18 71 31 -63 -16 39 -80 -1 70 24 -6 -7 17 -10 -43 30 
-4 -73 -8 70 3 -43 78 -20 -74 0 8 5 -12 15 32 -42 
26 67 -11 -69 10 42 -48 -52 -4 -95 
RSSI :-110 
Input angle :46
Zaxis angle :32 
minval :0 

minval :0 



-30 -46 49 -27 24 49 -50 22 -16 -52 54 -10 3 54 -54 0 
37 -43 -48 42 41 -23 53 25 -36 -46 13 12 -45 10 51 -17 
-26 48 33 -55 -30 36 -59 -6 47 35 -14 -6 40 -26 -45 30 
8 -56 -13 64 19 -44 59 -8 -56 -17 15 2 -31 36 32 -44 
8 55 -6 -64 -7 47 -51 30 58 1 -16 1 19 -42 -18 50 
-28 -49 25 60 -6 -46 31 57 2 -15 
RSSI :-110 
Input angle :49
Zaxis angle :25 
minval :0 

minval :0 



-3 -33 33 -1 0 33 -33 -3 7 -32 31 10 -13 30 -29 -16 
75 8 -44 -7 57 5 9 60 14 -67 -11 -12 -28 -13 32 5 
-74 15 44 -6 -56 10 -27 -54 8 68 14 7 31 5 -32 5 
66 -36 -39 19 50 -28 41 45 -28 -62 -16 -1 -30 5 29 -14 
-51 55 32 -30 -40 41 -53 -29 44 52 16 -2 28 -14 -24 22 
31 -69 -20 39 25 -52 62 121 -18 71 
RSSI :-110 
Input angle :2
Zaxis angle :0 
minval :0 

minval :0 



-42 12 -8 -43 45 -6 0 46 -44 -5 8 -43 43 11 -14 42 
0 -69 17 51 15 -45 63 -33 -50 5 6 3 0 17 3 -44 
21 65 -31 -43 -1 48 -51 51 44 -23 -7 -1 -5 -16 12 42 
-40 -56 42 33 -16 -46 32 -64 -35 34 5 -1 9 13 -25 -39 
55 40 -50 -17 31 38 -12 72 23 -45 -4 3 -14 -4 34 27 
-65 -20 55 0 -37 -27 127 38 6 43 
RSSI :-110 
Input angle :49
Zaxis angle :25 
minval :0 

minval :0 



-20 -73 74 -16 9 75 -75 2 3 -75 75 10 -18 73 -70 -25 
101 -56 -106 49 68 12 65 90 -11 -50 -12 -4 -41 -4 75 2 
-84 80 84 -79 -68 9 -89 -67 23 47 12 0 41 -7 -72 22 
50 -105 -58 100 63 -27 105 38 -36 -37 -11 4 -35 21 64 -39 
-19 114 22 -114 -52 45 -111 -5 46 23 10 -7 28 -30 -46 59 
-16 -115 14 115 34 -59 79 112 -2 15 
RSSI :-110 
Input angle :13
Zaxis angle :0 
minval :0 

minval :0 



9 38 -38 6 -5 -39 39 -2 -2 39 -39 -6 9 -38 37 12 
-67 19 47 0 -54 -11 -32 -46 5 60 -3 16 31 13 -39 -2 
58 -38 -45 14 55 -4 43 35 -22 -56 -1 -16 -34 -4 37 -10 
-43 55 37 -29 -51 22 -52 -18 38 46 5 15 33 -6 -33 20 
24 -66 -27 39 41 -36 55 0 -51 -31 -10 -12 -30 16 23 -30 
-1 70 12 -45 -29 47 1 121 7 -13 
RSSI :-110 
Input angle :58
Zaxis angle :0 
minval :0 

minval :0 



-48 33 -30 -50 52 -27 22 53 -55 16 -11 -58 57 -6 1 59 
-50 -53 33 34 -12 -46 33 -62 -68 18 0 -2 -3 37 -19 -54 
65 33 -42 -22 27 39 -14 69 62 -35 0 1 -6 -37 33 47 
-72 -11 47 11 -38 -28 -7 -70 -48 52 -1 -1 17 33 -48 -32 
72 -10 -48 3 44 15 29 64 31 -64 0 0 -27 -25 55 17 
-68 27 43 -18 -47 -2 -81 37 9 67 
RSSI :-110 
Input angle :58
Zaxis angle :14 
minval :0 

minval :0 



28 -30 28 31 -33 26 -23 -35 36 -20 16 38 -40 13 -9 -41 
3 -47 -29 -43 -75 56 -55 -10 68 -39 35 86 97 -37 22 34 
10 46 41 33 55 -76 55 -8 -52 59 -59 -72 -81 65 -31 -26 
-24 -40 -49 -18 -26 90 -49 26 31 -72 80 48 60 -85 38 15 
36 30 52 0 0 -94 38 -41 -6 78 -90 -23 -26 101 -41 -3 
-43 -18 -50 13 30 89 15 74 -39 63 
RSSI :-110 
Input angle :0
Zaxis angle :32 
minval :0 

minval :0 



21 -11 11 20 -21 10 -6 -23 23 -4 5 23 -23 0 0 -24 
10 -8 -11 -23 -56 14 -42 -16 31 -7 14 53 88 -10 9 21 
-6 14 19 18 49 -30 45 1 -24 13 -28 -46 -82 37 -14 -20 
0 -11 -23 -13 -39 41 -45 12 20 -23 42 34 66 -60 19 12 
1 14 27 3 24 -52 37 -26 -11 28 -52 -17 -46 77 -21 -6 
-5 -12 -26 4 -1 57 -32 -71 -9 35 
RSSI :-110 
Input angle :0
Zaxis angle :29 
minval :0 

minval :0 



19 18 -20 17 -16 -21 23 -14 11 24 -25 9 -7 -25 26 -5 
32 -7 15 -22 -37 -39 -13 -26 32 41 -47 16 43 75 -22 13 
-28 18 -6 27 47 26 22 20 -42 -31 38 -32 -63 -59 17 -19 
21 -25 -1 -27 -53 -9 -26 -13 50 14 -27 43 80 34 -10 24 
-11 31 10 25 53 -6 29 4 -52 3 12 -48 -86 -6 1 -26 
2 -33 -17 -21 -48 23 64 -104 -5 123 
RSSI :-110 
Input angle :359
Zaxis angle :25 
minval :0 

minval :0 



-28 2 -1 -28 28 1 -4 28 -27 -7 9 -27 26 11 -13 24 
-51 33 -11 56 89 33 47 27 -79 -31 36 -62 -97 -31 4 -27 
37 -48 -8 -57 -95 0 -53 -12 85 2 -14 70 102 -1 3 27 
-18 58 24 52 91 -27 54 -5 -81 25 -8 -71 -98 29 -12 -24 
3 -61 -38 -42 -80 51 -50 22 69 -49 28 66 84 -58 19 20 
18 58 51 26 56 -76 126 88 33 95 
RSSI :-110 
Input angle :350
Zaxis angle :20 
minval :0 

minval :0 



35 6 -9 35 -34 -11 13 -34 32 16 -18 31 -29 -21 24 -27 
46 -31 17 -52 -86 -41 -40 -42 51 42 -50 61 89 52 -13 33 
-32 45 -2 55 94 16 51 30 -62 -25 28 -74 -101 -17 1 -35 
15 -53 -16 -52 -95 13 -59 -8 67 1 0 79 101 -17 7 34 
1 55 32 44 85 -43 59 -5 -63 19 -22 -76 -91 48 -17 -30 
-18 -52 -44 -33 -67 68 -15 32 -21 -81 
RSSI :-110 
Input angle :1
Zaxis angle :20 
minval :0 

minval :0 



22 -27 24 24 -27 22 -20 -28 30 -17 15 31 -32 12 -9 -33 
17 -51 -12 -58 -87 33 -50 0 82 -21 2 67 98 -26 20 27 
0 54 30 50 74 -56 48 -15 -71 46 -22 -63 -86 54 -28 -20 
-15 -52 -46 -37 -51 78 -40 31 53 -66 43 51 65 -79 32 11 
31 44 55 21 26 -89 30 -41 -31 79 -56 -35 -39 94 -34 0 
-45 -29 -58 -2 7 93 -16 -6 -44 -109 
RSSI :-110 
Input angle :356
Zaxis angle :25 
minval :0 

minval :0 



25 31 -34 22 -19 -35 37 -16 14 38 -39 11 -7 -40 40 -4 
47 15 53 -9 -4 -88 6 -59 5 85 -74 -10 6 102 -37 14 
-50 0 -47 27 32 82 10 58 -38 -76 73 -16 -34 -96 30 -26 
48 -14 37 -39 -56 -68 -29 -51 55 66 -65 37 63 80 -20 34 
-42 27 -23 49 71 51 43 39 -74 -43 50 -56 -85 -56 7 -39 
26 -42 3 -53 -86 -18 -30 0 5 -21 
RSSI :-110 
Input angle :0
Zaxis angle :32 
minval :0 

minval :0 



36 -5 3 36 -36 0 3 -36 36 6 -9 35 -34 -12 15 -33 
49 -25 24 -54 -82 -38 -25 -45 72 31 -54 59 91 47 -5 35 
-40 39 -4 59 89 11 37 35 -78 -9 32 -73 -101 -19 -8 -35 
23 -50 -16 -57 -88 20 -47 -20 76 -17 -6 80 101 -19 18 30 
-6 55 31 50 78 -45 51 4 -67 41 -19 -78 -91 48 -25 -25 
-11 -54 -46 -37 -58 69 65 -113 -31 -49 
RSSI :-110 
Input angle :359
Zaxis angle :25 
minval :0 

minval :0 



-9 -25 26 -7 4 26 -27 2 0 -26 26 1 -3 26 -25 -6 
-20 -18 -37 -9 -3 51 -14 26 8 -49 34 21 30 -92 26 -3 
26 10 38 -1 -13 -50 5 -30 8 49 -39 -8 4 96 -24 10 
-28 -3 -35 14 29 42 5 29 -23 -43 40 -3 -29 -93 19 -17 
26 -6 29 -24 -41 -31 -13 -27 35 35 -37 16 59 76 -11 23 
-22 15 -19 32 49 14 31 -95 -6 31 
RSSI :-110 
Input angle :0
Zaxis angle :25 
minval :0 

minval :0 



23 -14 9 24 -26 8 -8 -28 28 -2 1 26 -28 1 2 -29 
9 -26 -7 -38 -63 21 -37 -5 47 2 -2 42 99 -1 6 28 
-6 27 18 34 53 -35 39 -6 -47 10 -11 -41 -91 35 -15 -24 
-2 -28 -27 -27 -39 50 -34 19 41 -25 25 35 76 -65 20 16 
14 21 34 16 19 -64 25 -29 -29 39 -35 -27 -53 83 -24 -10 
-22 -19 -39 -5 0 63 32 73 -12 3 
RSSI :-110 
Input angle :3
Zaxis angle :20 
minval :0 

minval :0 



0 -23 22 1 -2 22 -23 -3 5 -22 21 8 -10 21 -19 -11 
-10 -27 -23 -23 -34 42 -30 17 30 -31 24 31 67 -64 22 4 
18 22 29 14 17 -52 23 -27 -18 39 -33 -22 -45 82 -22 3 
-25 -15 -32 -3 0 54 -13 32 5 -43 39 9 14 -92 20 -10 
29 5 31 -6 -16 -52 2 -35 6 43 -39 1 16 92 -15 16 
-29 2 -27 16 31 44 127 99 -10 -25 
RSSI :-110 
Input angle :353
Zaxis angle :29 
minval :0 

minval :0 



-20 -14 15 -18 17 17 -19 15 -13 -20 21 -12 10 22 -23 7 
-31 -1 -33 16 45 48 7 33 -26 -48 39 -17 -45 -90 18 -16 
30 -7 26 -25 -58 -31 -18 -28 40 36 -31 30 69 73 -12 20 
-25 17 -15 33 65 8 26 22 -51 -21 20 -38 -90 -48 5 -23 
19 -24 5 -36 -65 9 -31 -12 55 2 -7 42 100 16 1 23 
-11 29 6 35 58 -31 47 121 3 63 
RSSI :-110 
Input angle :0
Zaxis angle :32 
minval :0 

minval :0 



28 -16 13 29 -31 10 -7 -31 31 -4 2 33 -33 0 3 -32 
9 -32 -4 -36 -50 27 -37 -5 48 -16 -4 37 96 -10 7 30 
4 33 14 34 39 -43 37 -4 -42 28 -8 -37 -89 35 -15 -27 
-14 -30 -25 -27 -24 50 -33 18 29 -41 20 32 72 -64 25 21 
20 26 32 18 4 -58 26 -25 -11 49 -28 -24 -47 86 -29 -11 
-29 -16 -36 -8 9 55 79 19 -13 35 
RSSI :-110 
Input angle :341
Zaxis angle :25 
minval :0 

minval :0 



11 -39 37 15 -17 36 -35 -20 23 -33 30 27 -29 27 -24 -31 
-16 -55 -15 -51 -57 61 -40 24 42 -77 39 55 78 -66 34 20 
33 47 34 41 36 -75 29 -35 -16 86 -55 -40 -51 89 -38 -8 
-47 -33 -44 -31 -9 83 -16 43 -14 -86 65 20 22 -100 39 -4 
55 14 51 13 -17 -82 3 -46 35 80 -68 0 13 101 -36 15 
-57 2 -53 2 40 73 -114 91 -32 115 
RSSI :-110 
Input angle :353
Zaxis angle :29 
minval :0 

minval :0 



3 39 -39 0 3 -39 39 6 -9 38 -37 -12 16 -36 34 18 
25 33 56 10 15 -61 33 -19 15 46 -53 -31 -21 98 -38 -7 
-34 -23 -58 6 4 62 -25 27 -30 -38 61 13 -10 -100 38 -4 
40 11 53 -23 -21 -59 15 -34 38 29 -62 5 41 91 -34 17 
-42 2 -42 40 40 47 -3 37 -46 -12 56 -26 -67 -74 27 -27 
39 -15 27 -51 -53 -32 113 -118 -2 87 
RSSI :-110 
Input angle :334
Zaxis angle :36 
minval :0 

minval :0 



13 -34 33 17 -19 31 -30 -21 24 -28 25 26 -29 23 -20 -30 
16 -29 -42 -65 -53 31 -46 14 32 -61 1 53 88 -46 29 21 
-6 33 59 49 39 -48 39 -29 -11 68 -18 -50 -67 74 -35 -11 
-2 -33 -72 -28 -21 58 -28 40 -10 -68 33 41 38 -92 36 0 
13 30 77 6 0 -61 12 -47 33 60 -45 -28 -2 100 -34 12 
-23 -24 -74 23 17 59 -114 -111 -25 -81 
RSSI :-110 
Input angle :157
Zaxis angle :29 
minval :0 

minval :0 



11 36 -37 7 -4 -37 37 -1 -1 37 -37 -4 8 -37 35 11 
15 34 75 4 17 -80 27 -42 12 53 -36 -39 -9 99 -37 0 
-25 -27 -71 21 8 82 -11 49 -27 -47 47 25 -18 -97 35 -12 
32 17 64 -39 -33 -75 -4 -50 40 36 -53 -7 51 85 -28 23 
-36 -6 -49 56 52 64 19 46 -49 -22 53 -7 -75 -65 20 -30 
36 -6 26 -70 -71 -41 -15 -95 1 -109 
RSSI :-110 
Input angle :35
Zaxis angle :36 
minval :0 

minval :0 



26 30 -32 23 -19 -35 37 -15 11 38 -39 7 -4 -40 40 -1 
47 -5 64 -46 -40 -59 3 -53 50 36 -57 11 65 74 -36 15 
-43 21 -46 63 55 46 14 51 -59 -17 50 -28 -84 -51 30 -24 
34 -33 21 -76 -68 -22 -30 -44 61 -1 -40 41 96 23 -20 34 
-20 43 5 78 72 1 40 34 -58 18 24 -53 -99 7 10 -38 
6 -47 -25 -74 -69 21 -31 -82 -20 119 
RSSI :-110 
Input angle :0
Zaxis angle :29 
minval :0 

minval :0 



32 16 -18 31 -29 -21 24 -27 24 26 -29 20 -18 -31 32 -16 
34 5 68 -37 -48 -60 10 -48 24 36 -52 10 61 78 -24 25 
-34 5 -53 56 61 46 3 49 -34 -27 47 -25 -81 -56 14 -32 
31 -15 32 -70 -73 -22 -21 -44 41 14 -37 39 96 23 -4 35 
-25 24 -10 77 76 -3 33 36 -44 0 23 -48 -99 8 -7 -34 
15 -31 -18 -76 -71 28 -127 118 -8 -57 
RSSI :-110 
Input angle :1
Zaxis angle :29 
minval :0 

minval :0 



35 -14 11 36 -37 7 -3 -38 38 0 -3 38 -37 -6 9 -36 
24 -35 -11 -77 -71 -4 -40 -28 42 -13 -25 49 99 -6 3 37 
-13 40 35 70 68 -20 47 13 -35 27 8 -55 -93 34 -16 -33 
-1 -43 -54 -57 -61 36 -49 -1 27 -35 8 55 76 -63 25 27 
13 40 71 33 45 -55 46 -17 -14 42 -26 -49 -51 84 -33 -17 
-25 -34 -77 -10 -24 67 111 91 -23 -85 
RSSI :-110 
Input angle :0
Zaxis angle :32 
minval :0 

minval :0 



11 40 -39 8 -4 -40 40 -3 -1 41 -39 -5 8 -40 38 14 
35 22 75 -18 -8 -78 34 -44 0 40 -54 -23 25 96 -39 0 
-41 -10 -64 42 35 69 -19 52 -13 -37 57 6 -54 -83 37 -12 
43 -2 50 -60 -53 -61 0 -55 22 33 -59 10 72 68 -31 24 
-40 15 -24 73 70 38 17 52 -35 -21 52 -29 -91 -39 22 -32 
31 -27 0 -75 -78 -12 -79 -26 4 3 
RSSI :-110 
Input angle :14
Zaxis angle :20 
minval :0 

minval :0 



27 8 -10 26 -26 -12 14 -24 22 17 -19 21 -18 -20 22 -16 
21 -11 18 -41 -38 -21 -13 -30 24 10 -25 15 64 32 -15 23 
-15 18 -3 44 43 9 21 24 -26 -1 17 -24 -71 -9 6 -26 
8 -22 -13 -43 -43 5 -29 -14 25 -7 -9 27 70 -13 2 27 
0 24 26 36 39 -20 32 5 -22 13 0 -29 -63 33 -11 -26 
-6 -23 -36 -26 -32 30 48 -62 -6 -25 
RSSI :-110 
Input angle :2
Zaxis angle :25 
minval :0 

minval :0 



-17 -18 19 -16 15 22 -23 13 -9 -25 25 -6 5 24 -26 2 
-21 6 -31 24 27 38 0 31 -9 -24 30 -7 -40 -58 23 -11 
19 -7 22 -34 -39 -24 -12 -29 16 16 -25 17 56 39 -15 19 
-13 16 -10 39 46 13 20 25 -23 -12 19 -24 -66 -18 8 -23 
7 -18 -3 -40 -46 3 -27 -16 27 4 -11 30 68 -3 0 25 
-2 23 16 37 43 -18 -81 78 1 55 
RSSI :-110 
Input angle :348
Zaxis angle :14 
minval :0 

minval :0 



35 2 -5 35 -34 -9 13 -33 32 15 -18 30 -29 -21 23 -27 
15 -13 24 -37 -40 -17 -14 -28 29 9 -26 21 64 31 -12 33 
-10 18 -11 43 43 4 21 23 -30 0 16 -30 -71 -9 1 -35 
4 -20 -2 -45 -42 10 -26 -16 29 -10 -8 33 71 -11 8 34 
1 21 15 42 37 -21 30 6 -25 17 -2 -34 -63 34 -18 -30 
-8 -19 -30 -33 -27 33 112 -31 -7 27 
RSSI :-110 
Input angle :0
Zaxis angle :32 
minval :0 

minval :0 



28 21 -23 25 -23 -26 28 -20 18 30 -31 15 -12 -33 33 -9 
22 -10 43 -12 -37 -40 7 -25 22 15 -27 8 52 57 -29 18 
-17 17 -37 25 47 28 0 26 -25 -8 24 -15 -67 -38 21 -26 
11 -22 26 -37 -54 -9 -9 -24 27 -1 -18 22 76 15 -12 32 
-3 25 -11 44 54 -9 16 21 -24 10 10 -27 -77 9 0 -35 
-6 -24 0 -45 -48 25 -96 -107 -5 115 
RSSI :-110 
Input angle :342
Zaxis angle :25 
minval :0 

minval :0 



22 31 -36 19 -13 -35 36 -10 8 37 -40 5 -1 -41 40 0 
29 -4 41 -2 -19 -56 7 -20 20 22 -27 0 30 68 -37 13 
-21 15 -38 13 37 47 -1 22 -24 -18 27 -11 -51 -54 32 -20 
19 -24 30 -26 -48 -28 -8 -21 29 9 -22 18 66 38 -19 30 
-11 24 -20 35 60 11 15 18 -29 5 13 -25 -74 -9 9 -37 
0 -30 7 -39 -56 6 0 -59 -4 87 
RSSI :-110 
Input angle :2
Zaxis angle :32 
minval :0 

minval :0 



-4 36 -35 -7 10 -34 34 13 -15 32 -30 -19 22 -28 26 24 
26 16 36 20 18 -47 21 -10 1 20 -16 -16 -13 69 -32 -13 
-30 -9 -40 -9 -1 50 -16 16 -7 -19 20 10 -11 -69 35 3 
31 -2 41 -3 -14 -48 9 -21 13 16 -22 -5 29 64 -34 8 
-27 14 -37 17 28 41 -1 23 -17 -10 22 -4 -50 -49 29 -18 
23 -21 29 -28 -40 -31 0 -27 0 -89 
RSSI :-110 
Input angle :1
Zaxis angle :29 
minval :0 

minval :0 



58 -31 26 61 -62 21 -14 -64 66 -7 2 66 -65 -3 10 -65 
-1 -56 -34 -87 -87 40 -65 -27 46 -14 0 65 125 -44 9 64 
20 53 60 71 72 -64 70 6 -41 26 -15 -63 -106 82 -30 -58 
-33 -46 -76 -52 -52 79 -68 14 33 -38 38 52 69 -111 47 43 
50 30 89 23 19 -93 59 -38 -17 44 -53 -36 -33 126 -58 -27 
-53 -16 -91 8 8 92 47 -85 -7 -117 
RSSI :-110 
Input angle :12
Zaxis angle :20 
minval :0 

minval :0 



-10 31 -30 -12 15 -29 28 18 -20 26 -24 -22 24 -22 19 26 
9 26 32 17 27 -42 29 -17 -13 12 -15 -25 -44 65 -26 -18 
-18 -21 -36 -6 -14 48 -21 26 7 -17 23 18 21 -75 31 9 
23 15 35 -7 -2 -50 11 -32 -2 18 -28 -10 6 78 -32 3 
-27 -6 -32 17 18 47 0 34 -3 -20 30 1 -31 -70 30 -9 
30 -1 25 -26 -33 -41 64 -74 3 111 
RSSI :-110 
Input angle :0
Zaxis angle :20 
minval :0 

minval :0 



1 25 -25 -1 4 -25 25 6 -8 24 -23 -10 11 -23 21 13 
14 17 35 15 11 -43 22 -17 -11 26 -21 -20 -24 66 -25 -5 
-19 -12 -38 -3 2 44 -14 24 2 -28 26 13 0 -70 25 -1 
23 6 37 -7 -16 -41 7 -26 5 28 -29 -1 24 66 -23 10 
-23 1 -31 21 29 33 1 28 -14 -25 28 -6 -44 -54 19 -17 
21 -10 25 -29 -37 -23 -48 -82 4 -57 
RSSI :-110 
Input angle :1
Zaxis angle :25 
minval :0 

minval :0 



11 22 -22 10 -8 -23 24 -5 3 24 -24 1 0 -24 24 2 
16 11 34 -2 -4 -49 11 -22 -3 28 -28 -13 1 74 -23 6 
-19 -6 -31 12 20 45 -4 25 -4 -28 31 2 -30 -67 20 -13 
19 0 25 -22 -36 -34 -3 -25 14 24 -30 7 48 55 -15 19 
-19 6 -17 29 44 21 12 22 -22 -18 26 -17 -64 -36 8 -23 
16 -11 8 -33 -49 -5 0 -44 2 -85 
RSSI :-110 
Input angle :0
Zaxis angle :29 
minval :0 

minval :0 



10 25 -26 7 -5 -26 26 -3 1 27 -27 -1 4 -26 26 6 
20 8 38 -3 -5 -45 12 -23 1 23 -30 -12 6 70 -26 1 
-22 -3 -35 15 20 41 -4 27 -7 -22 32 2 -27 -64 24 -9 
22 -3 28 -24 -30 -34 -4 -26 13 19 -31 7 46 52 -19 17 
-19 10 -19 32 40 21 12 24 -19 -13 27 -16 -60 -36 13 -23 
15 -16 8 -37 -44 -8 -96 60 1 -5 
RSSI :-110 
Input angle :1
Zaxis angle :29 
minval :0 

minval :0 



-22 14 -12 -23 24 -10 8 25 -26 5 -2 -26 26 -1 -1 26 
-4 22 13 30 43 -12 32 7 -23 0 2 -27 -68 15 -7 -25 
-3 -22 -22 -23 -37 25 -32 4 22 -7 7 26 57 -39 16 20 
10 20 28 16 27 -36 29 -14 -18 14 -15 -22 -42 55 -20 -16 
-16 -15 -32 -4 -14 43 -23 23 13 -19 22 16 23 -66 25 6 
20 10 33 -3 0 -45 -1 -56 5 -29 
RSSI :-110 
Input angle :1
Zaxis angle :25 
minval :0 

minval :0 



29 7 -9 28 -27 -12 14 -26 25 17 -20 23 -20 -22 23 -19 
19 -11 24 -25 -38 -24 -11 -32 20 19 -22 15 56 42 -15 26 
-15 16 -16 31 43 12 22 26 -25 -11 15 -22 -67 -20 6 -29 
9 -20 4 -35 -45 1 -28 -18 28 2 -9 26 70 1 2 30 
-2 22 7 34 42 -18 33 9 -27 6 0 -27 -66 23 -11 -27 
-5 -21 -17 -30 -34 30 -64 88 -4 55 
RSSI :-110 
Input angle :0
Zaxis angle :25 
minval :0 

minval :0 



27 27 -29 25 -22 -31 33 -19 16 35 -36 12 -10 -37 37 -7 
41 13 56 -26 -11 -76 15 -60 22 31 -54 0 37 92 -33 19 
-42 1 -46 41 32 69 2 62 -31 -22 51 -16 -62 -77 26 -27 
40 -15 29 -54 -56 -52 -23 -57 36 11 -44 31 85 50 -15 35 
-34 26 -10 61 70 31 41 46 -38 0 30 -44 -96 -22 3 -37 
24 -35 -10 -61 -76 -11 33 108 -7 27 
RSSI :-110 
Input angle :4
Zaxis angle :36 
minval :0 

minval :0 



20 20 -21 17 -15 -23 24 -13 10 26 -27 8 -6 -27 27 -4 
22 3 28 -11 -17 -39 -10 -30 13 28 -29 0 11 75 -25 12 
-23 4 -24 20 28 32 17 26 -20 -24 28 -7 -36 -68 19 -20 
19 -12 17 -26 -37 -21 -25 -19 25 17 -23 18 56 52 -12 25 
-15 17 -8 30 42 8 30 11 -29 -8 16 -24 -69 -34 2 -27 
8 -21 -3 -31 -43 4 -64 83 -1 111 
RSSI :-110 
Input angle :1
Zaxis angle :32 
minval :0 

minval :0 



-26 4 -2 -26 26 0 -2 26 -26 -4 7 -25 25 9 -11 24 
-18 19 -8 30 46 -5 26 12 -39 0 9 -29 -80 -9 1 -26 
10 -24 -2 -32 -42 20 -29 -2 37 -13 0 29 79 -13 6 25 
-3 26 11 29 33 -32 29 -6 -33 21 -8 -28 -71 37 -13 -22 
-5 -26 -21 -23 -21 41 -25 14 23 -32 16 25 55 -58 20 16 
13 22 27 16 8 -47 -81 -83 9 83 
RSSI :-110 
Input angle :2
Zaxis angle :25 
minval :0 

minval :0 



16 -20 18 18 -19 16 -15 -20 22 -12 10 23 -24 8 -5 -24 
-2 -25 -11 -25 -35 32 -27 9 30 -18 8 25 69 -42 15 20 
11 22 20 19 23 -41 22 -18 -23 27 -16 -22 -53 60 -20 -14 
-17 -18 -25 -13 -10 46 -15 23 13 -33 21 16 30 -75 24 7 
22 12 28 3 -5 -47 6 -27 -3 35 -26 -9 -10 80 -25 0 
-25 -3 -28 5 21 42 31 38 -9 -89 
RSSI :-110 
Input angle :3
Zaxis angle :20 
minval :0 

minval :0 



-27 -15 18 -25 24 20 -22 22 -20 -23 26 -17 15 27 -29 12 
-22 12 -30 23 47 23 19 33 -27 -28 25 -22 -59 -60 22 -21 
17 -17 21 -32 -52 -8 -27 -26 34 19 -16 28 75 38 -14 27 
-10 22 -10 37 52 -7 34 15 -38 -7 6 -32 -83 -11 4 -30 
2 -25 -3 -38 -46 25 -38 -3 42 0 4 33 83 -13 5 30 
5 24 14 35 35 -40 79 -114 4 -9 
RSSI :-110 
Input angle :0
Zaxis angle :14 
minval :0 

minval :0 



25 12 -14 24 -23 -16 18 -21 19 20 -22 18 -15 -23 24 -13 
24 -17 26 -27 -56 -16 -25 -26 42 11 -21 38 81 37 -17 20 
-17 24 -17 33 58 -2 32 16 -44 3 9 -43 -88 -10 10 -25 
8 -28 3 -37 -54 22 -36 -3 40 -18 7 43 87 -20 -2 27 
0 29 8 36 45 -37 36 -7 -32 29 -20 -38 -76 46 -6 -27 
-9 -28 -19 -32 -30 50 -96 72 -10 -33 
RSSI :-110 
Input angle :1
Zaxis angle :25 
minval :0 

minval :0 



2 23 -23 0 0 -23 23 3 -5 22 -22 -7 9 -21 20 11 
33 51 46 -3 6 -94 11 -42 -4 60 -56 -11 1 101 -22 -3 
-47 -37 -42 19 26 91 3 44 -14 -59 57 -3 -35 -95 22 -2 
57 19 34 -31 -48 -82 -17 -40 34 50 -53 22 68 75 -19 10 
-60 1 -23 40 73 59 28 34 -48 -37 42 -39 -86 -53 15 -16 
58 -17 9 -45 -88 -35 -95 24 10 -61 
RSSI :-110 
Input angle :1
Zaxis angle :20 
minval :0 

minval :0 



-41 7 -3 -42 41 0 -3 41 -41 -7 10 -40 39 13 -17 38 
-27 55 17 42 96 -11 56 -5 -60 17 -9 -71 -97 31 4 -40 
3 -61 -31 -34 -87 42 -51 22 53 -33 29 65 86 -54 8 40 
13 60 40 21 69 -67 41 -39 -39 49 -47 -53 -60 82 -19 -35 
-31 -53 -45 -9 -40 88 -27 49 25 -58 60 37 27 -98 30 27 
47 40 46 -3 11 -96 15 -107 31 23 
RSSI :-110 
Input angle :3
Zaxis angle :20 
minval :0 

minval :0 



20 17 -19 19 -16 -20 22 -15 12 23 -24 10 -8 -24 26 -6 
30 0 28 -18 -42 -34 -12 -24 30 21 -24 22 67 55 -21 14 
-29 10 -22 26 51 20 19 18 -36 -9 14 -28 -82 -28 14 -21 
23 -20 11 -32 -55 0 -24 -12 37 -3 -5 32 87 1 -8 24 
-15 26 0 34 52 -18 27 3 -35 13 -3 -32 -83 24 0 -26 
8 -30 -10 -32 -45 31 -80 -81 -7 -5 
RSSI :-110 
Input angle :1
Zaxis angle :32 
minval :0 

minval :0 



17 18 -19 16 -14 -20 22 -12 10 22 -23 8 -6 -24 24 -3 
33 2 28 -16 -27 -43 -6 -30 22 32 -35 15 50 73 -21 12 
-32 9 -20 24 41 31 16 26 -31 -23 28 -25 -71 -53 16 -18 
27 -19 10 -30 -49 -14 -24 -18 36 13 -18 33 84 27 -8 22 
-19 27 0 32 52 0 28 11 -38 -1 7 -37 -88 3 2 -24 
11 -31 -10 -30 -49 16 -80 -41 -4 -33 
RSSI :-110 
Input angle :5
Zaxis angle :25 
minval :0 

minval :0 



15 -35 34 16 -18 32 -31 -23 25 -27 25 29 -29 23 -20 -30 
-10 -48 -50 -47 -47 79 -52 23 58 -50 32 61 67 -76 29 23 
26 41 65 29 18 -94 42 -36 -38 68 -52 -46 -38 94 -36 -14 
-37 -33 -69 -8 13 93 -27 50 17 -78 62 28 9 -101 38 0 
41 13 67 -17 -45 -81 7 -57 7 75 -67 -5 25 98 -36 14 
-51 -6 -61 36 68 63 -98 104 -35 -61 
RSSI :-110 
Input angle :1
Zaxis angle :20 
minval :0 

minval :0 



-22 9 -7 -20 23 -4 4 24 -25 1 -1 -23 23 0 -3 21 
-9 18 2 31 39 1 26 -5 -30 2 5 -29 -75 6 -4 -23 
7 -21 -12 -27 -35 7 -23 13 29 -10 4 29 69 -32 9 20 
0 17 21 22 32 -22 14 -18 -19 23 -14 -27 -59 48 -17 -15 
-7 -21 -28 -13 -25 31 -8 24 13 -31 24 19 36 -65 20 11 
14 17 30 4 11 -38 -49 -10 6 23 
RSSI :-110 
Input angle :5
Zaxis angle :29 
minval :0 

minval :0 



15 -26 25 17 -20 23 -21 -21 22 -20 17 25 -26 15 -12 -27 
-24 -26 -24 -22 -2 68 -26 27 13 -57 29 17 28 -97 19 21 
31 17 28 15 -20 -65 16 -34 5 58 -33 -7 2 101 -26 -14 
-34 -6 -32 -4 39 55 -4 37 -23 -53 34 -4 -34 -96 29 5 
35 -4 32 -6 -55 -39 -6 -37 39 43 -31 14 65 78 -28 4 
-31 16 -29 16 64 21 -65 2 -7 -5 
RSSI :-110 
Input angle :347
Zaxis angle :20 
minval :0 

minval :0 



-1 -42 42 2 -6 42 -41 -10 13 -40 39 16 -19 38 -36 -23 
-60 -24 -64 1 58 78 -12 66 -45 -84 78 -23 -49 -92 40 9 
64 1 60 -21 -81 -54 -10 -66 73 61 -67 47 78 69 -41 3 
-63 15 -50 40 92 31 29 60 -87 -40 48 -66 -94 -45 38 -16 
54 -34 35 -53 -98 0 -48 -47 95 7 -25 78 104 12 -31 27 
-39 51 -16 62 92 -32 -83 13 9 79 
RSSI :-110 
Input angle :6
Zaxis angle :14 
minval :0 

minval :0 



18 29 -31 15 -13 -32 32 -10 7 34 -34 4 -1 -34 34 1 
35 1 41 -15 -56 -40 -11 -41 51 51 -32 20 68 88 -32 10 
-34 7 -35 26 66 23 23 35 -64 -34 26 -28 -92 -63 27 -20 
30 -18 25 -36 -69 1 -33 -25 71 11 -14 35 106 32 -19 27 
-22 27 -14 42 66 -22 39 15 -71 11 4 -37 -112 6 8 -32 
11 -33 -1 -44 -54 43 113 -41 -10 51 
RSSI :-110 
Input angle :0
Zaxis angle :29 
minval :0 

minval :0 



-27 1 0 -27 27 3 -4 27 -26 -6 9 -25 25 12 -14 23 
-33 51 -11 53 96 -12 27 40 -88 -2 14 -60 -100 23 4 -26 
17 -59 -5 -54 -84 46 -40 -27 83 -28 3 62 89 -51 3 26 
0 61 22 50 68 -68 46 14 -71 52 -22 -58 -66 78 -11 -23 
-21 -57 -37 -39 -42 86 -49 0 53 -70 39 48 35 -96 18 18 
40 47 47 26 11 -96 31 53 42 -121 
RSSI :-110 
Input angle :0
Zaxis angle :25 
minval :0 

minval :0 



35 -1 -1 36 -36 -5 8 -35 34 11 -14 33 -31 -16 19 -30 
12 -22 6 -39 -50 17 -38 -13 43 -10 -3 32 98 -7 -10 33 
-6 25 3 40 44 -31 41 0 -38 24 -7 -31 -90 39 -2 -35 
-3 -25 -16 -37 -30 44 -39 12 26 -36 16 27 70 -69 14 31 
9 23 28 28 16 -51 33 -23 -14 42 -25 -20 -47 86 -21 -27 
-17 -19 -36 -18 0 54 32 -62 -12 107 
RSSI :-110 
Input angle :350
Zaxis angle :25 
minval :0 

minval :0 



20 21 -22 18 -17 -24 25 -15 13 27 -27 11 -8 -28 28 -5 
23 -2 31 -21 -29 -33 -5 -27 27 10 -25 8 54 52 -25 13 
-21 9 -23 29 39 22 12 24 -29 -3 22 -15 -67 -32 19 -21 
17 -16 12 -35 -43 -8 -19 -19 28 -8 -16 21 75 7 -12 25 
-12 20 0 37 44 -6 25 12 -24 16 7 -25 -74 14 3 -28 
5 -23 -12 -35 -40 19 -48 60 -6 -65 
RSSI :-110 
Input angle :6
Zaxis angle :29 
minval :0 

minval :0 



-3 32 -32 -5 9 -31 30 11 -14 29 -28 -17 19 -26 24 21 
19 17 35 8 4 -45 18 -22 11 30 -23 -12 0 78 -30 -11 
-23 -10 -35 3 10 45 -10 27 -20 -25 27 3 -25 -73 31 2 
26 2 32 -14 -25 -38 0 -29 27 17 -26 5 47 61 -31 8 
-25 5 -26 24 35 29 9 27 -31 -7 22 -14 -66 -41 25 -19 
22 -13 16 -32 -44 -15 -32 82 -1 39 
RSSI :-110 
Input angle :0
Zaxis angle :32 
minval :0 

minval :0 



-20 -25 27 -18 16 28 -29 14 -11 -30 31 -8 5 32 -33 3 
-27 4 -25 19 23 34 3 29 -27 -11 23 -9 -53 -55 29 -12 
25 -11 17 -26 -34 -24 -11 -26 29 2 -19 16 68 35 -24 20 
-20 19 -7 30 39 11 19 21 -28 6 12 -22 -76 -12 16 -28 
12 -25 -3 -31 -41 2 -25 -13 24 -16 -4 25 76 -11 -5 31 
-4 27 12 29 39 -14 -49 -55 5 11 
RSSI :-110 
Input angle :0
Zaxis angle :25 
minval :0 

minval :0 



-29 12 -9 -30 31 -6 4 31 -31 1 0 -31 31 4 -6 31 
0 37 8 29 41 -42 36 -3 -40 26 -13 -39 -81 58 -4 -30 
-11 -35 -17 -25 -23 54 -33 14 28 -38 26 31 59 -80 13 27 
21 29 24 18 6 -59 26 -24 -16 45 -33 -24 -30 95 -20 -22 
-29 -22 -29 -9 13 57 -17 32 1 -47 39 10 -5 -99 26 14 
34 12 30 0 -31 -51 -112 92 11 99 
RSSI :-110 
Input angle :2
Zaxis angle :25 
minval :0 

minval :0 



-11 21 -20 -12 14 -19 17 16 -18 15 -15 -19 19 -13 11 21 
7 24 11 16 16 -26 10 -18 -10 26 -17 -18 -46 70 -17 -14 
-13 -20 -15 -12 -8 30 -2 21 1 -28 22 12 18 -81 21 9 
20 14 19 6 -2 -31 -2 -21 7 27 -25 -4 5 84 -23 -1 
-24 -7 -20 0 12 28 9 18 -15 -23 25 -3 -32 -77 22 -5 
25 0 19 -6 -22 -22 0 34 4 71 
RSSI :-110 
Input angle :359
Zaxis angle :25 
minval :0 

minval :0 



-5 30 -29 -7 10 -28 27 14 -16 26 -25 -18 19 -23 22 21 
24 19 26 15 -10 -58 23 -29 -4 52 -35 -8 -15 90 -27 -11 
-29 -10 -29 -6 26 53 -12 35 -11 -52 37 0 -16 -90 29 3 
30 0 30 -3 -43 -41 0 -37 29 43 -34 14 45 80 -29 6 
-29 9 -27 13 52 28 11 35 -40 -33 29 -23 -68 -62 26 -14 
24 -18 22 -20 -59 -8 80 92 4 -105 
RSSI :-110 
Input angle :0
Zaxis angle :25 
minval :0 

minval :0 



-26 18 -15 -28 30 -12 9 30 -31 7 -4 -32 32 -1 -1 32 
-5 30 9 42 46 -34 37 3 -39 11 0 -34 -82 25 -8 -30 
-4 -30 -23 -37 -32 47 -36 7 33 -22 11 32 69 -51 18 26 
14 26 34 27 14 -56 32 -19 -23 33 -21 -27 -50 71 -26 -17 
-22 -20 -40 -16 3 57 -23 29 12 -38 29 17 20 -84 30 8 
28 12 43 3 -23 -53 -64 46 10 123 
RSSI :-110 
Input angle :347
Zaxis angle :25 
minval :0 

minval :0 



-26 -29 31 -23 21 33 -35 17 -14 -36 37 -11 8 38 -39 4 
-46 -4 -32 39 56 64 33 44 -44 -37 43 -38 -66 -78 34 -17 
45 -10 18 -47 -73 -44 -44 -33 52 24 -27 51 88 51 -28 25 
-40 22 -2 50 83 19 54 12 -58 -3 5 -57 -100 -21 18 -33 
31 -34 -12 -49 -86 6 -56 2 56 -10 7 57 101 -10 -6 38 
-18 43 28 42 77 -37 30 -119 16 -45 
RSSI :-110 
Input angle :2
Zaxis angle :29 
minval :0 

minval :0 



-19 10 -9 -19 20 -8 6 21 -21 4 -1 -21 22 0 -1 22 
-6 32 4 37 43 -34 30 3 -41 32 -11 -38 -81 42 -5 -20 
-4 -32 -17 -33 -32 45 -30 4 31 -42 24 32 61 -67 12 17 
14 29 26 26 13 -54 27 -14 -14 50 -34 -23 -37 83 -17 -11 
-23 -22 -33 -16 5 55 -21 22 -4 -52 38 9 8 -91 20 5 
29 15 37 5 -19 -52 32 -25 11 -73 
RSSI :-110 
Input angle :0
Zaxis angle :32 
minval :0 

minval :0 



-8 -21 22 -6 4 22 -23 2 -1 -23 23 1 -3 22 -22 -5 
-21 -9 -34 -10 12 51 -4 21 -2 -44 27 8 2 -84 22 -2 
23 2 36 0 -28 -44 -3 -21 17 40 -28 0 32 78 -20 10 
-22 5 -33 13 40 34 9 20 -30 -32 26 -9 -53 -66 16 -15 
20 -11 28 -22 -49 -18 -15 -15 39 21 -21 18 71 46 -10 19 
-14 18 -19 30 53 0 -81 -34 -3 7 
RSSI :-110 
Input angle :356
Zaxis angle :25 
minval :0 

minval :0 



-12 -39 40 -8 5 40 -41 4 -1 -41 40 2 -7 40 -39 -11 
-51 -28 -76 7 46 85 -25 70 -38 -87 81 9 -39 -96 39 -1 
57 10 70 -29 -74 -62 2 -74 67 67 -79 18 69 77 -37 14 
-57 7 -58 50 89 38 20 71 -83 -45 68 -43 -89 -52 30 -25 
51 -27 36 -67 -96 -4 -41 -61 94 13 -52 61 102 19 -20 34 
-39 42 -14 75 93 -25 13 109 8 -17 
RSSI :-110 
Input angle :0
Zaxis angle :29 
minval :0 

minval :0 



19 12 -13 18 -17 -14 16 -16 15 17 -18 13 -12 -19 20 -10 
29 -10 29 -32 -55 -17 -19 -37 51 18 -28 28 87 44 -15 16 
-24 18 -15 40 57 0 29 29 -54 0 18 -36 -97 -15 9 -20 
16 -25 3 -42 -53 20 -36 -19 51 -18 -6 40 98 -13 -3 21 
-6 29 11 42 43 -37 41 4 -44 31 -5 -40 -89 41 -4 -21 
-2 -30 -23 -36 -30 48 -64 71 -12 -49 
RSSI :-110 
Input angle :3
Zaxis angle :25 
minval :0 

minval :0 



5 -34 33 9 -11 33 -32 -14 17 -30 29 20 -22 27 -25 -23 
-4 -51 -40 -32 -29 74 -29 20 45 -75 34 55 56 -86 31 15 
20 46 48 19 5 -80 21 -27 -19 85 -50 -40 -25 99 -34 -3 
-36 -37 -52 0 20 77 -10 34 -6 -87 59 24 -4 -102 33 -7 
44 26 49 -15 -43 -67 1 -35 37 78 -65 0 41 93 -28 18 
-50 -8 -42 30 63 49 -66 101 -32 39 
RSSI :-110 
Input angle :0
Zaxis angle :25 
minval :0 

minval :0 



-34 2 0 -34 33 2 -5 33 -32 -9 12 -31 29 16 -19 27 
-47 45 -14 72 81 8 52 33 -52 -5 36 -55 -101 1 6 -32 
29 -59 -11 -73 -79 17 -60 -13 51 -12 -16 63 93 -38 3 33 
-11 65 35 64 70 -40 62 -5 -45 26 -5 -65 -76 66 -14 -29 
-10 -65 -54 -50 -53 61 -56 25 34 -39 23 61 54 -85 22 23 
28 59 66 32 30 -75 -33 57 24 11 
RSSI :-110 
Input angle :0
Zaxis angle :20 
minval :0 

minval :0 



24 -8 6 25 -26 4 -1 -26 25 2 -4 25 -25 -5 7 -25 
7 -34 -7 -34 -51 32 -32 -5 35 -11 7 37 75 -39 0 25 
3 34 18 30 39 -46 32 -6 -28 24 -19 -33 -59 61 -9 -23 
-15 -31 -27 -22 -22 56 -29 15 19 -31 28 25 35 -77 16 19 
24 25 32 14 5 -60 22 -23 -8 36 -34 -15 -11 85 -20 -14 
-31 -15 -35 -1 16 58 -97 -93 -10 95 
RSSI :-110 
Input angle :3
Zaxis angle :20 
minval :0 

minval :0 



-19 -11 13 -18 17 14 -15 16 -14 -17 18 -13 10 19 -20 9 
-31 6 -24 29 45 24 15 29 -32 -25 29 -22 -69 -43 15 -15 
27 -17 13 -35 -50 -8 -24 -22 39 13 -18 32 79 21 -9 19 
-19 25 -1 37 50 -9 30 13 -41 -2 9 -35 -82 3 3 -21 
11 -30 -11 -36 -45 24 -33 -3 39 -11 2 36 78 -25 2 21 
-2 32 20 32 35 -37 127 -20 5 67 
RSSI :-110 
Input angle :2
Zaxis angle :25 
minval :0 

minval :0 



6 22 -23 4 -1 -23 23 0 -2 23 -23 -4 5 -23 22 8 
28 12 38 -8 -16 -45 2 -29 10 34 -33 3 24 77 -23 1 
-31 0 -34 20 30 38 8 28 -20 -28 30 -14 -51 -63 21 -8 
29 -8 25 -30 -41 -25 -16 -25 29 19 -23 23 69 42 -17 14 
-25 18 -13 37 47 8 23 18 -35 -9 14 -30 -79 -20 11 -19 
18 -24 1 -39 -48 4 80 100 -1 39 
RSSI :-110 
Input angle :0
Zaxis angle :14 
minval :0 

minval :0 



-20 19 -18 -21 22 -16 13 24 -25 11 -8 -26 26 -6 4 27 
8 30 28 31 29 -47 36 -12 -32 31 -20 -30 -55 66 -12 -23 
-17 -26 -37 -20 -12 55 -29 23 20 -40 29 21 31 -80 19 18 
25 19 41 7 -5 -56 20 -32 -5 45 -34 -11 -3 85 -24 -11 
-30 -10 -41 6 23 51 -6 37 -9 -44 36 0 -23 -82 26 2 
31 0 38 -18 -37 -42 -16 -31 9 123 
RSSI :-110 
Input angle :1
Zaxis angle :14 
minval :0 

minval :0 



-18 -28 29 -15 12 31 -32 9 -7 -32 33 -4 1 33 -33 -1 
-34 -34 -68 -11 18 87 -30 49 -4 -60 57 17 -13 -101 31 -9 
42 22 67 -13 -45 -77 12 -56 22 56 -60 2 41 93 -27 18 
-48 -5 -59 35 67 59 7 58 -38 -46 56 -20 -68 -75 20 -25 
47 -9 45 -51 -81 -36 -23 -53 51 31 -47 37 90 47 -10 31 
-41 24 -28 62 89 7 78 -20 -7 99 
RSSI :-110 
Input angle :356
Zaxis angle :20 
minval :0 

minval :0 



39 6 -10 38 -37 -14 17 -35 34 20 -23 33 -30 -26 29 -28 
37 -15 36 -53 -82 -26 -27 -47 49 28 -33 38 89 49 -19 37 
-30 27 -18 60 87 -4 42 33 -55 -10 19 -46 -100 -19 5 -36 
19 -36 0 -63 -81 26 -51 -18 56 -8 -1 50 99 -19 9 40 
0 39 23 59 70 -49 54 1 -58 19 -8 -50 -89 48 -21 -35 
-6 -41 -39 -50 -51 70 113 48 -20 -77 
RSSI :-110 
Input angle :2
Zaxis angle :29 
minval :0 

minval :0 



28 0 -3 27 -27 -5 8 -26 26 10 -12 25 -24 -14 16 -22 
14 -25 15 -38 -45 3 -23 -24 34 -2 -13 27 76 19 -7 26 
-5 28 -3 41 42 -18 29 15 -31 14 4 -30 -78 5 -1 -27 
-4 -29 -11 -39 -34 30 -32 -6 26 -22 5 30 73 -28 10 25 
12 26 22 34 23 -39 32 -4 -18 29 -14 -27 -58 52 -17 -20 
-20 -20 -31 -26 -10 44 -48 104 -9 -105 
RSSI :-110 
Input angle :0
Zaxis angle :25 
minval :0 

minval :0 



29 -18 14 31 -32 11 -9 -33 34 -6 2 34 -34 0 3 -34 
9 -27 -1 -35 -35 26 -32 4 30 -25 7 28 84 -29 10 32 
1 28 11 33 25 -36 29 -13 -21 33 -17 -23 -69 55 -20 -27 
-11 -26 -23 -26 -15 41 -23 21 9 -38 23 17 47 -75 27 19 
18 21 30 17 -1 -44 14 -29 4 39 -28 -9 -26 85 -33 -10 
-24 -14 -34 -7 15 41 -65 44 -9 123 
RSSI :-110 
Input angle :0
Zaxis angle :29 
minval :0 

minval :0 



9 -24 25 11 -14 24 -21 -16 17 -20 19 20 -22 17 -14 -22 
-29 -16 -29 -3 -2 47 -2 19 -9 -36 37 2 -10 -82 21 15 
30 9 29 -5 -15 -48 -3 -19 20 30 -37 8 41 69 -25 -8 
-34 1 -25 14 29 37 11 18 -31 -23 29 -22 -62 -52 26 -1 
31 -12 19 -21 -39 -27 -14 -12 36 11 -23 30 74 32 -25 6 
-25 21 -11 27 46 13 127 73 0 -45 
RSSI :-110 
Input angle :1
Zaxis angle :20 
minval :0 

minval :0 



-22 23 -21 -24 26 -19 17 27 -29 14 -12 -30 30 -10 7 31 
1 32 17 31 34 -33 16 -9 -3 43 -17 -21 -36 65 -16 -26 
-12 -29 -26 -24 -22 41 -12 14 -10 -42 23 14 14 -72 22 21 
21 24 32 14 6 -46 6 -17 22 36 -26 -5 10 74 -29 -10 
-28 -17 -35 -3 8 47 -1 19 -34 -25 27 -3 -33 -67 31 2 
31 6 35 -7 -22 -41 112 -52 3 -73 
RSSI :-110 
Input angle :0
Zaxis angle :29 
minval :0 

minval :0 



-27 23 -21 -29 31 -18 16 32 -33 12 -10 -35 35 -6 2 35 
9 35 30 39 38 -61 38 -16 -34 42 -24 -29 -70 68 -14 -32 
-18 -30 -40 -28 -17 71 -32 28 16 -52 32 20 48 -85 24 24 
27 24 48 12 -3 -73 20 -37 1 54 -37 -8 -15 97 -31 -16 
-33 -13 -49 2 28 67 -8 41 -18 -51 38 -3 -14 -97 35 3 
36 1 45 -20 -49 -53 32 26 11 7 
RSSI :-110 
Input angle :4
Zaxis angle :25 
minval :0 

minval :0 



17 -18 16 19 -20 14 -12 -21 23 -10 9 23 -25 6 -4 -25 
-11 -24 -32 -21 -13 43 -28 13 17 -34 21 24 43 -70 11 21 
18 18 37 9 -2 -45 22 -21 -2 38 -27 -16 -17 81 -19 -15 
-23 -11 -38 3 16 42 -15 27 -8 -37 31 6 -8 -82 23 8 
26 3 34 -16 -29 -35 3 -31 20 32 -31 5 33 75 -24 0 
-26 4 -29 24 38 24 79 3 -6 -21 
RSSI :-110 
Input angle :358
Zaxis angle :25 
minval :0 

minval :0 



35 14 -17 32 -31 -19 22 -29 27 24 -26 26 -23 -28 30 -20 
26 -19 20 -33 -47 -7 -24 -24 39 3 -14 20 84 21 -22 28 
-19 27 -9 38 47 -8 31 14 -37 10 6 -24 -86 9 12 -34 
11 -31 -1 -39 -41 24 -34 -4 32 -21 1 25 79 -34 0 36 
0 33 14 36 33 -34 34 -3 -25 29 -8 -24 -66 55 -10 -34 
-9 -31 -25 -30 -21 42 0 -91 -10 67 
RSSI :-110 
Input angle :0
Zaxis angle :29 
minval :0 

minval :0 



-6 31 -30 -8 11 -30 28 14 -16 27 -26 -19 21 -23 22 23 
11 26 26 18 0 -40 18 -18 0 37 -17 -12 -19 82 -28 -13 
-18 -21 -31 -9 11 39 -12 23 -9 -35 20 7 -7 -84 31 4 
24 15 32 -1 -22 -33 4 -26 19 31 -21 -1 32 78 -30 5 
-28 -6 -30 11 33 23 4 26 -29 -22 21 -6 -58 -61 26 -16 
28 -2 24 -20 -39 -12 48 -25 2 39 
RSSI :-110 
Input angle :3
Zaxis angle :32 
minval :0 

minval :0 



-19 23 -21 -22 24 -19 17 25 -26 15 -12 -28 28 -9 7 29 
-4 30 17 36 32 -35 35 0 -29 23 -2 -31 -72 47 -17 -25 
-5 -29 -28 -28 -19 44 -32 13 20 -32 12 28 55 -66 25 16 
13 26 35 17 4 -48 26 -23 -9 36 -19 -24 -33 79 -29 -8 
-20 -21 -39 -5 9 46 -18 30 -2 -38 26 16 2 -86 30 -1 
27 12 39 -8 -27 -39 -32 -127 8 119 
RSSI :-110 
Input angle :1
Zaxis angle :29 
minval :0 

minval :0 



-35 15 -12 -36 37 -8 4 38 -38 1 1 -38 38 4 -8 37 
-3 29 5 40 37 -18 28 -5 -34 42 -2 -27 -82 43 -4 -37 
-6 -28 -20 -35 -28 29 -24 14 18 -51 12 24 61 -69 15 34 
15 25 30 27 18 -37 18 -21 -3 54 -19 -19 -38 85 -25 -26 
-21 -19 -37 -16 -4 41 -11 26 -15 -52 24 12 12 -93 33 17 
27 11 40 3 -7 -40 -112 -38 10 91 
RSSI :-110 
Input angle :8
Zaxis angle :25 
minval :0 

minval :0 



38 4 -8 37 -37 -10 13 -36 34 17 -20 33 -31 -23 24 -29 
22 -22 11 -29 -45 -8 -30 -35 41 -7 -11 18 78 4 -13 35 
-14 27 -1 31 45 -5 40 22 -38 18 5 -21 -76 20 2 -38 
6 -30 -7 -30 -43 16 -44 -11 30 -29 1 22 65 -43 8 37 
5 31 18 26 33 -32 45 -5 -19 37 -8 -20 -49 61 -21 -31 
-13 -28 -24 -19 -22 40 -96 -126 -11 -77 
RSSI :-110 
Input angle :5
Zaxis angle :25 
minval :0 

minval :0 



-8 -28 28 -6 3 28 -28 0 2 -28 28 5 -7 28 -27 -9 
-39 -11 -25 7 19 30 0 43 -29 -43 32 -12 -59 -87 27 0 
41 -2 21 -15 -27 -23 -14 -41 41 32 -26 22 84 63 -26 8 
-39 14 -14 21 33 12 27 34 -50 -14 17 -29 -100 -33 22 -16 
32 -25 8 -25 -36 -1 -37 -23 52 1 -7 34 105 2 -15 23 
-21 35 1 26 34 -11 47 84 4 -105 
RSSI :-110 
Input angle :0
Zaxis angle :25 
minval :0 

minval :0 



-13 -28 29 -11 9 30 -30 6 -3 -31 31 0 -2 31 -31 -4 
-60 -17 -47 30 28 73 0 45 -44 -78 78 -3 -45 -91 29 -5 
62 -2 33 -46 -51 -58 -14 -43 66 60 -73 27 68 76 -27 13 
-59 21 -16 54 68 36 27 36 -83 -33 61 -49 -89 -50 21 -22 
48 -40 0 -56 -76 -14 -36 -26 89 6 -46 64 100 20 -12 27 
-34 53 15 54 78 -6 61 -107 10 123 
RSSI :-110 
Input angle :19
Zaxis angle :29 
minval :0 

minval :0 



-7 -31 32 -4 1 33 -33 -1 4 -32 32 6 -8 30 -30 -12 
-64 -24 -45 11 23 73 -14 43 -28 -76 77 0 -37 -96 32 0 
68 1 39 -24 -46 -61 -1 -45 53 61 -72 26 65 80 -30 8 
-65 20 -30 35 61 46 15 42 -69 -41 62 -46 -89 -52 26 -18 
56 -39 17 -44 -73 -23 -28 -35 79 16 -44 63 101 23 -19 25 
-41 54 -2 47 77 0 -67 20 4 -53 
RSSI :-110 
Input angle :158
Zaxis angle :0 
minval :0 

minval :0 



-21 15 -13 -22 23 -10 8 24 -25 6 -4 -26 26 -1 0 26 
-3 30 9 24 32 -28 24 -8 -33 30 -16 -15 -46 62 -8 -24 
-7 -29 -17 -18 -21 36 -20 15 20 -41 21 9 26 -72 15 20 
14 26 21 13 9 -41 14 -21 -5 45 -23 -2 0 77 -21 -14 
-23 -19 -25 -5 4 42 -7 24 -9 -45 23 -5 -20 -74 24 8 
28 12 26 -1 -17 -38 -112 4 10 -121 
RSSI :-110 
Input angle :5
Zaxis angle :25 
minval :0 

minval :0 



36 1 -4 36 -36 -7 10 -35 34 12 -14 33 -31 -17 20 -30 
48 -31 24 -30 -54 -35 -37 -7 84 -13 -12 50 101 -12 -11 33 
-35 45 -14 36 62 18 37 -4 -75 40 -4 -51 -91 45 0 -35 
18 -54 1 -39 -64 3 -33 17 59 -61 21 47 72 -72 11 33 
-1 57 10 37 60 -23 27 -26 -34 78 -34 -39 -46 90 -21 -28 
-16 -55 -21 -32 -49 41 0 72 -43 3 
RSSI :-110 
Input angle :359
Zaxis angle :25 
minval :0 

minval :0 



-19 -18 20 -18 16 21 -23 14 -13 -24 25 -11 8 25 -26 6 
-25 1 -25 4 27 41 18 19 -45 -28 28 -20 -69 -60 21 -15 
23 -9 22 -11 -39 -29 -24 -11 53 12 -18 29 86 32 -15 20 
-19 16 -16 18 46 15 26 3 -53 5 10 -33 -91 -5 8 -24 
13 -21 10 -22 -49 -1 -26 4 50 -20 1 35 88 -23 0 26 
-5 25 -3 24 47 -13 111 -40 8 -121 
RSSI :-110 
Input angle :359
Zaxis angle :25 
minval :0 

minval :0 



-17 -31 33 -14 12 34 -35 9 -5 -35 35 -2 0 36 -35 -3 
-34 0 -26 2 31 52 6 33 -29 -43 33 -7 -43 -82 34 -7 
33 -9 24 -11 -46 -38 -16 -29 43 30 -29 18 70 62 -30 19 
-27 20 -19 17 57 21 25 22 -50 -14 22 -26 -84 -41 23 -26 
21 -27 14 -22 -60 -2 -30 -14 52 -1 -12 32 93 9 -12 33 
-9 33 -5 26 59 -14 -33 93 4 47 
RSSI :-110 
Input angle :1
Zaxis angle :25 
minval :0 

minval :0 



-4 27 -27 -7 8 -26 25 11 -13 24 -22 -16 18 -21 19 19 
18 18 41 -6 2 -44 7 -29 8 37 -28 -14 0 69 -25 -11 
-23 -10 -38 17 12 42 2 30 -21 -31 31 5 -20 -66 27 3 
26 2 30 -29 -25 -36 -13 -27 30 23 -31 5 40 56 -27 4 
-24 4 -20 36 35 27 20 22 -36 -12 27 -15 -55 -41 24 -13 
21 -13 9 -41 -41 -15 -64 87 0 83 
RSSI :-110 
Input angle :0
Zaxis angle :32 
minval :0 

minval :0 



38 3 -5 38 -37 -7 11 -36 35 16 -20 32 -31 -22 24 -28 
43 -38 -8 -77 -79 -3 -66 -12 76 2 -22 74 100 -3 -11 36 
-29 50 32 70 76 -22 67 -9 -71 24 -4 -77 -93 36 1 -38 
14 -57 -54 -55 -66 45 -61 29 64 -42 27 72 77 -63 11 35 
5 58 67 37 50 -62 47 -48 -47 60 -46 -61 -55 83 -21 -30 
-24 -53 -75 -14 -27 75 96 -79 -37 7 
RSSI :-110 
Input angle :1
Zaxis angle :36 
minval :0 

minval :0 



21 33 -35 18 -16 -36 37 -14 10 38 -39 6 -3 -40 40 0 
65 -10 43 -26 -46 -82 -27 -53 31 75 -50 24 65 77 -37 12 
-59 27 -32 39 72 60 44 41 -54 -61 39 -40 -87 -51 30 -24 
45 -47 19 -47 -88 -33 -55 -24 70 42 -24 50 99 23 -21 32 
-27 59 -1 51 94 7 60 7 -80 -16 8 -55 -101 7 10 -37 
10 -64 -12 -49 -89 29 -62 -17 -7 47 
RSSI :-110 
Input angle :0
Zaxis angle :0 
minval :0 

minval :0 



-7 -33 34 -1 1 36 -35 0 7 -33 32 10 -13 31 -32 -17 
-52 -10 -64 24 16 87 10 65 -22 -72 54 -2 -44 -91 35 5 
57 -2 51 -43 -45 -82 -31 -56 38 64 -48 18 69 75 -34 3 
-47 21 -35 59 71 62 51 43 -56 -48 39 -33 -91 -44 30 -19 
41 -39 14 -67 -81 -42 -59 -24 73 32 -28 46 99 18 -23 22 
-32 46 4 68 88 13 -115 38 -2 -49 
RSSI :-110 
Input angle :0
Zaxis angle :29 
minval :0 

minval :0 


