
-6 -4 5 -6 5 5 -6 5 -4 -6 7 -4 3 7 -7 2 
0 11 -74 33 -80 -6 1 68 96 22 -59 -8 22 11 6 -5 
-2 -11 61 -54 78 -17 -23 -65 -98 5 59 -8 -24 -5 -4 6 
6 10 -39 72 -68 42 43 53 90 -41 -53 27 25 -2 2 -8 
-8 -7 13 -81 52 -60 -57 -38 -73 66 42 -42 -23 10 0 8 
10 4 14 80 -29 74 97 -106 -43 -123 
RSSI :-110 
Input angle :121
Zaxis angle :39 
minval :0 

minval :0 



-21 -24 25 -17 14 25 -27 13 -10 -29 30 -6 4 30 -31 0 
-30 -34 68 -50 73 17 -10 -77 -92 -36 44 14 -25 -21 29 -11 
38 24 -52 66 -74 5 34 70 98 4 -47 1 29 13 -23 18 
-44 -10 28 -80 68 -31 -52 -58 -96 23 44 -12 -34 -3 16 -25 
45 -2 2 84 -54 50 68 38 83 -53 -38 27 33 -6 -9 28 
-43 16 -25 -81 39 -63 110 -29 37 105 
RSSI :-110 
Input angle :189
Zaxis angle :32 
minval :0 

minval :0 



24 -11 9 25 -26 7 -4 -26 27 -2 0 27 -27 -2 4 -26 
38 -34 74 31 -7 68 75 -15 14 -88 -6 30 11 -36 4 26 
-26 44 -80 -8 -12 -67 -66 37 15 88 -4 -30 1 37 -11 -24 
10 -50 79 -17 32 60 49 -57 -44 -77 13 27 -12 -36 18 18 
6 51 -69 41 -50 -45 -28 70 65 61 -22 -21 22 31 -23 -12 
-21 -47 53 -60 63 26 61 -49 -19 -71 
RSSI :-110 
Input angle :179
Zaxis angle :41 
minval :0 

minval :0 



-21 -20 21 -20 18 23 -25 16 -13 -26 27 -11 9 28 -28 6 
-27 -37 33 -80 79 15 -20 -65 -96 -3 26 9 -36 -9 24 -15 
38 25 -7 86 -80 8 39 55 93 -23 -28 -1 36 -4 -18 21 
-44 -14 -19 -84 75 -31 -54 -40 -83 50 27 -6 -34 14 11 -26 
45 -2 43 75 -60 54 64 23 63 -73 -23 16 26 -25 -2 28 
-43 15 -64 -57 40 -70 -82 -81 44 -99 
RSSI :-110 
Input angle :176
Zaxis angle :39 
minval :0 

minval :0 



19 -23 21 21 -23 20 -17 -24 26 -16 13 27 -28 10 -8 -29 
35 -29 71 39 -5 84 74 -19 10 -96 -17 25 3 -37 17 24 
-25 37 -80 -12 -20 -82 -63 44 20 95 6 -30 6 37 -23 -18 
13 -43 80 -11 43 72 49 -59 -48 -84 1 30 -17 -33 27 11 
3 45 -72 37 -62 -56 -29 71 71 65 -11 -28 27 26 -30 0 
-16 -42 58 -56 77 32 -19 -4 -21 -127 
RSSI :-110 
Input angle :179
Zaxis angle :36 
minval :0 

minval :0 



-39 -16 19 -38 36 23 -25 34 -32 -28 31 -28 25 34 -35 22 
-43 -18 12 -62 85 -1 -27 -59 -95 8 29 14 -27 -3 26 -33 
46 5 5 63 -82 23 44 48 87 -40 -32 -3 27 -3 -16 39 
-45 9 -24 -58 69 -49 -57 -32 -72 63 32 -6 -25 11 1 -42 
40 -23 44 45 -48 71 65 13 43 -85 -28 15 19 -19 10 41 
-30 35 -55 -31 28 -81 -49 15 47 -39 
RSSI :-110 
Input angle :175
Zaxis angle :36 
minval :0 

minval :0 



-24 -37 38 -21 18 41 -42 14 -9 -43 44 -5 2 45 -44 -1 
-18 -39 41 -59 86 28 8 -73 -93 -27 29 35 -39 -19 42 -12 
29 30 -18 69 -91 -1 14 72 97 0 -40 -24 42 7 -36 25 
-37 -20 -1 -71 86 -30 -35 -64 -92 30 44 12 -43 6 28 -33 
41 8 23 68 -75 51 51 53 80 -54 -46 2 39 -18 -17 40 
-41 5 -43 -57 56 -71 30 117 39 41 
RSSI :-110 
Input angle :179
Zaxis angle :39 
minval :0 

minval :0 



39 -32 28 41 -44 25 -20 -46 48 -15 11 49 -50 7 -4 -50 
41 57 -38 -59 -1 28 -55 70 52 -23 -13 -23 -6 -15 16 48 
-56 -42 54 47 -7 -27 34 -82 -42 38 20 17 9 12 -27 -42 
65 26 -67 -25 14 23 -7 88 28 -49 -24 -9 -13 -8 41 28 
-69 -3 71 6 -22 -17 -23 -86 -14 56 26 1 14 4 -48 -14 
68 -19 -70 14 25 10 111 -20 -8 -107 
RSSI :-110 
Input angle :13
Zaxis angle :20 
minval :0 

minval :0 



-10 56 -54 -17 20 -53 51 24 -30 48 -45 -33 37 -42 41 40 
-59 -16 57 24 -14 -20 13 -85 -23 37 16 11 14 17 -49 -28 
61 -1 -61 -7 19 15 16 84 12 -42 -20 -6 -19 -12 55 11 
-58 21 60 -12 -23 -7 -45 -73 4 43 20 -1 21 4 -56 7 
49 -36 -52 31 25 0 63 58 -17 -39 -19 6 -22 1 51 -25 
-37 48 41 -45 -23 7 -48 63 4 -25 
RSSI :-110 
Input angle :15
Zaxis angle :25 
minval :0 

minval :0 



-30 40 -38 -33 36 -35 30 41 -43 26 -23 -45 46 -20 15 47 
-42 -36 43 45 -19 -22 48 -56 -41 29 0 9 13 28 -31 -39 
51 21 -55 -28 26 15 -27 68 30 -39 -2 -9 -21 -23 39 30 
-55 -5 61 10 -29 -6 5 -75 -17 47 4 8 26 17 -47 -16 
55 -11 -61 8 30 -1 16 73 4 -50 -8 -6 -31 -8 50 2 
-48 27 56 -27 -28 11 16 30 6 59 
RSSI :-110 
Input angle :0
Zaxis angle :14 
minval :0 

minval :0 



51 -32 29 54 -57 24 -18 -59 60 -12 8 60 -62 3 0 -61 
21 55 -30 -52 4 30 -72 46 61 -13 -4 -14 0 -32 16 58 
-37 -45 42 42 -12 -27 53 -67 -55 30 8 13 8 31 -34 -51 
50 32 -53 -26 21 21 -28 82 44 -45 -11 -9 -16 -28 45 39 
-58 -13 58 11 -27 -14 7 -85 -28 57 13 6 24 21 -56 -22 
60 -3 -59 10 30 6 -32 21 -8 31 
RSSI :-110 
Input angle :16
Zaxis angle :25 
minval :0 

minval :0 



42 -58 56 45 -50 51 -46 -55 60 -40 36 62 -64 31 -23 -66 
51 31 -40 -39 45 36 -45 44 41 -40 0 -3 -15 -37 43 57 
-57 -16 48 27 -54 -23 32 -54 -28 49 1 3 24 32 -59 -38 
59 0 -54 -11 58 9 -15 61 13 -55 -1 -1 -32 -23 67 20 
-57 20 54 -7 -58 11 -3 -64 4 56 2 1 38 10 -70 -2 
49 -35 -51 21 53 -25 -49 127 -7 113 
RSSI :-110 
Input angle :9
Zaxis angle :20 
minval :0 

minval :0 



-49 66 -62 -54 60 -56 50 66 -70 44 -39 -74 74 -34 27 77 
-49 -29 42 33 -26 -20 47 -63 -37 44 3 18 18 39 -46 -67 
56 9 -50 -17 31 11 -31 73 25 -53 -7 -17 -28 -32 65 50 
-57 5 53 0 -33 -1 4 -79 -7 58 13 13 36 23 -77 -28 
51 -23 -51 14 32 -6 19 77 -10 -58 -16 -8 -42 -10 82 6 
-42 39 42 -30 -27 18 0 116 6 83 
RSSI :-110 
Input angle :11
Zaxis angle :20 
minval :0 

minval :0 



-12 -64 65 -8 3 67 -67 -1 7 -66 66 12 -21 63 -61 -27 
51 -34 -62 32 34 -6 45 64 -17 -51 -5 10 -33 -18 65 7 
-38 48 50 -49 -30 15 -62 -47 31 44 2 -11 38 7 -65 13 
22 -56 -34 61 25 -24 73 26 -44 -31 1 12 -37 4 58 -30 
-5 61 12 -69 -16 30 -78 -5 52 17 -4 -11 35 -15 -45 47 
-12 -60 11 69 7 -34 95 -105 -1 -87 
RSSI :-110 
Input angle :49
Zaxis angle :25 
minval :0 

minval :0 



-47 14 -12 -48 48 -6 1 49 -49 -3 6 -48 47 10 -13 47 
-20 -42 14 73 0 -32 70 -34 -51 -11 13 12 -17 41 1 -48 
31 35 -31 -67 9 31 -57 53 52 -3 -16 -9 4 -44 11 46 
-39 -23 51 54 -19 -26 36 -70 -47 20 18 3 9 43 -26 -40 
45 10 -65 -34 26 19 -11 77 38 -34 -18 3 -23 -38 38 30 
-46 4 73 14 -30 -11 15 91 5 -115 
RSSI :-110 
Input angle :49
Zaxis angle :36 
minval :0 

minval :0 



3 -48 47 8 -11 47 -46 -16 20 -43 42 23 -28 40 -37 -29 
70 10 -65 -7 44 25 4 56 14 -49 -2 1 -11 -27 44 19 
-70 9 65 -14 -50 -7 -24 -53 3 51 2 -3 21 21 -47 -2 
62 -34 -57 33 51 -5 38 42 -15 -49 0 3 -25 -14 46 -12 
-49 51 43 -49 -46 20 -50 -30 30 42 0 -3 28 6 -41 22 
34 -61 -28 59 37 -33 -17 -51 -5 -35 
RSSI :-110 
Input angle :49
Zaxis angle :32 
minval :0 

minval :0 



-24 -52 55 -19 16 56 -55 11 -6 -58 58 0 -5 58 -57 -10 
61 -44 -55 26 47 -16 51 36 -24 -64 -7 -4 -41 -7 57 -4 
-45 61 44 -43 -38 31 -61 -16 43 54 10 1 41 -6 -51 24 
25 -71 -26 55 27 -42 63 0 -58 -38 -8 1 -35 20 40 -40 
0 76 12 -61 -14 48 -60 18 66 19 8 -4 28 -28 -27 50 
-23 -72 10 61 -1 -49 -33 -110 0 -63 
RSSI :-110 
Input angle :9
Zaxis angle :14 
minval :0 

minval :0 



-54 49 -43 -58 62 -37 29 66 -69 22 -16 -71 71 -11 5 72 
-48 -47 60 51 -13 -26 42 -55 -41 30 8 8 1 21 -24 -68 
59 32 -73 -30 21 21 -27 64 31 -41 -10 -4 -8 -19 48 54 
-66 -9 79 7 -27 -13 4 -70 -18 48 12 1 12 16 -63 -35 
66 -10 -77 19 30 4 17 69 3 -51 -12 1 -17 -11 70 16 
-60 29 67 -41 -30 4 16 31 6 23 
RSSI :-110 
Input angle :49
Zaxis angle :32 
minval :0 

minval :0 



0 62 -61 -4 11 -61 60 16 -20 59 -56 -25 30 -53 51 34 
-72 8 79 -8 -33 -14 -15 -59 -15 46 17 -8 30 21 -59 -16 
66 -31 -72 34 36 3 34 52 0 -49 -15 13 -34 -10 61 0 
-51 52 58 -54 -35 7 -47 -40 13 46 9 -17 37 0 -58 18 
36 -62 -39 69 32 -18 57 24 -30 -38 -3 19 -35 11 50 -36 
-14 70 19 -77 -25 27 -96 -63 3 -5 
RSSI :-110 
Input angle :40
Zaxis angle :32 
minval :0 

minval :0 



-45 -8 11 -44 44 15 -20 41 -39 -23 27 -37 35 29 -31 33 
-5 -86 4 69 26 -55 39 -14 -46 -3 0 20 -33 11 23 -39 
31 80 -23 -64 -9 60 -31 25 45 -10 -7 -20 28 -20 -9 44 
-52 -68 43 54 -8 -60 22 -33 -39 24 10 17 -20 27 -2 -45 
68 50 -57 -38 25 55 -11 38 31 -33 -17 -14 11 -33 19 41 
-82 -24 65 19 -42 -45 31 65 5 75 
RSSI :-110 
Input angle :30
Zaxis angle :25 
minval :0 

minval :0 



63 -1 -3 63 -63 -9 14 -61 61 20 -26 58 -55 -31 35 -51 
10 67 -12 -78 5 57 -66 37 68 -12 1 1 0 -34 -19 59 
-32 -62 36 72 -24 -52 51 -54 -59 36 -2 -1 9 31 0 -64 
43 52 -56 -58 37 43 -36 66 48 -50 1 0 -17 -28 16 61 
-58 -37 71 38 -48 -30 14 -74 -33 61 -3 0 25 20 -34 -53 
67 14 -78 -17 54 15 112 79 -9 47 
RSSI :-110 
Input angle :47
Zaxis angle :14 
minval :0 

minval :0 



-39 -42 45 -36 32 47 -49 29 -24 -51 53 -19 13 55 -56 9 
44 -54 -28 59 29 -20 52 19 -53 -27 -9 -3 -19 9 51 -23 
-26 63 8 -65 -20 29 -56 0 60 9 9 0 15 -15 -40 40 
6 -68 10 64 11 -34 53 -16 -59 6 -9 3 -10 18 27 -49 
12 67 -28 -58 -1 35 -47 29 55 -23 8 -5 4 -21 -11 56 
-32 -61 44 48 -8 -34 95 -21 4 -123 
RSSI :-110 
Input angle :358
Zaxis angle :0 
minval :0 

minval :0 



-52 -27 32 -50 47 35 -40 44 -40 -42 47 -36 32 50 -51 28 
23 -52 -12 66 29 -22 73 -3 -45 -27 7 5 -33 14 40 -42 
-7 57 -3 -66 -21 30 -69 25 51 15 -8 -3 26 -25 -26 53 
-9 -56 25 63 9 -36 58 -43 -53 4 8 0 -18 31 10 -58 
27 50 -44 -51 1 37 -42 59 49 -18 -8 3 7 -34 9 58 
-39 -41 56 36 -13 -35 63 4 4 105 
RSSI :-110 
Input angle :53
Zaxis angle :29 
minval :0 

minval :0 



-58 -49 55 -52 46 60 -63 42 -35 -67 71 -27 21 72 -73 15 
37 -53 -16 63 32 -18 77 9 -36 -21 14 6 -17 1 64 -38 
-20 61 -1 -65 -27 25 -76 13 41 9 -15 -1 15 -7 -52 55 
1 -66 22 60 17 -33 69 -34 -42 3 16 -3 -13 11 31 -68 
22 62 -38 -52 -5 37 -57 53 39 -14 -13 8 9 -14 -9 74 
-37 -55 53 38 -2 -38 -49 117 3 -71 
RSSI :-110 
Input angle :58
Zaxis angle :20 
minval :0 

minval :0 



-46 -40 44 -42 39 48 -52 33 -27 -56 59 -22 18 59 -60 13 
47 -58 -23 58 41 -22 71 19 -54 -53 10 -2 -24 4 53 -29 
-25 69 4 -63 -32 33 -72 0 67 34 -9 5 21 -9 -42 44 
2 -74 14 60 20 -42 68 -22 -75 -10 7 -7 -18 15 24 -55 
18 72 -33 -53 -6 47 -58 42 74 -12 -4 9 11 -20 -9 60 
-40 -62 46 43 -5 -46 -1 105 4 -99 
RSSI :-110 
Input angle :58
Zaxis angle :14 
minval :0 

minval :0 



3 54 -55 0 4 -55 53 9 -15 52 -51 -20 24 -49 47 27 
-77 1 59 3 -40 -18 -32 -55 -13 59 7 -6 20 20 -52 -14 
73 -23 -57 13 43 6 45 43 -6 -61 -5 8 -26 -13 54 -2 
-63 44 52 -29 -43 7 -57 -28 22 57 2 -9 28 4 -51 18 
48 -60 -40 43 39 -18 62 12 -40 -46 0 9 -28 4 42 -34 
-28 71 24 -53 -31 29 0 -39 3 -13 
RSSI :-110 
Input angle :49
Zaxis angle :29 
minval :0 

minval :0 



55 15 -22 53 -53 -26 30 -49 44 33 -42 41 -40 -44 46 -37 
-22 75 -8 -50 -29 42 -81 -5 51 30 -10 12 14 -8 -36 45 
0 -74 20 47 17 -48 79 -20 -59 -12 5 -15 -12 11 19 -54 
23 69 -28 -39 -5 49 -72 39 64 -6 -1 16 11 -16 1 57 
-41 -64 44 25 -11 -50 56 -61 -55 24 -1 -16 -2 16 -19 -56 
59 47 -50 -17 28 40 32 39 -5 -41 
RSSI :-110 
Input angle :66
Zaxis angle :20 
minval :0 

minval :0 



1 106 -106 -5 13 -105 101 25 -35 100 -97 -41 49 -93 86 56 
-116 33 126 -23 -63 -28 -80 -84 30 87 13 -25 21 5 -100 -32 
101 -68 -115 56 68 8 99 60 -55 -73 -3 28 -21 1 102 -1 
-78 93 93 -87 -71 12 -115 -25 76 55 -4 -29 21 -8 -97 37 
41 -113 -61 112 62 -34 116 -10 -89 -32 12 24 -16 12 84 -60 
-10 121 25 -126 -49 52 16 -15 -1 -71 
RSSI :-110 
Input angle :58
Zaxis angle :29 
minval :0 

minval :0 



46 -32 27 49 -51 23 -17 -53 55 -11 7 55 -56 1 1 -55 
51 35 -44 -49 12 38 -22 41 42 -3 -7 -14 4 -37 14 54 
-60 -17 57 33 -21 -33 11 -45 -40 16 10 12 6 36 -27 -48 
62 0 -64 -16 30 25 4 47 35 -25 -13 -8 -17 -33 42 36 
-59 18 66 -6 -38 -13 -17 -44 -24 34 15 4 26 26 -51 -22 
50 -37 -61 25 39 2 -32 -75 -6 11 
RSSI :-110 
Input angle :16
Zaxis angle :20 
minval :0 

minval :0 



39 16 -20 37 -35 -25 27 -33 32 28 -31 29 -25 -35 37 -21 
-23 71 30 -66 -32 42 -59 19 68 23 0 -7 15 -27 -28 32 
1 -74 -12 71 16 -50 51 -36 -72 -1 1 6 -6 30 18 -39 
20 72 -9 -72 -2 53 -38 50 70 -19 -4 -6 -1 -31 -6 42 
-42 -61 31 65 -13 -51 20 -59 -60 40 5 4 10 29 -6 -42 
57 47 -50 -52 28 44 81 65 -28 -17 
RSSI :-110 
Input angle :14
Zaxis angle :0 
minval :0 

minval :0 



-21 -38 40 -16 13 41 -42 11 -7 -43 43 -2 0 43 -42 -3 
56 -33 -59 29 45 -6 55 44 -12 -62 0 19 -32 -8 42 -7 
-42 48 44 -48 -41 17 -65 -27 33 54 -5 -18 33 -2 -37 21 
24 -60 -27 59 32 -31 71 4 -47 -42 10 15 -31 10 29 -31 
-3 64 8 -65 -22 39 -68 19 58 26 -14 -11 26 -20 -19 38 
-12 -63 10 65 8 -44 -82 92 -5 69 
RSSI :-110 
Input angle :49
Zaxis angle :29 
minval :0 

minval :0 



-42 -95 98 -34 27 102 -102 18 -10 -104 105 0 -10 104 -102 -19 
112 -64 -102 54 72 -4 104 67 -35 -98 -23 12 -43 -19 104 -12 
-86 94 81 -84 -67 28 -120 -33 63 83 16 -20 47 6 -95 43 
50 -117 -52 103 57 -42 125 0 -86 -60 -12 24 -47 8 78 -69 
-18 127 16 -115 -42 58 -115 43 98 31 3 -27 42 -23 -52 90 
-26 -126 17 116 20 -69 111 -60 -1 41 
RSSI :-110 
Input angle :23
Zaxis angle :20 
minval :0 

minval :0 



-42 -26 29 -41 38 33 -37 35 -31 -39 42 -27 24 44 -45 19 
28 -63 -31 53 36 -28 68 7 -42 -41 -2 13 -25 2 36 -33 
-7 69 14 -59 -25 38 -66 14 52 27 -1 -14 24 -11 -26 42 
-11 -69 5 61 13 -44 58 -33 -58 -6 5 13 -18 16 11 -48 
32 60 -21 -56 1 46 -46 49 57 -10 -10 -10 13 -23 2 50 
-48 -50 38 47 -17 -43 -33 38 3 121 
RSSI :-110 
Input angle :49
Zaxis angle :32 
minval :0 

minval :0 



-33 45 -41 -37 41 -37 33 44 -47 30 -26 -50 51 -22 18 52 
-66 -31 56 29 -29 -38 5 -67 -37 51 10 0 5 26 -30 -46 
72 13 -61 -11 39 26 14 64 20 -61 -10 2 -13 -24 43 34 
-72 8 63 -7 -47 -14 -36 -56 0 64 8 -5 20 18 -52 -16 
65 -32 -56 28 48 -3 50 44 -19 -61 -6 7 -25 -9 56 0 
-51 51 44 -45 -46 15 32 -98 6 -49 
RSSI :-110 
Input angle :54
Zaxis angle :29 
minval :0 

minval :0 



39 -30 25 42 -43 22 -19 -44 47 -15 10 48 -49 6 -2 -49 
46 47 -43 -48 14 41 -25 63 47 -28 -17 -2 3 -22 17 46 
-57 -32 56 31 -26 -34 5 -69 -36 41 17 -3 2 22 -30 -39 
64 11 -63 -12 35 26 13 67 26 -49 -16 8 -10 -20 40 29 
-66 8 64 -5 -42 -12 -35 -59 -8 54 11 -13 15 16 -46 -13 
60 -27 -60 25 43 0 63 21 -7 -77 
RSSI :-110 
Input angle :49
Zaxis angle :29 
minval :0 

minval :0 



39 16 -19 38 -36 -22 24 -34 32 27 -30 29 -25 -34 35 -23 
-21 58 30 -53 -27 22 -70 -1 44 31 7 -19 21 -10 -27 32 
2 -62 -11 60 17 -30 65 -26 -51 -17 0 20 -17 17 16 -38 
17 59 -6 -61 -7 34 -57 40 54 2 -4 -20 12 -20 -4 42 
-34 -52 25 56 -3 -34 42 -56 -52 16 10 17 -4 23 -7 -41 
48 39 -41 -46 13 32 -95 114 -16 -107 
RSSI :-110 
Input angle :19
Zaxis angle :20 
minval :0 

minval :0 



4 46 -47 1 4 -46 47 6 -10 46 -44 -16 19 -42 40 22 
-64 7 60 -4 -32 -13 -30 -64 -14 46 21 -3 15 20 -46 -9 
59 -26 -54 21 35 2 47 53 -2 -48 -18 8 -21 -14 46 -3 
-48 42 44 -39 -33 10 -63 -33 14 46 15 -13 24 6 -42 19 
33 -55 -30 50 30 -18 69 15 -29 -39 -9 18 -25 0 35 -29 
-16 62 14 -59 -25 25 80 -28 3 121 
RSSI :-110 
Input angle :19
Zaxis angle :25 
minval :0 

minval :0 



-35 -35 38 -32 29 41 -42 26 -21 -45 46 -18 12 47 -48 9 
47 -45 -38 45 37 -13 71 28 -27 -53 -9 13 -25 -3 43 -23 
-28 60 21 -56 -33 21 -75 -5 42 41 5 -15 24 -5 -34 36 
8 -65 -5 60 22 -32 72 -21 -54 -24 0 16 -23 13 23 -44 
8 65 -13 -57 -12 38 -64 42 58 9 -5 -15 17 -18 -6 49 
-30 -59 28 52 1 -40 47 -6 0 -53 
RSSI :-110 
Input angle :27
Zaxis angle :25 
minval :0 

minval :0 



-11 44 -42 -15 17 -40 39 21 -25 36 -35 -27 31 -32 28 33 
-60 -17 54 16 -27 -22 -8 -70 -30 39 15 6 6 24 -37 -26 
63 -1 -56 0 31 15 24 66 17 -45 -16 -1 -12 -21 42 11 
-60 19 55 -13 -34 -5 -45 -54 -2 49 15 -3 18 16 -44 0 
49 -40 -47 31 35 -7 60 36 -13 -48 -14 6 -23 -9 41 -15 
-36 52 35 -44 -31 16 -48 50 5 -81 
RSSI :-110 
Input angle :19
Zaxis angle :25 
minval :0 

minval :0 



25 -42 40 28 -31 37 -34 -35 39 -30 27 41 -44 22 -18 -46 
58 40 -49 -38 23 38 -16 72 48 -36 -12 -4 -4 -32 30 37 
-68 -19 59 20 -34 -29 -8 -74 -34 49 13 0 16 28 -42 -25 
70 -1 -62 0 41 15 29 68 20 -56 -12 2 -23 -23 46 13 
-68 22 59 -17 -45 -1 -47 -55 0 60 12 -6 29 15 -48 2 
57 -41 -50 34 44 -10 -1 -49 -8 -111 
RSSI :-110 
Input angle :23
Zaxis angle :25 
minval :0 

minval :0 



-19 -44 46 -16 10 48 -48 5 -1 -48 48 2 -6 48 -46 -9 
68 -27 -54 12 40 3 42 53 -4 -58 -17 -7 -20 -15 47 -3 
-57 45 48 -28 -39 9 -54 -41 22 54 18 2 22 10 -45 16 
43 -59 -39 37 35 -22 64 21 -37 -44 -18 3 -25 0 36 -31 
-18 70 24 -49 -26 31 -67 -1 49 31 16 -8 24 -6 -25 41 
-2 -73 -8 54 17 -37 15 8 -2 117 
RSSI :-110 
Input angle :12
Zaxis angle :20 
minval :0 

minval :0 



-45 -30 33 -43 40 37 -40 37 -32 -44 47 -29 24 49 -51 18 
25 -72 -32 61 34 -40 70 0 -57 -35 -1 19 -24 7 42 -34 
-3 76 10 -68 -21 49 -68 19 66 11 -3 -18 20 -14 -29 46 
-21 -74 10 69 7 -52 59 -36 -67 8 8 17 -16 19 15 -53 
43 64 -30 -63 7 53 -47 52 61 -28 -14 -13 9 -24 0 54 
-58 -49 45 51 -23 -47 63 58 5 -53 
RSSI :-110 
Input angle :61
Zaxis angle :36 
minval :0 

minval :0 



-3 45 -46 -4 8 -46 44 13 -18 42 -41 -23 25 -40 36 29 
-53 0 58 13 -30 -13 -24 -63 -14 55 15 2 18 13 -44 -18 
57 -13 -59 2 32 4 41 53 -1 -56 -15 0 -21 -6 47 3 
-46 30 55 -23 -28 5 -55 -35 24 49 13 -6 21 1 -45 13 
34 -43 -44 40 25 -17 65 18 -36 -44 -11 10 -20 5 39 -25 
-21 51 31 -49 -22 22 -112 20 4 -81 
RSSI :-110 
Input angle :14
Zaxis angle :20 
minval :0 

minval :0 



-31 51 -48 -35 40 -44 39 44 -47 37 -34 -49 52 -29 24 54 
-62 -61 51 87 -3 -41 76 -67 -64 2 30 48 -19 21 -36 -46 
79 37 -74 -67 17 37 -50 88 60 -22 -42 -37 13 -26 49 32 
-86 -14 92 41 -28 -30 24 -99 -51 39 52 21 -5 28 -57 -15 
87 -9 -100 -12 36 20 10 100 37 -52 -56 -5 -4 -28 59 -4 
-79 38 99 -18 -40 -7 31 -91 15 -109 
RSSI :-110 
Input angle :58
Zaxis angle :36 
minval :0 

minval :0 



-59 7 -2 -59 58 4 -10 58 -57 -15 19 -56 55 23 -27 53 
-32 -71 15 67 -10 -51 64 -28 -70 10 -6 17 -8 18 10 -58 
52 58 -33 -58 23 46 -52 46 65 -28 2 -19 1 -20 8 57 
-67 -38 52 44 -37 -36 30 -63 -53 48 4 19 4 19 -25 -53 
76 14 -63 -27 47 22 -14 68 33 -61 -10 -16 -10 -17 40 44 
-78 7 68 5 -52 -7 31 -70 8 -29 
RSSI :-110 
Input angle :8
Zaxis angle :14 
minval :0 

minval :0 



34 30 -31 33 -29 -35 37 -26 22 40 -41 19 -15 -43 44 -10 
-24 54 49 -54 -29 27 -58 -18 48 31 8 -18 22 -5 -40 22 
7 -60 -29 68 18 -35 61 0 -55 -15 -3 20 -20 12 31 -32 
12 58 6 -73 -6 38 -58 17 57 0 -4 -20 15 -17 -18 41 
-27 -53 14 72 -6 -40 51 -34 -54 20 10 18 -9 21 4 -45 
44 40 -37 -64 17 35 64 -123 -5 -57 
RSSI :-110 
Input angle :23
Zaxis angle :25 
minval :0 

minval :0 



18 43 -44 13 -9 -44 45 -5 0 46 -45 -3 4 -45 44 10 
-37 27 52 -27 -25 6 -61 -48 2 41 0 -14 23 11 -45 5 
27 -38 -42 43 23 -14 73 28 -17 -37 5 12 -26 -6 42 -18 
-13 45 27 -53 -17 20 -78 -5 28 31 -9 -11 26 -4 -35 29 
-2 -47 -8 58 10 -25 77 -20 -36 -19 13 8 -23 12 22 -40 
17 43 -7 -59 -1 26 0 7 1 29 
RSSI :-110 
Input angle :53
Zaxis angle :29 
minval :0 

minval :0 



-33 -22 28 -32 32 31 -31 29 -24 -33 37 -23 17 37 -40 15 
22 -53 -19 58 19 -24 69 -17 -41 -17 3 8 -15 9 34 -24 
0 57 4 -62 -9 28 -54 39 44 2 -6 -6 16 -11 -22 37 
-18 -55 18 58 4 -27 43 -56 -42 10 10 2 -12 15 14 -40 
30 48 -34 -51 3 27 -21 66 44 -21 -8 0 5 -18 1 44 
-44 -42 47 42 -15 -21 -82 124 17 111 
RSSI :-110 
Input angle :49
Zaxis angle :25 
minval :0 

minval :0 



-7 67 -65 -12 15 -65 63 21 -28 60 -59 -32 38 -55 51 42 
-80 10 75 -24 -52 -13 -46 -57 0 60 16 -4 20 8 -63 -23 
70 -42 -61 49 53 -2 62 38 -15 -59 -14 8 -21 -2 67 1 
-51 63 43 -65 -50 16 -72 -16 34 50 10 -13 21 -3 -64 17 
34 -74 -22 75 42 -32 73 -4 -48 -36 -5 16 -19 11 55 -37 
-8 81 -3 -79 -31 43 -48 -105 2 81 
RSSI :-110 
Input angle :49
Zaxis angle :25 
minval :0 

minval :0 



50 14 -19 50 -46 -25 27 -41 41 30 -37 38 -33 -39 42 -34 
-23 76 18 -62 -22 39 -82 12 51 25 1 -2 29 -10 -33 41 
-6 -81 0 63 11 -44 73 -39 -58 -10 0 3 -24 15 17 -46 
27 74 -22 -60 -1 46 -54 59 59 -13 -4 -4 19 -24 1 50 
-44 -60 39 51 -19 -43 32 -75 -49 29 3 3 -8 29 -16 -48 
65 42 -51 -39 30 37 32 -107 -6 -87 
RSSI :-110 
Input angle :27
Zaxis angle :20 
minval :0 

minval :0 



-54 15 -11 -56 56 -6 1 56 -56 -3 8 -56 55 13 -18 52 
-31 -69 22 63 -3 -53 53 -60 -68 10 0 1 -10 28 1 -55 
47 60 -43 -51 19 50 -33 73 62 -31 0 0 1 -29 13 53 
-64 -38 56 37 -34 -41 8 -80 -51 46 1 0 7 29 -29 -47 
73 19 -64 -19 42 33 14 79 33 -60 -1 0 -14 -26 43 36 
-75 0 67 1 -50 -16 -49 -107 8 -117 
RSSI :-110 
Input angle :27
Zaxis angle :29 
minval :0 

minval :0 



45 -32 27 48 -51 21 -15 -54 55 -12 6 55 -56 2 4 -55 
42 51 -40 -40 12 37 -31 65 50 -23 -8 -5 11 -22 14 53 
-56 -37 51 28 -24 -30 10 -72 -39 40 9 2 -4 25 -30 -47 
65 17 -56 -8 33 21 14 71 26 -48 -9 0 -2 -25 41 36 
-67 0 57 -6 -38 -10 -34 -64 -8 54 9 -2 10 23 -50 -21 
63 -20 -52 23 38 0 -17 38 -7 111 
RSSI :-110 
Input angle :49
Zaxis angle :29 
minval :0 

minval :0 



-56 24 -16 -63 60 -12 4 65 -60 -6 9 -62 62 11 -22 61 
-37 -75 37 57 -4 -52 49 -66 -63 18 17 1 -11 28 0 -60 
54 50 -55 -43 26 46 -29 76 60 -32 -17 6 3 -29 15 62 
-70 -34 64 25 -37 -37 -1 -83 -44 46 12 -10 7 27 -33 -50 
77 8 -70 -1 43 24 24 78 24 -62 -9 13 -15 -24 49 36 
-76 13 67 -18 -48 -12 -1 -118 8 -63 
RSSI :-110 
Input angle :49
Zaxis angle :29 
minval :0 

minval :0 



3 51 -51 0 4 -51 50 8 -12 49 -47 -17 24 -46 43 26 
-59 15 59 -10 -32 -1 -44 -65 -1 51 11 -10 19 21 -49 -11 
52 -30 -51 29 31 -8 63 48 -13 -49 -8 14 -23 -13 50 -6 
-39 47 40 -44 -27 16 -75 -25 27 42 4 -14 27 4 -48 19 
23 -57 -24 55 21 -24 78 1 -39 -33 0 15 -27 3 38 -32 
-5 60 8 -59 -11 30 -80 120 2 -91 
RSSI :-110 
Input angle :49
Zaxis angle :29 
minval :0 

minval :0 



-13 -38 39 -10 7 40 -40 4 -3 -40 40 1 -5 40 -39 -8 
50 -31 -55 28 35 -4 56 37 -10 -52 -10 9 -17 -10 40 -2 
-38 45 45 -41 -32 13 -64 -22 25 46 7 -12 19 4 -37 14 
23 -55 -29 53 26 -23 67 0 -39 -36 -3 13 -20 0 32 -24 
-6 59 12 -60 -18 30 -65 18 47 23 0 -14 18 -7 -24 32 
-10 -59 6 61 9 -34 -18 116 -4 -5 
RSSI :-110 
Input angle :49
Zaxis angle :29 
minval :0 

minval :0 



-48 18 -14 -49 50 -10 5 51 -50 0 4 -50 50 9 -13 49 
-40 -63 35 56 -10 -44 30 -67 -53 29 3 14 -7 21 -3 -50 
57 48 -50 -43 22 39 -7 74 44 -43 -7 -12 2 -22 18 47 
-69 -28 60 26 -32 -32 -13 -72 -27 54 11 9 4 22 -29 -41 
74 8 -66 -7 41 18 34 65 8 -60 -13 -6 -10 -19 43 27 
-72 19 65 -11 -45 -6 80 -120 7 -33 
RSSI :-110 
Input angle :19
Zaxis angle :0 
minval :0 

minval :0 



-4 -41 42 -1 -2 41 -41 -6 10 -40 39 14 -17 37 -36 -21 
55 -26 -66 25 34 0 58 42 -9 -63 -7 14 -24 -7 40 11 
-46 41 57 -41 -33 10 -69 -19 29 57 1 -15 25 0 -41 4 
30 -53 -41 57 29 -18 71 -1 -45 -46 3 15 -24 8 38 -15 
-13 60 25 -66 -22 26 -69 19 57 29 -7 -14 20 -14 -32 26 
-3 -61 -4 70 11 -32 -2 116 -7 47 
RSSI :-110 
Input angle :49
Zaxis angle :25 
minval :0 

minval :0 



64 0 -5 64 -63 -13 17 -61 60 24 -29 58 -55 -32 36 -52 
15 76 -13 -72 -10 59 -77 49 71 17 -20 -18 20 -32 -19 61 
-41 -68 34 65 -8 -59 61 -68 -73 8 24 11 -11 35 2 -64 
56 55 -51 -51 24 55 -36 84 68 -27 -26 -4 0 -38 18 61 
-70 -35 64 35 -41 -45 10 -92 -58 46 26 -4 12 36 -36 -54 
78 12 -72 -11 52 30 112 50 -8 19 
RSSI :-110 
Input angle :49
Zaxis angle :29 
minval :0 

minval :0 



-4 62 -60 -9 16 -59 57 23 -29 54 -51 -33 38 -49 45 40 
-83 15 72 -15 -56 -15 -40 -68 -8 67 21 -5 24 24 -54 -26 
75 -37 -64 35 57 0 58 52 -11 -66 -18 12 -30 -16 60 5 
-58 61 48 -56 -55 21 -72 -29 32 59 13 -17 34 5 -58 16 
35 -77 -29 68 45 -37 78 4 -51 -44 -7 21 -34 4 52 -33 
-12 83 8 -73 -32 48 0 -56 3 105 
RSSI :-110 
Input angle :27
Zaxis angle :25 
minval :0 

minval :0 



-46 37 -33 -50 52 -29 24 54 -57 18 -15 -58 60 -10 5 58 
-62 -36 64 34 -44 -35 24 -74 -44 53 10 5 19 19 -21 -55 
70 17 -70 -22 53 22 -5 78 29 -63 -11 -2 -23 -13 35 48 
-71 4 73 -6 -57 -6 -22 -76 -3 68 10 -1 27 3 -49 -31 
67 -27 -68 26 56 -10 45 64 -18 -67 -11 4 -27 3 57 15 
-57 44 59 -43 -50 27 -64 64 7 77 
RSSI :-110 
Input angle :49
Zaxis angle :20 
minval :0 

minval :0 



36 29 -32 33 -31 -35 37 -27 23 39 -41 21 -18 -43 43 -14 
-45 58 43 -55 -31 32 -80 -23 46 48 1 -13 17 -4 -37 25 
24 -69 -23 65 21 -40 83 -2 -59 -32 4 11 -14 9 28 -35 
-2 73 2 -70 -9 43 -80 26 65 14 -6 -10 11 -13 -15 43 
-19 -71 15 69 -6 -44 68 -48 -67 3 10 6 -6 16 1 -46 
40 61 -36 -60 17 42 96 -22 -4 -99 
RSSI :-110 
Input angle :46
Zaxis angle :29 
minval :0 

minval :0 



-40 -117 122 -29 15 124 -126 3 4 -125 123 18 -30 121 -117 -37 
120 -41 -88 42 74 3 92 79 -36 -91 3 10 -20 -31 123 -2 
-101 78 69 -68 -73 18 -109 -53 61 74 -8 -9 31 22 -121 34 
76 -101 -42 84 63 -39 120 16 -83 -51 9 5 -37 -13 103 -70 
-38 121 14 -95 -46 56 -119 26 95 17 -12 -3 36 1 -77 100 
-6 -126 12 95 28 -70 -33 -102 0 -127 
RSSI :-110 
Input angle :61
Zaxis angle :20 
minval :0 

minval :0 



-40 42 -37 -44 48 -31 27 51 -52 24 -17 -56 56 -14 9 57 
-50 -39 52 42 -10 -33 16 -65 -58 32 20 -9 -2 34 -27 -51 
60 20 -62 -26 21 28 5 66 42 -50 -16 14 -9 -34 41 40 
-63 0 67 3 -29 -19 -27 -60 -26 60 10 -19 19 29 -51 -27 
61 -14 -65 16 34 10 41 51 8 -65 -5 21 -27 -22 57 9 
-53 36 56 -36 -35 0 16 19 8 -41 
RSSI :-110 
Input angle :53
Zaxis angle :29 
minval :0 

minval :0 



-55 15 -9 -57 57 -5 0 57 -57 -6 10 -57 56 16 -20 54 
-23 -58 28 52 -5 -36 48 -49 -48 0 13 0 -20 14 4 -57 
39 47 -41 -43 15 33 -32 60 45 -14 -12 4 16 -19 15 56 
-52 -32 52 27 -26 -27 13 -67 -39 28 10 -7 -9 23 -32 -48 
59 12 -58 -9 32 17 8 67 28 -38 -7 10 2 -26 43 37 
-62 4 58 -7 -35 -6 111 -59 5 -69 
RSSI :-110 
Input angle :61
Zaxis angle :20 
minval :0 

minval :0 



-9 64 -63 -14 19 -61 60 24 -29 57 -53 -35 40 -49 46 44 
-72 -1 71 -14 -55 -6 -40 -72 4 58 0 -10 13 9 -57 -29 
68 -21 -63 36 54 -9 58 58 -23 -54 3 9 -16 -5 64 9 
-57 42 47 -55 -47 26 -76 -35 39 43 -6 -7 15 1 -64 9 
40 -58 -31 67 38 -39 81 12 -49 -30 7 4 -16 4 58 -27 
-24 67 7 -73 -23 49 -32 -102 1 -97 
RSSI :-110 
Input angle :53
Zaxis angle :20 
minval :0 

minval :0 



30 -60 58 34 -37 53 -51 -46 51 -41 36 52 -57 32 -29 -56 
77 16 -76 -2 48 15 6 78 7 -56 0 6 -13 -15 44 44 
-77 8 73 -21 -58 -7 -30 -73 8 55 2 -9 18 10 -59 -34 
66 -24 -66 34 49 -10 50 61 -15 -51 0 9 -14 -7 69 9 
-60 49 52 -52 -51 27 -67 -43 29 44 -3 -5 19 -1 -67 10 
39 -58 -28 69 32 -40 -1 -45 -5 -17 
RSSI :-110 
Input angle :49
Zaxis angle :25 
minval :0 

minval :0 



22 53 -55 17 -13 -56 57 -9 4 57 -57 -1 6 -58 55 12 
-51 40 47 -33 -35 23 -57 -37 15 45 -3 -7 17 13 -58 3 
40 -52 -35 46 27 -33 66 17 -28 -40 6 5 -20 -8 53 -23 
-20 63 17 -55 -17 39 -69 3 38 28 -8 -4 22 1 -44 38 
1 -65 -2 59 3 -43 64 -24 -45 -18 7 1 -21 4 30 -49 
17 64 -15 -55 8 42 16 17 0 -45 
RSSI :-110 
Input angle :66
Zaxis angle :20 
minval :0 

minval :0 



61 -1 -3 61 -61 -8 12 -60 59 17 -21 57 -56 -27 30 -53 
13 68 -18 -58 1 45 -57 39 52 -1 -6 3 13 -15 -14 59 
-34 -60 36 51 -14 -43 44 -53 -48 19 5 -6 -8 17 -3 -60 
50 48 -50 -37 28 36 -24 65 41 -31 -3 7 1 -19 21 57 
-63 -29 58 20 -37 -25 0 -69 -27 44 1 -8 3 18 -37 -47 
69 11 -62 -1 43 14 -80 -48 -7 41 
RSSI :-110 
Input angle :66
Zaxis angle :20 
minval :0 

minval :0 



19 -62 61 23 -33 58 -53 -40 45 -52 46 45 -51 40 -38 -56 
64 23 -82 -10 34 21 23 79 8 -57 -8 25 -8 -5 53 39 
-73 1 79 -11 -40 -11 -42 -68 11 53 1 -26 13 1 -64 -23 
69 -21 -73 38 40 -5 64 52 -29 -49 9 25 -13 0 65 1 
-55 42 57 -58 -39 17 -74 -33 42 39 -15 -21 11 -2 -63 19 
40 -57 -39 72 31 -24 127 100 -3 13 
RSSI :-110 
Input angle :49
Zaxis angle :20 
minval :0 

minval :0 



53 -8 3 55 -54 -1 5 -55 53 9 -14 53 -51 -17 21 -49 
15 55 -23 -72 -4 35 -59 47 52 0 -21 -7 16 -20 -9 54 
-28 -49 42 63 -7 -36 42 -62 -50 13 21 0 -10 25 -10 -52 
45 35 -60 -45 15 32 -21 72 42 -29 -20 6 0 -26 24 48 
-54 -20 71 23 -26 -25 -2 -74 -31 41 19 -12 6 27 -38 -38 
56 2 -75 -2 33 14 112 -62 -7 93 
RSSI :-110 
Input angle :49
Zaxis angle :25 
minval :0 

minval :0 



16 57 -55 11 -4 -60 57 -2 -6 59 -57 -6 14 -59 55 17 
-54 24 61 -21 -43 0 -50 -56 16 64 4 -5 27 3 -57 1 
44 -38 -52 37 42 -13 58 37 -33 -43 -5 5 -26 4 54 -16 
-37 50 38 -51 -36 24 -72 -16 50 42 4 -6 29 -7 -45 32 
12 -56 -22 63 21 -42 70 -2 -53 -19 0 6 -21 17 33 -46 
-1 57 3 -65 -6 45 -112 -13 -1 -77 
RSSI :-110 
Input angle :19
Zaxis angle :20 
minval :0 

minval :0 



10 -46 45 14 -16 44 -43 -21 24 -41 37 30 -33 33 -31 -36 
60 3 -73 -8 41 13 16 63 14 -55 -11 8 -13 -16 39 26 
-59 15 73 -10 -42 -2 -33 -56 0 58 8 -12 17 11 -45 -13 
50 -34 -67 32 40 -13 48 44 -20 -53 -4 14 -20 -6 47 -3 
-37 49 53 -51 -34 24 -60 -25 37 45 0 -14 21 0 -43 18 
23 -57 -34 65 24 -35 31 -33 -5 -105 
RSSI :-110 
Input angle :49
Zaxis angle :29 
minval :0 

minval :0 



66 -8 3 68 -68 -1 9 -67 65 13 -18 65 -63 -26 30 -59 
16 79 -13 -59 -7 65 -65 50 75 2 -10 8 20 -29 -13 66 
-38 -72 31 51 -14 -65 44 -69 -72 23 6 -11 -9 34 -9 -66 
61 54 -47 -38 33 57 -19 80 63 -39 -3 12 0 -36 28 59 
-74 -36 56 23 -51 -43 -3 -82 -46 59 0 -12 11 34 -43 -51 
81 12 -61 -3 60 29 96 14 -9 -25 
RSSI :-110 
Input angle :66
Zaxis angle :20 
minval :0 

minval :0 



47 22 -24 45 -43 -27 31 -41 39 34 -37 36 -31 -41 43 -27 
-13 62 20 -57 -19 37 -70 11 47 20 -3 -7 20 -3 -34 37 
-5 -64 -6 61 9 -41 64 -29 -51 -4 5 4 -19 11 20 -47 
25 60 -14 -58 4 42 -51 49 50 -13 -6 -3 14 -15 -6 51 
-42 -48 34 51 -18 -38 35 -61 -45 25 7 0 -8 19 -12 -50 
54 33 -46 -39 29 32 48 64 -5 -53 
RSSI :-110 
Input angle :49
Zaxis angle :25 
minval :0 

minval :0 



-54 0 5 -54 53 10 -14 51 -51 -19 23 -48 47 26 -28 45 
-11 -69 5 63 0 -49 55 -38 -62 6 5 0 -13 18 15 -52 
32 63 -26 -57 15 46 -41 54 57 -25 -4 1 6 -23 0 54 
-51 -48 42 48 -27 -40 24 -64 -48 39 3 -3 0 23 -18 -50 
64 30 -54 -33 39 28 -3 67 32 -53 -2 4 -7 -22 29 44 
-69 -11 63 12 -46 -17 47 -82 7 33 
RSSI :-110 
Input angle :53
Zaxis angle :0 
minval :0 

minval :0 



-10 61 -60 -17 22 -58 56 26 -31 54 -51 -37 40 -47 44 45 
-69 -10 55 10 -49 -22 -25 -65 -19 55 -2 -2 15 27 -55 -27 
69 -12 -54 8 54 5 45 54 1 -59 3 0 -21 -21 61 10 
-62 34 51 -19 -53 10 -58 -38 19 56 -4 0 26 14 -61 5 
51 -47 -43 34 47 -26 67 21 -34 -48 2 -1 -29 -3 54 -28 
-34 62 28 -48 -37 40 32 -82 4 7 
RSSI :-110 
Input angle :58
Zaxis angle :0 
minval :0 

minval :0 



54 -3 0 55 -55 -5 10 -54 53 15 -20 52 -49 -25 28 -47 
9 63 -8 -63 -7 40 -60 41 52 1 -10 -6 16 -14 -14 52 
-29 -57 28 58 -4 -41 45 -57 -48 15 12 2 -11 19 -3 -54 
46 45 -43 -46 19 37 -21 70 42 -30 -13 1 6 -21 17 52 
-57 -29 56 31 -28 -30 1 -73 -32 41 11 -6 1 22 -34 -41 
64 9 -64 -10 36 19 -16 -67 -7 -23 
RSSI :-110 
Input angle :49
Zaxis angle :29 
minval :0 

minval :0 



-37 29 -26 -40 42 -23 20 43 -45 15 -9 -46 47 -5 1 47 
-47 -42 44 44 -21 -36 22 -64 -40 37 13 0 -2 18 -18 -44 
58 25 -55 -27 30 28 -2 68 27 -47 -13 4 -3 -18 29 37 
-62 -7 62 8 -39 -15 -20 -64 -11 54 11 -8 9 16 -39 -27 
62 -11 -61 7 41 4 38 56 -6 -55 -7 11 -13 -13 46 13 
-54 30 54 -28 -41 10 96 102 6 57 
RSSI :-110 
Input angle :49
Zaxis angle :29 
minval :0 

minval :0 



48 15 -19 47 -45 -21 25 -45 42 28 -32 39 -35 -35 38 -32 
-9 56 14 -60 -15 33 -68 13 42 15 -2 -15 17 -8 -27 41 
-3 -56 3 60 7 -36 61 -33 -44 -2 7 13 -14 13 13 -48 
20 52 -23 -57 5 36 -48 51 43 -11 -12 -10 9 -17 0 50 
-36 -43 40 47 -16 -31 28 -63 -37 25 13 4 -4 21 -18 -46 
49 29 -52 -32 25 27 -16 -101 -5 29 
RSSI :-110 
Input angle :49
Zaxis angle :25 
minval :0 

minval :0 



-45 21 -16 -49 50 -9 5 50 -50 1 0 -50 49 5 -9 49 
-39 -43 19 53 -19 -31 45 -50 -40 34 11 6 -8 20 -5 -49 
49 30 -36 -44 28 24 -24 63 27 -44 -13 -1 2 -22 19 45 
-57 -12 48 30 -34 -15 7 -67 -13 50 14 -2 3 21 -34 -38 
57 -4 -56 -12 37 3 16 66 -3 -51 -11 6 -10 -18 43 25 
-53 22 58 0 -36 7 -64 40 6 115 
RSSI :-110 
Input angle :46
Zaxis angle :32 
minval :0 

minval :0 



-41 -22 24 -40 38 26 -29 36 -32 -33 38 -28 26 42 -40 22 
23 -49 -32 69 38 -24 85 -6 -56 -35 18 13 -15 17 32 -33 
-6 55 8 -77 -25 37 -76 35 64 17 -20 -7 9 -20 -22 41 
-9 -56 17 76 15 -43 65 -52 -66 1 22 1 0 22 9 -45 
24 50 -39 -67 0 48 -45 71 61 -23 -21 5 -4 -21 6 47 
-38 -38 59 50 -16 -45 -65 21 5 87 
RSSI :-110 
Input angle :53
Zaxis angle :29 
minval :0 

minval :0 



-22 -48 51 -16 11 53 -53 7 -3 -54 53 0 -5 53 -52 -9 
51 -34 -61 47 28 -5 68 45 -42 -37 -3 31 -4 -5 54 -6 
-36 50 42 -64 -25 13 -79 -19 52 23 -5 -31 5 4 -49 22 
22 -58 -24 73 20 -20 83 -3 -56 -6 14 27 -5 -2 40 -34 
-3 60 -2 -76 -14 24 -78 27 55 -10 -22 -22 6 0 -29 45 
-13 -60 25 72 5 -28 127 122 3 59 
RSSI :-110 
Input angle :58
Zaxis angle :29 
minval :0 

minval :0 



41 -4 2 42 -43 -5 9 -40 42 10 -12 40 -41 -17 21 -36 
26 47 -24 -61 10 47 -57 41 76 -3 -31 6 20 -30 -10 40 
-39 -36 40 56 -23 -41 40 -56 -72 25 26 -16 -7 35 -4 -43 
48 20 -56 -35 40 33 -18 67 58 -45 -21 24 0 -37 15 40 
-54 -4 67 21 -44 -21 1 -70 -44 62 12 -29 15 33 -25 -30 
52 -10 -65 1 48 6 -48 17 -35 -115 
RSSI :-110 
Input angle :58
Zaxis angle :29 
minval :0 

minval :0 



95 3 -11 95 -92 -20 28 -89 88 36 -44 84 -79 -52 55 -76 
-2 91 27 -118 -44 54 -84 36 68 -4 -3 -5 13 -18 -33 88 
-21 -87 8 124 25 -68 73 -54 -63 25 4 2 -5 19 5 -93 
49 75 -50 -112 -2 72 -50 74 53 -42 -4 -2 -1 -20 26 89 
-69 -60 80 93 -16 -69 28 -85 -38 57 3 0 7 20 -50 -79 
84 32 -102 -67 39 58 80 -32 -5 113 
RSSI :-110 
Input angle :58
Zaxis angle :32 
minval :0 

minval :0 



41 -70 67 46 -51 62 -57 -56 63 -50 44 68 -71 39 -34 -72 
84 38 -86 -31 55 65 -7 105 48 -73 1 16 12 -44 54 60 
-92 -13 91 2 -73 -44 -23 -102 -25 84 -6 -15 0 46 -69 -40 
91 -17 -87 25 82 23 54 89 -4 -87 11 11 -16 -42 78 18 
-82 43 76 -50 -85 8 -78 -69 29 83 -14 -8 27 36 -80 8 
61 -69 -55 73 79 -32 79 102 -18 -57 
RSSI :-110 
Input angle :61
Zaxis angle :14 
minval :0 

minval :0 



-61 0 5 -60 60 10 -16 58 -58 -20 24 -56 53 30 -36 48 
-10 -66 16 64 21 -47 56 -30 -59 -1 9 9 -15 16 17 -58 
27 61 -35 -56 -9 50 -44 45 57 -15 -11 -5 8 -20 2 61 
-46 -48 53 41 -6 -51 30 -54 -49 33 12 1 -2 22 -20 -57 
58 34 -61 -26 22 46 -7 63 37 -45 -12 0 -3 -22 36 48 
-66 -12 66 4 -36 -37 31 -18 6 -85 
RSSI :-110 
Input angle :63
Zaxis angle :29 
minval :0 

minval :0 



-53 -2 6 -56 55 12 -17 54 -50 -23 23 -49 45 31 -36 44 
-17 -64 21 64 15 -42 49 -32 -39 9 13 11 -20 10 22 -52 
37 53 -37 -56 -2 42 -41 47 35 -18 -16 -7 20 -16 -7 57 
-45 -41 51 44 -10 -46 22 -57 -26 27 15 0 -14 21 -12 -55 
55 25 -63 -21 25 37 -6 59 18 -34 -16 1 4 -26 30 43 
-65 -4 66 3 -37 -30 -1 83 5 -5 
RSSI :-110 
Input angle :58
Zaxis angle :32 
minval :0 

minval :0 



36 -60 57 41 -45 53 -47 -51 55 -42 37 59 -63 32 -28 -64 
77 17 -80 -6 57 26 0 64 5 -59 -12 -2 -9 -16 47 52 
-78 11 78 -18 -62 -8 -19 -61 14 58 12 -1 14 14 -59 -37 
72 -32 -70 38 62 -13 37 52 -30 -51 -12 5 -18 -8 68 15 
-60 52 52 -60 -55 30 -50 -41 44 40 8 -9 20 3 -69 3 
38 -68 -33 73 43 -44 111 -30 -4 -33 
RSSI :-110 
Input angle :46
Zaxis angle :32 
minval :0 

minval :0 



35 -38 35 37 -40 32 -29 -42 45 -26 23 47 -49 19 -12 -49 
59 37 -58 -30 26 39 -7 65 40 -54 -6 9 -1 -17 28 44 
-67 -15 64 10 -37 -28 -14 -64 -20 64 3 -11 6 15 -39 -33 
69 -5 -65 8 44 16 31 57 2 -67 0 12 -12 -13 46 21 
-65 25 60 -26 -46 -4 -48 -43 17 63 -3 -10 15 8 -50 -4 
54 -44 -47 45 44 -13 -97 20 -7 53 
RSSI :-110 
Input angle :58
Zaxis angle :29 
minval :0 

minval :0 



-46 -16 18 -43 44 22 -29 42 -36 -31 36 -34 34 39 -41 26 
16 -76 -11 53 27 -46 58 -18 -66 -18 3 7 -21 5 27 -39 
11 77 -3 -55 -18 50 -46 36 68 -5 -3 -2 19 -10 -17 47 
-29 -73 21 50 1 -54 34 -47 -58 18 3 3 -18 20 0 -47 
55 48 -37 -40 13 51 -24 57 55 -40 -9 -5 14 -19 8 45 
-86 -31 43 29 -30 -36 63 -125 7 25 
RSSI :-110 
Input angle :49
Zaxis angle :29 
minval :0 

minval :0 



37 -46 43 41 -44 41 -37 -47 51 -32 27 53 -55 23 -17 -56 
64 27 -66 -22 43 50 3 68 44 -62 -14 6 -7 -29 33 49 
-71 -7 70 1 -58 -32 -24 -65 -22 72 12 -9 15 26 -45 -38 
69 -13 -68 20 64 13 42 55 -1 -75 -8 13 -22 -19 55 18 
-60 36 57 -41 -65 7 -58 -37 20 73 4 -14 28 11 -59 -4 
46 -53 -43 55 61 -23 -1 -114 -8 105 
RSSI :-110 
Input angle :49
Zaxis angle :29 
minval :0 

minval :0 



24 51 -52 19 -12 -55 56 -8 2 56 -56 -1 5 -55 55 8 
-43 45 42 -46 -34 12 -66 -11 50 30 18 12 8 -2 -55 7 
29 -56 -25 57 28 -24 65 -7 -58 -11 -21 -5 -7 4 51 -22 
-10 62 7 -62 -19 31 -60 28 58 -5 21 -2 5 -7 -42 36 
-11 -62 11 62 11 -35 50 -44 -53 24 -20 8 -3 7 27 -47 
27 57 -29 -55 2 36 112 33 -5 77 
RSSI :-110 
Input angle :16
Zaxis angle :0 
minval :0 

minval :0 



-12 -55 56 -7 1 56 -57 -3 7 -56 55 13 -18 53 -51 -22 
48 -19 -58 11 35 -15 59 47 -42 -51 10 -20 -10 0 56 6 
-42 32 52 -28 -27 26 -69 -30 56 36 -2 21 9 -2 -54 11 
28 -45 -41 43 16 -33 77 6 -65 -18 -6 -22 -7 5 49 -27 
-13 52 24 -54 -6 37 -74 15 67 -4 10 19 6 -8 -37 40 
-3 -52 -6 62 -4 -36 63 -32 2 49 
RSSI :-110 
Input angle :47
Zaxis angle :0 
minval :0 

minval :0 



31 37 -39 28 -25 -41 43 -22 16 44 -47 10 -6 -48 47 -1 
-31 61 43 -54 -48 14 -45 0 25 32 19 -31 35 12 -43 18 
15 -66 -23 66 41 -28 44 -9 -34 -24 -11 34 -37 -2 37 -30 
6 67 0 -70 -29 40 -38 24 40 10 0 -36 35 -8 -25 40 
-27 -61 18 67 17 -47 30 -34 -41 1 11 35 -30 18 11 -46 
46 50 -38 -58 -1 50 0 82 -2 -121 
RSSI :-110 
Input angle :33
Zaxis angle :20 
minval :0 

minval :0 



54 -9 4 55 -55 -1 6 -54 53 9 -14 53 -51 -18 22 -49 
30 58 -32 -75 -3 53 -55 27 62 1 -34 -21 17 -31 -8 53 
-48 -44 55 60 -12 -52 45 -41 -60 18 39 8 -8 35 -9 -54 
58 28 -71 -37 30 44 -30 54 52 -36 -40 1 -4 -36 24 49 
-64 -10 79 17 -40 -33 12 -61 -41 49 36 -15 15 33 -37 -39 
64 -9 -80 10 48 22 -48 -114 -8 105 
RSSI :-110 
Input angle :53
Zaxis angle :36 
minval :0 

minval :0 



-57 15 -8 -57 61 -5 1 58 -59 -7 8 -57 57 16 -20 54 
-29 -63 38 76 -5 -63 73 -34 -87 3 38 2 -9 40 1 -58 
53 45 -61 -58 13 55 -61 53 82 -29 -37 10 -10 -40 12 54 
-63 -35 73 38 -35 -49 44 -70 -64 52 32 -22 21 37 -26 -48 
69 7 -83 -15 49 37 -18 82 46 -72 -26 33 -30 -26 42 36 
-69 11 83 -12 -56 -17 -81 37 10 77 
RSSI :-110 
Input angle :49
Zaxis angle :36 
minval :0 

minval :0 



42 0 -3 38 -38 -8 10 -38 36 17 -20 33 -30 -21 25 -27 
8 47 -11 -58 -3 31 -33 63 36 -26 20 3 4 -4 -13 36 
-24 -40 22 54 -7 -27 11 -71 -27 36 -18 3 -7 3 1 -39 
38 30 -42 -42 17 23 7 72 14 -43 17 -11 2 -8 8 38 
-44 -19 52 29 -21 -18 -30 -65 -2 47 -12 15 -2 6 -21 -33 
47 4 -56 -12 27 10 95 -38 -23 -97 
RSSI :-110 
Input angle :22
Zaxis angle :20 
minval :0 

minval :0 



55 -13 9 56 -56 3 1 -56 56 6 -11 55 -53 -17 22 -52 
31 58 -25 -78 14 26 -60 48 49 -33 -7 -2 -6 -19 -5 56 
-46 -47 48 66 -21 -20 42 -64 -37 46 7 0 12 16 -13 -55 
58 31 -67 -46 27 14 -19 75 21 -55 -7 1 -17 -11 31 47 
-65 -7 77 25 -30 -3 -4 -76 -1 59 7 -3 19 5 -44 -34 
65 -12 -81 -2 29 -3 -17 -21 -8 -125 
RSSI :-110 
Input angle :40
Zaxis angle :29 
minval :0 

minval :0 



-61 5 0 -62 62 5 -11 60 -59 -17 22 -57 55 27 -30 52 
-27 -54 22 68 8 -42 57 -40 -70 14 12 1 -10 29 14 -58 
43 43 -42 -58 7 41 -41 56 62 -34 -11 3 3 -30 5 61 
-53 -27 57 43 -18 -38 24 -65 -52 47 10 -5 6 29 -21 -57 
60 9 -69 -19 29 31 0 70 31 -64 -7 9 -14 -26 36 49 
-60 7 72 0 -39 -19 -1 -53 8 -39 
RSSI :-110 
Input angle :58
Zaxis angle :32 
minval :0 

minval :0 



-19 -54 55 -14 10 57 -58 5 0 -58 56 5 -11 56 -54 -15 
48 -29 -57 33 39 2 57 42 -19 -47 -3 10 -22 -6 56 -2 
-37 43 46 -47 -38 7 -65 -25 33 39 0 -10 23 0 -52 20 
23 -52 -27 59 32 -21 72 4 -43 -29 2 10 -23 6 46 -33 
-7 57 9 -64 -26 28 -69 18 49 13 -6 -9 19 -13 -34 45 
-10 -57 12 64 14 -37 47 83 0 -67 
RSSI :-110 
Input angle :58
Zaxis angle :29 
minval :0 

minval :0 


