
-35 10 -6 -36 36 -3 0 36 -36 -3 7 -36 35 9 -11 34 
26 -55 18 10 78 -40 31 -12 -12 -78 40 -17 -60 12 0 -36 
-8 61 -20 -4 -63 61 -25 22 31 72 -33 29 53 -30 12 34 
-13 -60 20 -3 40 -78 17 -29 -55 -56 22 -37 -42 45 -22 -28 
32 52 -19 9 -8 88 -5 33 69 36 -7 43 23 -57 30 20 
-45 -42 15 -15 -20 -86 -99 44 -7 -29 
RSSI :-110 
Input angle :71
Zaxis angle :20 
minval :0 

minval :0 



-10 35 -34 -12 15 -33 32 18 -21 30 -27 -24 26 -26 23 28 
-27 -45 14 -5 9 -77 10 -29 -50 -47 11 -36 -27 56 -31 -18 
41 33 -12 10 13 77 -1 30 62 28 0 38 7 -62 35 7 
-49 -19 7 -13 -38 -68 -8 -29 -67 -9 -14 -35 9 61 -35 4 
52 5 -3 15 57 53 17 25 67 -13 23 30 -30 -54 33 -14 
-51 12 -1 -15 -69 -35 110 -28 14 -53 
RSSI :-110 
Input angle :116
Zaxis angle :47 
minval :0 

minval :0 



16 -33 32 18 -21 29 -27 -25 27 -24 22 29 -31 20 -17 -31 
32 43 -22 -9 -3 78 1 38 48 32 -23 44 15 -44 25 26 
-44 -30 24 2 -23 -74 -14 -35 -56 -16 7 -50 -2 46 -32 -15 
52 13 -23 6 43 64 24 29 58 -4 8 49 -14 -44 36 4 
-54 2 21 -12 -61 -48 -33 -19 -54 22 -23 -44 26 38 -35 7 
50 -20 -15 19 75 21 97 -122 -20 31 
RSSI :-110 
Input angle :102
Zaxis angle :36 
minval :0 

minval :0 



24 -15 13 26 -27 11 -8 -28 28 -6 3 29 -29 0 1 -28 
9 53 -26 -13 -41 72 -6 35 25 50 -35 38 45 -29 8 27 
-25 -47 29 4 16 -82 -4 -35 -40 -40 21 -47 -31 43 -16 -23 
37 39 -29 4 14 82 16 31 51 25 -1 52 16 -51 23 17 
-48 -23 27 -13 -34 -76 -26 -24 -56 -5 -13 -50 -2 53 -26 -9 
53 7 -20 21 55 62 113 -34 -6 3 
RSSI :-110 
Input angle :74
Zaxis angle :0 
minval :0 

minval :0 



-17 -25 26 -14 12 27 -28 10 -7 -29 30 -4 2 30 -30 0 
53 -4 -10 22 65 51 32 12 54 -24 28 39 -21 -49 28 -9 
-50 18 4 -23 -76 -31 -35 0 -44 39 -39 -28 37 38 -24 17 
40 -34 3 24 82 3 33 -11 28 -52 46 14 -47 -25 17 -24 
-27 46 -10 -22 -79 22 -28 20 -9 58 -48 0 52 7 -9 28 
12 -52 17 16 69 -45 31 111 -30 -25 
RSSI :-110 
Input angle :74
Zaxis angle :0 
minval :0 

minval :0 



32 13 -16 31 -29 -20 22 -27 26 24 -26 24 -22 -27 29 -19 
-39 29 -11 -28 -78 -4 -26 18 -36 48 -53 -8 45 29 -22 27 
27 -40 21 22 76 -17 19 -26 18 -58 53 -10 -52 -13 11 -33 
-11 48 -26 -15 -65 44 -10 31 1 61 -47 26 54 -1 -2 35 
0 -49 30 6 49 -61 0 -32 -20 -57 36 -40 -51 18 -9 -33 
17 46 -31 1 -29 72 -127 -92 24 55 
RSSI :-110 
Input angle :74
Zaxis angle :0 
minval :0 

minval :0 



-4 25 -24 -6 7 -24 23 9 -11 22 -21 -13 16 -19 17 17 
-25 -51 20 3 17 -79 -1 -34 -53 -40 21 -42 -25 43 -22 -11 
41 39 -20 3 6 80 10 32 62 23 -8 46 11 -49 24 4 
-51 -27 19 -8 -30 -75 -21 -26 -67 0 -8 -46 5 49 -24 3 
57 10 -15 14 53 60 29 17 64 -18 21 41 -21 -45 21 -12 
-56 13 9 -19 -70 -40 -34 85 20 27 
RSSI :-110 
Input angle :69
Zaxis angle :0 
minval :0 

minval :0 



49 -3 -3 43 -51 -4 19 -53 42 23 -26 47 -48 -23 34 -42 
42 16 58 17 26 -49 -40 24 1 66 61 -40 -22 15 -11 42 
-38 0 -67 6 -13 51 33 -29 -33 -58 -47 58 13 -22 -1 -43 
43 -13 62 -29 0 -52 -20 41 47 44 21 -66 -4 25 12 52 
-37 24 -47 38 20 51 8 -47 -58 -26 1 70 0 -25 -23 -44 
21 -38 29 -51 -32 -43 17 -85 2 83 
RSSI :-110 
Input angle :158
Zaxis angle :29 
minval :0 

minval :0 



65 -7 13 65 -57 0 0 -55 59 13 -10 55 -53 -25 19 -53 
65 -9 54 11 46 -4 -81 72 8 59 59 -81 13 11 -5 71 
-51 25 -53 13 -37 -5 59 -88 -37 -42 -33 102 -15 -9 -4 -57 
49 -49 52 -31 63 -36 -27 97 36 27 8 -95 16 1 34 55 
-18 48 -42 41 -15 47 -10 -105 -46 -31 28 109 -14 2 -44 -40 
10 -61 28 -52 17 -43 16 51 0 63 
RSSI :-110 
Input angle :166
Zaxis angle :58 
minval :0 

minval :0 



2 -71 72 9 -16 70 -69 -20 26 -66 63 34 -42 57 -53 -47 
16 -46 39 -87 -57 -96 37 46 88 18 -72 -64 -31 5 67 24 
0 49 -8 94 86 70 -48 -33 -88 11 87 43 28 -16 -71 -5 
-14 -46 -18 -94 -104 -40 56 19 84 -30 -95 -14 -22 24 69 -14 
31 39 47 83 111 8 -59 0 -64 62 95 -15 14 -29 -60 35 
-38 -31 -68 -67 -109 25 -80 100 -10 -77 
RSSI :-110 
Input angle :162
Zaxis angle :29 
minval :0 

minval :0 



20 -16 14 22 -23 11 -9 -24 25 -7 4 25 -25 2 0 -25 
35 -19 36 -5 -18 -6 -34 64 37 34 45 -64 15 27 8 25 
-27 29 -32 15 18 1 14 -72 -45 -21 -25 74 -23 -20 -17 -20 
16 -36 25 -25 -18 4 12 73 49 6 2 -79 28 12 21 15 
-4 40 -15 32 16 -10 -34 -65 -49 7 21 76 -30 -2 -24 -8 
-4 -39 7 -35 -12 13 -96 -27 -7 -99 
RSSI :-110 
Input angle :166
Zaxis angle :29 
minval :0 

minval :0 



15 10 -11 14 -12 -13 14 -11 10 15 -16 8 -7 -16 17 -5 
19 11 29 32 36 -1 -53 7 -41 37 73 4 -18 -16 -15 10 
-22 -4 -38 -19 -34 13 45 -26 30 -46 -71 17 22 10 11 -14 
22 -2 42 9 29 -23 -36 38 -14 54 59 -38 -21 -1 -6 19 
-19 8 -45 7 -20 29 27 -47 -4 -56 -44 56 25 -7 2 -17 
16 -11 40 -17 12 -34 16 -6 12 15 
RSSI :-110 
Input angle :154
Zaxis angle :32 
minval :0 

minval :0 



-16 36 -37 -14 21 -38 33 25 -25 32 -30 -29 32 -23 23 33 
-23 55 -22 36 38 1 -17 -72 -40 -29 17 75 -30 -11 -30 -23 
5 -58 11 -45 -44 6 40 62 46 18 -42 -67 27 4 38 15 
11 57 4 44 36 -16 -57 -46 -50 0 57 52 -28 4 -41 -3 
-27 -51 -15 -42 -31 26 68 27 47 -16 -72 -28 24 -14 40 -10 
40 41 28 35 22 -34 -17 -103 6 -123 
RSSI :-110 
Input angle :161
Zaxis angle :25 
minval :0 

minval :0 



-34 -49 50 -31 26 55 -54 23 -18 -59 58 -9 10 60 -58 1 
-24 -75 -5 -86 -51 -14 83 46 77 -7 -108 -46 53 -2 58 -16 
50 54 19 77 51 -2 -94 -21 -74 33 117 6 -51 17 -49 37 
-66 -46 -52 -65 -43 19 96 -12 59 -54 -114 23 44 -32 36 -49 
77 19 69 50 41 -28 -91 34 -40 69 103 -53 -34 45 -19 58 
-78 0 -81 -26 -29 41 16 111 -10 111 
RSSI :-110 
Input angle :153
Zaxis angle :32 
minval :0 

minval :0 



-25 38 -34 -29 33 -30 26 37 -40 23 -20 -41 42 -16 12 44 
-30 36 -48 24 18 21 13 -59 -26 -37 -21 74 -14 -24 -25 -37 
18 -44 35 -40 -23 -15 5 61 35 29 -2 -76 22 16 36 28 
-4 47 -21 49 27 6 -24 -55 -44 -15 25 72 -26 -10 -42 -18 
-6 -47 7 -53 -28 1 39 46 45 2 -42 -64 28 1 45 5 
22 42 7 53 26 -9 -17 -118 2 -29 
RSSI :-110 
Input angle :166
Zaxis angle :29 
minval :0 

minval :0 



55 36 -39 56 -56 -44 49 -43 47 54 -56 29 -20 -63 65 -25 
82 51 27 72 44 -7 -105 -6 -72 49 122 26 -25 40 -53 41 
-90 -30 -51 -58 -40 21 103 -23 55 -68 -125 11 7 -45 38 -56 
96 -2 65 42 33 -30 -87 56 -27 82 116 -48 7 45 -17 65 
-93 31 -75 -18 -19 41 67 -78 6 -87 -93 83 -18 -43 -4 -68 
76 -58 77 -4 6 -44 -112 -114 10 -49 
RSSI :-110 
Input angle :166
Zaxis angle :44 
minval :0 

minval :0 



15 -34 31 18 -21 30 -27 -24 26 -24 22 29 -30 20 -18 -31 
11 -41 29 -30 -6 -22 21 49 35 12 -14 -67 26 16 27 25 
1 42 -18 37 14 19 -35 -40 -37 -1 37 58 -30 -7 -33 -15 
-15 -39 7 -41 -18 -14 46 29 37 -7 -53 -43 31 0 36 5 
26 34 5 42 22 7 -53 -12 -32 20 64 24 -29 11 -36 6 
-35 -24 -17 -37 -23 0 32 -19 -8 67 
RSSI :-110 
Input angle :154
Zaxis angle :47 
minval :0 

minval :0 



-3 -57 57 0 -8 57 -56 -12 16 -55 52 21 -25 51 -50 -29 
-14 -88 21 -22 28 27 68 87 18 0 -52 -118 42 -11 55 14 
44 76 -11 28 -36 -15 -91 -64 -17 5 88 94 -37 21 -57 0 
-66 -60 1 -30 39 5 105 32 15 -9 -111 -66 28 -33 53 -20 
82 35 6 28 -39 7 -110 3 -11 14 126 29 -17 38 -46 36 
-88 -17 -15 -26 34 -20 64 5 -2 45 
RSSI :-110 
Input angle :173
Zaxis angle :49 
minval :0 

minval :0 



-18 -5 10 -20 17 7 -9 16 -10 -14 12 -11 10 13 -14 7 
-38 -13 -6 -7 14 -5 55 -31 8 -36 -77 12 9 -36 12 -13 
38 2 7 7 -11 2 -54 39 4 37 64 -34 7 35 -5 19 
-46 7 -13 0 5 -13 31 -53 -10 -31 -53 49 -13 -34 -1 -21 
36 -17 11 12 -4 12 -8 61 19 26 30 -69 20 23 3 15 
-30 23 -14 -3 1 -11 111 9 -4 -95 
RSSI :-110 
Input angle :166
Zaxis angle :49 
minval :0 

minval :0 



-9 -7 8 -8 8 9 -9 7 -5 -10 11 -5 4 11 -11 3 
-14 0 56 -21 23 -83 62 51 62 26 -56 -67 12 48 10 -5 
14 -3 -48 36 1 86 -74 -33 -68 -3 75 45 -28 -41 -8 8 
-12 8 36 -48 -28 -82 80 8 66 -14 -84 -23 39 31 6 -10 
9 -11 -18 57 49 71 -79 16 -59 32 87 -5 -48 -15 -1 12 
-5 14 0 -60 -70 -50 33 -21 -26 17 
RSSI :-110 
Input angle :175
Zaxis angle :51 
minval :0 

minval :0 



3 14 -14 2 0 -14 14 0 -2 14 -13 -3 4 -13 13 5 
19 30 -37 -42 -85 22 2 -75 -5 -52 -16 79 37 -18 -14 -1 
-28 -23 49 27 74 -48 19 73 19 49 -7 -81 -32 27 13 -2 
33 14 -54 -14 -60 65 -40 -64 -33 -40 29 76 23 -35 -11 7 
-36 -3 56 -5 34 -81 58 48 44 28 -51 -62 -10 41 10 -10 
36 -6 -53 19 -11 88 -114 -30 -8 3 
RSSI :-110 
Input angle :284
Zaxis angle :39 
minval :0 

minval :0 



8 -14 13 10 -11 13 -11 -12 13 -10 9 13 -15 8 -6 -15 
35 -30 65 -25 10 -30 47 86 53 21 -21 -96 44 33 12 13 
-26 38 -54 44 -1 31 -71 -67 -57 -4 50 84 -51 -19 -15 -9 
11 -46 39 -57 -8 -30 89 42 56 -13 -72 -66 55 3 17 4 
0 46 -21 66 16 27 -96 -18 -51 27 88 43 -53 14 -17 1 
-14 -44 2 -70 -24 -21 33 -73 -22 -21 
RSSI :-110 
Input angle :154
Zaxis angle :49 
minval :0 

minval :0 



15 8 -9 15 -14 -11 12 -13 12 13 -14 11 -9 -15 16 -8 
38 23 -40 22 -37 56 -17 -5 27 -71 10 43 3 -28 -13 12 
-44 -10 32 -33 18 -65 18 0 -7 75 -22 -38 5 27 8 -15 
45 -2 -20 41 1 67 -17 4 -14 -73 33 29 -13 -25 -4 17 
-42 15 7 -46 -20 -64 15 -9 36 65 -41 -18 20 19 -2 -18 
35 -27 6 45 39 55 -49 -15 -14 95 
RSSI :-110 
Input angle :139
Zaxis angle :44 
minval :0 

minval :0 



17 -25 23 19 -20 22 -20 -22 23 -18 16 25 -26 14 -12 -27 
42 -49 4 28 6 51 -10 25 -37 -46 33 -6 -15 -4 19 23 
-25 59 -13 -25 -22 -47 3 -26 50 33 -30 14 16 0 -26 -15 
9 -65 21 20 33 39 5 25 -57 -16 23 -24 -15 4 29 7 
10 64 -26 -12 -43 -27 -11 -24 59 0 -16 30 13 -9 -30 1 
-31 -57 28 4 51 10 111 -80 4 75 
RSSI :-110 
Input angle :136
Zaxis angle :36 
minval :0 

minval :0 



-10 48 -46 -14 18 -45 43 21 -25 40 -38 -29 33 -36 33 35 
45 63 -40 38 -47 14 -117 -22 -44 25 102 51 -31 20 -42 -24 
-62 -47 27 -48 41 -25 118 -14 36 -35 -112 -20 23 -28 47 10 
73 26 -11 54 -31 37 -110 47 -23 44 113 -15 -14 33 -48 3 
-76 -7 -4 -54 17 -45 85 -82 9 -50 -102 48 4 -37 45 -16 
76 -18 21 50 -3 49 -80 73 6 -65 
RSSI :-110 
Input angle :131
Zaxis angle :62 
minval :0 

minval :0 



56 -55 41 62 -56 40 -31 -64 68 -24 17 65 -73 11 -4 -72 
52 -44 83 -38 20 -52 37 88 62 81 -23 -122 14 29 29 69 
-34 58 -68 55 -4 57 -48 -83 -83 -62 60 107 -32 -18 -48 -53 
17 -66 48 -73 -14 -60 69 66 97 34 -88 -85 36 7 64 36 
4 69 -22 85 32 51 -87 -42 -105 -7 108 57 -35 4 -72 -18 
-23 -59 -2 -88 -43 -41 80 -98 -4 -85 
RSSI :-110 
Input angle :147
Zaxis angle :47 
minval :0 

minval :0 



-32 -30 34 -29 26 36 -37 24 -21 -39 42 -17 13 43 -43 9 
-21 -33 -21 -35 -25 25 65 -2 37 -46 -58 -3 38 -9 39 -22 
31 24 31 26 16 -32 -61 23 -21 56 56 -17 -34 20 -32 32 
-37 -14 -37 -16 -5 35 53 -37 3 -59 -48 32 27 -29 21 -40 
40 1 41 2 -6 -35 -41 50 12 58 38 -44 -17 35 -8 44 
-39 8 -40 7 14 32 31 14 -13 31 
RSSI :-110 
Input angle :158
Zaxis angle :25 
minval :0 

minval :0 



-27 15 -13 -28 30 -10 7 30 -31 4 -1 -32 31 1 -4 31 
-49 13 -43 0 8 38 38 -43 -29 -64 -40 47 1 -40 -5 -30 
41 -27 41 -11 -20 -33 -21 52 44 50 22 -56 10 34 12 27 
-27 37 -33 26 30 28 9 -57 -57 -34 -6 60 -23 -35 -22 -23 
20 -46 25 -36 -38 -16 9 55 66 16 -10 -60 35 23 28 15 
-5 49 -15 42 39 5 110 0 0 7 
RSSI :-110 
Input angle :165
Zaxis angle :29 
minval :0 

minval :0 



43 -7 2 44 -44 -1 6 -43 44 10 -13 43 -40 -17 22 -38 
86 -27 65 20 25 -4 -49 83 12 82 72 -97 -11 21 -9 43 
-74 49 -69 -4 -21 12 24 -95 -37 -72 -42 113 5 -24 -7 -43 
52 -71 64 -23 17 -17 6 97 57 60 5 -120 2 24 19 40 
-30 85 -55 38 -9 22 -37 -91 -72 -38 33 116 -9 -21 -26 -36 
8 -89 46 -50 3 -24 80 -83 1 123 
RSSI :-110 
Input angle :168
Zaxis angle :54 
minval :0 

minval :0 



-30 70 -63 -30 46 -62 50 50 -46 55 -49 -50 61 -34 30 64 
-22 110 -12 32 6 -31 -66 -90 -78 2 52 114 -43 -32 -57 -45 
-13 -104 6 -43 34 22 88 59 72 -17 -84 -96 49 19 58 29 
42 94 -3 42 -21 -15 -101 -36 -52 33 108 71 -52 -5 -71 -12 
-74 -79 -3 -33 25 29 109 4 42 -63 -123 -34 55 -12 77 -12 
96 58 28 27 -36 -19 47 22 8 103 
RSSI :-110 
Input angle :158
Zaxis angle :44 
minval :0 

minval :0 



14 -74 73 21 -28 71 -69 -33 38 -65 62 45 -51 57 -52 -55 
7 -55 31 -40 -14 -79 89 13 87 8 -99 -41 33 20 68 34 
9 55 -18 48 40 71 -88 13 -86 15 107 7 -38 -9 -75 -14 
-26 -50 1 -50 -57 -57 80 -40 74 -44 -105 23 39 -4 76 -10 
40 38 10 50 72 37 -62 63 -59 64 93 -54 -36 13 -71 30 
-49 -25 -25 -44 -80 -12 48 10 -10 -37 
RSSI :-110 
Input angle :149
Zaxis angle :47 
minval :0 

minval :0 



30 -12 10 32 -33 7 -5 -33 33 -2 -1 33 -33 -4 7 -33 
53 7 27 24 -6 4 -46 21 -2 43 69 -37 -5 34 3 34 
-54 8 -33 -14 5 -7 37 -34 -10 -42 -56 55 -5 -34 -13 -31 
49 -24 35 6 -4 8 -26 44 23 36 35 -70 15 32 21 25 
-37 40 -36 6 0 -8 13 -49 -33 -28 -17 77 -24 -25 -28 -20 
25 -47 32 -15 1 8 48 -28 4 -57 
RSSI :-110 
Input angle :165
Zaxis angle :41 
minval :0 

minval :0 



21 42 -34 4 -12 -36 35 0 0 36 -51 3 -4 -42 41 0 
-23 109 -80 3 -81 -41 36 -54 90 -12 -64 98 2 -29 -43 0 
-16 -105 70 -26 92 14 -21 60 -84 33 35 -110 5 29 41 -13 
47 95 -58 45 -92 12 2 -64 70 -56 -4 115 -13 -25 -34 26 
-74 -78 41 -62 83 -39 16 63 -47 77 -32 -111 21 20 27 -33 
98 46 -23 69 -70 61 0 86 -11 59 
RSSI :-110 
Input angle :152
Zaxis angle :29 
minval :0 

minval :0 



27 -14 13 27 -27 10 -9 -29 28 -5 2 29 -29 0 2 -29 
72 -33 36 33 25 28 -39 82 28 57 56 -75 15 1 5 28 
-62 51 -43 -22 -35 -16 12 -91 -48 -45 -28 89 -14 5 -14 -27 
42 -69 48 8 40 6 13 92 57 31 4 -93 14 -7 23 20 
-22 76 -49 8 -40 5 -42 -80 -64 -8 22 90 -10 11 -27 -12 
0 -82 45 -19 39 -16 64 -15 -2 -85 
RSSI :-110 
Input angle :60
Zaxis angle :62 
minval :0 

minval :0 



-19 18 -16 -21 22 -14 13 24 -25 10 -8 -25 26 -6 4 26 
-36 16 -22 -3 -4 -7 49 -46 -11 -42 -45 45 1 -24 -10 -25 
30 -24 22 -2 6 6 -33 58 21 38 30 -56 5 24 18 19 
-20 33 -20 8 -7 -4 15 -65 -34 -27 -14 62 -12 -22 -23 -13 
10 -38 16 -14 9 1 3 67 40 18 -4 -64 18 16 26 7 
0 39 -11 18 -8 0 63 70 -2 -105 
RSSI :-110 
Input angle :161
Zaxis angle :49 
minval :0 

minval :0 



-8 -29 30 -4 2 30 -30 0 1 -30 29 5 -7 29 -28 -10 
-31 -31 -3 -36 -26 -25 54 -11 35 -11 -74 -3 21 11 31 1 
40 19 12 34 32 17 -50 24 -30 21 72 -18 -24 -5 -29 8 
-43 -8 -22 -29 -36 -8 39 -39 22 -29 -60 41 24 -2 26 -16 
44 -5 30 21 36 -5 -27 49 -15 37 56 -50 -20 8 -21 22 
-43 20 -38 -17 -34 15 -48 -71 -10 11 
RSSI :-110 
Input angle :154
Zaxis angle :54 
minval :0 

minval :0 



-38 -15 18 -36 34 23 -26 32 -30 -28 31 -26 24 33 -35 21 
-81 -49 -12 -33 -38 4 94 -35 37 -72 -116 21 28 -22 28 -30 
92 21 21 29 34 -16 -80 60 -12 78 104 -57 -21 29 -17 38 
-95 8 -29 -20 -29 26 61 -78 -10 -80 -82 86 9 -35 5 -42 
87 -34 35 10 19 -33 -31 96 35 72 50 -108 0 36 9 41 
-71 62 -34 1 -9 37 95 -65 -8 127 
RSSI :-110 
Input angle :158
Zaxis angle :44 
minval :0 

minval :0 



15 15 -16 14 -12 -17 18 -11 10 19 -20 7 -6 -21 21 -4 
-43 27 -55 -25 -43 9 36 -89 5 -89 -50 85 1 -29 -19 8 
34 -37 61 8 39 -21 -8 96 22 86 24 -95 9 28 17 -14 
-20 46 -59 11 -27 32 -20 -92 -47 -74 4 98 -16 -24 -11 18 
4 -52 54 -28 20 -41 45 84 64 59 -33 -92 22 19 4 -21 
10 50 -42 44 -5 43 45 56 -19 107 
RSSI :-110 
Input angle :134
Zaxis angle :20 
minval :0 

minval :0 



16 -12 12 17 -18 10 -7 -19 20 -6 4 20 -20 2 0 -20 
27 -26 19 7 17 16 -33 58 -25 24 47 -56 3 8 6 19 
-19 33 -21 -1 -22 -9 14 -65 18 -30 -30 67 -6 -7 -12 -17 
9 -37 20 -5 23 2 7 66 -7 34 6 -74 7 5 17 12 
3 38 -17 10 -23 6 -24 -62 -2 -35 14 72 -9 -2 -19 -6 
-13 -36 14 -15 21 -10 64 68 8 -33 
RSSI :-110 
Input angle :150
Zaxis angle :54 
minval :0 

minval :0 



-5 26 -25 -7 10 -24 23 12 -15 22 -20 -16 18 -18 17 19 
-20 36 -26 15 -3 16 1 -62 -17 -41 -11 71 -14 -21 -22 -15 
5 -41 19 -22 -1 -16 16 60 28 35 -9 -71 21 16 25 7 
4 41 -13 27 6 15 -32 -53 -38 -24 31 65 -24 -8 -26 0 
-15 -39 4 -29 -11 -12 47 41 42 15 -46 -55 25 1 26 -8 
26 32 3 29 14 8 79 121 -1 -53 
RSSI :-110 
Input angle :158
Zaxis angle :39 
minval :0 

minval :0 



19 -39 37 23 -26 35 -32 -29 32 -30 26 35 -36 23 -21 -37 
13 -45 68 -19 7 -70 2 104 50 82 -6 -115 17 32 31 30 
1 47 -60 37 16 69 -36 -98 -73 -62 38 108 -25 -26 -39 -21 
-15 -45 47 -53 -34 -61 63 84 88 37 -64 -96 31 18 43 8 
26 39 -28 65 50 49 -84 -63 -96 -11 93 68 -36 -7 -44 5 
-38 -29 7 -71 -62 -32 0 83 -2 -77 
RSSI :-110 
Input angle :152
Zaxis angle :44 
minval :0 

minval :0 



7 -24 23 9 -11 23 -21 -13 15 -20 19 16 -18 18 -16 -19 
19 -20 26 -8 6 -10 -16 63 8 45 27 -67 7 15 20 15 
0 24 -35 38 11 87 -20 -83 -50 -6 -11 96 -29 -12 8 24 
-37 -25 23 2 74 -8 9 86 70 47 -1 -89 5 -8 16 46 
43 31 -15 0 -69 -6 -59 -49 0 -34 34 64 -16 -3 -24 7 
-10 -25 3 -27 -7 -10 -96 87 2 39 
RSSI :-110 
Input angle :149
Zaxis angle :56 
minval :0 

minval :0 



-22 -25 27 -19 16 28 -29 14 -11 -31 32 -9 6 32 -32 2 
-25 -19 2 -43 -21 -25 44 40 51 4 -58 -43 23 12 30 -13 
29 9 9 42 28 16 -55 -24 -49 13 69 23 -26 -5 -25 22 
-31 -1 -23 -36 -32 -6 59 7 45 -24 -73 -4 25 -1 18 -28 
29 -8 32 29 32 -2 -59 10 -35 37 71 -17 -24 10 -9 32 
-26 15 -39 -17 -30 12 96 95 -12 19 
RSSI :-110 
Input angle :158
Zaxis angle :47 
minval :0 

minval :0 



-28 -14 15 -26 25 17 -20 24 -22 -22 24 -19 18 25 -27 14 
-14 -23 -30 -44 -42 7 73 31 65 -17 -77 -31 34 -2 21 -23 
21 17 43 32 38 -18 -79 -4 -58 33 82 11 -32 12 -15 27 
-25 -11 -51 -18 -30 29 78 -16 46 -50 -82 13 27 -21 5 -31 
27 3 54 2 18 -38 -68 41 -27 62 72 -39 -19 28 3 31 
-27 4 -52 12 -8 41 -64 32 -17 -121 
RSSI :-110 
Input angle :160
Zaxis angle :25 
minval :0 

minval :0 



-36 3 -1 -37 37 1 -5 36 -35 -8 12 -34 33 15 -17 32 
-17 -12 -45 -22 -34 29 74 -17 47 -55 -79 17 35 -23 9 -35 
19 7 49 8 24 -38 -67 37 -28 66 70 -42 -27 31 2 37 
-21 -2 -49 8 -10 43 52 -55 6 -72 -53 62 16 -38 -12 -35 
20 -4 46 -21 -1 -45 -37 67 11 71 35 -74 -4 41 22 29 
-18 10 -39 31 14 42 127 -20 -17 115 
RSSI :-110 
Input angle :162
Zaxis angle :20 
minval :0 

minval :0 



39 -8 4 39 -39 1 2 -39 39 6 -10 38 -37 -13 16 -35 
55 18 53 -3 -7 -45 -69 43 -9 75 77 -40 -29 49 -5 39 
-58 -3 -49 18 21 41 52 -63 -14 -74 -60 64 13 -56 -7 -40 
56 -13 40 -33 -31 -33 -35 75 35 67 38 -78 2 58 18 36 
-50 29 -31 42 40 22 8 -82 -54 -52 -12 86 -21 -54 -28 -28 
36 -45 14 -51 -45 -9 -63 -112 8 -29 
RSSI :-110 
Input angle :161
Zaxis angle :29 
minval :0 

minval :0 



-41 -1 5 -41 39 9 -12 39 -37 -15 19 -36 34 22 -24 32 
-37 -22 -35 -28 -19 44 62 -16 32 -60 -82 13 39 -16 15 -38 
42 12 41 19 7 -47 -53 35 -14 66 74 -37 -30 29 -5 41 
-44 1 -45 -5 8 46 43 -47 -8 -67 -57 59 21 -37 -8 -40 
41 -15 44 -8 -20 -43 -26 58 25 64 39 -73 -11 41 20 35 
-35 25 -40 21 33 35 -17 23 -13 -49 
RSSI :-110 
Input angle :162
Zaxis angle :20 
minval :0 

minval :0 



-35 21 -18 -37 38 -16 13 39 -40 9 -5 -41 41 -1 -3 41 
-44 43 -69 3 -10 57 6 -97 -69 -64 -22 118 -4 -32 -9 -41 
33 -52 65 -23 -6 -57 19 95 85 42 -14 -119 15 28 21 36 
-13 60 -57 38 23 52 -45 -87 -93 -18 50 109 -21 -23 -31 -28 
-4 -62 43 -54 -37 -43 71 67 95 -7 -75 -93 28 16 37 18 
21 59 -23 65 48 30 95 46 5 67 
RSSI :-110 
Input angle :162
Zaxis angle :44 
minval :0 

minval :0 



-19 -5 12 -22 14 15 -17 18 -9 -18 21 -12 13 19 -14 8 
-21 -20 -2 -27 -21 -23 61 0 49 -10 -61 -4 9 0 18 -10 
22 10 8 29 25 20 -58 19 -42 27 65 -18 -9 1 -14 20 
-24 -2 -12 -20 -20 0 52 -33 30 -44 -52 41 8 -3 8 -18 
28 -1 24 19 22 -2 -38 48 -22 51 40 -54 -8 6 6 21 
-23 8 -21 -9 -33 11 -16 6 -14 -73 
RSSI :-110 
Input angle :158
Zaxis angle :49 
minval :0 

minval :0 



14 -1 0 14 -14 0 1 -14 14 3 -4 13 -13 -5 7 -12 
21 18 11 26 29 20 -56 9 -30 16 67 -11 -16 0 -3 14 
-26 -11 -18 -21 -33 -10 51 -25 24 -23 -61 30 16 -3 -1 -14 
28 2 23 15 35 0 -40 40 -15 30 49 -47 -13 9 5 13 
-28 6 -27 -7 -33 10 27 -50 5 -33 -33 60 10 -13 -9 -10 
24 -14 28 -2 29 -20 -112 -100 8 43 
RSSI :-110 
Input angle :154
Zaxis angle :32 
minval :0 

minval :0 



-3 30 -30 -6 8 -29 29 11 -13 27 -26 -16 18 -25 23 20 
-19 39 -16 0 -14 -9 2 -55 -7 -33 -2 66 -1 -6 -28 -13 
6 -43 15 -6 17 5 13 53 16 29 -16 -63 3 5 30 4 
5 43 -12 9 -17 0 -28 -47 -24 -23 34 56 -4 -4 -31 3 
-19 -39 9 -13 16 -5 42 35 29 14 -49 -43 6 2 28 -13 
29 32 -5 14 -15 9 -97 102 -2 19 
RSSI :-110 
Input angle :149
Zaxis angle :54 
minval :0 

minval :0 



2 23 -25 4 -1 -26 26 2 0 26 -24 -8 10 -24 22 9 
3 53 2 4 -26 -33 -25 -48 -12 0 23 66 -15 12 -25 -2 
-14 -47 -4 1 38 27 33 38 10 0 -38 -57 8 -18 24 -9 
39 45 8 -2 -44 -13 -46 -25 -4 0 52 43 -4 14 -23 8 
-38 -27 -12 6 49 0 56 19 5 -6 -65 -19 -1 -20 20 -16 
51 14 10 7 -43 17 -1 -107 2 -121 
RSSI :-110 
Input angle :8
Zaxis angle :25 
minval :0 

minval :0 



13 34 -34 9 -6 -36 37 -3 0 37 -36 -3 6 -36 35 10 
-4 106 -70 -2 -78 -15 35 -32 79 -40 -47 65 28 -23 -37 0 
-30 -101 67 -18 79 -8 -24 40 -61 63 23 -78 -20 29 34 -10 
59 87 -58 38 -74 30 11 -46 42 -78 0 82 10 -33 -30 20 
-80 -69 45 -54 64 -49 3 48 -13 88 -25 -76 0 35 21 -30 
97 42 -22 66 -40 69 95 -3 -12 115 
RSSI :-110 
Input angle :151
Zaxis angle :25 
minval :0 

minval :0 



-34 -18 20 -35 27 25 -28 29 -26 -30 31 -20 23 29 -34 17 
-49 -30 -6 -41 -2 12 42 14 12 20 -39 -27 24 1 29 -24 
69 20 11 35 -5 -11 -45 -8 -17 -18 41 9 -22 2 -19 33 
-65 -3 -24 -32 5 3 43 -8 23 5 -47 4 13 -15 6 -38 
54 -22 29 23 -10 1 -38 21 -23 1 44 -26 -15 12 4 39 
-53 36 -38 -8 11 -1 48 -42 -2 -25 
RSSI :-110 
Input angle :150
Zaxis angle :32 
minval :0 

minval :0 



47 -30 25 49 -52 19 -14 -53 54 -11 4 54 -55 0 2 -56 
89 -67 84 6 -1 -18 -43 33 -46 4 63 -38 -32 10 15 54 
-61 94 -81 16 5 13 32 -46 44 -18 -53 53 28 -20 -29 -47 
28 -107 70 -43 -9 -11 -16 52 -36 30 31 -68 -20 24 41 36 
3 112 -54 61 15 6 -1 -54 25 -41 -10 74 11 -30 -52 -20 
-34 -108 34 -76 -17 -3 63 15 6 -49 
RSSI :-110 
Input angle :153
Zaxis angle :20 
minval :0 

minval :0 



28 -5 2 28 -29 0 2 -28 28 4 -7 27 -27 -8 11 -26 
50 24 28 25 17 -35 -43 20 -11 41 64 -35 2 20 -5 27 
-55 -9 -29 -13 -7 42 39 -35 -4 -45 -49 52 -14 -14 -6 -29 
55 -8 38 5 -5 -39 -23 42 17 40 31 -66 14 14 11 26 
-50 22 -38 7 18 34 8 -47 -26 -34 -10 72 -18 -10 -17 -24 
38 -30 34 -19 -25 -33 -80 -106 7 67 
RSSI :-110 
Input angle :165
Zaxis angle :32 
minval :0 

minval :0 



36 -17 14 39 -39 10 -6 -40 41 -3 0 41 -40 -4 6 -39 
48 16 50 -15 -25 -74 -48 65 36 81 28 -78 -13 53 3 41 
-50 0 -44 29 42 66 29 -76 -58 -67 -6 83 -1 -55 -17 -37 
47 -14 31 -43 -61 -48 -2 81 77 44 -22 -80 21 50 28 31 
-42 26 -20 48 73 30 -20 -78 -85 -23 41 72 -32 -44 -35 -22 
32 -37 2 -53 -79 -5 81 20 -1 47 
RSSI :-110 
Input angle :158
Zaxis angle :14 
minval :0 

minval :0 



-7 32 -33 -9 11 -32 30 14 -19 28 -26 -22 23 -24 23 25 
-24 39 -17 51 35 26 -18 -79 -47 -39 26 98 -30 -27 -29 -17 
9 -44 0 -53 -42 -13 39 70 55 27 -51 -88 37 15 33 9 
4 46 14 52 44 1 -58 -57 -61 -5 76 67 -40 -6 -34 1 
-17 -43 -29 -45 -42 12 73 36 60 -11 -91 -44 40 -5 32 -12 
28 35 41 34 36 -24 -113 -102 7 41 
RSSI :-110 
Input angle :165
Zaxis angle :0 
minval :0 

minval :0 



33 -20 18 34 -36 14 -11 -37 38 -7 2 38 -38 0 2 -38 
41 -22 51 -22 -38 -64 -19 80 40 59 9 -97 3 41 8 38 
-32 33 -42 35 54 52 -5 -81 -56 -43 19 95 -17 -37 -19 -34 
22 -41 27 -48 -69 -29 31 76 66 27 -45 -86 26 31 28 26 
-11 45 -9 48 82 25 -47 -63 -67 -11 71 69 -31 -24 -34 -13 
-2 -48 0 -58 -82 4 17 -125 -5 21 
RSSI :-110 
Input angle :158
Zaxis angle :29 
minval :0 

minval :0 



-29 0 3 -29 28 7 -9 27 -27 -12 14 -25 23 16 -17 22 
-29 11 -28 -22 7 13 55 -43 7 -44 -62 37 -4 0 10 -27 
24 -19 33 14 -10 -11 -41 58 7 44 49 -53 4 -2 -2 28 
-18 25 -36 -3 13 7 21 -68 -20 -40 -27 67 -3 3 -6 -28 
11 -29 36 -7 -14 -2 -1 71 30 33 9 -72 2 -4 13 26 
-1 31 -31 17 14 0 -17 0 -6 -121 
RSSI :-110 
Input angle :13
Zaxis angle :20 
minval :0 

minval :0 



-19 19 -17 -20 21 -15 13 23 -24 11 -9 -25 26 -7 4 26 
-35 13 -22 4 5 -12 39 -57 1 -19 -48 55 -14 -17 -11 -24 
28 -25 20 -10 -1 13 -19 67 3 18 25 -69 18 12 18 19 
-19 31 -16 16 -1 -13 0 -70 -9 -16 -6 73 -21 -6 -24 -12 
11 -35 10 -20 6 12 21 66 13 13 -17 -71 22 0 26 5 
0 37 -3 22 -9 -10 63 -64 -3 115 
RSSI :-110 
Input angle :170
Zaxis angle :47 
minval :0 

minval :0 



-13 23 -22 -15 16 -21 19 19 -20 18 -16 -22 23 -13 10 24 
-15 23 -30 28 17 26 -35 -56 -43 -20 38 83 -24 -28 -19 -20 
7 -27 20 -37 -25 -19 48 44 47 5 -61 -68 32 19 23 13 
0 27 -9 41 29 10 -60 -28 -47 6 78 46 -36 -9 -27 -5 
-7 -27 -4 -42 -31 -1 66 6 43 -20 -89 -22 37 -1 27 -2 
16 22 15 39 30 -6 -113 27 8 -27 
RSSI :-110 
Input angle :158
Zaxis angle :39 
minval :0 

minval :0 



17 -20 17 19 -21 16 -13 -23 23 -11 9 24 -25 7 -5 -25 
6 -33 14 -10 16 -2 -43 63 -23 23 41 -52 -9 24 13 23 
4 33 -10 14 -15 7 23 -72 14 -29 -27 60 2 -25 -18 -19 
-13 -31 4 -16 13 -11 0 76 -5 33 7 -66 6 25 23 13 
22 25 0 17 -8 14 -20 -73 -4 -33 13 65 -12 -23 -26 -4 
-29 -17 -4 -17 5 -16 64 120 7 89 
RSSI :-110 
Input angle :159
Zaxis angle :47 
minval :0 

minval :0 



-10 9 -8 -11 12 -7 6 12 -13 5 -3 -13 14 -2 1 13 
1 16 -48 -13 -72 40 38 -89 1 -91 -59 81 24 -49 -4 -13 
-5 -15 50 -4 58 -59 -13 96 26 88 32 -95 -5 55 8 11 
11 12 -46 17 -37 74 -16 -95 -50 -76 -3 100 -9 -54 -12 -9 
-14 -8 38 -32 12 -81 41 87 70 57 -28 -96 27 48 13 5 
15 4 -28 41 8 83 -51 -47 -18 69 
RSSI :-110 
Input angle :158
Zaxis angle :58 
minval :0 

minval :0 



-34 -24 28 -32 28 31 -34 26 -23 -36 37 -21 19 38 -39 15 
-46 -24 -31 -16 -6 22 85 5 32 -13 -84 -3 38 -35 35 -25 
50 8 34 6 -1 -23 -83 16 -27 22 81 -22 -26 44 -26 34 
-52 2 -35 1 6 22 75 -40 19 -29 -73 41 8 -50 15 -40 
47 -19 32 -13 -13 -19 -58 62 -9 34 54 -64 7 51 -2 43 
-39 33 -26 22 18 13 111 93 -9 -71 
RSSI :-110 
Input angle :157
Zaxis angle :0 
minval :0 

minval :0 



-12 -5 6 -11 11 7 -7 9 -9 -9 10 -8 6 11 -11 6 
-32 -3 -18 -13 15 -11 65 -51 13 -17 -84 31 0 -30 9 -9 
32 -6 22 7 -10 16 -45 70 -7 22 70 -55 8 29 -5 12 
-29 16 -22 -1 6 -18 26 -79 0 -22 -48 75 -16 -25 1 -13 
23 -23 22 -5 1 19 1 83 6 21 29 -84 24 19 2 13 
-15 29 -18 12 -5 -18 -33 64 -5 -95 
RSSI :-110 
Input angle :157
Zaxis angle :56 
minval :0 

minval :0 



-30 1 1 -29 29 3 -6 29 -28 -9 11 -27 27 13 -14 25 
-37 11 -45 2 -20 45 7 -64 -13 -53 -11 86 -11 -22 9 -29 
31 -23 43 -14 6 -49 9 64 27 46 -13 -87 16 18 1 29 
-23 31 -36 27 10 48 -29 -57 -42 -34 40 78 -21 -13 -10 -28 
14 -36 26 -36 -25 -41 46 46 51 19 -64 -60 24 5 17 24 
-2 39 -16 42 35 33 15 49 -1 21 
RSSI :-110 
Input angle :150
Zaxis angle :51 
minval :0 

minval :0 



-12 -5 2 -10 13 7 -4 11 -11 -5 0 -12 9 9 -7 6 
-82 -3 25 -43 20 -63 49 10 34 93 -83 -37 41 15 2 -7 
77 -17 -8 55 -4 65 -59 6 -65 -73 88 14 -40 0 -5 12 
-69 47 -12 -59 -19 -60 47 -30 81 52 -91 15 36 -9 0 -12 
50 -68 23 50 39 54 -39 40 -93 -26 81 -43 -30 21 4 11 
-27 79 -38 -39 -56 -36 35 111 -3 13 
RSSI :-110 
Input angle :128
Zaxis angle :44 
minval :0 

minval :0 



9 -41 41 12 -16 39 -38 -18 22 -36 34 25 -28 31 -28 -31 
5 -24 20 -59 -37 -48 41 58 45 35 -56 -73 36 23 36 23 
1 25 -1 64 49 36 -55 -44 -53 -19 77 51 -41 -10 -42 -8 
-9 -23 -19 -60 -56 -20 66 27 56 5 -88 -27 42 0 43 0 
16 19 35 52 61 1 -71 -7 -56 11 92 1 -40 14 -39 15 
-22 -14 -50 -39 -59 17 -96 59 -7 113 
RSSI :-110 
Input angle :150
Zaxis angle :36 
minval :0 

minval :0 



-6 14 -14 -10 10 -12 7 10 -9 13 -10 -13 15 -7 5 12 
-22 28 -42 7 5 12 -4 -81 -11 -37 -17 101 -23 -20 -9 -11 
29 -27 35 -22 -9 -10 26 75 18 36 -9 -99 27 8 14 8 
0 28 -34 27 16 4 -48 -67 -33 -35 42 87 -28 2 -14 -4 
0 -37 17 -37 -10 0 64 46 41 20 -71 -73 27 -11 15 0 
8 29 0 39 12 -2 -17 -18 -3 -27 
RSSI :-110 
Input angle :175
Zaxis angle :25 
minval :0 

minval :0 



40 -5 5 44 -41 -4 7 -42 42 10 -9 44 -42 -14 16 -37 
38 15 54 15 16 -29 -76 13 -30 35 82 -5 -40 28 -9 42 
-39 -1 -55 4 -11 39 67 -32 21 -47 -73 37 30 -37 0 -43 
40 -13 58 -20 13 -31 -55 54 -6 47 61 -56 -16 46 21 40 
-37 24 -52 32 0 43 40 -65 -10 -50 -45 75 2 -47 -29 -29 
25 -29 32 -44 -16 -41 0 -74 11 -47 
RSSI :-110 
Input angle :161
Zaxis angle :25 
minval :0 

minval :0 



19 -13 11 20 -21 9 -6 -21 22 -4 1 23 -23 0 1 -22 
33 -12 47 -22 0 -40 -37 73 14 54 39 -85 -6 36 5 23 
-27 23 -37 36 12 38 18 -80 -29 -48 -14 93 -4 -37 -12 -19 
19 -29 24 -46 -24 -33 10 81 42 36 -16 -93 14 34 18 14 
-10 33 -12 50 33 24 -30 -77 -52 -21 43 82 -25 -27 -21 -9 
0 -35 -4 -52 -38 -15 -64 -54 1 65 
RSSI :-110 
Input angle :158
Zaxis angle :29 
minval :0 

minval :0 



-33 10 -6 -34 34 -2 0 34 -34 -2 4 -34 33 7 -10 32 
-45 0 -42 -12 -1 35 66 -36 25 -45 -74 38 29 -25 1 -35 
43 -12 44 0 -10 -34 -51 53 -12 50 59 -58 -21 33 9 34 
-37 23 -43 12 18 30 32 -67 -2 -51 -38 74 10 -37 -17 -30 
27 -35 37 -24 -26 -23 -11 73 18 48 15 -82 1 39 26 22 
-16 41 -28 34 32 15 -1 18 -10 45 
RSSI :-110 
Input angle :162
Zaxis angle :20 
minval :0 

minval :0 



-33 -1 -1 -34 31 8 -5 33 -27 -14 9 -20 27 9 -14 20 
-38 -8 -31 -16 -16 18 58 -35 31 -35 -79 32 19 -19 7 -33 
38 -4 38 -2 13 -23 -44 51 -17 32 60 -48 -13 24 0 23 
-41 20 -36 4 18 35 30 -60 3 -48 -44 62 6 -31 -7 -23 
32 -31 24 -17 -22 -25 -13 65 15 38 31 -79 1 28 14 29 
-22 38 -20 33 12 12 79 -52 -9 -95 
RSSI :-110 
Input angle :161
Zaxis angle :14 
minval :0 

minval :0 



-25 -4 6 -24 23 7 -10 22 -22 -11 13 -21 19 15 -17 17 
-30 -3 -35 -24 -12 15 56 -24 33 -30 -73 36 17 -14 12 -22 
30 -5 41 7 9 -17 -44 43 -18 38 64 -48 -16 18 -4 25 
-27 14 -42 2 -5 20 31 -52 5 -41 -49 63 10 -23 -4 -21 
25 -19 38 -21 0 -20 -15 57 4 43 29 -74 -6 26 8 22 
-10 26 -32 26 7 19 79 29 -10 -115 
RSSI :-110 
Input angle :155
Zaxis angle :32 
minval :0 

minval :0 



18 21 -23 17 -14 -25 25 -12 10 26 -27 7 -4 -28 28 -2 
15 37 7 45 32 -9 -59 -26 -49 4 73 42 -34 -8 -26 10 
-25 -31 -22 -40 -28 17 64 7 46 -20 -82 -18 36 -2 22 -18 
33 22 32 34 21 -24 -64 11 -36 33 84 -8 -33 14 -15 24 
-38 -11 -41 -21 -12 30 56 -31 26 -42 -77 33 27 -23 7 -27 
40 -1 45 8 1 -32 -33 69 12 1 
RSSI :-110 
Input angle :158
Zaxis angle :14 
minval :0 

minval :0 



-9 26 -26 -11 13 -24 23 16 -18 21 -19 -20 22 -17 15 23 
-26 31 -30 28 26 16 -8 -68 -27 -38 -1 80 -17 -30 -22 -17 
16 -37 19 -37 -30 -6 29 62 38 27 -21 -78 26 23 27 10 
-6 40 -10 40 31 -2 -45 -52 -44 -14 45 64 -31 -13 -25 -1 
-9 -42 -7 -42 -22 4 57 39 43 -1 -59 -51 33 2 32 -7 
17 33 18 38 26 -28 47 41 3 117 
RSSI :-110 
Input angle :166
Zaxis angle :0 
minval :0 

minval :0 



-32 -17 20 -30 30 21 -24 26 -25 -26 29 -22 19 29 -32 16 
-28 -37 -27 -38 -23 21 69 5 47 -20 -77 -14 31 -4 26 -25 
39 27 38 28 15 -27 -67 13 -37 34 77 -12 -28 13 -16 32 
-44 -15 -45 -15 -6 31 59 -34 25 -44 -70 33 24 -21 6 -35 
47 2 47 1 -2 -31 -47 50 -13 49 57 -52 -16 27 4 36 
-46 12 -46 12 11 29 127 19 -13 97 
RSSI :-110 
Input angle :158
Zaxis angle :20 
minval :0 

minval :0 



21 23 -23 20 -17 -26 27 -14 11 28 -30 9 -7 -30 31 -3 
15 46 5 37 17 -11 -64 -35 -44 6 65 48 -28 -1 -28 13 
-29 -39 -17 -33 -13 16 72 11 38 -19 -76 -27 26 -7 24 -20 
40 28 26 27 7 -19 -72 9 -32 30 81 4 -23 14 -16 27 
-46 -16 -33 -17 0 20 65 -33 22 -37 -78 19 19 -20 7 -30 
49 1 37 5 -5 -20 127 -81 10 -47 
RSSI :-110 
Input angle :165
Zaxis angle :20 
minval :0 

minval :0 



21 20 -21 19 -18 -23 25 -15 12 26 -27 10 -8 -28 28 -5 
31 34 20 38 18 -14 -71 -27 -38 18 74 32 -34 3 -26 14 
-39 -22 -31 -30 -13 18 76 3 31 -29 -81 -6 32 -13 20 -21 
45 7 38 19 7 -21 -71 25 -20 37 79 -17 -27 21 -13 26 
-46 2 -42 -6 0 23 64 -41 9 -41 -70 41 17 -30 3 -29 
42 -17 42 -7 -7 -21 -80 -98 10 69 
RSSI :-110 
Input angle :161
Zaxis angle :39 
minval :0 

minval :0 



-11 29 -28 -13 15 -26 25 18 -20 23 -22 -22 23 -20 17 25 
-26 29 -19 39 23 27 0 -74 -29 -32 -3 83 -13 -33 -24 -20 
15 -35 9 -43 -30 -18 22 71 37 23 -23 -80 23 28 29 11 
-5 38 5 43 34 9 -45 -58 -43 -9 43 71 -29 -21 -31 -2 
-8 -38 -17 -40 -36 2 58 46 44 -3 -62 -55 34 11 31 -6 
19 33 28 33 33 -12 79 -33 3 49 
RSSI :-110 
Input angle :161
Zaxis angle :29 
minval :0 

minval :0 



69 -10 3 69 -70 -2 11 -68 67 18 -24 65 -63 -28 32 -61 
61 6 82 15 28 -42 -89 63 -32 83 98 -71 -32 29 -13 68 
-58 14 -83 11 -15 48 65 -87 7 -89 -71 98 22 -36 -10 -69 
50 -34 76 -32 1 -52 -37 103 17 88 38 -114 -9 42 26 64 
-39 47 -62 56 12 49 7 -109 -43 -79 -1 121 -2 -44 -46 -52 
21 -58 38 -73 -28 -41 -32 59 7 29 
RSSI :-110 
Input angle :158
Zaxis angle :32 
minval :0 

minval :0 



-33 -1 4 -32 32 7 -9 31 -30 -12 14 -29 27 18 -20 25 
-24 3 -33 -19 -28 14 54 -30 33 -41 -66 30 19 -12 13 -30 
22 -12 38 9 21 -22 -42 46 -19 49 56 -47 -14 18 -3 33 
-18 17 -39 0 -13 28 27 -56 6 -52 -37 63 8 -21 -6 -32 
11 -22 36 -13 5 -31 -8 61 10 52 15 -71 -2 23 16 29 
-4 24 -31 24 5 30 111 -116 -12 -111 
RSSI :-110 
Input angle :158
Zaxis angle :41 
minval :0 

minval :0 



-1 24 -23 -4 6 -24 22 8 -9 23 -21 -11 13 -20 18 15 
7 29 -17 42 1 17 -31 -59 -28 -24 33 74 -19 -25 -23 -9 
-17 -25 2 -45 -7 -16 50 43 34 15 -53 -62 25 19 24 2 
22 20 9 45 10 14 -60 -27 -38 -4 69 43 -29 -12 -24 5 
-28 -11 -22 -39 -14 -9 65 9 37 -8 -79 -20 32 1 21 -12 
30 1 34 30 17 4 -1 92 4 125 
RSSI :-110 
Input angle :160
Zaxis angle :49 
minval :0 

minval :0 



-13 34 -33 -16 19 -31 29 22 -25 27 -24 -27 29 -22 20 31 
-35 26 -27 27 21 34 -17 -73 -23 -41 21 81 -14 -40 -28 -24 
25 -36 17 -33 -29 -28 36 65 35 31 -42 -72 27 32 35 14 
-14 42 -7 37 37 17 -56 -49 -43 -18 64 54 -34 -25 -37 -5 
2 -44 -4 -37 -39 -5 69 30 47 5 -76 -33 41 10 37 -6 
13 42 17 33 40 -6 127 85 2 -19 
RSSI :-110 
Input angle :155
Zaxis angle :25 
minval :0 

minval :0 



-30 5 -3 -30 30 0 -2 30 -30 -5 6 -29 28 9 -12 26 
-46 12 -65 11 4 45 27 -63 -18 -78 -39 89 9 -44 3 -30 
40 -26 60 -29 -16 -41 -4 69 37 70 5 -97 6 45 5 30 
-30 37 -49 45 30 33 -14 -67 -58 -54 19 95 -17 -41 -14 -27 
18 -44 35 -57 -38 -23 33 61 73 33 -49 -84 30 33 22 21 
-5 47 -13 65 43 12 -2 81 -3 -39 
RSSI :-110 
Input angle :154
Zaxis angle :32 
minval :0 

minval :0 



19 0 -1 19 -19 -3 5 -18 18 7 -8 17 -16 -10 11 -15 
34 -4 42 2 32 -8 -38 44 0 30 40 -59 2 16 -5 18 
-31 15 -41 10 -27 18 24 -53 -10 -29 -18 68 -7 -14 0 -19 
25 -23 36 -21 20 -26 -8 58 18 25 2 -71 11 12 5 18 
-16 29 -27 32 -12 31 -10 -58 -24 -18 21 67 -14 -8 -11 -16 
7 -33 16 -39 2 -33 96 -11 1 77 
RSSI :-110 
Input angle :157
Zaxis angle :41 
minval :0 

minval :0 



17 3 -5 17 -17 -6 7 -16 15 9 -10 14 -13 -11 13 -12 
33 -28 28 18 21 9 -43 50 -17 26 65 -51 0 -6 -8 15 
-23 36 -33 -7 -22 -3 28 -60 10 -29 -45 67 2 5 3 -18 
12 -41 34 0 22 -3 -5 66 0 31 24 -78 -3 -5 2 18 
0 43 -31 13 -20 10 -11 -65 -8 -30 2 82 5 3 -8 -15 
-16 -40 26 -21 16 -16 0 109 6 57 
RSSI :-110 
Input angle :260
Zaxis angle :51 
minval :0 

minval :0 



40 26 -28 37 -34 -32 35 -30 28 38 -41 24 -20 -42 44 -17 
96 42 -38 45 -55 55 -46 -65 -27 -92 43 96 -25 -35 -38 28 
-103 -14 22 -56 37 -69 61 52 53 81 -69 -78 35 27 27 -39 
103 -20 -5 59 -12 76 -73 -31 -74 -62 92 51 -41 -14 -13 46 
-93 49 -12 -59 -11 -77 78 4 91 33 -103 -20 43 0 -1 -47 
74 -74 30 50 33 70 -113 81 -1 -83 
RSSI :-110 
Input angle :144
Zaxis angle :44 
minval :0 

minval :0 



-4 22 -22 -6 7 -21 20 9 -11 20 -18 -12 14 -18 16 15 
3 29 -12 30 18 28 -45 -37 -62 -4 53 46 -13 -4 -20 -10 
-11 -28 4 -32 -25 -22 53 25 62 -10 -63 -31 13 0 22 4 
19 23 6 32 31 12 -59 -6 -53 32 70 10 -13 3 -22 2 
-25 -15 -16 -28 -33 -2 58 -11 43 -46 -69 11 11 -7 20 -10 
29 8 23 22 33 -7 -49 72 14 -103 
RSSI :-110 
Input angle :103
Zaxis angle :49 
minval :0 

minval :0 



-22 -9 11 -20 20 13 -15 18 -17 -17 17 -16 14 19 -20 11 
-21 -32 9 -10 21 -3 55 40 28 4 -44 -52 25 -4 16 -18 
30 24 -5 13 -19 9 -65 -16 -28 4 58 35 -23 12 -10 22 
-36 -13 0 -13 15 -14 68 -4 25 -13 -66 -18 18 -18 2 -24 
39 2 2 14 -10 18 -64 21 -22 19 68 -3 -12 22 4 24 
-38 9 -6 -12 4 -21 -96 -109 -7 13 
RSSI :-110 
Input angle :140
Zaxis angle :49 
minval :0 

minval :0 



5 -30 29 8 -10 28 -27 -13 16 -25 24 19 -20 22 -20 -22 
18 -52 23 -32 -26 -16 17 81 49 19 -19 -80 24 30 26 14 
-1 55 -10 39 30 7 -41 -71 -52 -1 38 73 -33 -20 -30 -5 
-17 -52 0 -40 -31 1 60 56 52 -11 -61 -56 37 10 30 -3 
33 44 12 38 29 -10 -75 -33 -45 26 75 35 -38 3 -28 13 
-46 -30 -25 -31 -24 19 96 -98 -11 -127 
RSSI :-110 
Input angle :162
Zaxis angle :32 
minval :0 

minval :0 



26 6 -9 25 -24 -11 13 -23 22 14 -16 21 -19 -18 19 -17 
45 18 13 30 14 -27 -56 1 -31 27 70 12 -27 7 -13 23 
-49 -6 -21 -23 -6 29 53 -19 21 -35 -71 6 24 -16 4 -26 
47 -10 27 17 -2 -30 -45 33 -11 39 64 -31 -17 22 2 27 
-42 25 -31 -7 13 27 33 -46 -3 -41 -53 49 9 -27 -10 -25 
33 -35 32 -2 -20 -22 0 -77 9 109 
RSSI :-110 
Input angle :162
Zaxis angle :25 
minval :0 

minval :0 



2 -32 31 5 -7 30 -30 -10 13 -29 28 15 -17 27 -25 -19 
10 -27 25 -34 -25 -23 15 67 28 36 -2 -71 3 31 29 13 
-2 29 -12 40 31 14 -35 -57 -37 -28 22 68 -13 -27 -32 -3 
-5 -28 1 -42 -34 -4 51 46 44 14 -40 -59 20 22 31 -6 
15 25 12 40 33 -4 -61 -28 -46 -2 57 43 -26 -15 -28 14 
-21 -19 -23 -35 -31 15 48 -53 -5 -35 
RSSI :-110 
Input angle :162
Zaxis angle :25 
minval :0 

minval :0 



-30 25 -24 -28 29 -17 18 30 -35 15 -9 -36 33 -6 6 35 
-34 23 -35 27 23 44 22 -78 -16 -69 -32 86 -3 -45 -17 -32 
25 -32 28 -40 -21 -41 6 83 38 63 8 -83 19 41 28 22 
-12 43 -15 45 43 32 -31 -75 -53 -45 15 89 -31 -33 -35 -18 
-1 -44 -3 -49 -46 -14 50 64 66 29 -47 -74 38 22 36 5 
12 41 14 44 48 2 46 -47 -3 -55 
RSSI :-110 
Input angle :155
Zaxis angle :36 
minval :0 

minval :0 



21 17 -18 20 -18 -20 22 -16 14 23 -24 12 -10 -25 26 -7 
32 29 27 35 21 -6 -71 -11 -36 13 79 11 -26 1 -23 14 
-39 -16 -36 -26 -18 13 71 -13 30 -25 -78 15 25 -9 16 -22 
43 3 42 14 13 -18 -63 33 -20 32 69 -40 -21 16 -10 25 
-42 9 -45 0 -7 21 51 -51 10 -37 -56 56 14 -23 1 -27 
36 -22 42 -13 0 -22 -48 -42 9 61 
RSSI :-110 
Input angle :158
Zaxis angle :32 
minval :0 

minval :0 



-19 -29 30 -16 13 32 -34 8 -6 -35 35 -2 0 35 -35 -1 
-6 -41 -17 -50 -41 0 53 33 52 -5 -62 -33 28 8 35 -8 
18 36 34 42 38 -14 -61 -17 -46 23 70 10 -30 1 -30 19 
-29 -29 -46 -29 -32 24 64 -2 37 -37 -71 8 28 -11 23 -27 
37 19 52 12 23 -33 -59 23 -24 47 64 -31 -23 18 -15 32 
-41 -6 -54 3 -12 38 0 31 -13 -79 
RSSI :-110 
Input angle :158
Zaxis angle :39 
minval :0 

minval :0 



-14 31 -29 -21 21 -31 25 27 -31 26 -22 -28 34 -20 19 30 
-27 29 -26 45 21 31 -7 -63 -42 -35 5 78 -15 -26 -30 -28 
14 -41 17 -48 -33 -20 25 58 43 20 -27 -70 22 21 39 14 
-4 40 5 51 36 11 -42 -49 -49 -4 51 58 -29 -13 -40 -2 
-10 -42 -22 -45 -37 13 55 30 47 -10 -69 -40 32 3 38 -13 
22 34 33 39 36 -31 127 -123 7 -99 
RSSI :-110 
Input angle :158
Zaxis angle :29 
minval :0 

minval :0 



21 -29 27 23 -26 25 -22 -28 31 -19 17 32 -34 14 -11 -34 
29 -12 49 -24 -5 -47 -12 55 14 65 23 -67 -10 35 21 30 
-24 21 -40 36 21 44 -5 -56 -35 -56 0 71 -1 -36 -29 -22 
16 -27 25 -48 -32 -37 21 51 49 44 -22 -67 12 34 34 13 
-9 30 -13 53 42 23 -36 -42 -60 -27 40 58 -22 -29 -36 0 
-2 -31 -5 -54 -47 -10 1 78 0 17 
RSSI :-110 
Input angle :162
Zaxis angle :25 
minval :0 

minval :0 



-27 -18 17 -24 26 19 -22 22 -21 -24 25 -19 15 26 -28 13 
-22 -19 -21 -30 -31 7 61 9 48 -7 -63 -26 28 0 22 -20 
29 17 28 18 30 -17 -59 2 -48 20 68 11 -27 6 -15 28 
-29 -4 -31 -15 -22 25 59 -23 33 -33 -66 14 23 -17 7 -29 
30 -3 33 2 13 -30 -45 42 -24 42 60 -32 -17 24 3 32 
-26 12 -34 6 -2 33 -32 -9 -13 -3 
RSSI :-110 
Input angle :155
Zaxis angle :29 
minval :0 

minval :0 


