
-43 39 -35 -46 49 -32 27 52 -54 22 -18 -56 57 -15 10 56 
36 0 5 -8 -121 1 -5 63 20 66 109 -9 122 18 -25 -53 
-35 9 -2 10 115 -39 -14 -62 -38 -56 -100 42 -122 18 42 41 
30 -22 -1 -10 -96 74 35 52 56 39 78 -76 112 -54 -53 -22 
-20 30 5 8 59 -106 -52 -36 -66 -16 -50 97 -83 92 59 5 
8 -36 -7 -6 -19 119 80 5 -1 -89 
RSSI :-110 
Input angle :8
Zaxis angle :0 
minval :0 

minval :0 



12 -23 22 14 -16 21 -19 -18 20 -17 15 21 -22 13 -11 -23 
-19 19 -4 7 66 -73 -60 -55 -55 -14 -62 74 -72 62 18 19 
12 -25 2 -8 -40 90 76 30 56 -7 32 -91 47 -83 -24 -11 
-3 27 1 9 4 -98 -81 -3 -52 22 5 96 -11 95 26 2 
-6 -27 -4 -8 28 94 78 -25 40 -40 -35 -90 -17 -94 -26 7 
15 23 6 5 -61 -77 79 17 27 -109 
RSSI :-110 
Input angle :12
Zaxis angle :0 
minval :0 

minval :0 



40 30 -34 36 -34 -36 39 -32 27 41 -45 23 -20 -47 47 -17 
-5 -69 -9 -2 4 99 82 -17 20 -42 -31 -87 12 -100 -39 30 
25 65 10 0 -38 -91 -72 43 -3 47 58 71 21 97 26 -42 
-46 -51 -9 3 68 72 52 -66 -11 -45 -78 -49 -53 -85 -13 48 
60 32 7 -7 -88 -43 -26 80 26 39 90 18 81 57 -4 -50 
-67 -8 -5 9 98 10 -17 -118 -4 11 
RSSI :-110 
Input angle :207
Zaxis angle :14 
minval :0 

minval :0 



-13 -71 73 -6 2 72 -73 -3 7 -72 71 12 -19 70 -68 -24 
-37 23 -1 37 67 -73 -32 -20 -55 -8 -63 78 -82 48 71 2 
28 -33 -11 -36 -38 91 38 9 55 -12 36 -94 57 -76 -69 21 
-11 42 22 29 3 -99 -38 4 -46 33 8 99 -25 91 56 -44 
-2 -43 -32 -19 31 95 33 -20 34 -46 -37 -92 -4 -95 -39 61 
18 38 36 7 -65 -74 15 -53 6 -9 
RSSI :-110 
Input angle :12
Zaxis angle :20 
minval :0 

minval :0 



-1 66 -67 -3 9 -68 63 15 -23 60 -63 -26 36 -58 52 36 
49 -8 3 -46 -67 61 31 2 46 12 27 -69 66 -22 -66 -15 
-37 25 14 43 42 -86 -27 8 -47 7 -2 72 -53 47 66 -1 
28 -33 -29 -35 -14 96 27 -20 40 -25 -27 -72 35 -62 -61 25 
-24 42 39 26 -20 -94 -15 25 -36 33 43 59 -6 74 45 -48 
8 -49 -45 -10 43 75 -48 -109 -6 -29 
RSSI :-110 
Input angle :210
Zaxis angle :39 
minval :0 

minval :0 



-25 -27 29 -24 20 31 -34 16 -14 -34 35 -12 9 36 -37 6 
13 46 0 7 -4 -96 -84 -12 -40 46 9 96 -2 99 33 -17 
-28 -39 -3 -6 36 90 83 -17 23 -57 -39 -88 -28 -95 -27 25 
40 28 5 5 -63 -74 -75 40 -4 61 66 70 60 79 13 -35 
-48 -11 -5 -2 87 43 51 -68 -18 -58 -88 -38 -84 -53 -1 37 
48 -5 6 0 -96 -13 97 21 24 87 
RSSI :-110 
Input angle :3
Zaxis angle :0 
minval :0 

minval :0 



-51 9 -4 -51 54 0 -6 52 -50 -7 13 -49 48 19 -20 47 
35 22 5 0 -87 -70 -64 59 22 71 92 65 87 84 5 -51 
-41 -7 -6 3 107 35 40 -78 -43 -63 -106 -29 -110 -52 11 50 
42 -4 4 -4 -113 4 -12 87 64 42 109 -10 123 5 -29 -42 
-37 20 -3 6 105 -40 -18 -86 -73 -15 -99 48 -117 32 40 31 
27 -33 0 -7 -83 75 -80 80 -1 67 
RSSI :-110 
Input angle :5
Zaxis angle :0 
minval :0 

minval :0 



-2 31 -31 -5 7 -30 29 10 -13 28 -27 -15 18 -26 24 19 
-20 -47 20 0 6 -83 -15 -26 -53 -37 26 -50 -21 51 -29 -11 
36 35 -19 6 25 79 24 18 64 12 -5 56 1 -55 31 0 
-47 -21 16 -12 -51 -66 -28 -10 -65 3 -14 -55 19 52 -29 11 
51 5 -11 16 70 45 30 -1 57 -30 35 45 -36 -42 22 -21 
-49 13 4 -19 -82 -17 -114 -64 23 73 
RSSI :-110 
Input angle :74
Zaxis angle :0 
minval :0 

minval :0 



7 -28 28 9 -11 27 -26 -14 16 -24 22 19 -21 21 -19 -22 
24 46 -19 0 -13 85 10 27 50 39 -17 48 22 -45 25 15 
-38 -36 18 -6 -17 -84 -18 -21 -59 -22 0 -51 -4 50 -29 -5 
47 23 -15 12 45 73 26 13 63 -4 17 47 -12 -49 29 -5 
-52 -3 9 -16 -67 -53 -28 -4 -58 24 -33 -39 25 43 -25 14 
51 -13 -3 19 82 25 -95 69 -22 47 
RSSI :-110 
Input angle :74
Zaxis angle :0 
minval :0 

minval :0 



27 -12 9 28 -29 7 -4 -29 30 -1 0 30 -29 -2 6 -29 
-4 54 -16 -13 -64 47 -18 31 14 63 -46 22 49 -15 3 29 
-12 -52 20 7 42 -67 7 -35 -32 -56 35 -37 -40 33 -13 -26 
31 44 -21 0 -15 78 4 35 50 40 -21 46 29 -42 21 20 
-43 -32 20 -6 -7 -79 -16 -31 -62 -20 4 -51 -10 50 -27 -10 
52 13 -16 14 36 70 34 -18 -3 -125 
RSSI :-110 
Input angle :74
Zaxis angle :0 
minval :0 

minval :0 



-24 22 -19 -26 27 -17 14 29 -30 12 -9 -31 31 -6 4 32 
-5 -55 22 10 52 -68 6 -40 -24 -61 44 -35 -48 27 -14 -29 
24 50 -24 -2 -24 82 7 40 46 46 -25 51 37 -40 23 22 
-41 -37 23 -8 -9 -85 -21 -34 -59 -27 8 -56 -20 51 -30 -12 
51 21 -19 14 36 77 31 25 65 6 10 56 0 -55 32 1 
-55 -2 13 -20 -60 -60 -115 -126 7 103 
RSSI :-110 
Input angle :74
Zaxis angle :0 
minval :0 

minval :0 



-25 -12 14 -24 22 16 -17 21 -19 -19 21 -18 15 23 -23 13 
46 -38 0 22 85 1 39 -12 35 -55 52 13 -49 -22 17 -20 
-30 52 -8 -20 -81 26 -32 25 -12 65 -54 4 54 2 -9 25 
11 -59 14 16 65 -55 21 -35 -9 -65 48 -25 -52 15 0 -27 
10 60 -19 -10 -43 74 -6 41 34 55 -38 38 45 -30 9 25 
-30 -52 21 3 17 -83 62 61 -20 77 
RSSI :-110 
Input angle :74
Zaxis angle :0 
minval :0 

minval :0 



-11 24 -23 -13 15 -22 20 17 -18 19 -18 -20 21 -16 13 23 
-38 -40 22 1 -3 -80 -16 -36 -56 -25 12 -52 -13 48 -20 -16 
49 25 -21 7 32 73 27 29 61 4 7 53 -2 -50 24 9 
-54 -7 18 -13 -52 -60 -36 -17 -59 16 -26 -46 18 46 -26 0 
54 -12 -12 18 70 39 40 4 50 -35 39 36 -35 -35 25 -9 
-46 30 4 -22 -79 -13 -18 -32 25 -93 
RSSI :-110 
Input angle :69
Zaxis angle :0 
minval :0 

minval :0 



28 -9 6 29 -29 4 -2 -29 29 0 -2 29 -29 -5 8 -28 
-2 58 -16 -17 -60 56 -18 36 14 63 -45 25 50 -16 3 29 
-17 -55 21 10 37 -73 5 -41 -36 -54 34 -39 -40 34 -11 -26 
34 46 -23 -2 -8 81 10 40 51 40 -18 49 28 -44 19 21 
-47 -32 23 -5 -16 -80 -22 -35 -62 -20 1 -52 -10 52 -26 -13 
56 13 -20 12 45 69 98 77 0 -121 
RSSI :-110 
Input angle :74
Zaxis angle :0 
minval :0 

minval :0 



-5 -30 31 -1 -2 30 -30 -5 7 -30 28 9 -11 29 -27 -13 
51 17 -19 13 37 75 29 24 62 4 13 52 -2 -50 31 3 
-54 -2 15 -19 -61 -56 -37 -12 -60 16 -32 -45 19 48 -30 7 
51 -17 -5 23 78 31 38 0 50 -36 44 32 -35 -38 25 -16 
-41 34 -1 -25 -82 -3 -37 13 -36 51 -53 -15 45 23 -19 24 
29 -44 9 22 82 -20 0 12 -31 -37 
RSSI :-110 
Input angle :77
Zaxis angle :0 
minval :0 

minval :0 



24 22 -24 22 -20 -25 27 -17 14 29 -30 11 -9 -31 31 -7 
-54 16 8 -23 -74 -40 -38 -4 -51 35 -40 -36 32 36 -27 18 
44 -36 1 24 84 8 36 -10 38 -48 50 19 -43 -24 20 -25 
-29 48 -9 -22 -82 19 -32 20 -17 59 -54 0 48 8 -10 30 
11 -55 17 17 68 -49 21 -31 -5 -61 51 -17 -48 9 -1 -32 
8 56 -21 -11 -50 68 112 -24 28 -63 
RSSI :-110 
Input angle :74
Zaxis angle :0 
minval :0 

minval :0 



24 -7 4 25 -25 1 0 -26 26 1 -3 25 -26 -5 8 -25 
-12 55 -11 -19 -62 57 -16 27 15 61 -49 22 47 -19 0 25 
-8 -55 17 14 42 -76 6 -31 -37 -51 39 -39 -38 35 -10 -24 
26 49 -21 -7 -13 84 4 31 52 36 -21 51 22 -46 16 20 
-41 -38 22 0 -20 -83 -15 -28 -61 -16 5 -54 -5 51 -22 -12 
52 20 -21 7 43 73 113 -121 -3 23 
RSSI :-110 
Input angle :69
Zaxis angle :0 
minval :0 

minval :0 



22 19 -19 20 -18 -22 24 -16 14 24 -26 12 -9 -27 27 -6 
-45 26 9 -22 -78 -25 -39 -1 -47 44 -47 -29 41 31 -23 15 
34 -39 0 24 81 -3 37 -12 29 -57 54 9 -49 -16 16 -23 
-19 48 -7 -23 -75 30 -30 24 -7 64 -54 10 52 0 -7 27 
1 -52 15 19 60 -55 20 -33 -14 -63 48 -27 -48 19 -3 -28 
17 49 -21 -11 -36 73 -95 -9 26 -5 
RSSI :-110 
Input angle :77
Zaxis angle :0 
minval :0 

minval :0 



-24 -14 16 -23 21 18 -20 20 -18 -22 23 -15 13 25 -25 11 
48 -32 -9 20 86 -3 26 -7 31 -57 61 20 -49 -13 19 -20 
-33 47 1 -22 -81 30 -23 15 -7 65 -64 0 50 -3 -11 25 
16 -56 6 21 66 -55 16 -22 -13 -63 61 -21 -46 21 2 -27 
3 58 -14 -17 -42 74 -7 26 35 54 -50 40 36 -35 6 27 
-22 -54 18 12 15 -85 78 -89 -21 -31 
RSSI :-110 
Input angle :69
Zaxis angle :0 
minval :0 

minval :0 



29 8 -10 28 -27 -12 15 -26 25 17 -19 23 -21 -21 23 -18 
-43 28 0 -24 -82 -4 -32 19 -35 55 -46 -20 41 28 -16 25 
32 -41 8 23 79 -21 23 -29 15 -64 51 2 -48 -13 5 -29 
-16 49 -15 -19 -67 49 -11 35 4 66 -48 16 50 -5 4 29 
-3 -51 20 13 46 -68 0 -37 -27 -60 41 -29 -45 22 -15 -25 
21 47 -24 -5 -19 80 -15 -127 22 -59 
RSSI :-110 
Input angle :74
Zaxis angle :0 
minval :0 

minval :0 



30 13 -16 28 -27 -18 21 -25 22 23 -25 20 -18 -27 28 -16 
-43 27 5 -18 -84 0 -27 12 -30 59 -51 -10 48 18 -19 25 
30 -41 2 18 78 -30 20 -22 8 -65 52 -6 -51 0 11 -30 
-13 48 -8 -16 -62 56 -11 28 14 64 -46 24 48 -16 0 32 
-2 -50 13 13 42 -72 2 -30 -34 -57 38 -35 -40 31 -10 -30 
22 45 -17 -6 -15 82 1 41 20 25 
RSSI :-110 
Input angle :74
Zaxis angle :0 
minval :0 

minval :0 



25 10 -12 24 -24 -14 16 -22 20 18 -20 18 -17 -21 22 -15 
-51 23 3 -20 -84 -14 -28 9 -37 55 -52 -22 47 27 -15 22 
40 -38 4 20 83 -18 23 -18 15 -65 56 0 -53 -11 6 -26 
-21 51 -11 -17 -71 46 -14 26 11 65 -54 18 53 -12 1 27 
3 -55 17 12 51 -68 5 -29 -30 -59 45 -35 -47 27 -10 -24 
15 53 -20 -6 -27 80 81 72 22 -3 
RSSI :-110 
Input angle :74
Zaxis angle :0 
minval :0 

minval :0 



-28 -8 10 -28 27 13 -14 26 -24 -17 19 -23 21 20 -22 19 
40 -33 2 16 81 -6 25 -18 24 -65 50 8 -46 -16 15 -25 
-27 45 -7 -14 -74 34 -18 26 0 69 -51 5 49 -1 -5 29 
11 -52 12 10 58 -57 9 -31 -22 -65 44 -25 -46 17 -5 -29 
7 52 -15 -6 -32 75 1 32 43 54 -33 38 37 -32 13 26 
-24 -46 16 0 5 -81 62 -70 -19 83 
RSSI :-110 
Input angle :74
Zaxis angle :0 
minval :0 

minval :0 



-27 -11 13 -25 24 15 -18 22 -21 -19 20 -20 18 22 -23 16 
43 -31 -3 20 77 6 31 -9 35 -55 54 22 -45 -24 16 -23 
-29 44 -2 -20 -76 14 -26 19 -17 63 -58 -2 50 8 -8 27 
12 -51 10 18 64 -44 17 -28 -5 -65 55 -19 -49 12 -2 -28 
6 52 -16 -13 -43 64 -6 32 27 59 -46 35 43 -27 11 26 
-21 -48 19 7 20 -75 62 42 -23 57 
RSSI :-110 
Input angle :66
Zaxis angle :20 
minval :0 

minval :0 



14 17 -18 12 -11 -19 20 -9 7 21 -22 5 -3 -22 22 -1 
-54 -3 9 -10 -65 -56 -28 -3 -60 22 -29 -48 27 44 -20 8 
51 -14 -5 13 80 32 27 -6 48 -42 43 35 -42 -32 16 -15 
-43 31 2 -14 -86 0 -24 15 -30 56 -52 -18 50 14 -9 20 
29 -45 3 14 81 -28 18 -22 10 -63 56 0 -52 1 3 -22 
-12 52 -8 -11 -66 54 -64 30 32 -115 
RSSI :-110 
Input angle :69
Zaxis angle :14 
minval :0 

minval :0 



21 -15 14 22 -23 12 -11 -23 24 -8 6 25 -26 3 -1 -25 
2 49 -13 -8 -49 71 -1 23 37 63 -44 35 38 -39 10 23 
-17 -47 15 4 21 -84 -6 -23 -55 -49 28 -49 -21 50 -17 -18 
33 37 -16 1 7 88 14 19 69 25 -12 56 6 -54 24 11 
-45 -21 13 -7 -35 -80 -19 -14 -73 1 -9 -55 12 53 -24 -2 
49 7 -11 11 63 62 -110 -7 -13 113 
RSSI :-110 
Input angle :69
Zaxis angle :0 
minval :0 

minval :0 



18 -9 7 19 -20 5 -3 -20 21 -1 0 21 -21 -2 3 -20 
-18 60 -7 -19 -71 58 -16 31 20 74 -52 32 51 -25 4 20 
-2 -63 13 15 48 -78 5 -35 -43 -63 39 -47 -39 41 -10 -17 
25 57 -18 -10 -14 91 8 34 64 42 -20 58 24 -51 16 12 
-42 -47 20 3 -14 -91 -16 -31 -73 -20 0 -61 -5 57 -19 -6 
55 30 -20 3 46 80 -126 -98 -4 87 
RSSI :-110 
Input angle :77
Zaxis angle :14 
minval :0 

minval :0 



59 12 -17 58 -56 -22 27 -54 51 31 -36 48 -45 -40 43 -40 
-47 62 -14 -30 -107 32 -22 28 -9 87 -86 23 54 -10 -24 54 
21 -75 22 23 87 -70 9 -35 -24 -85 73 -51 -46 29 5 -59 
5 78 -30 -13 -62 93 4 36 51 72 -48 75 32 -44 11 58 
-32 -71 33 2 22 -110 -15 -33 -71 -52 24 -86 -17 51 -33 -50 
55 55 -31 8 15 111 -15 100 5 59 
RSSI :-110 
Input angle :69
Zaxis angle :0 
minval :0 

minval :0 



36 7 -11 34 -33 -15 17 -32 30 21 -22 28 -27 -24 26 -25 
-43 38 -2 -19 -82 0 -26 20 -24 54 -52 -4 44 7 -15 32 
27 -50 10 18 75 -31 18 -28 4 -60 52 -16 -43 7 4 -35 
-8 58 -14 -13 -60 56 -7 32 19 58 -42 31 40 -21 7 35 
-12 -56 18 8 38 -72 -3 -33 -35 -49 31 -42 -30 32 -19 -29 
31 48 -19 -1 -13 81 -15 -25 17 -111 
RSSI :-110 
Input angle :69
Zaxis angle :0 
minval :0 

minval :0 



11 -24 23 13 -15 22 -20 -17 19 -19 17 21 -22 16 -14 -23 
35 42 -24 -7 -4 79 10 27 48 39 -14 52 21 -45 21 17 
-47 -28 25 -1 -20 -76 -18 -22 -58 -19 -3 -54 -4 50 -25 -8 
54 10 -23 9 47 63 25 14 62 -1 21 50 -15 -49 27 0 
-54 10 19 -16 -65 -43 -28 -4 -58 22 -37 -40 29 41 -25 9 
48 -26 -11 22 76 20 1 -75 -22 119 
RSSI :-110 
Input angle :74
Zaxis angle :0 
minval :0 

minval :0 



-28 -5 7 -27 26 10 -13 25 -24 -15 17 -22 20 20 -21 18 
49 -21 -1 20 85 9 25 -13 34 -49 47 28 -46 -21 13 -25 
-38 37 -5 -19 -84 19 -19 21 -16 58 -54 -10 50 6 -4 27 
23 -48 11 17 72 -47 11 -26 -2 -60 55 -8 -49 12 -5 -27 
-5 53 -16 -12 -50 70 0 28 26 54 -49 26 41 -30 16 23 
-14 -51 19 5 24 -83 -114 -80 -22 -55 
RSSI :-110 
Input angle :69
Zaxis angle :0 
minval :0 

minval :0 



19 17 -18 19 -16 -20 22 -14 12 23 -24 10 -8 -25 25 -7 
-48 15 7 -18 -78 -30 -32 1 -50 43 -40 -34 38 37 -21 15 
40 -29 0 18 84 1 30 -12 31 -58 50 18 -49 -20 15 -21 
-25 43 -6 -18 -79 27 -24 21 -11 65 -54 3 54 1 -5 25 
11 -49 12 14 62 -56 13 -29 -11 -64 49 -20 -51 16 -3 -26 
8 50 -16 -9 -42 73 -79 77 28 -81 
RSSI :-110 
Input angle :74
Zaxis angle :0 
minval :0 

minval :0 



4 25 -26 2 0 -26 26 1 -3 25 -25 -6 8 -24 23 10 
-51 -19 12 -11 -42 -70 -28 -13 -71 3 -12 -50 7 46 -26 -1 
54 -1 -7 14 62 54 31 2 66 -25 27 44 -21 -41 25 -6 
-51 18 2 -16 -77 -27 -30 7 -53 48 -41 -31 35 30 -21 15 
41 -35 3 16 82 0 26 -17 34 -62 49 16 -43 -18 13 -21 
-26 48 -8 -14 -77 26 79 94 35 -107 
RSSI :-110 
Input angle :74
Zaxis angle :0 
minval :0 

minval :0 



-31 -11 14 -30 28 16 -19 26 -25 -21 24 -22 20 26 -27 17 
45 -23 -7 21 87 5 33 -8 38 -56 48 19 -41 -26 19 -26 
-35 36 -1 -22 -84 25 -28 19 -13 66 -51 0 48 9 -8 31 
19 -46 10 20 71 -50 19 -28 -9 -67 48 -17 -48 5 -2 -32 
-3 51 -15 -16 -49 71 -9 33 30 60 -38 34 42 -24 13 30 
-15 -48 20 9 20 -85 -82 66 -24 -23 
RSSI :-110 
Input angle :74
Zaxis angle :0 
minval :0 

minval :0 



-31 10 -7 -32 32 -4 1 32 -33 0 3 -32 32 6 -8 31 
0 -49 3 13 58 -60 8 -27 -25 -64 42 -28 -45 24 -3 -32 
18 46 -7 -10 -33 76 0 28 45 51 -30 41 32 -39 13 29 
-31 -37 11 8 8 -83 -10 -26 -60 -32 15 -48 -17 48 -23 -22 
43 23 -13 -3 22 81 18 21 68 8 1 51 -1 -51 28 14 
-48 -8 13 -1 -44 -71 -35 -68 6 -49 
RSSI :-110 
Input angle :69
Zaxis angle :0 
minval :0 

minval :0 



6 -28 27 8 -10 26 -25 -12 14 -24 23 16 -18 21 -19 -19 
49 30 -25 1 22 72 13 25 58 16 4 58 7 -44 24 12 
-56 -12 22 -11 -49 -58 -22 -18 -61 5 -22 -53 7 44 -28 -1 
57 -10 -17 18 65 38 27 10 56 -24 41 41 -23 -38 26 -8 
-46 33 10 -23 -74 -13 -29 0 -44 42 -53 -23 35 27 -21 17 
37 -44 0 25 74 -12 16 33 -28 -75 
RSSI :-110 
Input angle :77
Zaxis angle :0 
minval :0 

minval :0 



-16 -21 22 -15 13 23 -24 11 -8 -25 26 -5 3 26 -26 1 
52 3 -12 19 58 60 32 5 64 -23 30 49 -26 -51 24 -11 
-49 16 4 -22 -75 -37 -32 5 -51 45 -44 -36 42 39 -18 19 
41 -32 3 22 84 3 28 -16 35 -58 54 17 -52 -24 12 -23 
-28 44 -11 -20 -81 21 -20 25 -12 67 -57 3 57 2 -2 26 
10 -51 17 15 69 -46 79 -13 -35 7 
RSSI :-110 
Input angle :74
Zaxis angle :0 
minval :0 

minval :0 



-12 23 -22 -14 16 -20 19 18 -20 17 -15 -21 23 -13 11 23 
-31 -47 18 2 5 -89 -8 -30 -58 -30 20 -54 -20 55 -19 -18 
45 35 -18 2 25 85 17 26 65 10 0 58 1 -58 23 10 
-55 -16 15 -8 -53 -71 -26 -17 -64 14 -18 -55 18 55 -26 -1 
57 -3 -11 13 71 54 30 8 56 -34 36 45 -36 -45 24 -8 
-53 21 6 -17 -86 -22 14 9 27 -19 
RSSI :-110 
Input angle :69
Zaxis angle :0 
minval :0 

minval :0 



20 18 -20 19 -17 -21 22 -15 12 24 -25 10 -7 -26 26 -5 
-49 4 9 -15 -66 -43 -30 -4 -58 29 -36 -40 34 39 -23 14 
43 -23 -4 17 76 20 29 -6 43 -48 48 23 -45 -25 16 -21 
-34 36 -1 -17 -78 10 -24 16 -24 59 -53 -8 51 9 -7 26 
19 -45 7 16 69 -37 17 -24 2 -64 53 -10 -51 9 -1 -26 
-2 49 -13 -12 -52 59 -112 49 31 -47 
RSSI :-110 
Input angle :74
Zaxis angle :0 
minval :0 

minval :0 



-14 -27 28 -12 10 29 -29 7 -4 -30 30 -1 0 30 -30 -3 
54 11 -13 15 57 60 31 11 58 -11 25 45 -19 -47 29 -7 
-53 12 6 -20 -75 -35 -33 0 -49 33 -39 -33 33 38 -25 17 
48 -27 0 21 82 14 31 -10 37 -46 49 17 -44 -24 18 -24 
-35 41 -7 -19 -82 15 -26 20 -17 56 -51 0 50 7 -8 29 
20 -51 13 16 69 -45 -17 31 -30 39 
RSSI :-110 
Input angle :74
Zaxis angle :0 
minval :0 

minval :0 



24 -19 17 26 -27 15 -13 -28 29 -10 8 30 -31 6 -3 -31 
0 57 -23 -8 -44 71 -2 37 28 52 -33 41 38 -29 12 28 
-19 -53 24 0 18 -82 -9 -35 -44 -40 17 -50 -28 39 -22 -21 
38 41 -22 8 8 83 22 29 55 23 0 52 11 -47 27 14 
-49 -28 18 -15 -36 -75 -30 -21 -60 -1 -17 -50 4 48 -31 -3 
56 8 -12 21 61 57 -47 -46 -10 123 
RSSI :-110 
Input angle :77
Zaxis angle :0 
minval :0 

minval :0 



21 -23 21 23 -24 19 -17 -26 28 -14 11 29 -30 8 -6 -30 
11 54 -25 -6 -34 78 0 37 35 47 -32 44 36 -34 16 26 
-28 -47 25 -2 3 -85 -14 -34 -49 -31 13 -53 -21 45 -24 -18 
44 32 -23 10 20 83 24 28 57 14 4 54 5 -49 29 9 
-52 -17 19 -17 -50 -69 -32 -19 -58 5 -20 -51 10 49 -31 1 
55 2 -12 23 69 49 -127 59 -13 97 
RSSI :-110 
Input angle :74
Zaxis angle :0 
minval :0 

minval :0 



24 -17 16 26 -27 12 -9 -28 29 -7 5 30 -30 2 0 -30 
0 54 -21 -9 -50 69 -10 35 28 55 -42 35 42 -26 10 28 
-20 -51 23 1 22 -82 -2 -37 -47 -41 27 -48 -31 39 -19 -22 
34 42 -22 6 4 85 15 33 58 22 -7 54 14 -48 26 13 
-48 -24 19 -13 -35 -77 -26 -26 -62 -3 -8 -54 1 50 -29 -6 
54 9 -14 18 59 61 97 -116 -10 -73 
RSSI :-110 
Input angle :74
Zaxis angle :0 
minval :0 

minval :0 



-27 -4 5 -26 26 8 -11 25 -23 -13 14 -22 21 17 -18 20 
39 -35 0 20 81 -6 29 -14 24 -60 55 6 -50 -9 11 -24 
-22 47 -7 -19 -73 34 -22 22 -5 64 -54 12 50 -7 -2 27 
5 -52 13 14 62 -53 14 -29 -16 -63 47 -29 -45 23 -7 -25 
13 50 -17 -10 -35 73 -3 33 39 51 -34 44 32 -39 16 21 
-32 -41 19 3 5 -81 110 -66 -18 -101 
RSSI :-110 
Input angle :77
Zaxis angle :0 
minval :0 

minval :0 



-22 -2 3 -22 21 5 -6 21 -20 -8 11 -19 18 12 -14 17 
36 -42 0 17 85 -25 24 -17 6 -73 59 0 -57 0 6 -20 
-20 52 -5 -16 -74 50 -17 24 17 71 -57 18 55 -17 1 22 
0 -56 11 13 52 -72 7 -29 -39 -62 47 -36 -45 36 -8 -20 
17 53 -15 -8 -20 87 3 30 60 42 -30 51 30 -49 14 17 
-35 -43 17 3 -9 -89 13 35 -11 -17 
RSSI :-110 
Input angle :69
Zaxis angle :0 
minval :0 

minval :0 



0 -27 27 2 -4 27 -26 -6 9 -26 25 10 -12 24 -23 -14 
40 31 -17 10 19 82 19 23 63 21 -2 50 8 -57 26 5 
-48 -15 12 -15 -44 -72 -25 -15 -66 4 -14 -48 12 56 -27 3 
51 -2 -6 19 69 49 29 4 61 -26 27 42 -30 -49 24 -12 
-48 17 0 -20 -81 -24 -30 2 -50 43 -42 -28 45 36 -18 20 
39 -32 6 19 85 0 16 4 -30 -45 
RSSI :-110 
Input angle :74
Zaxis angle :0 
minval :0 

minval :0 



12 24 -26 11 -8 -26 27 -6 3 27 -28 1 1 -27 27 3 
-53 -3 12 -18 -50 -62 -29 -12 -68 7 -21 -43 16 53 -27 4 
52 -13 -5 22 67 43 31 0 61 -30 34 34 -34 -44 23 -14 
-43 30 -2 -22 -78 -19 -30 8 -45 51 -43 -21 46 32 -17 21 
32 -43 9 20 80 -12 25 -18 26 -63 48 2 -55 -10 8 -26 
-12 52 -16 -15 -69 40 -33 -121 34 41 
RSSI :-110 
Input angle :74
Zaxis angle :0 
minval :0 

minval :0 



-35 10 -8 -37 36 -4 2 36 -38 0 4 -37 37 7 -11 35 
-7 -56 22 16 57 -56 8 -41 -17 -63 38 -33 -45 22 0 -37 
22 51 -27 -8 -32 73 7 41 39 52 -23 44 35 -35 13 34 
-39 -40 28 -2 9 -79 -20 -36 -53 -37 4 -52 -20 46 -25 -26 
50 25 -26 11 22 76 31 27 63 16 13 50 4 -50 32 17 
-56 -5 21 -19 -49 -64 77 50 3 15 
RSSI :-110 
Input angle :74
Zaxis angle :0 
minval :0 

minval :0 



-18 -11 13 -17 16 14 -16 15 -13 -17 18 -11 9 19 -20 7 
45 -24 -17 17 85 24 28 0 53 -52 49 27 -46 -26 16 -13 
-35 38 10 -22 -88 6 -27 8 -33 66 -55 -9 51 13 -9 19 
20 -47 -2 24 78 -40 22 -18 6 -74 55 -8 -52 10 3 -21 
-2 52 -6 -24 -63 60 -13 25 17 72 -48 28 46 -27 4 20 
-15 -49 13 20 35 -80 30 -57 -32 -13 
RSSI :-110 
Input angle :69
Zaxis angle :14 
minval :0 

minval :0 



10 54 -54 5 1 -55 54 6 -12 53 -52 -16 19 -51 48 23 
-71 -34 30 -20 -75 -99 -31 2 -93 17 -36 -77 30 54 -54 -3 
79 3 -19 30 104 69 27 -13 80 -49 63 58 -45 -41 52 -12 
-75 25 9 -35 -121 -33 -21 22 -61 72 -78 -34 56 26 -45 29 
64 -47 1 36 125 -10 14 -27 35 -87 85 8 -61 -3 32 -44 
-45 65 -14 -33 -112 55 32 -53 23 71 
RSSI :-110 
Input angle :69
Zaxis angle :0 
minval :0 

minval :0 



-17 17 -16 -18 19 -14 12 21 -22 10 -8 -23 24 -6 4 24 
-12 -60 23 7 28 -83 -2 -33 -44 -46 28 -49 -42 36 -12 -21 
31 51 -25 0 -2 87 12 31 57 29 -8 55 26 -50 18 15 
-48 -36 23 -10 -30 -83 -22 -26 -64 -8 -11 -55 -8 55 -22 -9 
57 18 -17 17 53 69 29 15 63 -13 27 48 -11 -55 24 0 
-60 2 11 -22 -76 -44 126 -65 18 43 
RSSI :-110 
Input angle :77
Zaxis angle :0 
minval :0 

minval :0 



-26 11 -9 -28 28 -7 5 28 -29 2 1 -29 29 4 -5 28 
9 -50 14 12 61 -47 13 -25 4 -67 45 -12 -53 11 -4 -28 
8 50 -17 -6 -44 63 -2 28 21 63 -38 26 46 -29 14 25 
-23 -45 18 0 19 -75 -6 -27 -41 -53 27 -37 -34 43 -21 -19 
37 34 -17 6 8 77 15 23 55 38 -14 44 14 -52 26 10 
-47 -18 14 -12 -34 -69 -115 -58 -9 17 
RSSI :-110 
Input angle :74
Zaxis angle :14 
minval :0 

minval :0 



0 -29 28 2 -4 28 -28 -6 8 -27 26 11 -14 25 -23 -16 
44 30 -20 8 25 78 18 22 65 15 -2 52 4 -54 27 7 
-51 -13 16 -14 -49 -65 -24 -14 -67 4 -16 -49 14 52 -28 1 
53 -4 -11 18 68 45 28 6 60 -28 32 41 -30 -45 25 -11 
-49 20 4 -21 -80 -17 -28 3 -49 45 -43 -29 42 33 -21 19 
39 -36 4 21 82 -3 16 -26 -31 103 
RSSI :-110 
Input angle :74
Zaxis angle :0 
minval :0 

minval :0 



-24 -6 8 -24 23 11 -12 22 -21 -13 15 -20 18 17 -19 15 
47 -22 4 17 85 8 27 -10 38 -60 51 16 -54 -22 11 -22 
-36 38 -9 -15 -82 17 -22 18 -20 69 -53 0 59 4 -4 24 
20 -47 13 11 70 -46 13 -24 -7 -71 50 -18 -57 15 -3 -25 
-3 52 -17 -4 -50 68 -3 27 30 65 -41 32 48 -34 12 22 
-13 -51 18 0 26 -80 78 -77 -26 75 
RSSI :-110 
Input angle :74
Zaxis angle :0 
minval :0 

minval :0 



18 -22 20 19 -21 19 -18 -22 24 -15 12 25 -26 10 -8 -27 
17 50 -23 -7 -25 79 0 30 38 48 -25 43 30 -38 16 22 
-32 -43 24 -1 0 -83 -10 -28 -52 -34 9 -50 -15 47 -23 -15 
45 29 -22 8 29 77 19 23 60 14 8 50 0 -50 27 6 
-52 -11 18 -15 -54 -63 -25 -15 -61 9 -24 -45 16 46 -27 3 
53 -4 -10 22 71 43 -15 -48 -16 49 
RSSI :-110 
Input angle :74
Zaxis angle :0 
minval :0 

minval :0 



22 -6 3 23 -23 2 -1 -23 23 0 -3 23 -22 -5 6 -22 
-12 53 -11 -16 -73 52 -14 23 17 72 -48 24 54 -26 1 23 
-4 -54 16 12 47 -76 5 -27 -41 -61 38 -37 -42 43 -8 -21 
22 50 -19 -5 -20 88 3 27 59 44 -21 50 26 -54 15 17 
-37 -40 20 -1 -8 -89 -12 -24 -71 -21 2 -54 -5 60 -18 -11 
50 26 -18 7 40 80 -110 -89 -3 -125 
RSSI :-110 
Input angle :69
Zaxis angle :0 
minval :0 

minval :0 



-12 -16 18 -11 10 19 -19 7 -7 -20 20 -4 3 21 -20 2 
50 -5 -8 15 74 44 27 6 62 -37 38 37 -39 -41 18 -9 
-45 21 2 -18 -85 -20 -28 2 -48 58 -47 -25 51 24 -16 14 
37 -36 2 17 86 -13 25 -13 24 -67 54 5 -56 -6 11 -18 
-22 47 -9 -16 -78 37 -19 20 -1 74 -53 11 55 -13 -3 19 
6 -51 14 11 60 -62 111 105 -36 103 
RSSI :-110 
Input angle :69
Zaxis angle :0 
minval :0 

minval :0 



-24 -12 13 -22 21 15 -17 20 -18 -19 20 -16 14 22 -23 11 
45 -29 -9 22 86 3 20 -11 42 -53 53 13 -50 -24 17 -19 
-34 42 1 -24 -83 20 -16 16 -23 64 -55 4 55 6 -9 24 
15 -51 6 23 71 -48 9 -21 -1 -68 49 -23 -53 15 0 -26 
3 54 -14 -19 -46 72 0 23 23 63 -39 38 44 -33 9 24 
-23 -49 20 13 21 -84 -18 25 -26 77 
RSSI :-110 
Input angle :82
Zaxis angle :0 
minval :0 

minval :0 



24 25 -26 22 -20 -28 29 -19 16 31 -32 13 -9 -33 34 -6 
-43 23 0 -20 -74 -12 -16 6 -33 57 -47 -13 39 11 -29 17 
32 -36 6 19 74 -12 13 -11 12 -64 49 -3 -41 2 22 -26 
-17 45 -12 -16 -63 41 -8 15 10 64 -45 19 37 -16 -11 32 
0 -48 17 10 46 -59 2 -17 -30 -57 37 -31 -30 28 1 -34 
13 47 -20 -3 -28 69 33 -126 21 -93 
RSSI :-110 
Input angle :69
Zaxis angle :0 
minval :0 

minval :0 



36 43 -45 33 -29 -47 50 -24 19 52 -53 15 -10 -55 55 -5 
-61 15 -4 -42 -95 -31 -32 11 -81 70 -73 -43 59 41 -49 23 
52 -34 19 38 101 0 27 -21 51 -95 83 16 -69 -19 39 -38 
-38 50 -29 -31 -96 30 -18 28 -19 105 -84 13 72 -3 -24 50 
16 -61 38 19 80 -60 8 -32 -18 -105 76 -39 -66 29 4 -55 
3 62 -43 -4 -54 85 32 -119 23 -121 
RSSI :-110 
Input angle :74
Zaxis angle :0 
minval :0 

minval :0 



56 32 -38 53 -49 -43 47 -45 43 50 -53 37 -33 -55 59 -28 
-71 55 -13 -40 -127 0 -52 25 -24 79 -73 -5 63 21 -46 44 
48 -77 23 32 121 -45 40 -41 -3 -85 71 -21 -66 0 25 -60 
-18 88 -33 -23 -98 81 -21 53 33 78 -58 42 61 -25 -6 64 
-9 -91 38 8 62 -112 5 -58 -56 -64 42 -63 -50 44 -14 -63 
41 82 -40 5 -20 125 64 94 2 -37 
RSSI :-110 
Input angle :66
Zaxis angle :0 
minval :0 

minval :0 



54 19 -23 55 -54 -27 32 -51 47 35 -41 44 -39 -45 48 -34 
-47 66 -23 -40 -90 10 -45 40 -43 51 -56 -5 43 27 -33 52 
21 -76 33 32 83 -36 30 -54 23 -63 52 -13 -51 -10 12 -56 
3 78 -42 -17 -68 63 -15 62 -4 68 -45 33 50 -7 4 59 
-29 -73 45 3 40 -81 -10 -62 -19 -64 33 -45 -48 21 -25 -53 
55 57 -45 11 -7 91 -32 111 3 -65 
RSSI :-110 
Input angle :77
Zaxis angle :0 
minval :0 

minval :0 



-39 39 -33 -44 47 -31 25 50 -50 21 -17 -53 54 -13 8 53 
13 -44 24 -6 93 -75 -4 -60 -37 -96 43 -24 -65 31 -28 -48 
3 47 -20 15 -64 102 24 54 63 80 -34 38 49 -53 44 35 
-19 -42 14 -20 29 -119 -39 -43 -86 -54 18 -48 -29 64 -50 -21 
32 36 -5 25 12 120 54 22 100 21 0 53 6 -71 57 4 
-42 -23 0 -25 -52 -109 95 -36 0 21 
RSSI :-110 
Input angle :74
Zaxis angle :0 
minval :0 

minval :0 



-7 22 -22 -9 11 -21 20 13 -15 18 -17 -16 18 -15 13 19 
-45 -26 26 -3 -18 -71 -20 -24 -64 -13 2 -66 -9 39 -19 -13 
52 7 -23 12 39 62 27 15 64 -10 22 61 -4 -40 22 6 
-52 8 18 -19 -57 -45 -31 -5 -57 32 -38 -54 17 36 -23 1 
45 -25 -10 24 70 22 31 -4 43 -49 54 36 -29 -29 22 -8 
-34 39 1 -26 -73 -1 -81 -42 30 -5 
RSSI :-110 
Input angle :66
Zaxis angle :0 
minval :0 

minval :0 



34 5 -8 34 -33 -11 14 -32 31 16 -20 28 -26 -23 25 -25 
-43 26 -5 -23 -82 3 -37 13 -33 63 -48 -7 55 20 -14 31 
31 -40 11 20 77 -27 31 -24 11 -70 47 -10 -59 -1 3 -34 
-18 47 -18 -15 -66 48 -20 34 12 70 -41 25 56 -16 8 34 
0 -51 22 8 43 -70 8 -39 -36 -60 29 -38 -46 36 -19 -29 
17 47 -24 0 -16 80 -127 -114 22 -33 
RSSI :-110 
Input angle :77
Zaxis angle :0 
minval :0 

minval :0 



17 -25 23 19 -21 22 -19 -23 25 -16 14 26 -27 12 -9 -28 
17 46 -16 1 -30 73 0 28 24 50 -29 39 46 -40 19 23 
-33 -36 15 -7 -1 -79 -11 -25 -41 -37 12 -47 -28 54 -26 -14 
43 23 -11 11 27 73 16 18 52 14 2 52 11 -62 29 8 
-54 -10 5 -13 -50 -57 -28 -13 -63 -4 -17 -45 10 59 -27 2 
47 -15 -3 17 67 36 -95 71 -9 49 
RSSI :-110 
Input angle :77
Zaxis angle :0 
minval :0 

minval :0 



22 -3 1 23 -22 0 2 -22 22 3 -6 22 -21 -8 10 -20 
-35 50 0 -24 -76 12 -27 23 -15 79 -53 -7 49 -8 -3 21 
18 -58 7 22 69 -35 17 -30 -14 -79 53 -8 -44 24 -4 -21 
5 61 -14 -18 -50 58 -4 34 40 70 -46 27 34 -36 12 18 
-28 -55 20 12 23 -73 -8 -34 -60 -52 35 -41 -17 46 -17 -13 
43 43 -23 -3 -3 77 -14 -109 14 23 
RSSI :-110 
Input angle :66
Zaxis angle :14 
minval :0 

minval :0 



-35 -4 7 -34 33 10 -14 32 -31 -16 19 -30 28 21 -23 26 
36 -32 3 14 77 -7 28 -9 39 -58 41 4 -60 -10 13 -31 
-25 41 -8 -12 -70 32 -23 19 -15 69 -40 10 60 -10 -2 34 
10 -47 12 8 55 -54 15 -25 -8 -70 36 -20 -53 29 -8 -33 
5 48 -14 -4 -34 69 -7 29 30 63 -26 32 41 -45 19 28 
-22 -43 14 0 12 -76 46 -61 -27 -5 
RSSI :-110 
Input angle :74
Zaxis angle :0 
minval :0 

minval :0 



-34 11 -8 -35 36 -5 3 36 -36 0 3 -36 36 6 -8 34 
16 -46 11 6 67 -44 26 -16 4 -74 34 -18 -59 18 -3 -35 
0 49 -12 -2 -48 64 -18 24 22 71 -26 28 49 -38 14 32 
-16 -46 12 -1 25 -76 8 -29 -42 -61 14 -36 -32 53 -23 -27 
31 37 -11 6 2 80 1 30 60 44 -2 38 14 -60 31 17 
-40 -28 9 -8 -28 -75 -115 -48 -11 -31 
RSSI :-110 
Input angle :74
Zaxis angle :20 
minval :0 

minval :0 



-2 -31 31 0 -3 31 -31 -5 7 -30 30 9 -12 29 -28 -14 
48 23 -13 5 30 77 14 32 75 7 2 44 -5 -54 31 3 
-55 -3 10 -10 -55 -62 -24 -24 -74 16 -16 -41 25 49 -30 5 
52 -12 -6 12 73 40 32 12 63 -41 30 32 -40 -38 26 -16 
-45 31 1 -14 -82 -11 -34 -3 -47 58 -38 -20 50 22 -20 23 
32 -44 3 14 82 -14 -32 66 -36 53 
RSSI :-110 
Input angle :74
Zaxis angle :0 
minval :0 

minval :0 



-5 32 -32 -7 10 -31 30 12 -15 29 -27 -17 21 -25 22 23 
-35 -39 14 -6 3 -82 -3 -35 -70 -38 11 -38 -14 59 -29 -13 
46 24 -11 10 27 77 15 31 79 12 2 40 -3 -61 32 3 
-52 -7 7 -13 -48 -66 -24 -25 -79 10 -13 -38 22 56 -31 5 
51 -10 -3 15 68 45 32 14 70 -37 27 30 -40 -45 27 -17 
-44 28 -2 -15 -79 -19 -2 -14 29 27 
RSSI :-110 
Input angle :66
Zaxis angle :29 
minval :0 

minval :0 



17 -24 22 20 -21 21 -20 -22 24 -19 16 25 -26 14 -12 -27 
21 50 -12 -3 -23 79 -7 31 51 59 -22 34 26 -49 20 22 
-37 -40 12 0 1 -82 -3 -32 -67 -38 9 -40 -10 55 -26 -14 
48 25 -11 5 29 76 14 29 77 11 3 41 -9 -55 29 4 
-54 -7 9 -8 -58 -58 -23 -22 -76 14 -16 -37 27 48 -29 5 
54 -10 -5 11 72 38 34 116 -21 -1 
RSSI :-110 
Input angle :69
Zaxis angle :14 
minval :0 

minval :0 



-24 -8 10 -23 22 12 -14 21 -20 -15 17 -18 16 19 -20 14 
47 -38 -4 20 74 4 33 -4 37 -66 48 20 -48 -12 14 -20 
-30 53 -1 -20 -71 22 -29 16 -12 74 -52 0 50 -4 -6 24 
12 -60 8 18 58 -46 23 -24 -11 -74 50 -17 -45 21 -1 -25 
10 60 -14 -14 -43 61 -14 30 39 65 -42 31 35 -36 10 23 
-28 -54 18 9 17 -72 -82 -110 -26 83 
RSSI :-110 
Input angle :69
Zaxis angle :0 
minval :0 

minval :0 



28 4 -6 28 -27 -9 11 -26 25 13 -15 24 -23 -17 19 -21 
-31 47 0 -19 -76 12 -34 17 -20 73 -49 -7 54 2 -11 25 
16 -53 6 19 66 -38 26 -28 -6 -75 49 -7 -52 16 2 -28 
4 55 -12 -15 -52 56 -16 35 30 69 -43 25 44 -31 8 26 
-22 -51 16 11 27 -71 3 -38 -54 -53 32 -38 -29 46 -16 -22 
39 40 -19 -4 -2 76 66 -3 15 -87 
RSSI :-110 
Input angle :69
Zaxis angle :0 
minval :0 

minval :0 



-11 22 -21 -13 15 -19 18 17 -18 16 -15 -20 21 -13 11 22 
-40 -45 20 8 1 -73 -5 -36 -60 -32 17 -50 -14 44 -18 -16 
53 29 -22 0 23 69 15 33 68 10 -1 53 -2 -47 22 10 
-60 -11 21 -6 -45 -57 -25 -26 -67 12 -15 -50 17 43 -24 -1 
60 -9 -17 14 62 39 33 15 58 -35 31 42 -29 -36 24 -6 
-54 28 12 -18 -71 -16 -18 -89 26 -115 
RSSI :-110 
Input angle :69
Zaxis angle :0 
minval :0 

minval :0 



-29 3 0 -29 29 2 -4 29 -29 -6 9 -28 27 12 -14 26 
40 -45 6 19 75 -25 28 -18 19 -69 48 15 -51 -1 4 -29 
-19 57 -12 -16 -62 48 -19 27 4 71 -50 3 48 -16 6 28 
2 -60 16 12 44 -65 9 -32 -27 -66 45 -22 -40 31 -14 -25 
17 58 -19 -5 -18 77 1 34 48 53 -36 34 29 -42 22 20 
-36 -48 20 -1 -9 -78 126 7 -17 113 
RSSI :-110 
Input angle :69
Zaxis angle :14 
minval :0 

minval :0 



35 0 -2 34 -35 -4 9 -33 32 12 -15 31 -29 -17 20 -27 
-33 42 -4 -16 -78 22 -31 19 -18 73 -41 -3 51 1 -8 34 
14 -51 10 13 63 -53 23 -28 -11 -73 39 -9 -49 19 0 -34 
0 54 -14 -9 -46 66 -14 34 32 67 -32 23 39 -33 13 32 
-17 -50 15 3 21 -80 0 -37 -54 -52 23 -33 -27 44 -23 -25 
34 41 -17 1 8 83 -110 86 14 87 
RSSI :-110 
Input angle :69
Zaxis angle :0 
minval :0 

minval :0 



23 -22 19 24 -26 17 -15 -27 28 -13 11 29 -30 8 -6 -30 
9 51 -12 -8 -32 76 -6 29 54 55 -36 35 31 -39 14 26 
-29 -44 14 3 5 -83 -4 -30 -70 -33 21 -45 -17 47 -24 -19 
40 34 -14 1 22 81 13 27 77 10 -4 50 0 -51 29 10 
-50 -19 14 -5 -46 -69 -22 -20 -75 16 -9 -50 16 48 -30 -1 
53 0 -11 10 67 49 -46 120 -21 -87 
RSSI :-110 
Input angle :69
Zaxis angle :0 
minval :0 

minval :0 



-2 30 -30 -4 7 -29 29 10 -12 28 -27 -14 15 -26 24 18 
-47 -31 21 -6 -25 -76 -17 -33 -74 -6 2 -51 -1 48 -28 -10 
54 14 -18 13 45 66 27 26 72 -20 13 50 -12 -47 30 0 
-56 3 12 -19 -65 -46 -34 -14 -63 41 -30 -42 28 39 -28 10 
51 -24 -4 22 77 21 37 2 45 -60 43 28 -40 -27 24 -18 
-39 40 -2 -22 -79 6 15 91 36 -113 
RSSI :-110 
Input angle :69
Zaxis angle :0 
minval :0 

minval :0 



16 32 -33 13 -9 -35 35 -7 4 35 -35 0 2 -35 35 5 
-56 -9 16 -13 -56 -59 -29 -20 -67 21 -18 -44 26 47 -34 7 
57 -8 -11 17 72 37 34 10 57 -43 32 36 -39 -35 30 -18 
-51 25 4 -20 -79 -13 -35 0 -41 58 -41 -25 49 20 -22 27 
40 -41 2 20 79 -15 33 -11 19 -69 47 9 -53 -2 13 -32 
-22 52 -9 -18 -68 41 -48 -38 35 -29 
RSSI :-110 
Input angle :69
Zaxis angle :0 
minval :0 

minval :0 



-30 -3 6 -30 29 9 -12 28 -26 -15 18 -25 24 19 -20 23 
36 -41 0 16 78 -15 32 -12 25 -67 43 13 -52 -7 11 -28 
-19 52 -5 -15 -70 37 -25 23 -6 72 -45 2 50 -14 0 30 
1 -55 10 12 50 -62 17 -30 -20 -69 42 -16 -43 28 -9 -29 
15 53 -14 -8 -29 74 -5 34 41 59 -34 29 34 -39 18 25 
-32 -44 16 2 6 -80 14 87 -20 -57 
RSSI :-110 
Input angle :69
Zaxis angle :14 
minval :0 

minval :0 



10 -28 27 11 -13 26 -25 -15 18 -23 21 20 -22 19 -17 -23 
35 43 -14 -1 0 79 0 31 62 38 -13 41 15 -54 24 16 
-46 -30 13 -4 -27 -74 -12 -28 -70 -19 0 -43 2 56 -28 -6 
55 11 -11 8 51 60 21 22 72 -7 16 39 -21 -52 29 -3 
-55 7 8 -11 -67 -42 -27 -14 -66 30 -28 -32 36 43 -27 11 
50 -23 -4 13 77 16 65 32 -25 27 
RSSI :-110 
Input angle :74
Zaxis angle :14 
minval :0 

minval :0 



-28 0 2 -28 27 5 -7 27 -26 -9 11 -26 24 13 -15 23 
25 -50 5 15 72 -32 26 -18 8 -72 51 1 -55 5 6 -27 
-8 56 -10 -13 -57 54 -17 26 16 71 -48 15 50 -22 3 27 
-10 -56 13 9 38 -69 9 -30 -40 -60 39 -31 -39 38 -11 -25 
29 48 -16 -4 -12 78 0 32 56 46 -29 41 24 -49 19 20 
-42 -37 16 0 -13 -78 -67 -34 -14 -1 
RSSI :-110 
Input angle :69
Zaxis angle :0 
minval :0 

minval :0 



27 -4 1 28 -28 -1 3 -28 28 5 -7 27 -26 -9 11 -25 
-23 53 -7 -18 -71 35 -25 19 -3 72 -49 -1 53 -7 -2 27 
5 -57 12 15 55 -57 17 -27 -22 -69 46 -18 -47 24 -6 -26 
13 56 -16 -10 -31 74 -7 31 42 58 -39 30 38 -38 14 23 
-30 -49 18 4 8 -79 -3 -32 -60 -40 22 -44 -19 49 -22 -16 
45 36 -19 2 17 78 18 96 11 85 
RSSI :-110 
Input angle :69
Zaxis angle :0 
minval :0 

minval :0 



1 -28 28 4 -6 27 -27 -8 10 -26 25 13 -15 24 -22 -16 
42 29 -21 4 19 70 18 29 63 17 -13 50 2 -47 26 8 
-50 -12 18 -11 -39 -61 -27 -20 -65 3 -5 -52 11 46 -27 0 
51 -1 -14 16 58 43 32 11 61 -24 21 47 -26 -40 26 -8 
-48 19 7 -20 -69 -23 -34 0 -48 45 -35 -38 37 30 -20 18 
38 -34 0 21 73 1 -111 54 -29 57 
RSSI :-110 
Input angle :69
Zaxis angle :14 
minval :0 

minval :0 



6 -27 27 8 -11 26 -25 -13 15 -24 23 16 -19 21 -19 -19 
41 36 -22 -2 11 77 9 30 60 27 -19 49 9 -49 24 13 
-51 -20 22 -4 -37 -69 -19 -25 -66 -5 0 -53 9 49 -27 -4 
54 1 -19 12 54 56 26 18 63 -18 16 50 -23 -44 27 -4 
-52 14 15 -17 -70 -33 -31 -9 -54 37 -31 -42 36 34 -24 13 
45 -31 -7 21 78 8 33 -12 -28 29 
RSSI :-110 
Input angle :69
Zaxis angle :14 
minval :0 

minval :0 



23 -18 15 25 -26 13 -10 -27 28 -8 5 29 -29 3 -1 -29 
11 54 -19 -5 -44 71 0 27 28 57 -41 34 47 -30 10 27 
-29 -46 19 0 20 -81 -8 -25 -47 -42 29 -45 -34 44 -19 -22 
44 32 -17 8 12 83 16 22 59 24 -11 52 19 -52 25 14 
-51 -19 14 -13 -35 -76 -21 -16 -63 -5 -3 -53 0 55 -28 -5 
55 0 -10 17 59 59 -111 15 -9 3 
RSSI :-110 
Input angle :74
Zaxis angle :0 
minval :0 

minval :0 



2 26 -26 1 0 -26 26 3 -6 25 -25 -8 10 -24 23 11 
-43 -30 10 -2 -12 -76 -15 -28 -69 -35 3 -40 -7 64 -25 -2 
51 14 -8 6 39 67 24 21 77 12 9 39 -14 -63 25 -5 
-53 1 6 -8 -58 -50 -29 -12 -75 18 -21 -34 32 56 -22 13 
50 -19 -3 10 72 26 32 2 67 -39 32 24 -52 -39 15 -20 
-39 36 0 -10 -77 -3 78 20 30 85 
RSSI :-110 
Input angle :66
Zaxis angle :14 
minval :0 

minval :0 



21 8 -10 20 -19 -12 13 -18 17 14 -16 15 -14 -18 18 -12 
-52 18 5 -6 -77 -23 -29 -6 -56 56 -34 -25 58 28 -12 18 
43 -35 -2 8 80 -3 29 -3 34 -71 40 13 -64 -10 5 -21 
-27 47 0 -8 -74 31 -27 12 -11 78 -43 -1 63 -10 0 22 
13 -54 3 7 63 -50 21 -20 -15 -78 41 -12 -56 31 -9 -20 
7 55 -5 -6 -44 67 17 106 34 59 
RSSI :-110 
Input angle :69
Zaxis angle :14 
minval :0 

minval :0 



-16 25 -24 -18 20 -23 21 21 -23 19 -17 -25 26 -14 12 27 
-16 -56 16 6 32 -82 -4 -41 -51 -50 39 -32 -35 44 -20 -22 
35 46 -18 -1 -7 88 18 36 65 30 -25 44 19 -53 26 14 
-47 -34 17 -4 -23 -85 -30 -28 -71 -8 13 -49 0 56 -30 -4 
56 17 -14 10 51 72 37 17 69 -16 2 50 -17 -53 29 -4 
-58 3 9 -14 -70 -53 -18 -65 19 -113 
RSSI :-110 
Input angle :66
Zaxis angle :0 
minval :0 

minval :0 



31 -16 13 33 -34 10 -7 -34 35 -5 2 35 -35 0 3 -34 
-8 54 -19 -19 -64 52 -18 40 21 69 -45 12 46 -19 7 34 
-9 -53 24 12 44 -69 4 -44 -42 -59 38 -26 -38 32 -17 -30 
26 47 -27 -3 -21 80 11 42 58 43 -27 37 25 -43 26 22 
-39 -37 27 -4 -7 -82 -26 -35 -69 -22 12 -45 -9 49 -32 -12 
50 19 -23 14 36 74 18 -106 -3 -7 
RSSI :-110 
Input angle :69
Zaxis angle :0 
minval :0 

minval :0 



11 -30 29 14 -16 28 -26 -18 20 -25 23 21 -24 21 -17 -26 
13 49 -25 -5 -18 89 18 30 55 41 -42 36 26 -45 26 18 
-31 -40 25 -1 -8 -91 -27 -23 -65 -20 26 -49 -10 51 -30 -9 
42 28 -23 11 41 81 33 12 69 -2 -10 55 -6 -52 32 -1 
-48 -12 18 -18 -63 -66 -35 0 -64 25 -8 -55 23 46 -29 12 
50 -4 -11 23 82 40 -111 -98 -23 77 
RSSI :-110 
Input angle :66
Zaxis angle :14 
minval :0 

minval :0 



27 5 -6 26 -26 -9 11 -25 23 13 -16 22 -21 -18 19 -18 
-25 52 -4 -33 -91 29 -27 15 0 70 -47 2 45 -3 -9 25 
4 -57 18 27 72 -61 19 -24 -28 -63 41 -19 -40 21 -1 -26 
22 53 -27 -18 -38 86 -7 29 49 48 -29 35 27 -35 12 23 
-39 -40 32 5 3 -93 -5 -30 -65 -19 12 -43 -12 42 -20 -16 
52 19 -31 7 33 86 81 20 -2 123 
RSSI :-110 
Input angle :66
Zaxis angle :0 
minval :0 

minval :0 



2 -38 38 6 -10 37 -36 -13 16 -35 33 18 -22 31 -29 -24 
27 30 -1 12 11 64 5 17 47 21 3 26 3 -46 35 13 
-35 -21 -2 -12 -29 -58 -10 -14 -52 -3 -11 -24 12 44 -38 -1 
40 6 5 10 46 46 14 11 51 -12 18 19 -24 -39 36 -11 
-40 5 -9 -8 -58 -29 -17 -5 -43 29 -23 -13 36 29 -30 22 
37 -17 11 5 65 10 -63 121 -21 35 
RSSI :-110 
Input angle :74
Zaxis angle :0 
minval :0 

minval :0 



-12 -33 34 -9 5 35 -36 2 1 -36 35 4 -7 35 -34 -9 
41 17 -2 13 36 60 21 13 62 -11 11 27 -24 -35 35 -3 
-45 -3 -2 -14 -55 -43 -24 -6 -55 32 -19 -22 34 24 -33 12 
44 -8 6 12 64 26 25 -1 43 -45 25 15 -40 -13 26 -22 
-38 23 -10 -9 -69 -2 -23 9 -26 57 -29 -6 42 0 -20 29 
28 -35 12 6 66 -21 -112 39 -32 -109 
RSSI :-110 
Input angle :69
Zaxis angle :0 
minval :0 

minval :0 



30 -17 14 32 -33 12 -9 -33 34 -6 3 34 -34 0 3 -34 
1 42 -19 6 -38 61 -1 22 30 48 -17 32 36 -37 8 33 
-15 -40 16 -12 15 -71 -4 -22 -42 -37 5 -36 -20 47 -18 -28 
28 32 -11 17 8 72 12 19 53 19 6 36 5 -52 26 21 
-36 -22 6 -19 -30 -66 -17 -14 -57 -4 -17 -32 11 50 -32 -12 
41 9 0 20 51 52 1 3 -8 35 
RSSI :-110 
Input angle :46
Zaxis angle :0 
minval :0 

minval :0 



-28 0 2 -28 27 4 -6 28 -26 -9 12 -25 24 14 -16 23 
24 -38 16 7 70 -31 17 -21 2 -61 40 -18 -54 8 8 -26 
-9 43 -18 -2 -57 50 -10 25 20 58 -31 31 49 -22 1 28 
-5 -45 18 -1 41 -67 1 -27 -34 -50 21 -38 -40 36 -9 -26 
17 41 -17 9 -17 74 6 26 49 36 -7 43 25 -48 16 22 
-30 -34 13 -13 -8 -76 62 31 -9 -77 
RSSI :-110 
Input angle :74
Zaxis angle :0 
minval :0 

minval :0 



8 25 -25 5 -2 -26 26 -1 -1 26 -25 -3 5 -25 24 7 
-49 -15 8 -17 -48 -71 -27 -16 -67 16 -24 -41 20 49 -25 0 
52 -1 -2 19 70 49 30 7 58 -38 37 29 -34 -40 24 -9 
-49 17 -3 -19 -81 -27 -31 2 -45 53 -44 -16 45 28 -20 15 
41 -32 10 17 85 2 29 -12 24 -65 48 1 -52 -11 14 -21 
-29 43 -15 -12 -80 29 31 -47 34 67 
RSSI :-110 
Input angle :69
Zaxis angle :0 
minval :0 

minval :0 



34 11 -14 33 -32 -17 19 -30 28 23 -25 26 -24 -27 29 -21 
-50 31 -3 -13 -92 -15 -35 -2 -35 77 -49 -12 59 27 -20 29 
38 -45 7 11 92 -12 34 -7 9 -84 51 -5 -65 -4 11 -34 
-23 55 -10 -9 -82 43 -29 19 17 82 -46 21 63 -15 1 36 
4 -59 12 5 62 -69 21 -27 -44 -71 36 -36 -54 36 -13 -33 
15 57 -14 0 -38 85 18 -26 26 -45 
RSSI :-110 
Input angle :69
Zaxis angle :20 
minval :0 

minval :0 



32 -12 9 33 -34 6 -3 -34 34 0 -3 34 -34 -5 7 -33 
-22 46 -15 -8 -73 41 -21 21 13 75 -44 17 52 -20 2 34 
7 -50 16 2 56 -63 14 -26 -37 -66 37 -31 -44 34 -13 -31 
8 50 -16 2 -32 78 -5 30 55 52 -25 41 31 -45 22 26 
-24 -45 14 -8 8 -84 -5 -29 -70 -30 10 -47 -12 54 -29 -17 
37 34 -11 12 23 81 -46 50 4 99 
RSSI :-110 
Input angle :74
Zaxis angle :0 
minval :0 

minval :0 


