
-4 33 -32 -8 11 -31 31 13 -16 29 -27 -19 21 -26 23 23 
29 43 66 17 23 -75 32 -45 -34 84 -39 -45 -22 98 -29 -13 
-41 -32 -68 2 1 79 -13 54 7 -90 52 29 -8 -100 32 3 
49 17 63 -25 -24 -75 -1 -55 28 86 -59 -14 48 87 -32 6 
-52 -1 -52 45 49 61 21 52 -53 -74 60 -5 -71 -70 27 -17 
50 -15 36 -58 -66 -42 2 44 27 -21 
RSSI :-110 
Input angle :0
Zaxis angle :25 
minval :0 

minval :0 



8 -24 23 10 -12 22 -21 -15 17 -19 17 18 -19 16 -14 -21 
-15 -30 -31 -16 -20 49 -22 31 18 -38 23 18 30 -78 20 14 
25 23 34 4 1 -53 11 -37 -6 42 -27 -11 -5 84 -24 -6 
-30 -14 -34 5 15 50 1 38 -6 -42 30 2 -22 -81 25 -1 
34 3 30 -17 -30 -43 -13 -36 18 38 -28 8 46 71 -23 8 
-33 6 -24 24 41 33 127 67 -8 -65 
RSSI :-110 
Input angle :0
Zaxis angle :25 
minval :0 

minval :0 



-9 28 -28 -11 14 -26 24 16 -18 24 -22 -19 21 -20 18 23 
18 30 19 25 18 -44 21 -25 -13 52 -25 -17 -36 86 -24 -16 
-27 -23 -27 -18 -3 48 -12 30 -1 -54 29 7 9 -94 28 6 
33 12 31 7 -10 -46 2 -33 18 50 -30 1 24 91 -29 0 
-35 -3 -31 0 24 42 8 32 -35 -41 28 -11 -50 -79 26 -10 
35 -7 30 -9 -36 -31 96 34 7 -37 
RSSI :-110 
Input angle :359
Zaxis angle :20 
minval :0 

minval :0 



-27 -11 14 -26 24 16 -18 23 -21 -20 22 -19 17 24 -25 15 
-27 22 -23 25 43 24 26 23 -49 -9 12 -30 -77 -21 17 -22 
18 -30 13 -31 -49 -9 -32 -14 50 -8 -4 31 79 -4 -11 26 
-8 34 -4 32 49 -7 34 1 -46 21 -7 -31 -73 32 2 -28 
-3 -35 -6 -34 -44 22 -34 8 37 -35 15 28 61 -50 8 27 
16 32 17 29 34 -36 -65 -117 11 -73 
RSSI :-110 
Input angle :2
Zaxis angle :20 
minval :0 

minval :0 



-11 -27 28 -10 7 29 -30 6 -3 -27 28 0 -2 29 -30 -3 
-20 -4 -45 2 19 54 -6 29 -21 -52 32 9 -14 -77 29 -7 
25 -2 42 -16 -35 -47 -4 -28 36 40 -34 3 36 68 -25 13 
-20 11 -35 28 49 30 13 26 -47 -26 31 -14 -57 -53 19 -21 
15 -17 21 -39 -56 -14 -21 -19 53 11 -24 23 70 32 -12 26 
-9 21 -11 44 57 -1 31 119 1 -29 
RSSI :-110 
Input angle :347
Zaxis angle :29 
minval :0 

minval :0 



22 -11 10 23 -23 8 -6 -24 24 -4 1 24 -24 0 2 -24 
1 -36 -10 -37 -48 40 -28 0 55 -27 0 45 79 -27 5 23 
10 34 20 32 33 -53 27 -9 -44 42 -12 -43 -66 51 -11 -21 
-19 -30 -29 -25 -15 60 -22 17 29 -54 26 35 44 -71 18 15 
30 20 36 14 -3 -62 15 -24 -8 61 -37 -24 -19 82 -22 -8 
-34 -11 -38 -1 24 57 -49 -44 -16 -97 
RSSI :-110 
Input angle :14
Zaxis angle :20 
minval :0 

minval :0 



-17 28 -26 -19 22 -24 21 25 -27 19 -17 -28 29 -14 12 30 
55 45 60 16 7 -94 30 -42 -5 95 -74 -44 -6 102 -18 -25 
-67 -24 -62 5 24 91 -15 49 -21 -93 84 20 -30 -97 26 18 
71 4 58 -20 -52 -79 -2 -52 50 81 -86 8 59 82 -30 -7 
-68 20 -47 39 74 59 18 48 -73 -60 79 -34 -83 -59 31 -2 
57 -42 29 -54 -89 -31 114 31 17 -33 
RSSI :-110 
Input angle :347
Zaxis angle :0 
minval :0 

minval :0 



15 21 -22 14 -12 -23 23 -11 8 24 -25 5 -3 -26 26 -1 
-44 26 8 -14 -52 17 -24 4 40 54 -33 6 21 -11 -25 7 
32 -39 -3 16 42 -34 21 -12 -57 -35 29 -16 -16 17 21 -15 
-19 48 -1 -16 -30 47 -16 18 65 17 -22 24 10 -21 -13 21 
4 -51 7 15 17 -52 9 -22 -67 1 13 -30 -4 24 7 -25 
12 50 -11 -11 2 55 48 -46 -7 -93 
RSSI :-110 
Input angle :58
Zaxis angle :0 
minval :0 

minval :0 



4 24 -25 1 0 -25 24 2 -4 24 -23 -6 8 -23 22 10 
-51 -2 16 -9 -55 -15 -24 2 9 65 -29 -10 28 -4 -24 -5 
49 -14 -12 14 57 -6 22 -8 -35 -55 31 -2 -24 14 24 -4 
-41 30 6 -17 -52 24 -18 15 49 44 -28 10 19 -21 -21 12 
30 -40 -1 18 41 -40 12 -20 -61 -24 24 -18 -11 26 17 -17 
-18 47 -4 -18 -28 50 65 123 1 -25 
RSSI :-110 
Input angle :58
Zaxis angle :0 
minval :0 

minval :0 



-34 19 -16 -35 36 -13 9 38 -38 6 -2 -39 39 0 -3 38 
-33 -86 21 33 0 -97 -4 -46 -92 36 28 -66 7 48 -7 -38 
58 72 -31 -23 28 92 18 42 75 -64 -5 72 -24 -42 18 33 
-75 -54 36 14 -55 -79 -31 -33 -47 87 -15 -71 34 34 -28 -26 
89 27 -39 -2 78 56 39 24 19 -97 36 62 -44 -21 35 15 
-93 3 37 -11 -92 -29 32 110 49 -101 
RSSI :-110 
Input angle :58
Zaxis angle :0 
minval :0 

minval :0 



15 40 -41 11 -7 -42 43 -4 0 43 -43 -3 8 -42 41 11 
-81 36 22 -14 -96 19 -35 5 40 88 -61 -10 51 -6 -42 1 
65 -60 -16 20 86 -47 31 -16 -62 -74 61 -7 -46 22 39 -16 
-45 76 8 -25 -67 71 -23 25 82 51 -54 28 36 -36 -32 27 
14 -87 0 26 42 -88 15 -31 -95 -18 43 -44 -22 46 21 -36 
12 88 -8 -25 -11 97 19 -92 -7 87 
RSSI :-110 
Input angle :58
Zaxis angle :0 
minval :0 

minval :0 



-48 -20 23 -49 46 24 -28 46 -47 -32 38 -40 35 42 -45 33 
54 -71 -16 26 87 -79 39 -31 -96 -81 59 -11 -33 45 30 -43 
-29 85 7 -31 -56 103 -26 43 117 46 -52 31 17 -53 -14 51 
-3 -90 3 32 23 -115 12 -48 -126 -3 40 -45 2 57 -1 -53 
29 85 -13 -29 16 116 4 50 121 -32 -22 56 -20 -52 17 50 
-53 -73 21 24 -51 -106 127 -43 8 19 
RSSI :-110 
Input angle :49
Zaxis angle :0 
minval :0 

minval :0 



35 -24 21 37 -39 17 -14 -40 42 -10 5 42 -43 1 1 -42 
38 83 -28 -21 29 92 2 48 86 -43 -3 64 -5 -54 12 40 
-61 -68 33 12 -55 -79 -18 -44 -64 72 -17 -62 20 50 -24 -35 
82 39 -35 0 76 59 30 37 41 -87 36 53 -37 -40 32 27 
-91 -12 34 -9 -92 -31 -40 -26 -13 95 -49 -42 47 27 -40 -13 
90 -17 -29 20 97 -1 47 61 -48 79 
RSSI :-110 
Input angle :61
Zaxis angle :0 
minval :0 

minval :0 



-31 35 -31 -34 36 -29 26 39 -41 21 -18 -44 44 -14 11 45 
-55 -75 27 29 -45 -103 -15 -46 -93 76 -2 -70 22 51 -23 -40 
74 56 -35 -18 72 86 28 41 66 -99 24 67 -37 -40 34 30 
-88 -30 39 7 -93 -64 -39 -29 -28 117 -45 -54 49 25 -42 -19 
93 2 -40 6 110 23 46 15 -8 -120 58 39 -54 -9 46 2 
-89 26 36 -17 -112 6 96 -21 13 3 
RSSI :-110 
Input angle :58
Zaxis angle :0 
minval :0 

minval :0 



51 6 -9 48 -48 -14 20 -46 44 23 -29 41 -38 -33 35 -36 
-58 81 19 -41 -78 75 -46 47 106 48 -60 27 28 -53 -23 45 
33 -94 -6 44 55 -95 29 -58 -114 -11 45 -49 -11 58 6 -49 
3 99 -8 -44 -18 108 -9 65 112 -26 -30 58 -8 -58 9 49 
-33 -94 22 39 -15 -108 -13 -65 -98 61 9 -66 28 52 -24 -44 
64 76 -34 -29 48 97 -16 9 -11 35 
RSSI :-110 
Input angle :58
Zaxis angle :0 
minval :0 

minval :0 



-55 20 -14 -58 57 -10 4 58 -58 0 6 -58 57 12 -16 57 
31 -94 -18 32 49 -89 32 -55 -116 -20 49 -38 -6 49 -3 -58 
1 99 4 -37 -19 101 -11 64 116 -21 -34 50 -8 -48 19 55 
-29 -94 7 37 -13 -102 -7 -64 -104 56 15 -60 22 42 -38 -45 
59 79 -18 -33 44 93 27 58 81 -85 1 61 -34 -34 47 34 
-79 -60 26 27 -69 -76 -17 108 13 -21 
RSSI :-110 
Input angle :49
Zaxis angle :0 
minval :0 

minval :0 



44 42 -45 40 -36 -49 52 -31 27 55 -56 23 -18 -59 59 -14 
-98 -7 33 5 -106 -10 -55 -4 24 117 -45 -40 60 -14 -52 28 
94 -24 -32 5 103 -25 54 -12 -61 -102 55 25 -51 36 43 -42 
-84 51 30 -14 -90 56 -48 28 92 76 -61 -3 40 -48 -26 55 
61 -76 -25 23 73 -78 38 -41 -107 -51 59 -11 -20 58 7 -60 
-35 91 16 -29 -39 99 -96 -33 1 -81 
RSSI :-110 
Input angle :46
Zaxis angle :14 
minval :0 

minval :0 



51 -45 41 54 -57 36 -30 -60 62 -24 18 64 -66 12 -8 -67 
8 85 -2 -27 4 99 -5 45 119 -22 -38 53 -29 -62 26 62 
-36 -76 10 24 -37 -91 -12 -43 -102 63 19 -62 45 51 -46 -48 
56 62 -17 -20 61 77 26 36 76 -92 0 65 -59 -33 58 32 
-74 -40 24 12 -83 -54 -35 -26 -51 110 -23 -62 67 12 -66 -13 
83 15 -26 -5 96 25 96 -15 -16 -9 
RSSI :-110 
Input angle :49
Zaxis angle :0 
minval :0 

minval :0 



43 -2 -1 43 -43 -4 7 -43 42 10 -14 40 -38 -18 22 -36 
11 94 -17 -24 -19 98 17 41 87 -10 -23 63 20 -65 -9 41 
-42 -84 23 17 -12 -99 -29 -33 -79 36 1 -67 -3 68 -3 -42 
65 69 -28 -9 47 88 39 20 63 -60 20 64 -20 -65 17 38 
-84 -42 29 0 -71 -70 -43 -8 -43 76 -39 -54 42 54 -29 -31 
93 12 -28 9 88 46 112 60 -44 -53 
RSSI :-110 
Input angle :58
Zaxis angle :0 
minval :0 

minval :0 



-48 -25 29 -46 43 33 -37 39 -36 -41 44 -33 30 46 -47 25 
58 -52 -14 15 69 -55 38 -13 -62 -97 49 -24 -47 44 38 -38 
-41 65 10 -19 -46 75 -32 24 90 73 -40 36 30 -58 -25 47 
20 -74 -2 21 22 -85 23 -32 -108 -38 27 -46 -11 64 8 -52 
1 77 -3 -22 3 88 -11 38 115 5 -11 54 -8 -65 10 52 
-28 -72 10 18 -32 -81 -33 -52 4 11 
RSSI :-110 
Input angle :61
Zaxis angle :0 
minval :0 

minval :0 



-54 -29 35 -50 46 39 -42 43 -40 -47 49 -36 32 53 -55 26 
62 -32 -11 23 64 -57 36 -15 -78 -90 61 -3 -40 51 46 -40 
-46 50 3 -26 -43 74 -29 26 104 60 -57 21 19 -63 -31 52 
33 -62 5 24 20 -84 20 -33 -119 -21 46 -39 1 67 13 -60 
-11 69 -12 -24 8 85 -8 38 120 -11 -32 52 -21 -63 5 60 
-12 -68 18 19 -39 -76 31 -89 6 -69 
RSSI :-110 
Input angle :56
Zaxis angle :14 
minval :0 

minval :0 



12 59 -63 5 0 -64 59 5 -12 63 -60 -17 23 -58 55 28 
-88 -7 26 -7 -116 -10 -38 -22 -10 114 -38 -35 63 3 -58 -7 
83 -20 -23 15 115 -28 42 8 -29 -108 49 21 -59 16 57 -8 
-73 51 16 -22 -102 65 -46 5 64 98 -54 -2 54 -34 -57 29 
55 -66 -9 27 76 -88 40 -21 -88 -77 52 -12 -39 48 44 -46 
-33 82 -1 -27 -41 112 32 89 5 -21 
RSSI :-110 
Input angle :58
Zaxis angle :14 
minval :0 

minval :0 



-3 27 -27 -5 8 -27 25 10 -12 25 -23 -14 16 -22 20 18 
-48 -15 24 5 -53 -26 -28 -18 -14 65 -23 -33 33 11 -25 -10 
50 -3 -24 2 59 6 32 7 -8 -66 33 23 -35 1 27 2 
-47 19 22 -10 -58 10 -33 3 25 61 -38 -11 33 -12 -27 5 
39 -31 -18 17 52 -28 31 -12 -46 -49 40 -2 -27 22 23 -15 
-27 42 11 -22 -38 45 80 -86 8 -85 
RSSI :-110 
Input angle :58
Zaxis angle :14 
minval :0 

minval :0 



17 49 -50 13 -8 -52 52 -2 0 52 -52 -4 8 -51 50 12 
-86 -3 29 -1 -112 0 -48 -11 0 109 -42 -33 72 -12 -51 0 
83 -22 -27 10 106 -31 49 -2 -35 -103 51 18 -66 32 48 -17 
-71 48 23 -17 -90 63 -44 20 63 89 -53 1 50 -53 -41 31 
53 -68 -15 25 68 -87 38 -32 -88 -64 51 -14 -33 65 27 -43 
-24 83 8 -28 -34 106 64 -61 3 -13 
RSSI :-110 
Input angle :53
Zaxis angle :0 
minval :0 

minval :0 



14 -48 46 17 -22 45 -42 -26 28 -39 36 34 -37 32 -30 -38 
63 74 -37 -27 62 83 41 52 98 -85 1 70 -52 -37 39 28 
-86 -43 44 14 -84 -61 -56 -36 -68 110 -23 -67 62 16 -46 -13 
95 15 -46 3 99 32 64 17 28 -127 40 57 -64 5 49 -3 
-95 13 42 -18 -104 5 -66 7 13 0 -58 -38 60 -23 -46 16 
87 -41 -35 30 99 -34 -97 6 -15 -101 
RSSI :-110 
Input angle :49
Zaxis angle :0 
minval :0 

minval :0 



-13 -54 56 -7 2 56 -56 -3 9 -55 54 12 -17 54 -52 -20 
86 11 -24 9 96 14 41 17 12 -124 41 46 -57 4 56 2 
-85 17 20 -15 -95 19 -45 -3 27 122 -54 -28 51 -26 -54 15 
76 -45 -13 22 82 -52 43 -10 -70 -103 60 7 -40 42 47 -30 
-55 68 6 -24 -63 74 -36 25 96 81 -59 8 25 -51 -33 45 
33 -81 1 24 37 -90 -33 -24 -6 91 
RSSI :-110 
Input angle :49
Zaxis angle :14 
minval :0 

minval :0 



-65 -21 27 -63 60 34 -39 56 -51 -45 50 -47 43 54 -57 37 
82 -20 -27 15 87 -29 60 -3 -59 -113 54 33 -40 45 44 -51 
-72 43 20 -23 -75 53 -54 23 90 92 -61 -17 22 -56 -24 64 
54 -65 -13 29 54 -73 46 -38 -116 -56 63 -2 -7 60 4 -68 
-29 78 3 -31 -24 89 -29 52 127 17 -57 25 -15 -59 18 66 
5 -83 8 30 -2 -92 -97 47 3 -81 
RSSI :-110 
Input angle :46
Zaxis angle :14 
minval :0 

minval :0 



-38 -54 56 -35 29 60 -61 25 -19 -63 66 -12 6 66 -66 1 
83 -16 -17 12 102 -4 54 10 -29 -120 62 29 -52 19 63 -19 
-73 41 12 -18 -95 37 -55 4 68 102 -67 -10 42 -38 -54 37 
58 -61 -8 21 80 -63 51 -20 -92 -81 66 -13 -30 47 40 -52 
-33 77 0 -22 -55 86 -41 37 115 42 -60 33 10 -56 -17 63 
6 -83 7 20 23 -100 15 75 -1 127 
RSSI :-110 
Input angle :49
Zaxis angle :0 
minval :0 

minval :0 



63 26 -31 60 -57 -37 42 -54 48 47 -51 45 -41 -55 57 -37 
-56 72 8 -41 -67 80 -50 26 76 72 -47 9 29 -55 -43 51 
28 -87 5 41 44 -95 41 -38 -95 -44 41 -24 -5 61 24 -63 
0 92 -18 -37 -7 104 -24 51 104 10 -33 35 -13 -60 -4 67 
-28 -87 28 30 -24 -102 5 -57 -103 18 19 -44 31 53 -18 -66 
55 73 -38 -18 59 86 0 103 -7 71 
RSSI :-110 
Input angle :49
Zaxis angle :14 
minval :0 

minval :0 



-22 -59 60 -17 12 62 -62 8 -5 -63 63 1 -8 62 -61 -14 
86 -40 -26 26 113 -34 60 0 -34 -96 62 -1 -50 11 62 -3 
-69 66 17 -33 -99 67 -58 17 62 79 -59 22 45 -25 -57 25 
46 -83 -5 35 70 -96 49 -36 -84 -56 48 -40 -34 39 46 -42 
-16 94 -7 -36 -36 113 -35 50 97 28 -36 51 21 -47 -31 54 
-15 -94 19 30 -6 -118 -65 -70 0 123 
RSSI :-110 
Input angle :66
Zaxis angle :0 
minval :0 

minval :0 



-47 49 -45 -51 54 -40 37 57 -60 32 -24 -64 66 -18 12 67 
-37 -78 15 10 -29 -112 -6 -54 -117 34 17 -43 15 69 -33 -59 
58 64 -17 -6 63 96 21 51 100 -70 -3 47 -38 -60 48 47 
-76 -44 19 1 -87 -75 -38 -40 -77 94 -13 -46 55 46 -61 -30 
86 13 -17 6 107 43 49 26 37 -116 27 39 -66 -24 67 9 
-86 13 15 -10 -115 -5 64 99 15 -105 
RSSI :-110 
Input angle :56
Zaxis angle :0 
minval :0 

minval :0 



57 -10 4 58 -59 0 4 -58 57 10 -15 56 -56 -19 23 -53 
6 93 0 -28 -10 118 -19 44 113 1 -42 38 1 -71 -9 57 
-36 -87 10 27 -29 -115 3 -47 -109 27 26 -50 17 70 -9 -57 
64 68 -17 -21 62 100 10 46 93 -63 -11 56 -40 -60 26 52 
-80 -48 23 15 -89 -78 -25 -41 -69 90 -6 -56 56 45 -42 -41 
92 19 -28 -7 108 47 -32 -123 -14 91 
RSSI :-110 
Input angle :53
Zaxis angle :0 
minval :0 

minval :0 



-71 21 -15 -72 74 -9 4 75 -74 -1 8 -74 71 15 -21 71 
20 -78 -8 25 23 -103 29 -58 -123 -18 51 -23 3 70 0 -73 
3 82 0 -28 8 105 -9 63 123 -22 -41 37 -25 -66 23 70 
-32 -75 8 26 -37 -99 -11 -62 -108 63 26 -49 43 54 -46 -57 
55 60 -17 -22 70 78 32 55 85 -91 -9 54 -59 -36 60 42 
-72 -38 22 17 -91 -54 -1 93 14 -101 
RSSI :-110 
Input angle :46
Zaxis angle :20 
minval :0 

minval :0 



-11 69 -67 -18 27 -63 62 32 -36 59 -57 -40 45 -53 49 48 
-70 -50 22 14 -92 -70 -38 -49 -75 97 -7 -50 70 31 -61 -31 
83 23 -25 -5 109 36 51 33 33 -117 22 45 -77 -9 67 14 
-87 2 26 -1 -115 -1 -60 -14 4 122 -35 -34 75 -14 -68 11 
83 -29 -23 10 111 -32 62 0 -38 -117 45 21 -65 39 61 -31 
-67 55 18 -17 -94 67 -16 124 11 115 
RSSI :-110 
Input angle :47
Zaxis angle :20 
minval :0 

minval :0 



46 20 -24 45 -42 -30 32 -39 36 35 -39 32 -30 -41 43 -27 
-82 45 19 -22 -97 64 -47 26 83 93 -63 -6 47 -56 -33 38 
64 -68 -12 26 69 -92 39 -36 -109 -62 61 -11 -26 68 18 -47 
-40 85 4 -30 -37 109 -22 48 124 22 -55 30 1 -72 0 50 
7 -92 6 29 0 -116 5 -53 -124 14 41 -48 19 70 -10 -49 
20 91 -14 -26 33 111 -16 -5 -8 -85 
RSSI :-110 
Input angle :47
Zaxis angle :0 
minval :0 

minval :0 



46 20 -25 43 -40 -29 33 -39 36 35 -37 33 -28 -42 43 -26 
-74 40 14 -16 -91 25 -26 1 49 71 -60 10 55 0 -33 37 
62 -58 -7 20 77 -54 25 -9 -70 -51 54 -27 -51 19 18 -46 
-38 75 0 -21 -56 76 -19 17 83 29 -42 44 41 -35 0 50 
9 -83 5 20 32 -89 13 -22 -87 4 26 -55 -29 46 -14 -47 
16 82 -12 -16 0 94 -48 59 -4 -121 
RSSI :-110 
Input angle :58
Zaxis angle :0 
minval :0 

minval :0 



37 12 -15 36 -34 -19 21 -32 31 24 -26 29 -26 -29 31 -23 
-69 54 11 -16 -86 34 -27 5 55 62 -53 25 57 -4 -23 30 
49 -73 -4 19 71 -59 24 -12 -72 -42 41 -41 -51 25 10 -37 
-22 85 -1 -20 -47 80 -18 20 82 15 -26 52 41 -39 1 38 
-3 -87 7 18 23 -90 11 -25 -83 11 9 -58 -26 51 -12 -36 
33 81 -13 -15 8 92 -30 -117 -18 -9 
RSSI :-110 
Input angle :58
Zaxis angle :0 
minval :0 

minval :0 



22 32 -34 19 -17 -35 36 -13 9 38 -38 7 -3 -39 39 0 
-85 12 16 -9 -93 -12 -26 -16 7 85 -52 -6 58 18 -36 12 
75 -41 -13 13 92 -20 29 7 -32 -78 52 -11 -61 -2 31 -22 
-59 61 7 -17 -82 47 -30 2 59 61 -45 28 59 -17 -22 31 
38 -76 -2 18 62 -70 28 -11 -74 -42 35 -40 -51 33 10 -37 
-13 84 -4 -18 -38 86 18 111 7 127 
RSSI :-110 
Input angle :58
Zaxis angle :0 
minval :0 

minval :0 



-10 -42 43 -6 2 44 -43 -2 5 -43 43 8 -12 42 -40 -16 
82 17 -19 -1 87 38 23 31 22 -91 42 32 -51 -37 43 1 
-84 7 19 -4 -94 -10 -31 -24 8 93 -50 -17 60 20 -41 10 
78 -34 -16 10 92 -22 37 12 -41 -84 53 0 -64 2 35 -25 
-59 60 11 -15 -81 49 -39 1 64 68 -50 18 59 -23 -26 34 
36 -76 -6 18 60 -73 125 27 -22 7 
RSSI :-110 
Input angle :58
Zaxis angle :0 
minval :0 

minval :0 



-47 -8 12 -46 45 17 -20 44 -41 -23 26 -39 38 29 -33 34 
40 -67 -4 34 67 -73 39 -23 -99 -48 62 -28 -50 38 20 -42 
-17 77 -5 -34 -40 90 -31 33 109 15 -50 46 35 -51 -6 47 
-6 -78 17 29 8 -98 17 -43 -107 19 29 -59 -18 59 -7 -46 
31 72 -25 -22 21 97 -3 46 95 -54 -9 66 -2 -63 23 41 
-56 -55 31 13 -50 -84 -97 92 10 -113 
RSSI :-110 
Input angle :58
Zaxis angle :0 
minval :0 

minval :0 



-22 34 -32 -29 28 -29 26 33 -34 28 -23 -35 39 -17 14 39 
-20 -50 18 15 -12 -61 -12 -31 -78 48 12 -64 0 60 -23 -34 
31 38 -22 -9 31 55 22 23 66 -62 6 60 -14 -55 37 25 
-37 -29 26 1 -47 -42 -26 -20 -37 76 -26 -54 34 50 -44 -13 
47 10 -24 7 61 28 34 11 14 -85 46 45 -47 -35 42 -3 
-51 2 21 -13 -66 -8 64 -97 44 23 
RSSI :-110 
Input angle :61
Zaxis angle :0 
minval :0 

minval :0 



4 35 -35 1 1 -35 34 3 -7 34 -33 -11 14 -32 30 16 
-51 -29 38 -9 -40 -44 -35 -10 -26 93 -37 -62 68 28 -33 -6 
57 13 -34 19 52 31 36 -1 -1 -97 56 45 -74 -4 34 -5 
-58 7 26 -30 -59 -12 -35 12 34 90 -67 -26 71 -17 -30 16 
54 -24 -15 37 60 -5 29 -22 -61 -75 72 2 -63 37 24 -24 
-41 42 2 -39 -54 27 -62 125 25 -97 
RSSI :-110 
Input angle :58
Zaxis angle :14 
minval :0 

minval :0 



-11 -29 31 -12 11 29 -31 8 -3 -28 28 -1 -4 28 -28 -2 
90 7 -23 21 91 25 52 -1 5 -97 37 33 -55 -14 28 -2 
-85 27 16 -25 -92 -2 -45 15 30 92 -49 -16 57 -7 -27 16 
72 -48 -8 32 87 -28 42 -29 -59 -80 51 1 -50 26 18 -21 
-55 74 -1 -33 -73 59 -29 38 82 55 -49 9 41 -37 -11 29 
32 -81 11 28 48 -80 -20 83 -14 19 
RSSI :-110 
Input angle :58
Zaxis angle :0 
minval :0 

minval :0 



41 8 -12 40 -39 -15 18 -38 37 21 -24 34 -32 -27 29 -30 
-43 84 -9 -42 -59 77 -43 43 91 35 -45 30 29 -50 -20 36 
20 -93 22 36 30 -92 30 -53 -98 -5 32 -43 -12 57 8 -41 
8 94 -30 -29 -3 97 -10 60 94 -25 -17 51 -6 -58 5 41 
-42 -85 39 16 -29 -92 -9 -60 -83 51 0 -54 22 54 -18 -38 
69 65 -42 -1 61 75 49 35 -40 -1 
RSSI :-110 
Input angle :58
Zaxis angle :0 
minval :0 

minval :0 



38 -11 7 39 -40 4 0 -40 40 2 -5 39 -39 -10 13 -37 
21 85 -35 -24 2 88 -3 47 91 -27 -19 51 -1 -39 0 39 
-46 -75 41 10 -30 -83 -13 -46 -75 59 1 -54 14 36 -11 -38 
66 58 -42 2 52 71 26 40 57 -77 14 52 -24 -31 22 32 
-82 -31 39 -16 -74 -49 -37 -29 -26 92 -29 -45 34 19 -31 -24 
88 8 -31 28 86 23 -80 -67 -49 115 
RSSI :-110 
Input angle :58
Zaxis angle :0 
minval :0 

minval :0 



-37 0 3 -37 36 7 -11 35 -34 -14 17 -32 30 20 -22 28 
27 -76 12 23 35 -90 2 -52 -99 -1 32 -48 -25 57 10 -34 
2 81 -20 -18 -5 96 12 50 95 -26 -15 55 4 -62 2 36 
-27 -78 24 11 -23 -93 -29 -45 -81 56 0 -59 17 59 -13 -33 
50 66 -26 -1 55 78 40 31 58 -79 19 55 -30 -56 22 28 
-68 -48 26 -5 -75 -60 -34 -43 47 -25 
RSSI :-110 
Input angle :61
Zaxis angle :0 
minval :0 

minval :0 



33 22 -24 32 -30 -27 29 -27 23 32 -35 20 -17 -36 37 -13 
-62 51 -2 -33 -83 46 -35 44 78 58 -48 10 37 -26 -31 24 
40 -69 14 31 63 -71 18 -53 -92 -30 41 -26 -27 36 22 -33 
-19 78 -21 -26 -40 86 -2 57 97 0 -33 36 14 -43 -10 38 
-9 -80 30 15 4 -95 -15 -54 -92 31 18 -45 0 45 -3 -39 
32 73 -33 -6 27 91 98 23 -29 -45 
RSSI :-110 
Input angle :89
Zaxis angle :29 
minval :0 

minval :0 



42 30 -33 40 -38 -35 38 -35 30 42 -45 26 -22 -47 49 -17 
-66 46 -11 -31 -87 44 -44 38 89 75 -49 17 39 -23 -40 32 
45 -67 20 25 63 -74 30 -49 -109 -37 40 -32 -29 35 27 -42 
-22 78 -28 -16 -33 91 -10 57 116 9 -29 43 16 -43 -12 49 
0 -80 32 7 4 -98 -6 -58 -111 30 12 -51 0 45 -3 -50 
28 75 -33 2 24 95 -112 -1 -9 71 
RSSI :-110 
Input angle :61
Zaxis angle :0 
minval :0 

minval :0 



4 -46 46 7 -13 44 -45 -16 18 -44 42 23 -25 42 -37 -27 
77 37 -24 25 96 52 54 32 28 -123 41 32 -49 -21 43 15 
-77 -8 14 -32 -109 -13 -58 -10 14 123 -48 -19 53 3 -45 1 
84 -14 -5 35 110 -15 61 -8 -53 -111 54 4 -53 9 46 -11 
-68 39 -4 -36 -93 50 -55 27 81 94 -50 9 48 -29 -38 27 
58 -52 17 32 78 -82 -113 90 -8 -69 
RSSI :-110 
Input angle :58
Zaxis angle :0 
minval :0 

minval :0 



44 -3 0 44 -44 -4 7 -44 42 11 -16 41 -40 -18 21 -38 
-23 84 -19 -27 -23 93 -13 50 99 -3 -30 43 4 -52 -7 43 
-8 -86 28 17 -2 -96 -1 -51 -94 31 15 -51 13 50 -5 -43 
30 82 -32 -7 34 90 19 47 78 -61 0 53 -29 -44 19 39 
-58 -64 33 -1 -60 -75 -33 -39 -54 82 -17 -50 40 33 -29 -32 
74 44 -30 12 80 53 -16 -93 -49 -89 
RSSI :-110 
Input angle :58
Zaxis angle :0 
minval :0 

minval :0 



14 -37 35 18 -20 33 -31 -24 27 -28 26 29 -31 23 -19 -34 
65 61 -35 -4 67 69 37 33 43 -88 20 52 -50 -27 28 26 
-81 -36 35 -7 -86 -42 -46 -19 -7 98 -35 -43 56 10 -36 -14 
88 12 -31 18 95 14 50 4 -21 -96 46 31 -57 8 39 2 
-88 16 24 -26 -95 13 -48 11 49 85 -53 -14 51 -26 -37 10 
77 -44 -13 33 85 -43 -67 76 -32 27 
RSSI :-110 
Input angle :49
Zaxis angle :0 
minval :0 

minval :0 



29 -33 31 32 -34 28 -26 -36 38 -22 18 40 -42 13 -9 -43 
59 69 -38 -5 46 83 23 31 72 -63 15 55 -22 -35 25 36 
-77 -49 38 -7 -70 -64 -32 -22 -47 84 -30 -48 33 26 -33 -28 
89 19 -33 18 85 40 37 13 21 -94 44 35 -40 -13 41 15 
-91 7 25 -28 -94 -9 -39 0 11 95 -54 -18 42 0 -44 -1 
83 -37 -14 35 93 -16 -2 -102 -44 7 
RSSI :-110 
Input angle :46
Zaxis angle :0 
minval :0 

minval :0 



-44 -19 24 -42 39 28 -31 36 -34 -34 36 -30 27 39 -40 24 
58 -74 6 33 81 -50 38 -32 -98 -62 48 -25 -33 35 31 -36 
-28 88 -17 -28 -60 74 -24 43 114 20 -36 40 18 -44 -19 43 
-5 -93 25 22 36 -87 11 -50 -115 10 23 -48 -7 48 4 -47 
27 88 -30 -14 -2 95 6 49 106 -44 -6 55 -9 -47 11 46 
-54 -75 33 3 -25 -92 -49 -30 9 123 
RSSI :-110 
Input angle :58
Zaxis angle :0 
minval :0 

minval :0 



3 24 -24 1 0 -25 24 3 -5 23 -23 -7 9 -22 21 11 
-45 7 13 -13 -53 -7 -29 -1 24 65 -29 -5 26 -2 -24 -3 
40 -20 -8 16 52 -11 28 -8 -42 -55 30 -3 -24 11 24 -4 
-32 32 3 -17 -45 27 -24 17 57 38 -27 12 18 -19 -22 10 
21 -40 2 18 35 -39 17 -24 -67 -18 22 -20 -12 23 17 -17 
-5 45 -8 -16 -18 50 65 -40 -2 103 
RSSI :-110 
Input angle :58
Zaxis angle :0 
minval :0 

minval :0 



18 -39 37 21 -24 36 -33 -27 30 -30 27 33 -35 24 -20 -37 
75 41 -30 10 67 64 42 27 24 -95 34 45 -37 -26 32 27 
-85 -13 25 -19 -85 -36 -48 -10 3 98 -47 -32 44 12 -39 -16 
85 -14 -17 26 92 7 49 -6 -36 -91 55 14 -46 3 42 2 
-74 43 7 -30 -90 24 -44 23 62 75 -57 5 42 -18 -41 11 
56 -64 2 31 77 -51 61 -122 -26 -37 
RSSI :-110 
Input angle :58
Zaxis angle :0 
minval :0 

minval :0 



-37 -25 28 -35 33 31 -33 30 -27 -36 39 -23 19 41 -42 16 
48 -73 1 33 72 -60 39 -39 -87 -46 56 -23 -33 46 34 -28 
-23 84 -12 -30 -49 80 -25 48 97 18 -47 38 15 -55 -24 37 
-1 -87 20 26 20 -91 8 -54 -98 15 30 -52 6 57 10 -43 
31 81 -28 -17 11 93 6 54 89 -44 -11 60 -22 -52 5 44 
-54 -67 32 6 -38 -85 -3 -74 35 83 
RSSI :-110 
Input angle :58
Zaxis angle :14 
minval :0 

minval :0 



25 41 -42 20 -15 -44 46 -11 7 47 -49 3 0 -48 49 3 
-88 31 13 -25 -106 11 -45 18 61 106 -63 -4 43 -14 -46 11 
74 -56 -4 26 97 -43 39 -29 -89 -85 60 -16 -35 27 40 -23 
-54 75 -6 -27 -79 69 -25 42 115 43 -53 32 25 -37 -29 36 
21 -91 13 24 50 -93 12 -47 -123 -6 38 -50 -10 44 17 -43 
7 91 -22 -17 -17 106 80 113 -5 59 
RSSI :-110 
Input angle :58
Zaxis angle :0 
minval :0 

minval :0 



-22 -7 9 -21 20 11 -12 20 -19 -14 15 -18 16 17 -18 15 
24 -42 1 14 34 -43 17 -22 -61 -21 21 -17 -16 26 12 -19 
-9 47 -6 -13 -19 51 -8 26 64 0 -15 23 5 -29 -5 22 
-6 -48 10 10 0 -55 0 -28 -60 23 8 -26 3 30 0 -23 
20 43 -12 -7 15 53 9 26 52 -38 0 27 -12 -28 8 21 
-35 -33 14 1 -31 -45 -97 116 13 -77 
RSSI :-110 
Input angle :58
Zaxis angle :0 
minval :0 

minval :0 



14 -52 51 18 -23 49 -46 -28 33 -43 39 37 -41 37 -33 -43 
74 42 -19 6 80 66 41 25 42 -109 36 41 -53 -32 45 29 
-83 -15 16 -12 -97 -38 -47 -10 -4 117 -48 -26 60 12 -51 -12 
85 -12 -11 17 104 4 48 -5 -34 -111 54 10 -62 7 54 0 
-77 36 4 -20 -102 24 -45 20 65 96 -53 10 56 -26 -48 23 
57 -63 2 20 87 -57 63 -72 -9 39 
RSSI :-110 
Input angle :61
Zaxis angle :0 
minval :0 

minval :0 



0 -26 26 3 -6 26 -25 -8 10 -24 24 12 -13 22 -21 -15 
43 2 -17 13 52 12 25 1 -2 -65 29 16 -24 -1 24 9 
-41 13 11 -18 -53 4 -24 6 25 59 -33 -8 24 -4 -26 0 
35 -26 -5 20 48 -22 21 -13 -42 -49 33 -2 -21 12 25 -7 
-27 34 -1 -21 -40 35 -15 19 56 33 -31 13 15 -19 -21 15 
12 -41 7 20 26 -45 -17 -94 -4 19 
RSSI :-110 
Input angle :58
Zaxis angle :0 
minval :0 

minval :0 



-43 25 -21 -46 47 -16 11 49 -50 6 -3 -50 50 1 -5 50 
-41 -70 41 8 -40 -102 -19 -44 -103 67 12 -68 19 53 -6 -50 
62 54 -41 3 67 86 32 36 78 -96 8 69 -33 -46 24 43 
-74 -34 39 -15 -93 -57 -42 -25 -44 115 -32 -61 47 32 -36 -35 
82 8 -32 27 106 26 48 10 7 -123 49 49 -54 -14 45 21 
-80 19 21 -36 -109 11 32 -67 14 -121 
RSSI :-110 
Input angle :58
Zaxis angle :0 
minval :0 

minval :0 



24 13 -14 23 -21 -16 18 -19 17 20 -22 15 -14 -23 24 -12 
-21 37 -4 -20 -32 45 -13 19 62 19 -27 15 12 -20 -19 19 
8 -42 10 16 19 -51 6 -23 -67 2 21 -25 -5 23 12 -23 
5 42 -15 -13 -2 56 1 23 59 -25 -12 30 -1 -24 -3 27 
-21 -40 18 8 -14 -51 -8 -22 -53 36 3 -32 8 23 -3 -27 
31 29 -19 -1 30 45 80 -15 -15 115 
RSSI :-110 
Input angle :58
Zaxis angle :0 
minval :0 

minval :0 



21 -57 54 26 -30 53 -50 -36 40 -47 43 44 -48 38 -36 -49 
87 17 -44 19 98 44 53 26 19 -123 39 48 -41 -15 47 39 
-88 12 35 -33 -107 -14 -59 -6 25 121 -54 -32 44 1 -57 -19 
81 -38 -24 42 104 -25 58 -10 -64 -106 62 11 -43 12 60 1 
-64 61 8 -48 -90 57 -51 29 92 83 -63 7 35 -25 -57 19 
38 -80 8 48 68 -83 95 -110 -6 -25 
RSSI :-110 
Input angle :58
Zaxis angle :0 
minval :0 

minval :0 



28 -42 40 31 -35 37 -33 -38 40 -29 26 43 -44 23 -19 -45 
58 63 -31 1 52 95 43 34 80 -95 6 66 -29 -43 31 38 
-75 -41 28 -10 -78 -76 -50 -22 -50 114 -23 -61 42 30 -42 -26 
86 13 -24 17 100 44 55 6 9 -123 44 49 -48 -17 48 11 
-85 14 16 -26 -109 -8 -53 15 35 120 -58 -31 50 -1 -49 3 
76 -40 -7 30 106 -20 63 -43 -14 -45 
RSSI :-110 
Input angle :58
Zaxis angle :0 
minval :0 

minval :0 



-38 14 -10 -38 41 -8 3 42 -42 1 4 -42 42 4 -8 42 
-49 -73 33 15 -39 -88 -29 -52 -74 66 6 -81 16 56 -2 -41 
69 56 -35 -5 60 74 44 42 50 -85 25 77 -30 -49 16 36 
-82 -27 36 -6 -82 -46 -52 -26 -21 99 -43 -70 46 35 -27 -29 
90 2 -31 19 93 16 60 10 -5 -101 63 52 -52 -20 35 22 
-86 25 24 -28 -94 14 1 74 43 71 
RSSI :-110 
Input angle :58
Zaxis angle :0 
minval :0 

minval :0 



-10 -24 25 -8 6 26 -26 3 0 -26 26 2 -4 26 -25 -6 
40 -18 -11 22 54 -9 26 -6 -36 -57 35 3 -25 6 26 -1 
-33 28 4 -24 -48 26 -23 14 53 43 -35 7 22 -13 -25 9 
23 -37 5 24 37 -40 16 -22 -65 -19 30 -19 -16 21 19 -18 
-8 42 -12 -22 -21 50 -8 26 68 -2 -23 27 8 -24 -13 23 
-3 -44 18 16 3 -54 14 84 6 -69 
RSSI :-110 
Input angle :58
Zaxis angle :0 
minval :0 

minval :0 



45 -34 30 47 -49 26 -23 -50 52 -18 11 55 -55 6 -1 -55 
34 61 -33 -26 23 94 -1 42 89 -52 -26 59 -3 -69 18 52 
-53 -48 40 11 -51 -81 -12 -40 -70 78 3 -66 25 64 -35 -42 
66 25 -42 2 76 57 22 34 39 -96 15 63 -45 -53 47 29 
-71 -2 40 -13 -90 -30 -32 -26 -5 105 -38 -53 62 32 -53 -13 
69 -19 -33 26 96 0 -1 85 -13 -89 
RSSI :-110 
Input angle :58
Zaxis angle :0 
minval :0 

minval :0 



-29 -39 41 -26 21 43 -45 19 -15 -47 48 -10 5 48 -48 3 
62 1 5 25 79 20 49 -13 -21 -84 52 35 -39 -10 44 -16 
-61 15 -12 -22 -82 2 -44 28 47 73 -60 -16 41 -1 -38 30 
49 -37 19 17 74 -34 31 -41 -69 -54 62 -4 -38 16 25 -40 
-39 49 -23 -9 -63 51 -18 48 83 26 -59 23 31 -26 -12 46 
20 -59 26 3 43 -69 79 -40 -1 27 
RSSI :-110 
Input angle :61
Zaxis angle :0 
minval :0 

minval :0 



27 -38 36 30 -33 33 -30 -36 38 -27 23 40 -43 19 -14 -44 
44 67 -31 11 43 83 36 28 69 -74 8 50 -12 -33 27 37 
-64 -48 26 -21 -67 -65 -43 -16 -42 92 -23 -47 22 27 -39 -26 
76 24 -16 30 83 40 46 2 10 -101 37 36 -31 -17 45 13 
-81 -3 6 -33 -92 -11 -43 13 20 99 -46 -23 35 6 -46 5 
75 -27 4 33 91 -19 79 0 -11 7 
RSSI :-110 
Input angle :61
Zaxis angle :0 
minval :0 

minval :0 



48 23 -29 45 -43 -31 35 -40 37 38 -43 33 -28 -45 47 -24 
-42 84 -18 -42 -71 92 -30 55 118 41 -38 39 30 -41 -35 39 
7 -94 32 33 38 -110 13 -61 -125 -1 23 -50 -13 50 22 -48 
25 91 -42 -21 3 116 9 62 117 -43 -7 54 -2 -50 -6 52 
-46 -81 45 8 -37 -110 -25 -57 -102 72 -8 -53 17 48 -11 -52 
72 60 -46 7 71 90 -32 52 -13 123 
RSSI :-110 
Input angle :58
Zaxis angle :0 
minval :0 

minval :0 



0 51 -51 -4 8 -49 49 13 -17 49 -46 -20 24 -45 44 27 
-89 -1 19 -38 -108 -25 -49 -20 0 122 -54 -37 46 3 -48 -12 
86 -26 -6 43 110 -11 52 0 -39 -115 63 17 -44 8 50 -1 
-72 52 -8 -43 -100 47 -50 14 75 97 -66 0 38 -23 -47 18 
51 -72 22 38 79 -78 41 -31 -104 -63 62 -22 -30 35 39 -33 
-23 86 -33 -28 -50 99 32 -20 2 103 
RSSI :-110 
Input angle :58
Zaxis angle :0 
minval :0 

minval :0 



-37 -37 41 -33 28 45 -46 25 -22 -49 50 -16 12 52 -52 8 
65 -52 0 36 87 -48 41 -20 -91 -92 66 -3 -38 34 47 -24 
-45 70 -11 -35 -64 76 -30 33 114 61 -61 27 24 -43 -36 38 
20 -81 21 30 41 -91 18 -41 0 -10 50 -43 -10 50 22 -48 
9 84 -30 -22 -7 99 -2 45 127 -26 -30 59 -7 -51 -6 52 
-33 -77 36 8 -22 -96 -113 54 8 -37 
RSSI :-110 
Input angle :58
Zaxis angle :14 
minval :0 

minval :0 



19 20 -21 17 -15 -22 24 -12 11 25 -26 8 -6 -26 26 -4 
-33 27 -1 -18 -51 23 -20 12 47 47 -34 6 20 -12 -23 12 
24 -36 8 16 41 -38 15 -17 -59 -30 31 -15 -15 19 19 -18 
-10 42 -13 -13 -29 48 -9 21 66 10 -25 24 9 -22 -11 24 
-3 -43 17 8 10 -55 1 -23 -66 11 15 -31 0 23 3 -27 
17 40 -19 -2 8 56 -48 -23 -9 -57 
RSSI :-110 
Input angle :58
Zaxis angle :0 
minval :0 

minval :0 



-6 24 -23 -8 10 -23 22 11 -12 21 -19 -15 17 -18 16 18 
-36 -22 6 -10 -39 -36 -19 -20 -34 55 -10 -26 15 17 -22 -11 
41 7 -3 12 50 17 24 12 13 -64 18 20 -20 -11 24 4 
-41 6 0 -12 -53 0 -27 -4 7 64 -24 -13 23 4 -24 3 
36 -20 5 11 52 -14 27 -5 -27 -59 27 5 -23 4 22 -11 
-28 30 -8 -9 -43 32 -32 55 11 59 
RSSI :-110 
Input angle :66
Zaxis angle :0 
minval :0 

minval :0 



-4 -25 25 -2 0 25 -25 -2 5 -25 24 7 -9 23 -22 -11 
42 7 -3 7 51 18 28 8 10 -67 25 30 -24 -12 25 2 
-42 7 1 -8 -54 0 -29 0 14 66 -33 -20 26 3 -24 5 
38 -20 1 8 53 -13 27 -10 -31 -60 38 10 -26 3 22 -12 
-29 31 -3 -7 -45 31 -22 18 51 44 -39 4 23 -12 -17 18 
17 -38 6 6 32 -43 -1 -90 -8 39 
RSSI :-110 
Input angle :61
Zaxis angle :0 
minval :0 

minval :0 



6 -31 30 9 -12 29 -28 -14 17 -27 25 19 -21 22 -20 -23 
42 6 -17 8 51 24 18 12 0 -65 24 27 -21 -2 27 15 
-42 7 12 -14 -55 -9 -20 -7 20 61 -31 -17 20 -4 -31 -4 
37 -21 -7 17 54 -12 22 0 -38 -52 36 5 -18 11 30 -5 
-28 31 1 -19 -50 27 -20 6 53 37 -35 4 13 -16 -28 13 
18 -38 5 18 37 -42 95 -85 -5 -101 
RSSI :-110 
Input angle :53
Zaxis angle :0 
minval :0 

minval :0 



-13 23 -22 -15 16 -21 19 18 -19 18 -16 -21 23 -13 11 23 
-36 -23 14 0 -44 -42 -14 -16 -36 59 -12 -37 24 16 -18 -18 
42 9 -13 5 53 28 19 11 15 -68 24 31 -28 -7 24 11 
-44 4 10 -9 -60 -8 -22 -3 8 69 -32 -22 29 -2 -26 -3 
40 -17 -7 12 59 -10 22 -3 -26 -64 37 11 -27 9 26 -5 
-32 30 3 -14 -54 29 -32 44 13 15 
RSSI :-110 
Input angle :56
Zaxis angle :0 
minval :0 

minval :0 



16 27 -28 13 -10 -30 31 -7 4 31 -32 2 0 -31 31 3 
-39 25 13 -17 -59 12 -28 12 41 55 -37 2 23 -10 -30 7 
29 -36 -6 20 47 -35 22 -21 -59 -37 34 -14 -19 18 26 -16 
-15 43 0 -21 -37 47 -15 26 68 17 -29 22 12 -23 -20 24 
2 -46 7 20 21 -56 5 -29 -69 5 18 -32 -4 25 10 -29 
12 45 -13 -16 0 60 48 6 -8 -5 
RSSI :-110 
Input angle :58
Zaxis angle :0 
minval :0 

minval :0 



1 33 -33 0 3 -33 33 5 -8 32 -31 -12 15 -30 27 17 
-50 -1 13 -13 -61 -19 -32 -3 10 80 -36 -16 33 5 -32 -8 
48 -12 -8 17 64 -1 32 -7 -33 -74 39 3 -34 4 33 -2 
-40 29 2 -19 -60 22 -27 17 58 56 -38 11 29 -17 -30 14 
29 -40 4 19 49 -41 21 -25 -72 -35 33 -21 -24 24 25 -22 
-15 47 -10 -16 -30 56 -95 20 3 111 
RSSI :-110 
Input angle :66
Zaxis angle :0 
minval :0 

minval :0 



-5 30 -29 -8 11 -28 28 13 -15 26 -24 -18 21 -23 21 22 
-67 -47 18 13 -70 -68 -38 -26 -47 85 -36 -59 39 48 -26 -14 
78 21 -22 -7 88 39 45 12 13 -97 54 44 -54 -31 29 6 
-81 5 23 0 -96 -11 -47 1 17 96 -65 -25 61 14 -30 3 
75 -33 -21 8 95 -22 44 -16 -46 -86 70 2 -63 5 26 -14 
-62 53 17 -14 -82 52 98 120 34 -29 
RSSI :-110 
Input angle :58
Zaxis angle :0 
minval :0 

minval :0 



7 -44 43 11 -14 42 -41 -18 21 -39 37 24 -27 35 -32 -30 
65 34 -17 11 65 68 34 35 38 -89 31 69 -40 -33 40 18 
-73 -10 12 -16 -83 -44 -45 -21 -7 97 -50 -57 47 21 -44 -4 
72 -14 -7 20 93 15 49 6 -26 -93 66 37 -52 -5 43 -11 
-64 35 0 -21 -93 14 -48 9 55 79 -74 -14 51 -12 -38 22 
48 -55 6 20 82 -46 -83 51 -29 -45 
RSSI :-110 
Input angle :58
Zaxis angle :0 
minval :0 

minval :0 



6 -51 51 12 -17 49 -47 -21 24 -45 44 27 -32 42 -38 -33 
76 38 -19 13 81 82 30 31 55 -101 18 39 -26 -40 46 21 
-85 -12 13 -19 -105 -50 -38 -21 -20 115 -28 -35 37 31 -50 -7 
82 -16 -7 22 116 11 42 5 -19 -116 39 22 -45 -16 51 -10 
-75 39 0 -23 -112 27 -43 6 54 104 -44 -9 48 3 -44 25 
59 -60 8 22 99 -60 63 -126 -10 71 
RSSI :-110 
Input angle :66
Zaxis angle :0 
minval :0 

minval :0 



59 4 -9 57 -58 -13 15 -56 55 21 -25 53 -51 -30 34 -47 
-35 67 -6 -27 -69 85 -35 32 113 46 -64 37 38 -50 -16 56 
11 -75 15 24 36 -103 21 -42 -123 2 46 -57 -16 61 -2 -58 
16 74 -23 -17 2 110 -6 47 116 -38 -27 69 0 -63 20 54 
-38 -64 27 9 -36 -103 -9 -46 -98 72 3 -74 20 60 -35 -45 
55 50 -28 -1 66 85 48 95 -13 51 
RSSI :-110 
Input angle :58
Zaxis angle :0 
minval :0 

minval :0 



-38 32 -28 -42 42 -19 19 46 -49 12 -4 -50 51 -4 0 46 
-8 -73 13 34 28 -92 23 -42 -99 2 46 -52 -28 51 -10 -48 
30 61 -23 -27 0 95 -5 50 92 -38 -23 63 5 -58 26 37 
-53 -49 32 18 -34 -90 -6 -48 -74 57 2 -68 11 53 -40 -29 
62 28 -35 -9 63 78 28 45 54 -86 23 67 -29 -47 47 16 
-73 -11 35 -6 -88 -48 -17 81 11 -89 
RSSI :-110 
Input angle :58
Zaxis angle :0 
minval :0 

minval :0 



-33 0 4 -31 30 5 -7 31 -30 -10 13 -29 28 16 -17 26 
55 -23 -25 15 67 -40 40 -6 -74 -63 80 -5 -49 45 11 -29 
-47 38 20 -22 -56 57 -37 19 90 38 -74 25 32 -58 0 32 
30 -52 -11 27 36 -71 27 -31 -97 -10 64 -47 -12 64 -8 -28 
-15 59 2 -29 -12 78 -19 37 96 -20 -45 62 -10 -66 18 25 
-3 -62 6 29 -14 -79 77 36 26 27 
RSSI :-110 
Input angle :58
Zaxis angle :0 
minval :0 

minval :0 



17 -40 39 20 -23 37 -34 -27 30 -31 29 33 -35 26 -23 -36 
47 61 -20 -11 54 76 12 36 61 -79 0 65 -44 -37 32 28 
-64 -43 23 4 -74 -57 -23 -31 -34 93 -16 -63 53 22 -39 -18 
74 22 -23 3 89 31 32 21 -1 -100 37 52 -58 -1 43 2 
-77 0 20 -11 -94 0 -38 -9 30 95 -53 -37 55 -17 -42 10 
73 -26 -16 16 88 -33 94 -116 -41 7 
RSSI :-110 
Input angle :49
Zaxis angle :0 
minval :0 

minval :0 



18 12 -15 17 -16 -17 18 -16 15 19 -18 14 -9 -21 22 -9 
-35 6 4 0 -44 9 -18 -4 34 64 -29 -10 30 -15 -15 14 
32 -22 -4 1 39 -24 20 0 -48 -48 32 0 -24 25 10 -20 
-23 29 4 -2 -29 35 -17 6 65 26 -29 8 15 -32 -4 20 
18 -36 -2 3 12 -47 12 -14 -68 -6 25 -17 -2 34 0 -22 
-2 35 2 -3 -4 46 81 124 -4 123 
RSSI :-110 
Input angle :53
Zaxis angle :20 
minval :0 

minval :0 



0 -28 28 2 -4 27 -26 -6 9 -26 24 12 -14 23 -22 -16 
35 -2 -5 19 54 -7 15 -4 -11 -70 31 6 -41 9 26 8 
-33 11 -1 -19 -49 24 -13 8 30 65 -32 3 37 -20 -27 0 
27 -21 7 18 38 -38 9 -13 -50 -51 29 -14 -28 32 26 -8 
-19 29 -12 -15 -25 48 -5 15 62 35 -23 21 18 -40 -22 16 
7 -33 17 10 7 -54 -98 73 -3 103 
RSSI :-110 
Input angle :58
Zaxis angle :0 
minval :0 

minval :0 



-15 23 -21 -17 19 -20 19 21 -23 16 -14 -24 25 -12 10 26 
-26 -26 11 -5 -39 -35 -8 -9 -44 53 -16 -26 31 24 -17 -22 
33 17 -9 9 48 21 10 5 22 -66 23 20 -37 -14 24 14 
-37 -4 6 -11 -52 -4 -12 -2 -1 69 -28 -11 39 2 -27 -7 
37 -7 -2 12 51 -12 12 -1 -18 -67 31 2 -38 10 27 -2 
-32 18 -2 -12 -43 30 16 72 14 -37 
RSSI :-110 
Input angle :61
Zaxis angle :0 
minval :0 

minval :0 



37 2 -5 36 -36 -8 11 -35 34 14 -18 32 -30 -21 22 -28 
-5 75 -17 -33 -18 93 0 49 99 -6 -43 68 11 -66 -12 34 
-17 -72 28 25 -14 -94 -15 -47 -91 38 26 -76 11 67 2 -36 
40 63 -34 -16 42 85 29 39 75 -64 2 81 -33 -59 9 35 
-56 -48 38 3 -67 -67 -40 -28 -49 86 -28 -76 49 46 -19 -30 
69 27 -37 7 86 41 -80 -36 -50 -57 
RSSI :-110 
Input angle :58
Zaxis angle :0 
minval :0 

minval :0 



-5 23 -23 -8 10 -22 21 12 -14 20 -19 -15 18 -17 15 19 
-77 -40 42 13 -76 -58 -54 -38 -28 95 -39 -78 43 34 -20 -13 
85 16 -45 -1 90 33 62 20 -3 -99 62 61 -51 -20 23 7 
-86 10 42 -13 -96 -4 -66 0 31 94 -76 -42 55 2 -24 0 
78 -38 -35 27 93 -22 62 -22 -59 -79 85 15 -53 14 22 -8 
-63 60 25 -36 -79 53 98 79 28 59 
RSSI :-110 
Input angle :58
Zaxis angle :0 
minval :0 

minval :0 



35 7 -10 34 -33 -13 16 -32 30 18 -20 29 -27 -23 25 -23 
-49 45 11 -9 -65 52 -53 22 79 59 -59 -12 37 -39 -16 30 
30 -60 -8 12 45 -71 42 -38 -94 -30 60 -9 -24 49 6 -34 
-10 66 3 -14 -23 81 -28 49 99 -2 -55 24 7 -54 6 34 
-9 -66 1 14 -5 -84 12 -55 -93 31 44 -42 8 53 -17 -30 
29 60 -6 -13 30 79 2 -1 -30 -81 
RSSI :-110 
Input angle :49
Zaxis angle :0 
minval :0 

minval :0 



35 -18 14 36 -37 11 -8 -38 38 -4 0 39 -39 -3 5 -38 
8 76 -13 -24 -26 89 -10 56 93 -21 -48 49 6 -34 8 38 
-32 -69 20 20 -7 -92 -8 -58 -84 45 29 -64 5 35 -20 -33 
54 54 -25 -12 35 86 26 52 63 -71 -8 69 -15 -32 30 24 
-68 -34 28 3 -60 -70 -41 -41 -41 86 -12 -69 24 25 -36 -14 
76 8 -27 5 80 46 -48 -84 -48 -101 
RSSI :-110 
Input angle :58
Zaxis angle :0 
minval :0 

minval :0 



27 7 -10 26 -25 -13 16 -23 21 18 -20 20 -18 -21 22 -16 
-26 21 1 -20 -40 34 -20 9 65 40 -32 14 21 -45 -16 22 
16 -29 5 19 25 -45 16 -15 -75 -16 25 -24 -5 50 7 -27 
-6 33 -11 -16 -11 51 -11 19 76 -5 -17 31 -11 -49 1 27 
-4 -33 16 12 -8 -51 4 -22 -69 32 6 -35 26 43 -10 -25 
14 31 -19 -6 24 46 -32 -75 -14 15 
RSSI :-110 
Input angle :49
Zaxis angle :0 
minval :0 

minval :0 



-17 16 -14 -18 20 -12 11 21 -21 9 -7 -23 22 -5 3 23 
-10 -33 15 12 -13 -52 3 -23 -66 32 8 -40 19 39 -9 -21 
20 28 -18 -7 30 44 3 23 55 -49 4 41 -29 -31 15 17 
-28 -20 20 0 -42 -31 -11 -21 -34 64 -17 -38 38 20 -20 -11 
33 10 -19 5 50 17 17 16 7 -73 26 31 -42 -8 22 3 
-35 0 15 -12 -53 -1 96 62 18 -5 
RSSI :-110 
Input angle :56
Zaxis angle :0 
minval :0 

minval :0 



32 19 -22 31 -29 -24 27 -26 24 29 -31 21 -18 -33 34 -16 
-71 31 16 -39 -83 45 -52 9 71 70 -77 9 56 -61 -27 25 
55 -54 -3 42 67 -66 46 -25 -91 -42 69 -33 -32 76 18 -32 
-40 66 -9 -41 -43 84 -36 38 100 9 -53 54 8 -82 -6 36 
16 -75 22 35 12 -93 22 -48 -98 20 35 -68 15 81 -4 -37 
9 77 -30 -29 16 93 -46 79 -23 111 
RSSI :-110 
Input angle :53
Zaxis angle :0 
minval :0 

minval :0 



0 -23 23 1 -3 22 -22 -5 7 -22 20 9 -10 20 -19 -12 
38 7 -9 11 48 23 18 8 16 -64 16 28 -28 -5 20 7 
-39 5 5 -14 -53 -5 -21 -1 9 65 -24 -22 28 -5 -22 0 
35 -17 -1 14 52 -11 20 -5 -26 -60 30 14 -26 12 20 -8 
-28 27 -4 -13 -46 27 -17 12 45 48 -32 -4 21 -20 -17 13 
19 -34 8 11 32 -42 -97 77 -8 -29 
RSSI :-110 
Input angle :53
Zaxis angle :14 
minval :0 

minval :0 



26 0 -2 26 -26 -5 7 -26 25 9 -12 23 -22 -14 16 -21 
-53 67 -18 -16 -64 72 -34 31 88 46 -49 29 34 -45 -7 25 
32 -79 22 10 37 -89 22 -41 -98 -16 39 -42 -17 53 0 -26 
-5 85 -24 -4 -7 96 -9 45 98 -14 -24 52 0 -56 8 24 
-24 -82 24 -4 -24 -93 -6 -46 -89 43 7 -57 18 53 -14 -21 
46 72 -21 12 53 80 -30 -102 -35 -53 
RSSI :-110 
Input angle :61
Zaxis angle :14 
minval :0 

minval :0 



27 3 -5 26 -25 -8 10 -24 24 12 -14 22 -21 -16 18 -20 
-21 37 -15 -19 -34 52 -9 25 64 20 -22 21 10 -35 -11 23 
7 -41 20 14 16 -60 1 -26 -68 -1 14 -27 2 37 3 -26 
6 42 -23 -7 3 62 6 25 64 -19 -5 30 -12 -35 6 25 
-20 -38 24 0 -22 -58 -14 -22 -53 41 -4 -31 23 28 -14 -22 
29 31 -22 9 41 46 0 40 -14 67 
RSSI :-110 
Input angle :61
Zaxis angle :14 
minval :0 

minval :0 



-30 29 -26 -33 35 -23 20 37 -39 17 -13 -40 42 -9 5 42 
-45 -69 43 0 -39 -87 -31 -46 -73 61 -4 -64 27 41 -18 -38 
64 51 -41 12 68 68 46 30 50 -81 25 60 -39 -30 29 30 
-77 -29 34 -26 -83 -47 -53 -16 -24 93 -40 -50 46 17 -37 -19 
82 2 -25 36 94 15 56 0 -7 -95 55 34 -49 -1 42 6 
-79 24 9 -42 -94 18 -31 -112 44 -73 
RSSI :-110 
Input angle :58
Zaxis angle :0 
minval :0 

minval :0 


