
-61 32 -26 -62 64 -22 18 65 -67 15 -12 -67 68 -9 4 68 
-15 -11 30 -88 -5 3 -40 1 87 36 -37 36 -51 -55 -68 -10 
14 -12 79 50 -2 -6 6 -40 -54 77 -27 -44 65 -35 27 -64 
8 17 -66 66 6 0 36 17 -61 -70 49 -16 21 72 54 44 
-18 3 -47 -81 -1 5 -24 32 86 -38 4 51 -74 0 -55 42 
0 -19 89 -25 -6 -2 80 -80 45 23 
RSSI :-110 
Input angle :44
Zaxis angle :0 
minval :0 

minval :0 



-25 -61 63 -21 15 64 -65 11 -9 -66 66 -4 0 66 -66 -1 
46 -22 23 49 -1 -34 -10 -63 -104 68 -48 -53 116 0 19 -64 
13 49 -53 13 33 5 63 4 -42 -118 63 -34 -26 112 58 33 
-51 0 0 -55 -13 31 -21 59 124 -12 18 69 -103 -53 -47 47 
12 -50 53 13 -27 -20 -54 -33 -14 124 -71 2 74 -89 -38 -55 
45 23 -24 49 26 -21 30 62 30 -10 
RSSI :-110 
Input angle :53
Zaxis angle :0 
minval :0 

minval :0 



-62 -2 5 -62 61 10 -14 60 -60 -17 21 -58 58 23 -25 56 
2 -53 31 3 -41 -33 -57 -39 -10 118 -77 9 68 -67 -48 -39 
50 15 -11 29 43 -30 51 -45 -113 -35 5 -77 54 78 50 -37 
-28 44 -26 -16 23 47 35 59 60 -102 74 23 -90 32 26 56 
-36 -37 22 -21 -51 11 -67 18 85 82 -40 66 -6 -95 -61 10 
44 -29 15 27 2 -52 101 78 -113 15 
RSSI :-110 
Input angle :58
Zaxis angle :0 
minval :0 

minval :0 



-38 69 -66 -41 46 -63 61 50 -51 59 -57 -53 57 -53 50 60 
-33 -14 -2 -56 -24 24 -32 30 104 6 -4 64 -59 -56 -70 36 
20 -29 54 12 -17 -29 -23 -39 -32 99 -61 -22 69 -42 -16 -77 
21 28 -24 49 33 -9 43 -12 -89 -54 34 -55 24 77 78 4 
-32 15 -41 -37 3 34 1 45 73 -74 44 47 -81 7 -21 76 
-6 -35 46 -31 -33 -5 -22 0 -77 21 
RSSI :-110 
Input angle :53
Zaxis angle :0 
minval :0 

minval :0 



67 -12 8 67 -68 3 1 -68 68 3 -6 68 -67 -9 14 -66 
9 23 -53 33 29 0 41 7 -58 -78 47 -29 -2 80 61 31 
-25 3 -19 -59 -5 28 -15 38 90 -36 17 53 -76 -23 -45 52 
1 -25 62 -4 -26 -12 -34 -23 19 95 -54 5 37 -70 -39 -56 
24 7 -12 62 18 -22 32 -25 -96 -5 7 -55 59 53 65 -25 
-12 22 -58 -23 17 23 96 16 94 -24 
RSSI :-110 
Input angle :53
Zaxis angle :0 
minval :0 

minval :0 



41 -58 56 44 -48 53 -51 -51 53 -48 46 55 -58 42 -38 -60 
24 7 -9 57 23 -21 30 -20 -102 -10 7 -50 60 52 68 -23 
-12 21 -54 -19 15 27 14 33 35 -96 47 19 -63 48 7 72 
-18 -17 35 -46 -29 9 -35 5 88 53 -29 42 -32 -73 -72 -9 
20 -15 39 43 -1 -31 3 -36 -72 73 -35 -38 79 -11 25 -67 
8 23 -52 25 30 5 44 111 -47 -23 
RSSI :-110 
Input angle :53
Zaxis angle :0 
minval :0 

minval :0 



8 -74 73 12 -17 72 -71 -21 24 -70 68 29 -34 65 -62 -37 
30 -2 19 56 23 -30 28 -34 -110 24 -15 -60 81 30 50 -55 
-4 30 -59 8 24 29 28 34 1 -114 61 0 -48 71 38 64 
-28 -11 5 -59 -34 16 -39 19 110 27 -16 59 -61 -60 -68 28 
17 -24 56 19 -8 -37 -9 -43 -53 100 -55 -27 74 -44 -9 -73 
19 22 -32 50 38 0 -94 94 -99 -19 
RSSI :-110 
Input angle :53
Zaxis angle :0 
minval :0 

minval :0 



34 57 -58 32 -27 -60 62 -23 18 64 -65 16 -14 -65 65 -10 
0 29 -80 -31 6 25 8 46 42 -112 74 30 -82 36 -4 66 
-29 -6 48 -71 -26 0 -47 -4 96 71 -49 63 -17 -88 -64 -20 
13 -26 56 65 5 -25 16 -43 -93 75 -50 -61 89 5 34 -58 
23 18 -75 42 23 11 39 26 -56 -105 73 -32 -27 84 47 47 
-24 17 -20 -83 -17 20 -43 97 28 -7 
RSSI :-110 
Input angle :89
Zaxis angle :36 
minval :0 

minval :0 



-16 49 -49 -18 21 -47 46 23 -26 45 -43 -28 31 -42 40 32 
5 10 -32 -71 4 21 -18 38 87 -54 35 49 -74 -6 -42 32 
-12 2 75 -19 -21 0 -33 -26 35 96 -56 23 22 -70 -20 -49 
0 -12 0 78 6 -20 33 -26 -101 10 -8 -60 63 38 51 -11 
11 3 -75 -18 18 11 17 38 9 -102 60 5 -51 53 -1 52 
-6 10 37 -68 -15 15 -123 -127 -105 8 
RSSI :-110 
Input angle :51
Zaxis angle :14 
minval :0 

minval :0 



-52 -51 54 -49 47 56 -58 44 -41 -60 63 -37 32 66 -67 28 
0 -12 84 -7 -24 -21 -15 -43 -13 98 -63 2 52 -52 -11 -73 
11 4 -13 84 28 -16 46 -3 -91 -39 13 -61 36 65 73 5 
-7 10 -78 -33 10 30 -6 45 60 -79 56 27 -72 19 -22 71 
-9 -8 51 -68 -32 2 -42 -18 60 78 -40 48 -3 -75 -63 -37 
10 -6 58 62 3 -32 -105 30 -12 10 
RSSI :-110 
Input angle :54
Zaxis angle :0 
minval :0 

minval :0 



-31 59 -56 -35 38 -55 53 40 -42 51 -48 -46 49 -45 41 51 
-38 -4 19 -41 -11 20 -4 24 92 -14 -9 22 -34 -4 -61 28 
14 -36 34 29 -16 -15 -22 -9 -10 92 -20 -14 12 -32 -14 -65 
31 23 -36 28 19 -11 15 -18 -87 -30 17 -16 28 20 67 4 
-28 26 -18 -41 8 20 14 19 51 -77 11 21 -27 21 -18 63 
-18 -34 45 -6 -22 2 6 17 -88 16 
RSSI :-110 
Input angle :42
Zaxis angle :0 
minval :0 

minval :0 



-71 -34 39 -69 66 43 -45 64 -61 -49 53 -58 54 57 -61 49 
25 -32 34 6 -17 -32 -43 -27 1 97 -49 4 35 -43 -36 -70 
25 31 -14 32 35 -10 39 -33 -96 -21 5 -48 33 45 79 -12 
-37 16 -28 -20 2 37 24 45 41 -88 46 17 -52 20 -3 80 
-7 -40 26 -23 -36 -7 -49 13 74 63 -28 39 -8 -55 -76 -23 
40 2 16 30 14 -34 -61 -98 -68 14 
RSSI :-110 
Input angle :58
Zaxis angle :14 
minval :0 

minval :0 



-12 73 -73 -17 21 -72 71 24 -26 70 -69 -30 32 -68 65 35 
-25 -5 -20 -46 -13 37 8 49 83 -47 41 22 -76 -2 -53 53 
9 -24 49 -9 -33 -20 -50 -1 23 93 -31 35 22 -73 -40 -64 
21 15 -2 50 28 -27 13 -48 -96 0 -28 -37 66 38 72 -23 
-19 17 -48 -13 19 33 43 25 24 -93 44 -15 -54 54 6 75 
-12 -23 26 -43 -37 11 93 -31 103 10 
RSSI :-110 
Input angle :58
Zaxis angle :0 
minval :0 

minval :0 



-77 -2 5 -76 76 9 -12 76 -75 -16 20 -73 73 23 -27 71 
4 -13 43 -51 -28 -12 -47 5 67 66 -23 51 -12 -70 -62 -46 
11 6 37 55 19 -24 7 -47 -80 49 -45 -33 72 3 58 -51 
-9 9 -62 24 19 23 44 18 -29 -89 43 -36 -21 68 32 69 
-7 -11 -6 -66 -28 12 -28 38 95 -3 21 52 -59 -40 -76 13 
13 -4 67 4 -5 -30 -52 111 -91 23 
RSSI :-110 
Input angle :53
Zaxis angle :0 
minval :0 

minval :0 



-32 68 -67 -36 39 -65 63 42 -45 61 -57 -50 52 -54 52 55 
-13 -10 -23 -58 -23 21 -11 44 88 -31 34 40 -72 -19 -68 35 
13 -10 62 -10 -15 -28 -40 -22 7 93 -46 24 34 -66 -19 -74 
7 15 -5 62 31 -7 31 -32 -93 -11 -14 -51 56 47 76 0 
-16 4 -60 -19 0 31 25 37 31 -88 52 -2 -62 40 -22 74 
0 -16 34 -52 -31 -8 47 65 -51 13 
RSSI :-110 
Input angle :56
Zaxis angle :0 
minval :0 

minval :0 



-72 -18 20 -71 69 24 -29 68 -67 -31 34 -65 63 38 -42 61 
1 -21 55 -35 -24 -24 -44 -10 40 86 -41 36 6 -74 -45 -60 
20 5 18 63 29 -17 22 -38 -94 16 -23 -48 70 23 68 -31 
-11 18 -66 0 8 34 33 30 5 -95 52 -14 -39 63 15 73 
-16 -14 13 -65 -35 3 -38 25 91 27 -2 54 -52 -53 -74 -1 
18 -11 60 27 5 -34 72 63 36 21 
RSSI :-110 
Input angle :53
Zaxis angle :0 
minval :0 

minval :0 



28 -66 64 32 -35 63 -61 -39 44 -56 54 47 -49 51 -49 -51 
23 3 17 55 30 -22 20 -39 -92 20 -27 -41 73 18 63 -35 
-8 21 -58 5 13 35 34 27 3 -94 48 -13 -36 66 21 69 
-19 -13 10 -57 -37 5 -35 25 91 25 3 50 -54 -51 -72 5 
18 -15 53 24 4 -37 -16 -40 -50 79 -49 -8 62 -42 12 -71 
11 20 -34 47 35 12 -19 -18 -59 -17 
RSSI :-110 
Input angle :53
Zaxis angle :0 
minval :0 

minval :0 



81 20 -23 80 -78 -26 31 -77 76 33 -39 73 -70 -45 49 -66 
4 32 -51 19 23 25 29 11 -30 -87 33 -27 -10 81 55 63 
-32 -4 -7 -54 -30 16 -18 25 91 -8 19 38 -76 -27 -73 39 
12 -30 54 7 -7 -33 -20 -24 -13 91 -41 11 47 -66 -17 -82 
26 18 -18 52 34 0 28 -13 -84 -36 1 -43 51 64 84 4 
-24 20 -46 -31 -7 34 -40 -80 126 -19 
RSSI :-110 
Input angle :48
Zaxis angle :0 
minval :0 

minval :0 



46 32 -35 45 -42 -37 40 -39 37 43 -44 35 -33 -46 47 -30 
-12 24 -52 -3 20 34 34 23 20 -113 49 0 -55 79 17 55 
-22 -16 15 -50 -37 13 -30 30 106 43 -10 48 -65 -71 -57 5 
21 -17 46 24 -3 -39 -22 -36 -68 91 -44 -21 85 -45 7 -57 
10 25 -38 36 39 6 40 -11 -68 -91 32 -37 18 95 52 24 
-26 4 -27 -45 -15 36 -94 97 2 -12 
RSSI :-110 
Input angle :53
Zaxis angle :0 
minval :0 

minval :0 



58 16 -20 57 -56 -23 25 -55 53 29 -33 50 -50 -34 35 -47 
-2 20 -35 5 18 32 28 15 -19 -77 38 -9 -11 75 37 49 
-20 -7 4 -35 -34 15 -19 26 80 -2 1 39 -75 -13 -57 21 
9 -19 33 13 0 -37 -17 -27 -20 77 -38 -10 40 -64 -12 -59 
13 16 -20 29 36 7 30 -11 -70 -38 18 -35 51 56 60 5 
-18 10 -25 -25 -16 33 -41 -80 -46 -16 
RSSI :-110 
Input angle :48
Zaxis angle :0 
minval :0 

minval :0 



-36 -47 49 -34 31 51 -53 28 -27 -53 54 -25 22 55 -56 16 
21 -31 50 21 -7 -36 -24 -32 -63 102 -42 -19 81 -60 0 -61 
25 28 -31 44 37 -4 34 -22 -99 -68 27 -38 44 91 60 9 
-30 23 -35 -40 -8 36 7 39 101 -65 29 36 -100 17 -27 54 
-8 -37 49 -23 -33 -16 -40 -3 40 113 -42 19 5 -101 -46 -39 
38 -1 11 53 24 -28 32 -18 44 3 
RSSI :-110 
Input angle :48
Zaxis angle :0 
minval :0 

minval :0 



-18 -51 52 -14 11 53 -54 7 -4 -54 54 -2 0 54 -53 -3 
11 -19 24 20 9 -31 -1 -36 -48 69 -34 -23 55 -44 16 -52 
15 15 -26 19 28 16 35 6 -56 -63 32 -27 30 65 47 28 
-18 10 -11 -30 -22 23 -14 33 75 -37 18 38 -71 10 -41 36 
-6 -20 32 -4 -16 -28 -28 -23 21 81 -40 9 6 -71 -26 -48 
22 0 -2 32 30 -10 -87 30 -68 -1 
RSSI :-110 
Input angle :48
Zaxis angle :0 
minval :0 

minval :0 



-31 43 -42 -32 34 -40 37 37 -40 34 -31 -42 44 -29 26 45 
-27 0 2 -32 -33 11 -30 22 93 0 2 45 -76 -26 -51 17 
7 -27 31 10 -2 -35 -16 -34 -27 88 -43 -11 47 -65 -3 -54 
24 13 -16 28 35 5 37 -6 -82 -44 19 -41 55 59 53 9 
-19 20 -23 -22 -14 33 -1 37 65 -66 34 29 -70 38 -22 48 
-15 -23 28 -16 -27 -22 -49 -112 48 19 
RSSI :-110 
Input angle :48
Zaxis angle :0 
minval :0 

minval :0 



49 -8 5 49 -49 3 -1 -50 49 2 -5 49 -49 -8 11 -48 
21 21 -25 19 30 14 36 7 -67 -69 36 -35 34 77 46 19 
-26 15 -13 -29 -20 26 -15 34 83 -50 25 43 -82 17 -31 39 
-8 -28 31 -5 -20 -27 -28 -24 27 92 -48 13 5 -84 -29 -41 
30 -2 -2 32 31 -12 30 -22 -97 5 -2 -50 81 23 48 -17 
-5 30 -30 -10 5 34 75 16 28 -24 
RSSI :-110 
Input angle :48
Zaxis angle :0 
minval :0 

minval :0 



-39 27 -25 -41 43 -21 19 44 -45 16 -13 -46 47 -11 9 47 
-26 -8 15 -28 -34 -1 -38 9 89 30 -14 47 -63 -50 -49 -1 
16 -23 23 21 7 -33 0 -39 -49 79 -42 -27 65 -47 15 -46 
19 21 -26 16 30 16 38 8 -62 -70 36 -35 35 72 40 27 
-25 14 -9 -30 -22 25 -16 35 80 -46 26 43 -78 17 -34 36 
-8 -27 31 -3 -18 -28 101 112 -88 22 
RSSI :-110 
Input angle :48
Zaxis angle :0 
minval :0 

minval :0 



-9 49 -48 -10 12 -47 46 16 -20 44 -44 -22 25 -42 41 27 
-23 12 -9 -30 -22 23 -18 35 80 -46 23 43 -76 15 -37 33 
-5 -26 31 0 -17 -27 -29 -26 24 88 -48 11 5 -77 -23 -43 
25 0 -6 30 30 -9 32 -22 -92 3 1 -50 76 20 48 -12 
-5 26 -28 -13 1 32 14 36 18 -90 48 12 -43 65 0 50 
-22 -12 20 -24 -32 -5 74 17 -96 10 
RSSI :-110 
Input angle :48
Zaxis angle :0 
minval :0 

minval :0 



-28 -39 40 -26 24 41 -42 21 -19 -43 45 -17 15 45 -45 12 
9 -26 20 18 -6 -31 -18 -34 -17 88 -42 -10 33 -64 0 -48 
23 15 -23 15 32 2 37 -9 -80 -40 21 -38 55 45 47 11 
-21 18 -9 -26 -9 31 0 38 57 -69 31 29 -58 42 -23 42 
-13 -25 27 -3 -27 -16 -37 -10 51 73 -37 23 -27 -66 -38 -30 
27 -7 -2 27 21 -24 -73 -98 -42 8 
RSSI :-110 
Input angle :44
Zaxis angle :0 
minval :0 

minval :0 



-10 -34 35 -9 7 35 -36 5 -4 -35 35 -2 0 36 -35 -2 
-8 -41 37 53 -12 -24 -1 -31 -47 75 -51 -26 75 -34 11 -34 
42 0 -60 26 26 -8 30 5 -58 -67 38 -42 14 81 31 19 
-10 41 -11 -64 1 27 -12 28 77 -44 32 48 -82 -6 -25 26 
-36 -20 66 2 -27 -5 -24 -19 25 84 -53 21 23 -79 -18 -31 
29 -31 -23 61 11 -25 -98 46 -86 0 
RSSI :-110 
Input angle :46
Zaxis angle :0 
minval :0 

minval :0 



-46 4 -1 -46 46 0 -3 46 -46 -6 7 -46 45 10 -13 44 
-35 -2 49 -35 -24 6 -31 -14 58 55 -44 35 -17 -56 -40 -24 
11 -33 22 56 0 -24 20 -27 -66 47 -25 -50 59 -4 33 -33 
29 19 -60 7 23 5 21 27 -24 -77 56 -9 -13 58 22 42 
-26 23 8 -60 -11 22 -31 14 80 -8 -5 56 -53 -26 -45 11 
-16 -31 57 19 -18 -16 -46 111 1 20 
RSSI :-110 
Input angle :46
Zaxis angle :0 
minval :0 

minval :0 



30 -38 37 32 -34 36 -35 -34 35 -34 31 37 -38 29 -26 -41 
19 -19 -8 59 -5 -8 25 -17 -98 32 1 -57 62 14 48 -13 
14 24 -56 -20 8 -3 11 29 -4 -103 54 13 -28 57 2 49 
-26 7 32 -49 1 9 -31 4 102 16 -27 49 -48 -42 -49 -8 
-2 -28 41 42 -9 -1 3 -31 -41 94 -41 -38 51 -37 20 -45 
27 5 -52 29 3 -9 -74 -98 69 -16 
RSSI :-110 
Input angle :43
Zaxis angle :0 
minval :0 

minval :0 



29 -31 30 30 -32 28 -27 -33 35 -25 23 36 -37 20 -17 -39 
16 -18 -22 60 -2 -1 27 -10 -88 22 7 -52 50 14 42 -8 
13 20 -52 -35 2 -1 5 29 -3 -90 48 20 -26 45 -1 43 
-22 8 47 -43 0 2 -29 -3 88 19 -32 41 -37 -35 -42 -9 
-2 -24 30 56 -2 0 9 -27 -40 81 -31 -41 44 -27 21 -37 
24 2 -62 15 0 -2 -21 126 -36 -16 
RSSI :-110 
Input angle :44
Zaxis angle :0 
minval :0 

minval :0 



34 -37 35 36 -38 33 -31 -40 42 -28 26 43 -44 23 -21 -45 
15 -26 -13 65 -8 -11 24 -8 -100 10 13 -50 53 25 50 -8 
21 22 -59 -30 13 -5 2 25 15 -99 45 24 -37 46 -3 51 
-26 15 44 -50 2 13 -25 -4 94 35 -35 37 -37 -46 -48 -15 
-8 -29 37 54 -14 -1 10 -23 -56 83 -29 -42 53 -25 25 -44 
30 -1 -62 23 4 -13 -12 30 26 -19 
RSSI :-110 
Input angle :44
Zaxis angle :14 
minval :0 

minval :0 



-10 57 -56 -12 15 -56 55 18 -22 53 -52 -24 27 -51 48 29 
-3 21 -34 -64 -5 2 -10 20 47 -63 25 46 -43 18 -43 38 
-20 -8 70 -16 -1 -5 -17 -15 50 61 -51 12 -9 -46 -29 -50 
13 -17 -1 72 5 0 20 -11 -73 31 0 -52 47 2 56 -15 
14 16 -70 -16 -1 5 7 22 -15 -78 50 14 -15 45 0 58 
-20 8 36 -62 -4 -2 62 97 -88 -1 
RSSI :-110 
Input angle :48
Zaxis angle :25 
minval :0 

minval :0 



27 -36 34 29 -31 32 -31 -32 34 -28 26 36 -37 24 -21 -38 
29 -13 -25 46 5 -16 28 -15 -101 1 16 -48 40 17 43 -12 
5 31 -39 -36 14 8 8 31 27 -97 41 29 -27 34 1 45 
-32 -1 44 -29 -11 12 -32 0 89 46 -37 34 -27 -34 -44 -9 
9 -31 16 50 -8 -14 8 -31 -68 74 -23 -44 40 -17 20 -40 
27 17 -52 4 16 -4 20 63 109 -21 
RSSI :-110 
Input angle :48
Zaxis angle :0 
minval :0 

minval :0 



-38 16 -15 -38 39 -11 8 40 -41 6 -3 -41 41 0 -1 41 
-25 -12 43 -17 -17 3 -25 -5 80 43 -37 28 -43 -34 -40 -11 
18 -21 7 46 1 -17 11 -23 -62 66 -16 -43 46 -31 20 -37 
16 22 -46 -3 16 4 20 17 -50 -76 45 -7 18 51 30 28 
-26 11 16 -43 -8 15 -21 15 86 -29 -4 46 -54 9 -35 22 
-3 -27 38 26 -12 -11 24 -16 -12 22 
RSSI :-110 
Input angle :42
Zaxis angle :0 
minval :0 

minval :0 



33 -32 30 34 -36 28 -25 -38 39 -24 22 40 -42 19 -17 -42 
33 2 -30 37 15 -9 29 -8 -86 -10 24 -41 47 17 46 -6 
-10 31 -29 -39 5 17 0 30 28 -82 34 34 -29 40 -3 46 
-28 -16 44 -18 -18 1 -29 -6 73 46 -42 22 -32 -37 -43 -15 
23 -23 6 48 3 -18 12 -27 -63 59 -11 -46 45 -22 25 -39 
17 28 -48 -4 17 7 82 -17 -40 -20 
RSSI :-110 
Input angle :42
Zaxis angle :0 
minval :0 

minval :0 



1 53 -53 0 2 -53 53 5 -8 53 -52 -11 13 -52 51 15 
-7 27 -34 -45 21 5 2 28 38 -103 65 54 -57 35 -29 45 
-25 -14 52 -23 -11 19 -29 -3 93 58 -68 50 -22 -63 -38 -37 
19 -22 12 55 -15 -14 10 -27 -75 79 -31 -79 68 -7 45 -29 
17 23 -56 -2 18 -12 23 16 -56 -93 84 -13 -6 66 19 50 
-25 12 14 -55 8 20 -94 33 2 -9 
RSSI :-110 
Input angle :47
Zaxis angle :14 
minval :0 

minval :0 



42 -23 19 45 -45 14 -13 -47 47 -11 9 47 -48 6 -3 -48 
26 3 -32 43 0 -4 33 5 -88 -11 43 -61 31 45 48 7 
-11 24 -35 -40 3 0 -13 32 31 -83 48 57 -49 23 -17 46 
-22 -15 47 -27 0 3 -29 -18 75 47 -65 36 -12 -53 -42 -26 
19 -19 14 52 -3 -2 25 -23 -64 62 -21 -72 54 0 36 -34 
14 23 -53 4 2 -3 71 111 -22 -20 
RSSI :-110 
Input angle :50
Zaxis angle :14 
minval :0 

minval :0 



-6 58 -58 -10 12 -57 56 15 -18 55 -55 -21 25 -52 51 28 
-15 25 -15 -42 -1 8 -16 30 60 -79 33 72 -61 0 -40 43 
-22 -20 44 -6 -8 -2 -25 -22 63 76 -77 19 10 -60 -36 -47 
24 -16 -4 45 4 -7 27 -21 -89 44 -1 -80 54 27 55 -20 
11 28 -42 -13 5 5 14 31 -25 -95 78 17 -38 47 9 58 
-29 4 22 -39 -6 4 -111 -79 34 -1 
RSSI :-110 
Input angle :48
Zaxis angle :0 
minval :0 

minval :0 



46 21 -24 43 -42 -27 29 -41 39 31 -33 38 -36 -35 36 -33 
17 14 -49 -16 4 -6 26 15 -45 -78 79 0 -30 64 22 46 
-18 12 27 -43 6 5 -20 22 87 -25 -18 76 -56 -43 -49 13 
-9 -20 36 36 -7 4 -16 -25 6 90 -70 -35 54 -45 -1 -50 
22 -3 -42 29 -2 -8 29 -10 -89 -11 50 -60 31 64 50 11 
0 22 -17 -48 8 -1 -121 -48 0 -21 
RSSI :-110 
Input angle :57
Zaxis angle :14 
minval :0 

minval :0 



55 0 -1 55 -55 -3 6 -55 54 10 -12 53 -53 -15 18 -50 
17 3 -57 17 0 -8 27 6 -72 -55 69 -34 20 64 47 30 
-7 16 -6 -59 7 1 -12 25 69 -59 19 75 -67 4 -39 39 
-14 -9 59 5 -3 7 -20 -19 42 81 -77 2 10 -66 -28 -48 
13 -12 -19 56 -6 -4 22 -16 -88 23 16 -76 63 24 53 -16 
8 16 -50 -31 6 -5 -12 111 41 -23 
RSSI :-110 
Input angle :44
Zaxis angle :0 
minval :0 

minval :0 



53 -21 18 55 -55 15 -11 -56 57 -7 3 57 -58 0 2 -57 
17 4 -49 28 -3 0 36 4 -87 -31 60 -54 33 52 56 13 
-8 16 -17 -54 0 -3 -10 33 48 -79 39 71 -59 19 -25 52 
-13 -12 57 -5 3 1 -30 -19 66 65 -79 17 -3 -62 -42 -39 
15 -11 -9 56 -1 2 26 -24 -78 50 0 -81 62 5 46 -34 
6 16 -54 -19 -2 -2 125 -1 17 -22 
RSSI :-110 
Input angle :58
Zaxis angle :20 
minval :0 

minval :0 



-1 58 -57 -4 7 -57 56 12 -15 55 -55 -18 21 -54 51 24 
-16 9 0 -56 1 0 -21 33 64 -75 34 87 -73 9 -36 46 
-5 -18 54 13 0 1 -27 -28 60 78 -92 15 9 -73 -33 -48 
18 -1 -28 49 0 -1 34 -19 -90 40 6 -94 68 26 53 -24 
-3 18 -41 -38 1 0 10 38 -17 -97 90 27 -39 62 10 57 
-17 -8 47 -30 0 1 -117 97 115 1 
RSSI :-110 
Input angle :45
Zaxis angle :0 
minval :0 

minval :0 



43 26 -27 42 -40 -30 31 -38 37 33 -36 34 -32 -38 39 -30 
3 29 -48 -22 -4 6 22 41 -4 -96 82 33 -34 47 19 46 
-29 -4 33 -41 -5 -5 -46 13 95 17 -53 72 -37 -44 -49 9 
9 -27 33 41 6 -3 -2 -47 -37 88 -61 -65 52 -26 2 -50 
24 15 -48 21 1 8 46 9 -78 -55 79 -40 14 56 48 14 
-20 21 -12 -51 -7 0 31 81 -29 -17 
RSSI :-110 
Input angle :61
Zaxis angle :14 
minval :0 

minval :0 



-45 -7 11 -44 44 12 -15 43 -42 -18 21 -41 40 22 -23 39 
-5 -23 68 -12 -20 4 -31 -18 37 102 -83 -11 24 -65 -32 -33 
24 -1 -3 69 0 -21 23 -27 -109 10 29 -78 58 38 39 -24 
-3 24 -66 -19 20 5 20 29 12 -108 70 46 -51 46 14 44 
-22 -9 33 -60 -10 18 -33 13 103 35 -61 57 -34 -60 -46 4 
14 -19 51 46 -15 -14 17 47 -13 22 
RSSI :-110 
Input angle :45
Zaxis angle :0 
minval :0 

minval :0 



36 -11 7 36 -37 5 -3 -38 37 -2 0 37 -37 -3 4 -37 
12 4 -53 19 13 -7 28 23 -59 -71 68 -1 -18 55 35 15 
-7 10 -8 -56 4 14 -28 22 84 -37 -13 66 -49 -30 -22 30 
-9 -10 57 4 -15 0 -14 -33 15 90 -59 -32 43 -39 -25 -28 
12 -6 -19 54 2 -15 36 -5 -92 -2 41 -54 31 49 33 -19 
3 13 -49 -29 14 5 93 -32 -117 -23 
RSSI :-110 
Input angle :50
Zaxis angle :14 
minval :0 

minval :0 



44 10 -13 43 -43 -15 18 -42 40 21 -23 38 -37 -25 27 -36 
16 7 -26 -16 16 2 -11 17 -20 -89 69 6 -17 53 29 35 
-11 13 21 -22 -6 15 -14 -14 91 1 -23 66 -49 -28 -42 18 
-10 -14 16 25 -14 -9 17 -10 -20 88 -59 -36 37 -42 -9 -45 
15 -8 -28 11 12 -11 7 19 -82 -40 48 -50 32 45 46 0 
3 17 -5 -30 8 14 -40 112 111 -19 
RSSI :-110 
Input angle :43
Zaxis angle :14 
minval :0 

minval :0 



16 57 -58 12 -9 -59 59 -6 3 59 -59 0 4 -59 58 8 
-5 24 -49 -41 -8 13 -12 46 97 -74 37 72 -72 0 -21 55 
-22 -9 50 -38 -11 -12 -42 -21 52 110 -79 19 17 -70 -50 -33 
14 -19 23 60 14 -8 31 -35 -120 23 0 -82 65 31 44 -40 
15 19 -64 8 4 15 27 39 4 -122 80 15 -46 55 29 52 
-22 11 3 -64 -16 0 -38 -15 123 7 
RSSI :-110 
Input angle :53
Zaxis angle :14 
minval :0 

minval :0 



31 -14 13 32 -32 11 -9 -33 33 -7 5 34 -34 4 -2 -34 
13 -5 -40 56 11 -1 41 10 -95 -60 62 -48 10 67 34 5 
3 14 -48 -49 0 10 -17 39 79 -80 32 72 -68 -6 -12 32 
-14 0 59 -35 -10 -2 -32 -29 61 95 -77 14 20 -65 -28 -20 
3 -14 19 66 5 -9 34 -26 -108 33 3 -79 57 36 26 -23 
12 7 -69 2 7 7 -57 31 -46 -29 
RSSI :-110 
Input angle :191
Zaxis angle :29 
minval :0 

minval :0 



-19 0 0 -19 19 1 -2 19 -18 -4 5 -18 18 6 -7 17 
-10 -7 33 -16 -6 -8 -23 -8 27 65 -47 4 15 -43 -15 -11 
9 -8 7 35 10 -4 14 -20 -69 12 5 -47 38 26 14 -13 
6 11 -36 0 2 10 16 18 5 -70 44 17 -33 31 9 17 
-12 3 8 -35 -11 0 -21 11 68 17 -25 40 -23 -39 -18 5 
0 -12 32 16 2 -10 -11 -18 28 31 
RSSI :-110 
Input angle :53
Zaxis angle :0 
minval :0 

minval :0 



-17 -5 6 -17 17 7 -7 16 -16 -8 9 -16 15 10 -11 14 
-15 -6 34 -5 -15 0 -16 -11 27 60 -41 7 13 -40 -11 -15 
9 -13 -2 34 3 -14 15 -13 -65 13 3 -41 35 23 17 -8 
11 12 -33 -10 13 7 9 17 1 -66 39 13 -29 30 4 18 
-14 8 17 -30 -10 11 -19 4 63 19 -20 36 -23 -35 -19 0 
-4 -15 25 23 -8 -13 7 -33 75 29 
RSSI :-110 
Input angle :46
Zaxis angle :0 
minval :0 

minval :0 



-16 10 -10 -17 17 -9 8 18 -18 7 -6 -18 19 -4 3 19 
-17 5 23 -25 -8 5 -21 1 57 32 -26 27 -14 -37 -20 0 
-1 -18 21 27 -3 -9 5 -21 -41 51 -20 -32 39 -4 4 -19 
18 2 -32 13 10 0 19 8 -35 -55 36 -12 -4 39 18 8 
-7 17 -5 -34 -1 10 -13 17 62 -22 4 38 -37 -13 -13 15 
-15 -10 34 2 -9 -3 76 -96 -96 32 
RSSI :-110 
Input angle :48
Zaxis angle :0 
minval :0 

minval :0 



7 20 -20 6 -4 -21 21 -3 1 21 -21 1 0 -21 21 0 
0 17 -17 -29 2 8 -7 21 48 -42 17 33 -37 3 -6 21 
-16 -3 31 -11 -9 0 -18 -12 33 55 -36 9 4 -37 -19 -10 
6 -15 3 33 1 -9 16 -14 -62 18 -3 -37 35 14 14 -16 
13 11 -33 -6 8 3 11 19 -3 -65 36 6 -21 31 11 19 
-13 10 12 -31 -5 7 2 66 93 5 
RSSI :-110 
Input angle :48
Zaxis angle :0 
minval :0 

minval :0 



-18 -37 38 -17 15 39 -39 13 -12 -39 40 -9 6 41 -41 4 
-8 -35 46 47 -10 -18 7 -40 -73 105 -47 -58 72 -21 5 -42 
35 0 -58 32 21 -5 38 15 -87 -93 68 -32 7 74 39 16 
-9 35 -17 -64 0 21 -24 33 114 -58 16 73 -74 -12 -24 34 
-31 -15 66 -3 -21 -5 -26 -32 34 123 -75 0 26 -70 -28 -31 
23 -27 -11 65 9 -19 -1 29 42 0 
RSSI :-110 
Input angle :48
Zaxis angle :0 
minval :0 

minval :0 



39 -7 4 40 -40 2 0 -40 40 1 -4 40 -40 -6 8 -39 
33 1 -66 20 21 0 33 20 -65 -112 72 -15 -7 76 37 18 
-8 32 -7 -68 -3 20 -27 28 122 -40 0 74 -72 -23 -26 32 
-29 -16 68 10 -19 -8 -19 -34 13 0 -72 -18 40 -63 -25 -32 
22 -24 -22 65 12 -16 37 -13 0 -18 31 -66 53 54 37 -17 
19 26 -57 -38 13 16 -53 -16 -27 -31 
RSSI :-110 
Input angle :49
Zaxis angle :20 
minval :0 

minval :0 



-13 -40 41 -11 9 41 -42 6 -3 -42 42 -1 0 42 -42 -3 
0 -31 31 56 -8 -19 17 -34 -95 82 -29 -71 78 -8 13 -41 
30 6 -62 15 21 -1 29 25 -60 -110 76 -13 -10 79 36 23 
-12 28 -1 -65 -1 21 -32 21 121 -32 -3 77 -74 -28 -28 32 
-25 -19 63 12 -20 -7 -14 -36 5 125 -73 -25 44 -66 -21 -37 
24 -19 -28 58 11 -18 21 30 86 -7 
RSSI :-110 
Input angle :47
Zaxis angle :0 
minval :0 

minval :0 



16 35 -36 14 -13 -37 37 -11 9 38 -38 7 -4 -39 38 -2 
7 31 -32 -59 7 18 -18 36 88 -87 35 65 -75 17 -5 39 
-32 0 64 -20 -20 2 -30 -26 62 107 -72 16 0 -78 -36 -14 
6 -32 5 67 0 -20 32 -24 -117 41 1 -74 75 15 22 -32 
29 14 -66 -12 19 5 16 36 -7 -123 73 13 -36 69 26 29 
-21 25 24 -63 -10 17 -22 -111 21 5 
RSSI :-110 
Input angle :48
Zaxis angle :0 
minval :0 

minval :0 



41 5 -8 41 -40 -12 14 -39 39 15 -16 38 -36 -19 20 -36 
16 9 -61 10 11 -4 23 33 -55 -91 73 -3 -8 56 31 29 
-13 14 3 -61 2 12 -38 15 102 -30 -12 72 -52 -21 -35 23 
-10 -16 59 16 -12 0 -7 -40 7 106 -66 -32 34 -45 -12 -40 
18 -6 -29 53 3 -12 40 3 -105 -16 44 -59 36 43 42 -4 
2 19 -45 -41 10 5 -95 -112 72 -25 
RSSI :-110 
Input angle :50
Zaxis angle :14 
minval :0 

minval :0 



21 6 -7 21 -20 -8 9 -20 19 11 -12 18 -17 -14 14 -16 
15 7 -39 7 12 -1 16 13 -25 -60 41 -1 -15 37 13 18 
-9 13 3 -39 -1 12 -17 12 64 -10 -7 41 -33 -23 -20 9 
-10 -12 38 10 -12 -4 -8 -19 -1 64 -38 -17 30 -26 -4 -22 
14 -8 -18 35 7 -10 20 -4 -61 -19 25 -33 19 35 22 1 
4 16 -29 -27 9 9 4 17 4 -28 
RSSI :-110 
Input angle :46
Zaxis angle :0 
minval :0 

minval :0 



-44 1 0 -44 44 2 -6 44 -44 -9 12 -43 43 14 -15 41 
-29 -2 78 -37 -19 7 -44 -20 76 88 -79 38 -1 -84 -37 -25 
9 -26 18 85 -2 -20 28 -38 -102 56 -20 -86 82 16 34 -29 
23 17 -87 -1 20 2 28 38 -25 -114 88 2 -38 75 20 40 
-21 19 20 -85 -7 19 -43 19 117 -1 -21 86 -64 -53 -43 12 
-14 -25 78 37 -17 -11 -99 63 -74 28 
RSSI :-110 
Input angle :45
Zaxis angle :0 
minval :0 

minval :0 



-4 53 -53 -5 8 -52 52 10 -12 51 -50 -15 18 -49 47 22 
-33 37 -4 -79 -14 28 -34 41 115 -31 1 94 -67 -48 -34 40 
-29 -40 78 12 -24 -20 -33 -41 1 120 -93 -21 63 -54 -31 -42 
46 -19 -32 72 25 -19 48 -22 -118 -23 41 -85 38 74 47 -23 
9 49 -66 -42 12 29 12 51 45 -111 76 55 -81 19 9 53 
-50 -1 60 -52 -31 4 -116 -127 121 17 
RSSI :-110 
Input angle :53
Zaxis angle :0 
minval :0 

minval :0 



36 -40 38 40 -42 35 -33 -43 44 -31 28 47 -48 26 -23 -49 
43 -10 -50 59 23 -10 49 -6 -95 -45 59 -65 21 75 55 -8 
-1 44 -45 -64 3 25 -5 49 64 -83 49 72 -78 1 -2 55 
-42 -11 73 -28 -25 -2 -46 -16 65 82 -81 32 13 -77 -53 -15 
20 -38 12 78 7 -24 22 -44 -96 42 -13 -86 72 29 27 -48 
33 28 -78 -7 21 14 -86 111 27 -26 
RSSI :-110 
Input angle :49
Zaxis angle :0 
minval :0 

minval :0 



-53 9 -6 -54 54 -2 0 54 -53 -4 7 -53 53 10 -13 51 
-38 -16 77 -30 -29 0 -51 -21 56 114 -92 21 21 -84 -47 -26 
24 -34 9 81 7 -29 32 -44 -122 30 -2 -95 77 41 36 -41 
28 31 -82 -9 26 12 36 41 7 -126 93 21 -57 66 32 44 
-36 20 25 -78 -20 22 -50 23 123 29 -41 86 -52 -70 -50 19 
-10 -40 69 44 -17 -23 37 -65 -42 28 
RSSI :-110 
Input angle :47
Zaxis angle :0 
minval :0 

minval :0 



15 -50 50 18 -20 48 -48 -22 25 -47 45 27 -30 43 -41 -33 
31 -32 -10 78 12 -24 41 -32 -126 2 20 -91 71 55 42 -32 
24 38 -74 -27 21 16 20 48 23 -124 85 37 -70 55 22 48 
-42 14 45 -66 -21 17 -52 9 116 49 -57 74 -39 -80 -52 11 
-3 -45 55 57 -11 -25 1 -52 -76 101 -59 -73 87 -21 2 -53 
44 5 -67 42 27 -5 -74 -34 -107 -25 
RSSI :-110 
Input angle :47
Zaxis angle :0 
minval :0 

minval :0 



23 10 -11 22 -22 -12 13 -21 20 14 -15 20 -19 -16 17 -18 
14 10 -38 0 12 1 16 18 -6 -65 48 4 -24 35 14 21 
-13 11 7 -38 -3 12 -21 12 65 7 -18 45 -28 -31 -24 8 
-8 -15 35 16 -11 -6 -6 -24 -22 61 -39 -28 38 -18 -1 -25 
17 -4 -23 30 8 -9 25 -1 -55 -36 37 -31 10 41 25 2 
0 17 -24 -30 6 10 124 65 84 -23 
RSSI :-110 
Input angle :50
Zaxis angle :0 
minval :0 

minval :0 



-27 3 0 -27 27 1 -2 27 -27 -3 5 -27 26 6 -7 26 
-18 -4 34 -18 -12 3 -23 -8 32 58 -46 16 9 -45 -24 -14 
9 -16 10 37 0 -12 14 -20 -63 20 -1 -49 41 21 18 -20 
13 13 -39 0 12 3 16 18 -5 -66 48 7 -28 37 15 23 
-15 11 7 -38 -6 11 -21 12 65 11 -18 45 -29 -35 -25 10 
-7 -18 35 15 -10 -8 52 79 -35 30 
RSSI :-110 
Input angle :51
Zaxis angle :0 
minval :0 

minval :0 



-22 -5 6 -22 21 8 -9 21 -20 -10 11 -20 19 12 -13 18 
-17 -10 40 -2 -14 -2 -19 -18 9 66 -48 -5 25 -37 -14 -18 
14 -13 -7 39 5 -13 21 -15 -67 -6 16 -46 29 35 21 -10 
10 17 -36 -16 11 8 10 24 21 -63 40 26 -40 21 5 23 
-18 6 24 -32 -11 9 -26 3 57 34 -35 33 -12 -43 -23 0 
-1 -19 26 30 -7 -12 -116 -2 -119 24 
RSSI :-110 
Input angle :47
Zaxis angle :0 
minval :0 

minval :0 



19 21 -22 18 -17 -23 24 -16 14 25 -26 12 -10 -27 27 -9 
0 20 -32 -15 5 13 10 22 26 -68 40 30 -42 16 3 29 
-19 -4 21 -28 -14 2 -23 5 61 40 -39 32 -7 -45 -29 -3 
8 -18 22 28 0 -14 0 -24 -55 48 -19 -47 45 6 11 -27 
15 12 -33 14 13 4 23 7 -33 -65 50 -9 -16 42 24 16 
-15 12 -7 -35 -7 12 61 18 124 -9 
RSSI :-110 
Input angle :46
Zaxis angle :0 
minval :0 

minval :0 



-28 -16 17 -27 26 19 -21 25 -24 -21 22 -23 22 24 -25 20 
-5 -22 34 14 -1 -11 -14 -23 -12 64 -48 -20 42 -21 -13 -29 
22 0 -20 31 11 0 26 -8 -60 -27 30 -42 13 45 32 -6 
-4 22 -24 -28 -3 11 1 27 40 -52 33 40 -47 1 -1 32 
-20 -9 32 -17 -10 -5 -27 -4 42 50 -46 24 9 -46 -31 -9 
13 -18 9 36 8 -8 36 30 72 14 
RSSI :-110 
Input angle :53
Zaxis angle :0 
minval :0 

minval :0 



2 -57 57 5 -9 56 -56 -13 15 -56 54 18 -20 53 -52 -23 
26 -24 13 72 9 -15 26 -41 -117 46 -5 -96 74 41 39 -43 
17 32 -74 0 12 12 33 36 -18 -125 95 12 -58 61 32 47 
-34 10 18 -71 -14 9 -42 25 125 12 -36 89 -49 -69 -53 22 
-2 -36 64 36 -6 -17 -13 -47 -39 119 -77 -58 79 -29 -9 -57 
35 6 -49 55 17 -1 81 46 -113 -17 
RSSI :-110 
Input angle :46
Zaxis angle :0 
minval :0 

minval :0 



-43 37 -34 -45 48 -31 28 50 -51 26 -23 -52 53 -20 19 53 
-36 -5 40 -59 -18 0 -45 9 113 51 -59 75 -27 -80 -57 4 
15 -33 48 53 4 -17 2 -46 -72 100 -60 -74 84 -10 10 -57 
29 22 -63 35 16 8 44 12 -81 -92 86 -39 -10 84 53 22 
-27 24 -20 -68 -11 13 -21 40 108 -59 18 93 -80 -28 -33 47 
-17 -32 72 -1 -11 -14 105 -48 30 30 
RSSI :-110 
Input angle :48
Zaxis angle :0 
minval :0 

minval :0 



-50 24 -21 -51 52 -18 15 53 -54 12 -10 -55 55 -6 2 55 
-31 -14 56 -42 -18 -4 -49 -6 97 83 -78 53 0 -87 -54 -11 
22 -26 30 64 7 -17 16 -46 -105 72 -33 -88 86 17 23 -51 
21 27 -69 14 15 12 41 27 -46 -120 93 -11 -37 79 46 32 
-32 13 2 -70 -15 11 -38 32 127 -13 -6 94 -68 -54 -43 36 
-5 -34 67 19 -8 -17 -40 79 1 32 
RSSI :-110 
Input angle :53
Zaxis angle :0 
minval :0 

minval :0 



1 -28 27 3 -5 27 -27 -6 8 -26 26 8 -9 26 -25 -11 
16 -10 4 35 5 -7 16 -19 -62 16 -4 -47 36 22 18 -21 
6 17 -35 -5 5 7 14 20 -3 -64 47 8 -28 31 17 21 
-18 1 12 -33 -8 3 -23 9 63 13 -21 43 -21 -36 -26 10 
1 -18 30 19 -1 -9 -4 -24 -26 58 -38 -28 40 -14 -3 -27 
17 6 -26 23 9 0 90 -66 67 -19 
RSSI :-110 
Input angle :53
Zaxis angle :0 
minval :0 

minval :0 



-8 -55 55 -6 3 55 -56 1 2 -55 55 5 -9 55 -54 -11 
22 -26 17 70 9 -14 23 -43 -109 57 -27 -90 81 20 27 -48 
19 28 -72 1 11 12 36 33 -34 -119 94 -10 -39 74 42 37 
-32 12 14 -71 -14 8 -41 27 124 -9 -15 94 -64 -53 -46 32 
-5 -33 66 30 -4 -15 -18 -45 -17 123 -89 -32 66 -50 -22 -52 
34 2 -45 56 16 -1 54 46 -58 -13 
RSSI :-110 
Input angle :49
Zaxis angle :0 
minval :0 

minval :0 



-42 -55 58 -38 34 60 -63 29 -25 -65 66 -23 20 67 -67 15 
0 -31 46 54 -1 -26 -1 -37 -60 94 -61 -58 82 -8 0 -70 
30 6 -63 33 25 2 36 7 -77 -80 68 -49 -11 82 68 14 
-12 28 -18 -69 -8 24 -15 33 95 -57 34 77 -79 -23 -28 64 
-25 -19 72 -2 -22 -13 -30 -21 38 105 -82 16 45 -69 -55 -43 
23 -19 -12 70 18 -18 64 -98 -59 2 
RSSI :-110 
Input angle :49
Zaxis angle :0 
minval :0 

minval :0 



-42 -53 56 -40 36 58 -59 34 -31 -61 62 -29 24 64 -64 20 
-2 -29 59 47 7 -22 -5 -46 -59 111 -63 -63 83 -25 -4 -68 
28 4 -58 47 20 11 46 4 -97 -81 77 -44 5 87 69 9 
-10 27 -33 -67 -16 17 -13 44 103 -73 27 84 -86 -14 -24 65 
-24 -15 74 -17 -13 -18 -41 -22 53 114 -89 9 31 -81 -56 -40 
21 -19 2 75 21 -8 14 -2 -84 5 
RSSI :-110 
Input angle :59
Zaxis angle :0 
minval :0 

minval :0 



60 36 -39 59 -56 -43 47 -52 49 51 -53 47 -43 -57 59 -37 
10 28 -67 -18 11 12 19 45 -10 0 93 22 -57 70 24 67 
-29 4 29 -63 -14 8 -48 10 127 12 -42 86 -55 -71 -71 9 
1 -29 56 42 -5 -16 0 -50 -42 121 -77 -57 80 -42 5 -71 
28 7 -55 42 17 -1 48 11 -108 -69 73 -61 17 89 68 23 
-16 25 -28 -64 -3 16 122 -47 116 -22 
RSSI :-110 
Input angle :49
Zaxis angle :0 
minval :0 

minval :0 



-18 26 -25 -19 21 -24 22 23 -24 21 -19 -26 27 -18 17 27 
-14 2 12 -31 -8 8 -18 8 68 0 -11 44 -38 -28 -31 11 
0 -13 27 19 -5 -9 -4 -19 -12 66 -40 -21 35 -31 -4 -32 
13 3 -25 22 10 -3 20 0 -61 -30 31 -33 22 41 32 5 
-6 12 -15 -29 0 12 -4 19 42 -53 25 37 -46 10 -12 30 
-9 -10 32 -8 -11 -1 77 1 71 27 
RSSI :-110 
Input angle :48
Zaxis angle :0 
minval :0 

minval :0 



21 -11 10 22 -22 8 -7 -23 23 -6 5 23 -23 4 -2 -23 
26 -2 -24 34 9 -7 25 -9 -56 -37 31 -44 14 50 24 4 
-3 25 -27 -31 5 10 3 26 50 -45 37 40 -52 3 -9 23 
-24 -9 37 -18 -11 2 -26 -3 32 59 -49 23 11 -51 -19 -14 
15 -21 9 40 0 -11 8 -25 -65 16 -13 -53 47 21 18 -15 
17 19 -42 0 11 2 -15 -97 40 -34 
RSSI :-110 
Input angle :51
Zaxis angle :0 
minval :0 

minval :0 



-50 24 -21 -52 53 -17 14 53 -54 9 -7 -55 55 -4 0 55 
-40 -13 49 -30 -26 -6 -59 -6 95 80 -77 65 3 -80 -55 -12 
20 -36 17 55 10 -24 20 -57 -99 74 -41 -92 77 22 23 -50 
31 28 -57 3 20 17 50 31 -49 -114 100 -15 -40 69 43 36 
-36 22 9 -57 -20 16 -43 41 122 -21 -7 101 -57 -55 -43 35 
-14 -39 53 22 -11 -24 -16 31 83 31 
RSSI :-110 
Input angle :53
Zaxis angle :0 
minval :0 

minval :0 



-61 -14 18 -60 58 21 -25 57 -55 -28 30 -54 52 33 -35 50 
-28 -43 67 -6 -5 -2 -46 -12 32 123 -95 -20 65 -94 -39 -48 
48 -17 -9 67 4 -4 21 -43 -127 3 42 -87 77 85 56 -28 
5 51 -62 -25 3 5 37 29 26 -125 77 58 -100 56 14 61 
-52 -6 35 -57 -5 1 -38 27 115 56 -77 58 -31 -110 -63 0 
19 -48 43 52 -1 -5 -60 14 120 25 
RSSI :-110 
Input angle :46
Zaxis angle :0 
minval :0 

minval :0 



-6 -55 56 -4 1 56 -56 -1 4 -55 55 7 -11 54 -53 -14 
31 -23 23 56 7 -20 9 -65 -100 58 -20 -90 77 42 27 -49 
15 37 -60 7 18 12 61 26 -31 -111 92 2 -60 65 40 40 
-39 7 7 -60 -17 14 -38 54 115 -2 -27 87 -47 -74 -48 28 
1 -40 57 21 -9 -20 -42 -50 -24 112 -80 -44 82 -30 -17 -53 
38 11 -33 51 21 -5 96 -66 14 -13 
RSSI :-110 
Input angle :53
Zaxis angle :0 
minval :0 

minval :0 



-7 -24 24 -5 4 25 -25 3 -2 -25 25 0 0 25 -25 -2 
-2 -19 24 22 0 -11 -2 -27 -32 59 -39 -25 38 -18 9 -24 
19 2 -26 19 11 2 26 5 -51 -44 34 -32 8 41 21 14 
-6 18 -12 -30 -4 10 -10 25 54 -40 25 40 -42 0 -18 18 
-16 -10 31 -6 -8 -6 -22 -15 24 63 -44 15 9 -41 -13 -22 
14 -13 -1 32 8 -7 -22 13 -88 6 
RSSI :-110 
Input angle :49
Zaxis angle :0 
minval :0 

minval :0 



32 -3 2 32 -32 1 0 -32 32 2 -4 32 -32 -6 7 -32 
23 5 -25 18 10 -6 21 7 -48 -43 37 -30 -4 43 29 15 
-10 22 -12 -28 3 12 -12 18 53 -37 19 44 -41 -14 -21 25 
-19 -15 31 -4 -12 0 -15 -16 25 59 -46 11 22 -37 -21 -25 
19 -15 -2 31 2 -12 19 -11 -64 10 0 -48 30 31 30 -13 
9 22 -29 -9 11 5 37 -16 102 -33 
RSSI :-110 
Input angle :53
Zaxis angle :0 
minval :0 

minval :0 



15 -39 38 17 -20 37 -36 -22 23 -35 32 26 -29 31 -30 -29 
10 -23 21 35 11 -23 -11 -14 -64 27 -8 -66 40 12 37 -21 
20 15 -39 10 19 17 16 -7 -12 -69 66 7 -20 37 13 40 
-20 16 0 -40 -21 14 2 18 70 1 -23 63 -32 -28 -42 4 
-11 -23 40 7 -10 -23 -18 -1 -15 68 -58 -32 34 -24 3 -43 
25 -5 -16 38 25 -4 12 78 -34 -17 
RSSI :-110 
Input angle :49
Zaxis angle :0 
minval :0 

minval :0 



-4 -30 30 -2 0 30 -30 -1 3 -30 30 4 -5 30 -29 -7 
2 -27 36 29 6 -22 -26 -22 -38 63 -32 -54 46 -23 14 -27 
26 9 -37 27 20 11 28 -19 -52 -52 60 -20 11 51 23 20 
-15 23 -20 -42 -15 17 13 31 61 -40 5 63 -52 -1 -24 18 
-19 -20 46 -5 -13 -19 -33 6 21 70 -62 -9 11 -51 -12 -28 
24 -14 -2 46 21 -8 -72 -67 -76 3 
RSSI :-110 
Input angle :49
Zaxis angle :0 
minval :0 

minval :0 



-26 8 -6 -27 27 -4 2 28 -28 1 0 -28 28 1 -3 27 
-24 0 27 -39 -17 -5 -26 30 64 31 -43 35 -28 -52 -27 -9 
5 -23 32 35 9 -16 -24 -31 -44 56 -23 -51 56 -18 15 -24 
21 11 -42 22 13 12 35 -18 -44 -56 55 -9 5 59 19 20 
-15 18 -12 -46 -15 9 8 39 65 -30 0 56 -58 -9 -24 15 
-14 -19 48 0 -6 -17 118 80 72 35 
RSSI :-110 
Input angle :48
Zaxis angle :0 
minval :0 

minval :0 



-16 25 -24 -17 17 -23 22 19 -20 21 -19 -21 23 -18 17 24 
-13 14 -6 -50 -10 4 0 43 64 -16 -3 48 -59 -23 -28 11 
-11 -16 50 6 -2 -11 -42 -10 0 66 -46 -12 37 -52 -6 -29 
18 -7 -16 47 11 0 20 -38 -64 -14 24 -41 41 48 30 2 
3 19 -42 -27 -2 11 32 28 27 -60 35 33 -56 30 -6 29 
-20 -1 35 -36 -10 -4 -90 -79 17 20 
RSSI :-110 
Input angle :53
Zaxis angle :25 
minval :0 

minval :0 



28 59 -61 24 -20 -62 63 -17 15 64 -65 11 -6 -65 65 -3 
-18 28 -21 -36 23 35 -5 25 88 -77 61 80 -70 -37 -12 64 
-23 -23 39 -11 -39 15 -23 -11 55 103 -92 40 51 -60 -59 -28 
28 -17 1 41 -4 -42 16 -19 -113 31 -18 -99 47 64 40 -51 
10 31 -40 -7 42 5 14 21 -5 -117 100 5 -74 29 39 52 
-33 2 17 -37 -15 39 -55 -127 -9 5 
RSSI :-110 
Input angle :89
Zaxis angle :41 
minval :0 

minval :0 



-17 7 -7 -18 18 -6 5 18 -19 3 -2 -19 19 -1 0 19 
-23 6 26 -29 -10 1 -27 3 54 34 -26 39 -13 -50 -19 -5 
0 -24 21 32 0 -10 2 -27 -46 45 -31 -36 51 0 9 -17 
24 5 -36 13 10 3 26 8 -32 -56 41 -23 -12 50 15 12 
-9 22 -4 -38 -5 9 -14 23 60 -24 14 45 -47 -20 -15 12 
-19 -14 39 4 -7 -7 61 -32 89 32 
RSSI :-110 
Input angle :53
Zaxis angle :0 
minval :0 

minval :0 



-44 48 -45 -47 49 -43 39 52 -54 37 -34 -56 58 -30 27 59 
-39 2 21 -37 -7 -7 -23 14 97 17 -49 76 -34 -70 -64 14 
7 -38 31 29 8 -4 -8 -25 -43 89 -62 -66 75 -19 2 -66 
35 15 -36 23 3 9 27 -3 -77 -62 76 -49 -1 78 64 17 
-24 30 -14 -40 -9 1 -2 26 76 -63 30 86 -76 -16 -30 58 
-25 -29 42 -4 1 -9 -75 96 27 22 
RSSI :-110 
Input angle :59
Zaxis angle :32 
minval :0 

minval :0 



71 -4 1 70 -70 -2 6 -70 69 10 -14 69 -68 -17 21 -66 
16 9 -55 19 10 -7 39 28 -61 -57 69 -28 -1 58 60 37 
-12 13 -7 -58 5 11 -36 31 72 -43 10 74 -55 -17 -49 50 
-11 -15 58 8 -12 2 -21 -43 22 80 -75 -4 29 -50 -36 -60 
18 -6 -21 54 1 -12 46 -11 -83 7 25 -71 43 39 67 -21 
2 19 -48 -33 12 4 56 96 45 -21 
RSSI :-110 
Input angle :51
Zaxis angle :14 
minval :0 

minval :0 



-32 40 -39 -33 35 -37 34 38 -41 31 -29 -42 42 -27 25 44 
-30 7 20 -49 -9 10 -35 25 103 -21 -12 91 -63 -45 -49 14 
0 -32 44 30 -7 -11 -15 -40 -5 105 -84 -34 58 -52 -2 -52 
31 6 -40 35 13 -5 42 -6 -101 -29 53 -75 33 70 51 9 
-13 28 -21 -48 1 14 -3 43 51 -92 62 67 -76 16 -21 47 
-23 -20 51 -14 -13 -1 54 -63 -30 17 
RSSI :-110 
Input angle :47
Zaxis angle :0 
minval :0 

minval :0 



-44 9 -7 -45 45 -5 2 45 -45 0 3 -45 45 5 -7 44 
-22 -12 51 -29 -11 4 -41 -2 96 61 -75 46 -15 -70 -42 -18 
17 -18 16 56 -1 -12 9 -39 -81 80 -29 -82 72 1 27 -37 
14 20 -59 2 12 0 34 22 -58 -98 87 -6 -20 69 29 35 
-23 9 9 -58 -3 12 -28 29 107 -36 -10 87 -64 -33 -40 21 
-4 -24 55 21 -11 -6 50 0 104 28 
RSSI :-110 
Input angle :46
Zaxis angle :0 
minval :0 

minval :0 



23 -43 41 25 -27 40 -38 -29 32 -36 33 35 -36 32 -30 -37 
8 -3 -1 38 -12 -15 32 -32 -77 46 -3 -64 62 6 44 -21 
0 8 -37 -10 17 -8 24 38 -28 -85 63 8 -18 59 11 48 
-9 -1 19 -33 5 19 -42 17 89 -12 -23 60 -53 -33 -49 -1 
3 -8 28 26 -19 0 -6 -45 -11 90 -52 -38 47 -40 14 -47 
7 5 -31 21 3 -19 -86 -66 13 -8 
RSSI :-110 
Input angle :43
Zaxis angle :0 
minval :0 

minval :0 



-18 41 -41 -20 23 -39 37 26 -28 36 -34 -30 32 -32 30 33 
-1 16 -6 -47 5 14 -30 28 79 -60 14 71 -53 -9 -40 22 
-15 -5 48 5 -15 1 -22 -35 40 91 -72 -1 22 -49 -12 -44 
8 -13 -14 46 0 -15 39 -13 -101 13 18 -70 43 33 46 -1 
12 11 -41 -24 15 4 5 41 3 -100 64 33 -42 32 -9 45 
-13 9 33 -34 -8 13 -125 81 11 6 
RSSI :-110 
Input angle :40
Zaxis angle :20 
minval :0 

minval :0 



35 -37 34 38 -39 33 -30 -41 43 -28 27 44 -45 24 -21 -47 
26 2 -26 66 -2 -11 42 -20 -112 -23 54 -60 32 59 51 -7 
-8 25 -56 -43 11 0 10 46 52 -102 47 66 -64 19 -2 51 
-21 -15 55 -44 -3 11 -47 -1 84 77 -77 28 -1 -66 -49 -15 
19 -17 30 64 -10 -5 12 -46 -94 65 -12 -81 66 12 26 -45 
12 23 -70 14 8 -8 91 95 87 -27 
RSSI :-110 
Input angle :57
Zaxis angle :14 
minval :0 

minval :0 



-45 -21 23 -43 42 26 -28 41 -40 -29 31 -38 37 33 -35 34 
-12 -23 54 15 -9 0 -27 -44 4 120 -88 -28 35 -56 -23 -44 
26 -6 -28 48 3 -9 50 -17 -117 -24 50 -78 47 48 49 -12 
0 26 -40 -39 7 6 6 52 48 -109 68 63 -56 35 3 49 
-25 -5 46 -31 -7 6 -52 -8 91 79 -79 48 -19 -63 -49 -9 
12 -22 17 53 -4 -9 0 -18 -106 18 
RSSI :-110 
Input angle :48
Zaxis angle :14 
minval :0 

minval :0 



6 35 -35 4 -1 -36 36 0 -1 36 -35 -4 6 -35 34 8 
0 18 -31 -50 8 14 2 49 91 -89 35 83 -63 4 -17 32 
-17 -4 55 -19 -15 3 -49 -8 71 105 -88 15 13 -62 -28 -23 
7 -16 7 58 0 -16 17 -46 -119 43 7 -90 57 26 29 -22 
14 11 -58 -7 16 2 39 29 -16 -126 86 24 -37 51 14 33 
-14 10 20 -55 -6 15 -6 97 -82 3 
RSSI :-110 
Input angle :42
Zaxis angle :14 
minval :0 

minval :0 



0 -42 42 1 -4 41 -42 -6 8 -41 41 10 -11 40 -39 -15 
9 -20 10 49 8 -12 16 -37 -111 58 -16 -97 76 13 24 -35 
18 13 -50 -2 9 11 32 25 -29 -122 98 5 -31 70 28 32 
-17 14 13 -48 -13 6 -32 25 125 1 -29 94 -59 -48 -39 17 
-8 -21 44 23 -3 -14 -16 -37 -29 122 -85 -50 60 -47 -9 -41 
22 -4 -34 36 15 0 66 -98 -5 -15 
RSSI :-110 
Input angle :53
Zaxis angle :0 
minval :0 

minval :0 


