
-31 50 -50 -33 35 -45 44 38 -40 42 -40 -43 45 -37 34 46 
-8 -28 32 -22 11 12 8 9 23 40 -31 -66 21 39 -55 23 
30 0 13 35 -13 7 -12 6 -45 15 71 -15 -42 11 -12 -56 
-7 30 -39 4 -5 -15 -4 -13 -5 -47 3 72 -4 -43 58 1 
-27 -12 2 -39 16 -2 14 -1 48 4 -72 -14 42 5 -12 57 
15 -24 39 10 0 17 -14 15 -53 2 
RSSI :-110 
Input angle :111
Zaxis angle :29 
minval :0 

minval :0 



-19 58 -55 -24 27 -54 51 32 -32 50 -47 -35 39 -47 42 40 
-13 -25 26 -30 15 10 11 4 31 36 -39 -55 24 26 -46 37 
27 -8 23 31 -12 14 -6 10 -43 22 61 -24 -32 18 -24 -52 
1 28 -35 15 -10 -15 -8 -9 -14 -44 11 65 -11 -34 58 -17 
-28 -3 -9 -37 16 -8 11 -5 47 -6 -66 0 37 -3 2 59 
8 -28 38 0 3 18 -3 15 5 3 
RSSI :-110 
Input angle :114
Zaxis angle :29 
minval :0 

minval :0 



-37 47 -44 -38 42 -40 41 43 -44 41 -37 -47 50 -32 31 50 
-5 -27 31 -23 10 15 10 8 19 43 -16 -63 11 33 -57 20 
28 2 15 35 -17 9 -10 9 -45 8 65 -5 -34 4 -9 -59 
-7 26 -38 6 -6 -17 -6 -13 0 -47 -11 65 2 -34 60 4 
-25 -13 1 -38 18 -1 12 -5 45 11 -61 -22 34 11 -16 55 
17 -21 37 8 0 20 -20 -81 -94 2 
RSSI :-110 
Input angle :108
Zaxis angle :25 
minval :0 

minval :0 



-8 60 -61 -13 16 -59 58 20 -23 56 -54 -27 30 -53 51 31 
-17 -23 19 -34 19 6 15 0 38 30 -44 -48 27 24 -42 42 
27 -10 30 25 -8 16 -3 13 -36 31 54 -36 -29 19 -34 -49 
5 28 -31 24 -13 -14 -12 -7 -21 -42 18 61 -14 -33 56 -22 
-28 0 -18 -34 16 -11 8 -10 45 -13 -65 6 34 -8 11 58 
5 -29 38 -8 9 17 3 -80 15 3 
RSSI :-110 
Input angle :108
Zaxis angle :29 
minval :0 

minval :0 



-108 52 -48 -109 115 -44 32 116 -115 25 -19 -116 120 -12 6 115 
18 -57 77 -8 10 38 14 26 -8 99 31 0 -9 75 -117 -20 
49 32 -11 78 -39 -1 -31 10 -92 -35 115 58 -69 -26 44 -111 
-42 44 -75 -26 6 -42 -4 -32 47 -85 -86 101 38 -64 97 65 
-32 -48 39 -66 38 12 31 4 73 67 -89 -101 56 47 -83 89 
52 -26 55 55 -22 32 -39 127 -55 1 
RSSI :-110 
Input angle :111
Zaxis angle :29 
minval :0 

minval :0 



-56 20 -16 -55 59 -13 8 57 -58 9 -6 -60 59 -3 0 58 
12 -26 38 0 4 20 6 13 -8 48 18 -65 -7 39 -56 -11 
25 17 -7 36 -20 0 -16 3 -47 -15 61 31 -36 -13 25 -52 
-22 22 -35 -13 4 -20 -1 -16 27 -40 -42 53 22 -30 47 33 
-17 -25 20 -30 19 5 17 4 36 33 -43 -54 25 29 -40 42 
27 -12 27 26 -10 17 -41 -49 -77 1 
RSSI :-110 
Input angle :108
Zaxis angle :29 
minval :0 

minval :0 



-53 25 -24 -52 55 -22 19 57 -58 13 -8 -57 59 -5 5 59 
10 -30 37 -4 4 18 6 15 -1 49 14 -66 -2 37 -58 -6 
28 15 -4 38 -20 2 -14 4 -46 -12 62 27 -36 -10 21 -56 
-20 23 -37 -11 0 -20 0 -17 24 -43 -41 55 20 -34 52 30 
-17 -23 19 -34 19 6 14 2 35 32 -46 -48 27 27 -38 43 
28 -12 28 26 -10 18 -38 31 -17 1 
RSSI :-110 
Input angle :108
Zaxis angle :29 
minval :0 

minval :0 



-117 10 -5 -115 118 -4 -2 118 -119 -5 13 -120 118 19 -24 114 
37 -48 75 15 1 40 5 31 -38 89 68 -115 -36 67 -107 -53 
39 44 -34 70 -41 -6 -33 -5 -75 -57 94 94 -58 -42 68 -95 
-51 29 -63 -46 13 -35 7 -28 73 -65 -108 85 57 -52 72 88 
-16 -57 58 -51 34 20 27 14 49 87 -51 -124 36 67 -102 54 
60 -10 39 67 -30 22 -46 95 25 1 
RSSI :-110 
Input angle :112
Zaxis angle :32 
minval :0 

minval :0 



-117 23 -15 -119 118 -10 3 122 -119 1 6 -121 118 16 -23 120 
30 -49 79 12 3 39 10 31 -32 92 60 -119 -26 68 -110 -44 
39 41 -25 74 -37 -6 -29 0 -86 -49 109 82 -60 -42 64 -99 
-48 33 -66 -38 12 -36 5 -30 67 -74 -106 84 52 -51 81 87 
-20 -53 55 -56 35 19 27 14 57 81 -65 -117 45 65 -102 58 
59 -7 46 64 -25 27 -46 -1 38 1 
RSSI :-110 
Input angle :108
Zaxis angle :29 
minval :0 

minval :0 



-46 35 -33 -50 50 -29 26 54 -56 24 -21 -54 57 -19 16 57 
3 -29 37 -11 6 18 7 12 4 49 3 -66 2 35 -58 3 
26 9 5 37 -19 4 -13 6 -49 -5 63 15 -36 -5 9 -60 
-15 25 -39 -5 -1 -18 -4 -13 12 -47 -29 59 10 -35 55 19 
-21 -19 12 -37 19 1 15 0 43 25 -52 -40 31 20 -29 51 
24 -16 34 18 -6 16 -34 -97 68 2 
RSSI :-110 
Input angle :111
Zaxis angle :32 
minval :0 

minval :0 



-117 18 -13 -119 117 -7 -1 119 -123 -8 14 -118 117 23 -25 116 
35 -44 75 16 -4 38 4 29 -41 89 66 -116 -32 68 -105 -49 
40 43 -33 70 -34 -7 -28 0 -78 -55 98 93 -57 -42 73 -93 
-50 26 -64 -47 15 -35 7 -24 72 -66 -106 76 55 -48 76 90 
-19 -53 61 -49 29 23 25 14 50 84 -52 -124 33 65 -102 55 
53 -1 39 66 -23 25 -46 31 -25 0 
RSSI :-110 
Input angle :123
Zaxis angle :32 
minval :0 

minval :0 



-120 14 -9 -120 117 -4 -6 122 -119 -13 18 -119 120 25 -27 117 
37 -42 76 18 -2 38 5 29 -47 92 66 -115 -31 64 -105 -51 
38 45 -38 71 -36 -8 -28 -5 -82 -59 96 98 -59 -47 75 -91 
-51 27 -63 -49 16 -31 11 -29 73 -66 -110 78 55 -50 76 92 
-15 -52 56 -50 29 20 24 14 50 89 -56 -123 36 65 -102 58 
56 -6 39 66 -30 26 -47 -49 29 1 
RSSI :-110 
Input angle :113
Zaxis angle :14 
minval :0 

minval :0 



-45 37 -35 -47 48 -31 30 52 -55 27 -23 -54 55 -21 16 54 
1 -29 37 -12 8 16 9 12 6 50 -2 -69 3 37 -58 4 
27 10 4 39 -18 5 -12 6 -49 -3 66 12 -37 0 8 -59 
-13 24 -38 -4 -1 -20 -3 -13 13 -47 -26 63 9 -36 56 20 
-21 -20 11 -39 19 1 14 1 43 24 -55 -38 35 15 -31 49 
24 -17 35 21 -6 18 -33 -17 98 2 
RSSI :-110 
Input angle :116
Zaxis angle :25 
minval :0 

minval :0 



-53 -26 29 -51 48 30 -34 48 -47 -38 38 -44 43 41 -43 40 
27 -10 27 27 -10 13 -5 13 -44 26 60 -31 -32 21 -30 -51 
2 29 -32 21 -13 -13 -11 -8 -19 -47 18 66 -14 -35 55 -18 
-30 -1 -14 -36 14 -9 10 -10 49 -10 -67 6 38 -7 11 57 
6 -27 40 -8 5 17 6 13 0 51 10 -66 0 37 -60 -3 
26 12 -2 39 -19 1 -50 -65 85 -1 
RSSI :-110 
Input angle :112
Zaxis angle :32 
minval :0 

minval :0 



-29 -49 51 -26 27 52 -53 22 -19 -55 55 -17 14 57 -58 11 
27 3 10 39 -18 7 -10 7 -49 2 67 2 -37 0 0 -58 
-10 26 -39 0 -3 -17 -5 -12 9 -49 -18 66 7 -37 56 14 
-24 -14 8 -39 19 -1 13 -3 46 19 -60 -29 35 12 -20 55 
19 -20 36 16 -4 18 0 14 -27 41 42 -54 -21 32 -50 -33 
17 22 -21 32 -17 -8 -39 -113 -41 -3 
RSSI :-110 
Input angle :115
Zaxis angle :29 
minval :0 

minval :0 



-34 -47 49 -33 29 51 -53 27 -23 -55 55 -19 17 57 -57 15 
28 4 9 39 -15 7 -10 7 -52 6 69 2 -36 4 -3 -57 
-10 27 -38 2 -4 -17 -6 -12 6 -51 -16 67 5 -37 57 10 
-23 -14 6 -39 19 -1 13 -3 49 13 -60 -30 34 13 -22 53 
20 -19 37 15 -4 17 0 12 -26 45 41 -54 -18 31 -48 -31 
16 23 -22 34 -17 -7 -41 -97 -17 -3 
RSSI :-110 
Input angle :127
Zaxis angle :32 
minval :0 

minval :0 



46 -37 34 48 -48 31 -30 -51 52 -25 21 55 -53 18 -18 -55 
-1 27 -38 13 -7 -15 -7 -10 -6 -52 0 68 -4 -37 58 -6 
-26 -7 -3 -41 18 -4 11 -4 51 1 -67 -14 36 3 -4 58 
12 -24 40 4 1 19 3 12 -17 47 29 -62 -11 33 -54 -19 
22 17 -13 38 -18 -4 -12 0 -46 -26 57 38 -32 -20 31 -49 
-22 15 -33 -22 5 -17 33 96 122 -3 
RSSI :-110 
Input angle :119
Zaxis angle :25 
minval :0 

minval :0 



58 15 -18 55 -55 -20 24 -52 51 28 -28 50 -48 -34 35 -45 
-22 17 -32 -24 8 -15 3 -11 38 -36 -53 42 27 -25 39 42 
-7 -27 32 -26 14 10 10 6 30 44 -31 -62 18 30 -49 27 
25 -5 20 34 -13 10 -7 10 -49 17 66 -13 -34 10 -16 -55 
-2 28 -37 13 -8 -17 -7 -10 -5 -50 2 68 -5 -37 57 -7 
-25 -7 -5 -40 16 -4 52 -96 38 0 
RSSI :-110 
Input angle :116
Zaxis angle :25 
minval :0 

minval :0 



53 23 -26 50 -51 -29 32 -50 48 35 -37 45 -43 -39 43 -38 
-26 9 -27 -29 10 -15 5 -12 40 -28 -61 33 31 -20 30 49 
-6 -27 35 -20 12 14 9 7 20 48 -22 -65 14 35 -56 20 
28 0 13 38 -15 8 -9 8 -51 9 69 -3 -37 7 -6 -58 
-6 26 -40 7 -6 -16 -7 -10 1 -52 -9 68 0 -35 59 3 
-25 -12 5 -41 18 -3 49 112 -74 0 
RSSI :-110 
Input angle :112
Zaxis angle :29 
minval :0 

minval :0 



-8 56 -56 -9 16 -56 54 19 -20 54 -52 -25 28 -51 49 30 
-17 -22 21 -33 17 7 13 0 38 35 -46 -49 29 26 -39 43 
24 -12 30 28 -9 16 -3 11 -40 32 58 -36 -28 23 -35 -45 
6 27 -33 24 -12 -14 -9 -6 -23 -45 24 64 -15 -34 53 -23 
-27 0 -17 -38 13 -11 9 -9 49 -13 -67 13 35 -10 11 56 
4 -29 40 -6 6 15 0 16 74 3 
RSSI :-110 
Input angle :115
Zaxis angle :32 
minval :0 

minval :0 



-117 7 2 -116 117 4 -10 117 -117 -19 23 -112 113 29 -39 108 
37 -41 81 30 -6 35 2 27 -49 91 73 -115 -35 70 -102 -61 
34 46 -43 68 -32 -10 -26 -2 -79 -70 98 95 -56 -48 77 -81 
-52 24 -58 -55 21 -31 10 -23 84 -60 -116 64 59 -42 66 95 
-10 -55 67 -45 23 27 23 12 40 97 -44 -126 29 67 -108 44 
53 -1 28 76 -31 18 -52 -81 -81 0 
RSSI :-110 
Input angle :112
Zaxis angle :29 
minval :0 

minval :0 



-42 -40 41 -42 38 43 -46 37 -34 -47 50 -31 27 51 -53 24 
28 0 17 36 -15 10 -9 9 -50 14 67 -11 -36 10 -13 -57 
-5 26 -40 9 -6 -17 -7 -9 -1 -51 -3 67 -2 -37 58 -2 
-26 -10 -1 -40 19 -3 10 -5 50 8 -67 -17 36 4 -11 58 
16 -23 39 7 -2 17 2 13 -17 47 29 -63 -12 35 -54 -22 
19 19 -17 38 -17 -3 -46 111 80 -2 
RSSI :-110 
Input angle :111
Zaxis angle :25 
minval :0 

minval :0 



117 -18 9 117 -119 10 -4 -117 115 5 -10 117 -116 -18 24 -114 
-33 46 -81 -16 1 -36 -5 -27 34 -97 -62 123 31 -72 109 44 
-40 -39 35 -74 36 10 26 2 86 55 -102 -87 67 45 -66 94 
48 -24 63 46 -16 33 -4 29 -76 68 102 -88 -59 52 -83 -85 
20 52 -58 52 -33 -19 -25 -12 -58 -87 65 118 -40 -65 98 -67 
-55 7 -41 -71 28 -25 47 -80 -51 -2 
RSSI :-110 
Input angle :111
Zaxis angle :29 
minval :0 

minval :0 



-3 59 -59 -8 11 -57 57 16 -17 57 -57 -19 21 -54 52 23 
-18 -23 18 -35 17 6 15 2 42 28 -50 -48 29 22 -35 47 
24 -12 28 24 -8 16 -4 14 -37 33 55 -40 -29 23 -38 -44 
7 28 -31 25 -14 -11 -13 -7 -24 -45 27 61 -20 -32 52 -29 
-29 2 -19 -35 15 -11 10 -12 48 -16 -66 15 36 -10 19 54 
4 -28 36 -10 8 17 6 64 34 3 
RSSI :-110 
Input angle :111
Zaxis angle :29 
minval :0 

minval :0 



-49 33 -30 -51 51 -27 24 53 -56 21 -18 -56 56 -15 12 57 
4 -28 40 -5 8 15 6 10 1 51 6 -71 1 35 -57 0 
27 10 -2 41 -16 3 -11 6 -49 -9 67 18 -37 -3 12 -59 
-14 22 -39 -11 0 -17 -1 -13 17 -49 -32 62 12 -34 54 24 
-21 -18 17 -36 16 1 12 0 42 30 -55 -42 33 18 -31 47 
24 -13 32 26 -6 16 -37 -1 73 2 
RSSI :-110 
Input angle :111
Zaxis angle :29 
minval :0 

minval :0 



108 -34 29 112 -116 19 -7 -117 118 -3 2 116 -115 -5 11 -113 
-27 46 -83 -14 -3 -45 -12 -20 39 -98 -51 114 18 -74 110 44 
-38 -36 34 -79 43 11 24 -10 89 57 -99 -73 73 36 -62 97 
42 -30 71 46 -16 41 3 24 -70 76 93 -88 -45 63 -86 -79 
19 49 -57 64 -37 -25 -23 -1 -56 -88 65 107 -55 -58 96 -65 
-51 10 -49 -70 29 -32 51 -16 -34 -2 
RSSI :-110 
Input angle :111
Zaxis angle :32 
minval :0 

minval :0 



17 113 -111 5 -4 -112 113 1 -6 113 -112 -13 20 -112 111 31 
-46 -26 23 -76 48 5 24 -14 89 49 -104 -69 74 23 -49 100 
41 -37 74 43 -14 40 2 32 -68 79 88 -94 -37 67 -90 -65 
29 47 -57 65 -37 -20 -29 0 -65 -81 77 98 -49 -54 84 -69 
-50 18 -47 -66 29 -31 8 -27 97 -41 -117 51 65 -42 52 98 
-10 -54 74 -33 24 34 12 112 34 3 
RSSI :-110 
Input angle :120
Zaxis angle :36 
minval :0 

minval :0 



-46 -32 36 -44 41 40 -40 38 -35 -43 46 -32 30 48 -49 28 
26 -3 18 35 -15 12 -5 10 -50 16 65 -16 -34 15 -18 -53 
1 26 -40 12 -10 -17 -9 -9 -6 -52 5 64 -9 -37 56 -4 
-27 -4 -3 -40 21 -7 11 -8 51 7 -64 -12 37 -2 -3 54 
9 -24 42 6 1 20 5 10 -15 50 24 -59 -4 38 -53 -16 
20 14 -13 38 -21 -1 -48 -81 -126 -2 
RSSI :-110 
Input angle :124
Zaxis angle :36 
minval :0 

minval :0 



52 -27 23 53 -53 20 -18 -53 55 -16 12 55 -57 9 -6 -57 
-6 27 -39 3 -5 -18 -6 -10 7 -51 -14 65 -1 -39 57 6 
-23 -12 5 -39 21 -2 13 -4 50 18 -60 -26 39 10 -16 55 
16 -20 39 13 -2 20 2 14 -26 46 37 -56 -14 36 -50 -26 
18 21 -20 33 -19 -6 -13 0 -38 -36 49 45 -31 -22 38 -44 
-24 12 -31 -27 10 -18 44 16 -21 -3 
RSSI :-110 
Input angle :114
Zaxis angle :36 
minval :0 

minval :0 



-11 -111 118 -1 -4 116 -116 -8 16 -115 115 19 -18 113 -108 -30 
41 30 -22 79 -42 -1 -27 5 -92 -47 113 73 -68 -28 59 -98 
-44 30 -69 -42 12 -39 -2 -29 65 -79 -93 98 41 -65 86 75 
-25 -48 54 -60 36 16 27 9 60 84 -69 -113 54 55 -90 69 
50 -11 46 69 -25 31 -13 25 -96 44 123 -53 -66 40 -49 -104 
1 55 -74 35 -26 -32 -14 -1 -49 -4 
RSSI :-110 
Input angle :115
Zaxis angle :32 
minval :0 

minval :0 



50 30 -31 48 -47 -36 37 -44 41 40 -43 38 -38 -43 49 -32 
-26 7 -22 -33 14 -14 5 -11 48 -19 -64 21 32 -18 21 53 
0 -26 38 -17 11 17 11 5 9 52 -8 -67 11 36 -57 9 
24 5 9 41 -18 8 -9 7 -54 0 67 6 -39 3 0 -57 
-10 23 -40 -1 -2 -21 -6 -10 10 -52 -18 66 2 -37 57 10 
-22 -14 8 -40 21 -1 50 32 102 1 
RSSI :-110 
Input angle :125
Zaxis angle :39 
minval :0 

minval :0 



-49 29 -25 -52 53 -23 19 53 -54 17 -16 -54 55 -13 11 55 
5 -26 42 -4 6 19 7 9 -2 54 12 -68 1 37 -57 -1 
25 11 -2 40 -21 3 -12 5 -52 -13 66 23 -37 -4 15 -56 
-13 22 -39 -10 -1 -20 -3 -11 24 -49 -32 58 12 -37 51 23 
-18 -19 17 -38 21 3 12 -1 43 32 -50 -44 32 20 -34 45 
22 -14 31 25 -7 18 -41 15 43 2 
RSSI :-110 
Input angle :111
Zaxis angle :32 
minval :0 

minval :0 



-53 21 -19 -54 52 -15 11 54 -56 10 -8 -57 57 -2 0 57 
9 -25 42 0 3 19 6 11 -13 50 19 -66 -2 37 -56 -11 
23 14 -10 39 -21 0 -11 3 -47 -22 59 34 -37 -12 23 -53 
-19 19 -39 -16 2 -22 -2 -13 35 -43 -45 51 19 -33 46 36 
-13 -22 23 -33 18 7 11 0 33 41 -41 -53 28 25 -44 38 
24 -10 26 30 -13 16 -48 15 -77 1 
RSSI :-110 
Input angle :114
Zaxis angle :36 
minval :0 

minval :0 



-41 -38 41 -38 37 43 -46 34 -32 -46 46 -30 26 49 -49 24 
26 -1 18 36 -17 12 -8 9 -52 10 69 -7 -35 11 -12 -56 
-5 28 -39 9 -7 -18 -8 -9 0 -55 -6 69 -5 -37 55 0 
-25 -9 2 -41 20 -4 10 -5 53 12 -66 -20 37 3 -10 54 
13 -21 39 9 0 20 3 11 -19 49 31 -59 -10 34 -52 -20 
19 17 -18 35 -20 -3 -43 -65 -6 -3 
RSSI :-110 
Input angle :111
Zaxis angle :29 
minval :0 

minval :0 



32 45 -47 32 -28 -49 50 -28 25 51 -54 20 -18 -52 54 -17 
-26 -1 -7 -42 18 -9 9 -7 55 -3 -71 -1 36 -7 3 56 
6 -27 41 -1 5 18 7 11 -9 54 18 -68 -1 37 -55 -9 
25 12 -7 39 -19 0 -11 4 -52 -19 62 31 -36 -9 20 -52 
-18 19 -38 -15 3 -20 -1 -11 30 -46 -43 55 15 -34 49 30 
-17 -20 21 -34 19 7 42 -96 57 2 
RSSI :-110 
Input angle :116
Zaxis angle :32 
minval :0 

minval :0 



-2 56 -55 -6 8 -55 55 9 -13 54 -53 -18 20 -51 51 23 
-17 -20 19 -37 18 5 10 -1 45 34 -50 -48 30 19 -30 47 
21 -14 31 27 -9 16 0 11 -41 36 56 -42 -24 24 -38 -40 
10 24 -32 24 -14 -14 -10 -3 -29 -47 27 66 -19 -31 46 -29 
-25 5 -16 -37 14 -12 6 -9 54 -17 -69 17 33 -13 16 53 
0 -26 39 -11 9 17 5 -96 -114 3 
RSSI :-110 
Input angle :114
Zaxis angle :32 
minval :0 

minval :0 



31 -47 46 33 -35 40 -40 -39 42 -36 35 43 -45 33 -30 -47 
6 25 -35 19 -11 -14 -10 -4 -19 -54 12 67 -12 -31 51 -20 
-25 1 -11 -38 16 -9 7 -8 55 -9 -68 0 34 -9 9 55 
3 -26 41 -3 8 17 7 8 -5 55 13 -68 0 34 -56 -3 
24 9 -5 40 -17 2 -9 5 -54 -16 63 25 -35 -7 12 -54 
-13 21 -37 -14 3 -18 26 -16 -23 -4 
RSSI :-110 
Input angle :114
Zaxis angle :32 
minval :0 

minval :0 



-34 44 -42 -38 40 -39 39 42 -44 33 -31 -46 47 -31 28 47 
-4 -24 38 -16 10 13 9 7 11 55 -12 -68 12 32 -54 15 
28 0 9 38 -17 9 -10 8 -55 3 69 5 -34 4 -6 -56 
-7 25 -42 0 -5 -17 -5 -8 7 -55 -16 67 2 -33 55 7 
-23 -12 9 -40 17 0 11 -3 50 20 -60 -35 33 10 -20 53 
16 -19 37 18 -1 18 -32 -1 -20 2 
RSSI :-110 
Input angle :127
Zaxis angle :36 
minval :0 

minval :0 



1 -57 56 4 -7 57 -55 -7 13 -55 55 17 -17 54 -52 -20 
20 17 -22 34 -18 -4 -11 0 -43 -34 46 54 -28 -19 33 -45 
-21 15 -29 -28 6 -17 3 -12 45 -35 -59 35 25 -23 38 43 
-8 -25 35 -21 15 12 11 5 24 51 -21 -65 17 31 -50 25 
25 -5 16 39 -13 11 -7 9 -56 12 69 -7 -32 11 -17 -55 
0 25 -41 4 -9 -16 -4 15 115 -4 
RSSI :-110 
Input angle :127
Zaxis angle :32 
minval :0 

minval :0 



-27 49 -48 -31 34 -45 44 36 -41 41 -38 -42 44 -35 33 45 
-9 -23 34 -20 12 11 10 7 19 52 -17 -66 14 30 -49 24 
26 -3 13 40 -14 11 -6 7 -56 11 69 -4 -32 6 -14 -54 
-3 26 -42 6 -7 -17 -5 -9 -1 -57 -8 68 -2 -33 57 1 
-24 -9 2 -41 17 -4 10 -4 55 14 -65 -22 33 5 -8 55 
13 -23 39 13 0 16 -24 -113 41 3 
RSSI :-110 
Input angle :116
Zaxis angle :36 
minval :0 

minval :0 



7 -57 57 11 -14 56 -53 -15 20 -53 53 25 -28 51 -47 -30 
17 17 -24 30 -13 -5 -11 -2 -37 -39 36 55 -22 -22 40 -41 
-20 11 -23 -31 6 -13 5 -9 44 -30 -60 24 26 -19 33 46 
-8 -22 36 -18 10 10 9 6 18 50 -10 -67 10 30 -52 21 
23 -4 8 39 -12 10 -9 6 -51 6 66 2 -32 4 -12 -55 
-2 25 -39 2 -7 -14 2 64 -92 -4 
RSSI :-110 
Input angle :118
Zaxis angle :36 
minval :0 

minval :0 



-26 50 -50 -30 31 -48 49 32 -36 47 -42 -39 40 -39 37 43 
-11 -22 32 -21 14 10 9 6 24 44 -22 -62 14 28 -50 29 
23 -7 14 36 -11 13 -7 6 -49 14 65 -11 -30 10 -18 -55 
2 23 -38 9 -10 -13 -7 -8 -4 -51 -7 66 -1 -32 58 -6 
-24 -2 1 -38 14 -6 10 -3 51 7 -64 -18 32 3 -5 56 
8 -22 39 10 4 17 -16 -33 40 3 
RSSI :-110 
Input angle :111
Zaxis angle :29 
minval :0 

minval :0 



51 27 -28 51 -51 -30 32 -47 44 33 -39 45 -40 -41 44 -36 
-20 9 -21 -32 7 -13 6 -8 45 -24 -62 22 28 -15 26 50 
-5 -22 35 -14 13 12 9 6 16 49 -4 -66 9 31 -54 16 
23 -2 6 37 -12 11 -8 6 -52 6 64 5 -31 3 -4 -58 
-3 24 -38 0 -7 -15 -3 -9 2 -50 -20 63 3 -31 56 4 
-23 -8 7 -38 16 -3 49 112 -26 0 
RSSI :-110 
Input angle :111
Zaxis angle :32 
minval :0 

minval :0 



-31 48 -45 -33 37 -43 42 37 -41 40 -38 -44 44 -35 33 47 
-8 -22 32 -18 14 10 7 4 22 46 -11 -63 13 27 -51 21 
25 -5 10 35 -14 11 -6 4 -51 9 65 2 -29 7 -12 -56 
-1 24 -36 4 -7 -14 -5 -7 0 -51 -15 61 0 -31 57 2 
-23 -8 3 -37 17 -5 9 -2 50 8 -59 -26 30 7 -12 54 
11 -20 36 10 2 18 -19 -113 -6 2 
RSSI :-110 
Input angle :110
Zaxis angle :25 
minval :0 

minval :0 



38 44 -46 34 -33 -47 48 -30 29 51 -52 24 -21 -52 54 -19 
-23 3 -9 -34 13 -11 7 -5 50 -9 -64 0 29 -6 6 56 
2 -24 36 -1 8 14 3 6 -3 51 14 -63 -2 30 -57 -3 
22 7 -4 37 -17 3 -9 2 -50 -10 57 28 -30 -7 19 -54 
-13 21 -34 -13 0 -18 -1 -8 21 -45 -40 50 13 -28 51 26 
-17 -17 18 -32 17 1 41 -64 -12 1 
RSSI :-110 
Input angle :115
Zaxis angle :36 
minval :0 

minval :0 



97 -62 53 102 -106 53 -42 -107 110 -35 31 110 -114 26 -24 -111 
-9 48 -74 5 -18 -33 -7 -16 0 -102 -32 125 0 -61 117 1 
-44 -18 4 -73 35 -10 15 -6 100 21 -117 -57 58 15 -21 112 
24 -41 66 17 3 35 0 16 -35 95 76 -105 -28 57 -101 -52 
36 32 -34 60 -33 -5 -18 -1 -81 -60 86 94 -51 -35 66 -93 
-41 24 -55 -48 13 -33 39 -32 -52 -3 
RSSI :-110 
Input angle :111
Zaxis angle :36 
minval :0 

minval :0 



-104 -50 54 -102 99 62 -65 94 -89 -72 74 -87 85 78 -85 77 
43 -18 46 56 -16 30 -9 14 -82 53 120 -46 -55 30 -58 -98 
12 43 -63 35 -26 -23 -11 -12 -36 -93 13 127 -19 -56 106 -41 
-48 5 -21 -71 26 -21 14 -9 96 -19 -127 -5 59 -3 17 112 
7 -43 73 -5 15 31 6 18 -10 101 33 -122 -5 61 -113 -12 
44 14 -12 74 -34 9 -51 31 37 -1 
RSSI :-110 
Input angle :111
Zaxis angle :29 
minval :0 

minval :0 



44 109 -111 36 -27 -112 113 -25 17 113 -118 13 -3 -117 117 0 
-41 -15 7 -73 31 -11 16 0 99 18 -117 -60 61 17 -27 114 
24 -36 69 22 4 31 2 15 -39 90 77 -104 -27 58 -108 -47 
38 31 -32 67 -33 -7 -14 -4 -79 -60 83 101 -49 -40 69 -91 
-37 25 -55 -43 11 -36 9 -17 75 -65 -115 63 51 -36 77 83 
-15 -43 58 -41 27 16 23 80 -71 2 
RSSI :-110 
Input angle :114
Zaxis angle :29 
minval :0 

minval :0 



105 -38 32 111 -111 28 -19 -116 113 -11 6 112 -119 0 4 -118 
-16 41 -71 -6 -6 -30 -5 -15 21 -95 -62 118 18 -60 113 26 
-45 -21 26 -69 33 -2 16 1 91 45 -105 -82 55 32 -48 104 
32 -33 60 37 -4 32 -1 15 -57 81 103 -86 -45 47 -94 -70 
27 34 -47 57 -32 -12 -12 -4 -66 -73 64 114 -38 -53 86 -80 
-41 18 -46 -53 20 -27 44 0 122 -2 
RSSI :-110 
Input angle :128
Zaxis angle :29 
minval :0 

minval :0 



-51 -27 30 -49 49 35 -38 44 -44 -41 41 -39 38 44 -44 37 
21 -8 20 29 -8 13 -5 6 -43 25 64 -14 -27 10 -25 -52 
6 21 -33 11 -11 -14 -3 -8 -14 -49 1 66 -5 -29 56 -15 
-23 0 -6 -36 13 -9 7 -4 50 -2 -65 -10 30 1 3 56 
6 -21 37 2 7 14 2 7 -8 48 25 -61 -7 30 -57 -8 
23 10 -7 36 -17 3 -49 111 -5 -2 
RSSI :-110 
Input angle :110
Zaxis angle :29 
minval :0 

minval :0 



2 58 -57 0 0 -58 57 4 -9 57 -56 -12 15 -55 54 17 
-19 -12 15 -33 16 1 6 3 43 25 -52 -45 26 19 -29 50 
17 -14 27 21 -4 17 -2 6 -31 40 55 -40 -23 20 -44 -35 
10 20 -24 25 -16 -6 -4 -4 -30 -41 27 63 -14 -27 43 -35 
-21 6 -18 -30 10 -13 5 -5 44 -22 -66 10 28 -8 24 54 
0 -22 33 -10 12 13 11 48 8 3 
RSSI :-110 
Input angle :117
Zaxis angle :32 
minval :0 

minval :0 



12 57 -58 9 -4 -58 57 -1 -2 59 -56 -7 9 -56 56 9 
-20 -10 10 -34 18 -1 7 0 48 21 -53 -41 26 16 -22 52 
14 -17 30 16 -1 18 0 5 -26 43 50 -46 -19 23 -48 -32 
16 19 -23 29 -15 -5 -7 -3 -34 -36 33 58 -17 -23 42 -40 
-19 10 -21 -29 8 -13 5 -6 43 -27 -65 17 29 -11 32 47 
-7 -21 33 -16 12 11 16 0 -4 2 
RSSI :-110 
Input angle :121
Zaxis angle :29 
minval :0 

minval :0 



-16 57 -54 -19 26 -53 49 28 -28 50 -47 -30 33 -47 45 36 
-13 -20 25 -24 15 5 6 5 29 40 -27 -60 16 25 -46 36 
21 -7 18 30 -10 15 -6 7 -43 22 63 -17 -29 13 -27 -50 
4 20 -35 14 -13 -11 -4 -5 -13 -50 4 69 -6 -30 54 -12 
-24 0 -7 -36 13 -8 7 -2 50 -3 -66 -12 31 0 8 56 
5 -21 35 0 6 16 -7 -33 50 3 
RSSI :-110 
Input angle :111
Zaxis angle :29 
minval :0 

minval :0 



-6 56 -58 -9 14 -55 53 17 -18 53 -52 -23 24 -51 47 29 
-15 -18 22 -28 16 6 7 0 38 31 -36 -57 23 24 -38 41 
19 -11 23 26 -8 14 -3 7 -42 25 61 -27 -27 16 -34 -46 
8 22 -34 14 -14 -11 -8 -5 -22 -44 12 65 -9 -29 52 -23 
-23 2 -9 -34 12 -11 4 -8 47 -10 -67 0 32 -3 9 54 
1 -22 36 -4 7 15 -1 -65 32 3 
RSSI :-110 
Input angle :122
Zaxis angle :20 
minval :0 

minval :0 



-68 95 -91 -69 78 -85 84 80 -82 78 -73 -86 96 -67 66 93 
-4 -41 63 -29 28 28 14 8 31 91 -15 -126 17 61 -109 39 
42 0 18 67 -32 21 -13 11 -96 10 126 8 -64 1 -15 -115 
-13 43 -72 2 -8 -34 -12 -16 10 -95 -36 123 8 -66 114 8 
-41 -24 13 -70 38 -4 15 -7 91 29 -113 -60 55 22 -27 112 
26 -32 66 24 0 38 -25 127 119 2 
RSSI :-110 
Input angle :118
Zaxis angle :36 
minval :0 

minval :0 



-46 -35 37 -45 42 41 -41 41 -39 -43 45 -37 37 48 -48 34 
23 -7 14 29 -12 13 -6 8 -43 16 66 -12 -30 4 -21 -54 
-1 25 -33 9 -10 -13 -7 -9 -7 -47 -4 68 0 -32 58 -9 
-23 -4 -3 -36 15 -8 9 -4 47 1 -66 -17 32 7 -2 58 
9 -21 33 1 3 17 3 9 -15 47 29 -61 -13 28 -56 -15 
19 15 -13 32 -17 0 -43 -113 -85 -2 
RSSI :-110 
Input angle :112
Zaxis angle :29 
minval :0 

minval :0 



-4 -58 60 -1 -1 58 -59 -3 5 -58 60 8 -12 58 -57 -18 
18 19 -14 30 -18 1 -5 -2 -42 -20 49 44 -25 -17 30 -50 
-23 14 -27 -19 2 -18 3 -6 28 -37 -52 37 22 -21 43 40 
-10 -26 24 -22 16 7 4 2 30 37 -26 -60 17 26 -48 36 
26 -5 18 27 -7 16 -4 4 -41 21 65 -13 -27 13 -25 -55 
0 28 -31 10 -14 -13 -13 -49 32 -3 
RSSI :-110 
Input angle :112
Zaxis angle :32 
minval :0 

minval :0 



13 -118 119 21 -27 115 -113 -38 41 -110 110 45 -54 104 -105 -59 
29 46 -31 52 -41 -5 -21 -2 -73 -56 79 99 -44 -43 78 -91 
-47 23 -52 -41 11 -36 8 -21 70 -60 -114 60 53 -34 73 93 
-11 -53 50 -40 32 21 15 10 42 79 -36 -121 22 63 -109 44 
55 0 27 57 -29 30 -13 13 -92 26 0 -2 -62 7 -23 -116 
-12 51 -61 15 -19 -32 -2 -65 50 -3 
RSSI :-110 
Input angle :110
Zaxis angle :14 
minval :0 

minval :0 



56 105 -107 49 -41 -110 112 -33 32 115 -116 24 -16 -117 119 -9 
-55 -18 -4 -64 37 -18 22 -8 89 6 -120 -42 60 13 -13 117 
31 -43 65 5 12 36 5 22 -25 82 69 -112 -24 58 -112 -40 
40 34 -16 61 -42 1 -21 3 -78 -40 98 88 -50 -36 66 -100 
-48 34 -52 -30 6 -39 3 -19 61 -66 -107 75 47 -41 86 85 
-20 -50 42 -45 36 10 27 48 61 2 
RSSI :-110 
Input angle :120
Zaxis angle :36 
minval :0 

minval :0 



-58 0 3 -60 58 6 -8 57 -57 -14 15 -58 57 19 -20 55 
20 -20 29 9 0 22 0 13 -23 35 46 -46 -19 24 -47 -31 
14 24 -17 27 -19 -5 -11 -2 -29 -32 35 54 -19 -25 42 -40 
-24 6 -22 -23 8 -20 5 -11 36 -23 -62 20 27 -15 31 50 
-1 -28 26 -17 16 12 9 8 14 41 -6 -64 6 30 -57 15 
27 5 11 29 -16 15 -44 -81 120 0 
RSSI :-110 
Input angle :119
Zaxis angle :32 
minval :0 

minval :0 



-32 -111 116 -29 23 115 -118 13 -7 -116 118 -2 -4 119 -118 -9 
51 32 -1 64 -41 12 -22 9 -82 -27 112 57 -59 -21 33 -113 
-41 45 -61 -15 -5 -44 -3 -23 40 -77 -83 97 32 -53 101 57 
-36 -47 24 -57 42 6 25 1 67 55 -76 -97 46 44 -74 93 
54 -21 48 40 -14 42 -8 23 -69 51 115 -54 -50 36 -69 -92 
13 55 -44 41 -36 -18 -20 -65 -87 -3 
RSSI :-110 
Input angle :112
Zaxis angle :44 
minval :0 

minval :0 



97 -73 63 101 -101 60 -59 -105 109 -50 42 111 -113 32 -29 -115 
-16 58 -55 19 -30 -33 -14 -20 2 -88 -22 122 4 -62 114 -10 
-54 -23 -7 -60 37 -17 23 -12 84 13 -122 -49 61 8 -16 118 
33 -49 56 4 12 36 7 25 -31 84 72 -108 -27 58 -107 -43 
39 41 -17 59 -45 4 -26 0 -72 -46 86 88 -55 -35 59 -99 
-50 30 -53 -28 8 -41 30 16 12 -2 
RSSI :-110 
Input angle :113
Zaxis angle :36 
minval :0 

minval :0 



4 -117 117 11 -17 118 -114 -22 24 -113 113 33 -45 109 -106 -46 
39 48 -20 55 -46 0 -26 1 -66 -51 85 95 -49 -36 65 -94 
-55 28 -52 -30 7 -42 3 -24 65 -54 -107 67 48 -36 80 82 
-18 -57 39 -40 41 16 25 7 41 76 -35 -121 30 54 -99 59 
60 -6 29 50 -27 33 -13 24 -80 27 125 -8 -60 25 -35 -112 
-8 61 -53 22 -29 -32 -6 -1 90 -3 
RSSI :-110 
Input angle :113
Zaxis angle :36 
minval :0 

minval :0 



100 62 -71 92 -88 -75 80 -85 84 84 -86 81 -70 -91 94 -65 
-62 9 -30 -48 23 -38 10 -23 78 -33 -122 25 59 -22 50 105 
0 -64 54 -24 31 31 23 15 10 81 8 -126 13 59 -114 16 
59 19 12 58 -35 25 -23 18 -83 -9 124 32 -62 -5 2 -116 
-30 50 -57 1 -18 -41 -8 -22 21 -82 -53 114 19 -61 114 24 
-44 -42 8 -56 46 -9 37 -16 51 1 
RSSI :-110 
Input angle :113
Zaxis angle :36 
minval :0 

minval :0 



45 108 -107 39 -31 -110 113 -25 17 113 -113 14 -8 -115 113 0 
-57 -30 -5 -57 39 -20 20 -15 79 22 -116 -47 64 16 -19 111 
37 -48 55 8 10 42 8 22 -39 71 77 -103 -27 58 -108 -42 
41 46 -21 56 -45 1 -25 2 -64 -54 80 96 -50 -39 66 -92 
-55 27 -45 -31 7 -44 1 -28 65 -48 -107 60 47 -38 77 85 
-14 -57 39 -41 42 17 17 -112 72 2 
RSSI :-110 
Input angle :115
Zaxis angle :25 
minval :0 

minval :0 



-103 -51 56 -100 98 63 -68 90 -85 -73 74 -87 85 79 -85 76 
62 -15 37 43 -16 47 -6 22 -74 32 123 -33 -54 30 -58 -97 
1 61 -49 30 -37 -22 -25 -10 -16 -84 11 127 -17 -59 109 -39 
-62 -12 -20 -53 32 -31 17 -24 87 -2 -125 -16 61 -2 11 113 
23 -58 57 -7 23 34 20 19 -16 83 45 -119 -6 57 -115 -10 
54 31 -7 53 -43 14 -40 15 12 -1 
RSSI :-110 
Input angle :123
Zaxis angle :39 
minval :0 

minval :0 



61 94 -98 58 -54 -100 104 -49 44 109 -109 36 -36 -109 109 -29 
-61 -15 -13 -57 34 -29 23 -23 82 5 -121 -29 63 0 -3 116 
30 -54 58 1 18 43 18 27 -27 75 54 -111 -15 64 -109 -26 
48 40 -13 59 -42 8 -29 10 -75 -41 95 79 -56 -27 43 -104 
-48 38 -53 -21 1 -46 -2 -31 54 -66 -100 79 41 -52 90 69 
-33 -53 30 -49 47 8 24 32 22 2 
RSSI :-110 
Input angle :113
Zaxis angle :29 
minval :0 

minval :0 



-67 -94 100 -57 56 102 -102 49 -46 -106 111 -36 28 113 -114 22 
69 18 15 56 -31 34 -25 20 -80 -15 114 37 -59 3 2 -113 
-36 57 -56 1 -25 -40 -19 -28 31 -78 -65 103 14 -58 108 23 
-51 -50 8 -53 49 -17 29 -11 70 52 -92 -80 57 23 -48 105 
56 -40 49 21 5 49 5 33 -62 57 94 -74 -34 53 -93 -69 
31 61 -28 46 -49 -1 -25 -97 -65 -3 
RSSI :-110 
Input angle :121
Zaxis angle :39 
minval :0 

minval :0 



-64 90 -83 -71 74 -78 76 78 -85 70 -65 -86 92 -61 54 92 
-7 -74 49 -28 42 17 31 8 7 90 -1 -123 20 53 -106 34 
69 4 18 53 -28 42 -16 26 -90 -12 123 23 -55 9 -15 -107 
-21 67 -55 5 -32 -34 -22 -22 26 -87 -47 114 4 -58 110 9 
-63 -34 4 -55 39 -23 26 -16 78 40 -108 -66 54 13 -28 104 
47 -56 56 10 18 47 -30 127 8 2 
RSSI :-110 
Input angle :122
Zaxis angle :39 
minval :0 

minval :0 



-102 -42 51 -98 93 54 -64 94 -89 -66 70 -85 78 75 -80 76 
66 -24 31 38 -7 49 8 29 -95 25 104 -14 -38 45 -58 -94 
7 71 -45 23 -45 -18 -27 3 -1 -94 -6 103 -34 -49 102 -38 
-74 -5 -12 -48 25 -40 2 -29 93 21 -103 -26 56 -24 13 107 
21 -69 49 -4 35 31 28 8 -34 94 46 -94 10 58 -108 -3 
64 36 -7 46 -40 28 -41 47 91 -2 
RSSI :-110 
Input angle :109
Zaxis angle :49 
minval :0 

minval :0 



-33 104 -101 -39 47 -98 93 55 -54 93 -87 -60 67 -82 81 72 
-31 -67 38 -35 46 1 27 -8 33 88 -27 -105 48 39 -84 67 
72 -22 29 45 -9 45 0 28 -92 13 112 -8 -44 41 -49 -96 
5 76 -45 17 -43 -20 -28 -4 3 -92 -24 111 -27 -53 106 -21 
-72 -11 -6 -51 30 -34 7 -27 92 22 -103 -36 58 -21 1 107 
22 -72 54 2 28 36 -20 127 -97 2 
RSSI :-110 
Input angle :109
Zaxis angle :47 
minval :0 

minval :0 



-105 17 -8 -107 103 -4 -1 110 -107 -5 12 -106 103 19 -26 103 
33 -57 44 19 21 42 24 13 -64 72 84 -78 -8 59 -97 -46 
47 44 -28 39 -45 12 -17 27 -57 -85 57 98 -56 -23 65 -86 
-56 42 -31 -37 2 -50 -17 -24 92 -35 -111 33 35 -53 66 79 
-28 -60 41 -25 47 9 28 -16 24 94 -17 -114 39 42 -92 51 
67 -11 14 46 -16 44 -50 -17 -29 -1 
RSSI :-110 
Input angle :101
Zaxis angle :47 
minval :0 

minval :0 



-7 105 -108 -12 17 -102 101 24 -28 101 -100 -31 40 -101 95 46 
-49 -43 30 -39 48 -10 11 -24 55 85 -53 -103 53 28 -65 85 
55 -34 34 36 -2 47 21 18 -95 38 110 -31 -32 45 -67 -83 
24 61 -47 23 -50 -9 -24 16 -19 -99 8 117 -41 -40 90 -51 
-66 10 -12 -49 23 -45 -14 -26 102 7 -111 -14 52 -29 29 99 
3 -65 51 2 39 32 -14 111 20 3 
RSSI :-110 
Input angle :98
Zaxis angle :47 
minval :0 

minval :0 



92 -52 45 92 -95 43 -36 -99 98 -38 27 102 -105 17 -12 -107 
-3 61 -54 -7 -33 -30 -33 0 33 -92 -45 103 -8 -58 103 7 
-57 -20 17 -49 32 -31 2 -30 84 55 -89 -74 56 1 -28 95 
27 -56 41 25 19 40 29 7 -66 72 89 -79 -10 62 -97 -46 
52 42 -33 39 -47 12 -15 22 -59 -80 57 107 -55 -26 64 -83 
-50 38 -28 -42 1 -43 44 -96 -48 -2 
RSSI :-110 
Input angle :94
Zaxis angle :44 
minval :0 

minval :0 



-55 -92 94 -47 41 98 -101 34 -30 -102 106 -21 20 105 -104 16 
64 7 0 55 -27 32 -1 29 -91 -33 99 53 -59 10 9 -108 
-18 64 -52 -11 -28 -34 -31 -6 47 -79 -74 90 0 -62 101 28 
-57 -31 24 -46 38 -19 13 -27 71 63 -75 -83 56 15 -49 92 
42 -54 36 32 9 42 23 20 -80 54 98 -53 -24 54 -83 -70 
39 56 -40 37 -46 2 -18 -97 73 -3 
RSSI :-110 
Input angle :29
Zaxis angle :60 
minval :0 

minval :0 



-106 28 -21 -104 108 -15 10 110 -112 7 0 -108 107 5 -10 104 
25 -66 44 14 20 37 31 11 -53 78 66 -92 -4 61 -99 -31 
55 41 -23 42 -40 15 -17 26 -66 -70 69 87 -57 -23 54 -87 
-49 49 -37 -31 -8 -44 -19 -22 79 -49 -102 50 29 -52 75 74 
-40 -56 37 -28 44 1 27 -17 32 87 -25 -111 42 42 -90 62 
62 -22 22 43 -12 43 -49 111 -125 0 
RSSI :-110 
Input angle :104
Zaxis angle :44 
minval :0 

minval :0 



69 82 -87 60 -53 -92 94 -46 45 96 -99 38 -32 -101 103 -26 
-71 -1 -4 -47 18 -40 1 -27 96 19 -109 -39 56 -15 5 106 
10 -73 48 6 32 32 26 5 -42 87 65 -95 3 57 -100 -15 
68 27 -15 47 -34 24 -10 27 -77 -54 84 80 -56 -8 32 -102 
-37 57 -43 -26 -16 -39 -25 -18 74 -64 -99 58 22 -52 86 62 
-51 -52 32 -34 47 -6 24 -64 -81 2 
RSSI :-110 
Input angle :105
Zaxis angle :47 
minval :0 

minval :0 



104 12 -19 103 -101 -25 26 -107 103 31 -38 100 -94 -41 49 -93 
-49 53 -38 -33 -14 -42 -23 -21 84 -47 -101 51 29 -56 78 67 
-46 -57 35 -28 42 -2 25 -16 30 90 -30 -108 45 32 -82 59 
63 -31 28 42 -6 46 10 27 -99 17 114 -4 -45 34 -45 -94 
15 73 -49 11 -44 -15 -27 6 10 -94 -16 112 -28 -49 100 -27 
-73 0 -3 -50 21 -41 47 112 -63 0 
RSSI :-110 
Input angle :105
Zaxis angle :44 
minval :0 

minval :0 



-59 -87 87 -59 51 94 -94 48 -40 -98 100 -32 30 102 -103 26 
76 0 0 47 -22 38 -8 28 -94 -27 109 45 -55 17 0 -105 
-16 72 -44 -7 -33 -34 -26 -12 45 -85 -65 100 -5 -56 103 24 
-67 -32 20 -44 39 -24 16 -23 74 61 -85 -84 59 10 -41 99 
42 -59 42 26 19 44 21 23 -74 62 103 -62 -20 51 -83 -66 
47 53 -35 36 -46 12 -24 31 78 -3 
RSSI :-110 
Input angle :109
Zaxis angle :44 
minval :0 

minval :0 



-64 -83 87 -64 57 90 -97 48 -47 -97 101 -40 36 101 -103 30 
73 0 7 48 -25 40 -2 33 -93 -21 108 37 -55 18 -6 -106 
-14 76 -48 -5 -34 -32 -26 -9 37 -89 -57 99 -4 -58 106 13 
-70 -27 13 -43 35 -26 15 -26 74 54 -81 -79 58 7 -34 99 
41 -61 42 24 17 43 20 20 -71 57 91 -65 -18 55 -92 -57 
53 52 -28 37 -45 11 -26 31 -126 -3 
RSSI :-110 
Input angle :109
Zaxis angle :47 
minval :0 

minval :0 



-110 -15 18 -108 106 24 -30 106 -100 -34 46 -99 96 47 -51 94 
53 -49 38 27 13 46 15 21 -78 49 100 -52 -27 52 -78 -72 
41 65 -36 33 -48 -1 -26 12 -34 -86 24 112 -42 -42 87 -66 
-69 23 -22 -40 10 -50 -6 -29 91 -12 -111 4 51 -35 44 100 
-11 -75 45 -12 46 19 34 1 -8 90 19 -108 24 54 -101 25 
76 4 3 49 -29 40 -44 15 50 -1 
RSSI :-110 
Input angle :109
Zaxis angle :47 
minval :0 

minval :0 



-93 62 -58 -93 97 -53 44 103 -101 42 -38 -103 105 -30 21 106 
9 -73 47 -7 37 31 28 10 -25 86 42 -104 15 59 -105 0 
71 19 -7 45 -38 34 -14 27 -77 -46 93 66 -60 0 24 -104 
-34 68 -43 -12 -24 -42 -21 -18 57 -73 -82 81 9 -59 101 44 
-54 -48 24 -40 47 -16 23 -19 58 70 -56 -99 54 25 -64 86 
60 -46 34 32 1 51 -42 -113 61 1 
RSSI :-110 
Input angle :109
Zaxis angle :47 
minval :0 

minval :0 



-108 -4 8 -110 111 20 -25 105 -107 -28 35 -105 102 40 -48 102 
52 -55 41 21 14 48 15 28 -68 53 93 -58 -27 57 -91 -67 
43 61 -29 38 -51 0 -32 12 -38 -78 44 104 -52 -36 81 -73 
-71 29 -30 -36 5 -49 -8 -29 83 -20 -113 15 47 -38 55 96 
-14 -75 42 -21 47 16 33 1 0 87 8 -108 33 59 -103 32 
77 1 6 46 -25 39 -46 -33 -86 -1 
RSSI :-110 
Input angle :109
Zaxis angle :47 
minval :0 

minval :0 



-94 -60 67 -90 86 72 -77 84 -76 -81 88 -73 66 88 -87 64 
73 -19 22 42 -17 49 4 32 -86 11 108 -3 -51 37 -45 -100 
5 76 -44 17 -46 -22 -30 -6 4 -86 -18 106 -28 -59 107 -22 
-75 -9 -8 -43 34 -37 13 -30 78 26 -100 -41 63 -12 -1 110 
26 -72 48 1 30 37 29 17 -42 76 62 -90 -2 66 -107 -25 
63 40 -16 42 -43 21 -35 -1 65 -2 
RSSI :-110 
Input angle :113
Zaxis angle :47 
minval :0 

minval :0 



-96 -55 59 -94 90 63 -70 87 -87 -74 77 -76 73 80 -87 64 
70 -26 25 39 -15 47 7 33 -86 12 107 -12 -49 40 -44 -98 
6 76 -40 20 -44 -23 -33 0 4 -85 -10 110 -27 -57 109 -24 
-76 -9 -7 -44 29 -39 9 -33 81 25 -104 -33 61 -14 -3 111 
20 -73 46 1 32 41 30 14 -40 78 58 -96 -1 63 -108 -23 
62 41 -13 42 -46 22 -32 95 67 -2 
RSSI :-110 
Input angle :113
Zaxis angle :47 
minval :0 

minval :0 



-62 -91 98 -55 47 98 -102 43 -41 -105 105 -39 27 105 -111 23 
76 10 4 44 -35 39 -11 27 -81 -22 106 41 -59 12 -3 -113 
-23 70 -47 -6 -31 -43 -26 -17 35 -79 -55 93 2 -63 109 24 
-66 -36 11 -47 43 -20 21 -21 64 58 -78 -80 65 13 -52 97 
53 -56 43 22 14 50 16 27 -71 50 94 -62 -26 58 -89 -68 
41 64 -29 34 -49 3 -19 -65 122 -3 
RSSI :-110 
Input angle :109
Zaxis angle :41 
minval :0 

minval :0 



111 -14 7 111 -113 0 5 -111 112 8 -13 110 -108 -20 26 -107 
-43 60 -45 -15 -17 -48 -22 -24 58 -62 -79 74 14 -66 100 48 
-50 -50 23 -37 48 -9 29 -18 51 71 -59 -96 60 30 -68 83 
65 -41 33 30 -2 50 12 28 -76 36 104 -37 -39 49 -69 -86 
26 70 -43 23 -52 -12 -34 7 -14 -84 14 108 -40 -52 101 -46 
-77 7 -18 -44 21 -46 40 -96 16 0 
RSSI :-110 
Input angle :109
Zaxis angle :47 
minval :0 

minval :0 



110 10 -15 111 -107 -26 27 -110 107 36 -41 103 -101 -45 47 -102 
-55 50 -38 -27 -6 -51 -17 -24 71 -48 -97 54 30 -53 86 73 
-34 -62 31 -33 50 0 31 -12 32 77 -36 -108 47 42 -89 67 
67 -25 25 38 -16 47 8 32 -86 11 114 -9 -52 37 -45 -100 
6 72 -42 15 -42 -25 -31 -3 8 -81 -18 108 -27 -58 108 -26 
-72 -5 -7 -47 32 -40 40 -32 -70 0 
RSSI :-110 
Input angle :109
Zaxis angle :47 
minval :0 

minval :0 



72 84 -89 66 -56 -93 98 -55 47 102 -105 44 -37 -102 108 -33 
-71 -6 -10 -47 32 -39 7 -34 82 20 -108 -30 65 -17 7 109 
17 -72 50 2 30 37 30 12 -35 76 53 -99 7 68 -112 -11 
67 31 -8 46 -45 28 -17 30 -66 -53 90 66 -66 -7 31 -103 
-46 57 -44 -18 -14 -49 -23 -28 67 -54 -93 62 25 -64 96 58 
-45 -54 27 -40 50 -4 21 64 101 2 
RSSI :-110 
Input angle :109
Zaxis angle :47 
minval :0 

minval :0 



-46 99 -100 -48 57 -94 90 65 -72 84 -81 -76 80 -79 77 77 
-30 -67 38 -29 53 7 32 -7 16 82 -19 -109 46 45 -94 56 
66 -20 21 42 -16 46 0 35 -87 1 112 8 -56 39 -34 -106 
1 69 -46 10 -39 -26 -33 -6 14 -79 -24 108 -21 -61 111 -11 
-68 -15 0 -45 36 -35 11 -32 84 32 -97 -50 67 -7 -8 110 
28 -66 46 5 29 43 -24 31 38 2 
RSSI :-110 
Input angle :98
Zaxis angle :47 
minval :0 

minval :0 



-109 -27 30 -108 107 39 -44 101 -100 -46 53 -97 95 58 -65 89 
60 -40 38 30 1 52 15 31 -78 35 100 -40 -37 56 -73 -83 
30 68 -36 28 -50 -11 -34 9 -17 -82 15 107 -47 -49 94 -58 
-71 12 -21 -41 22 -49 0 -32 85 0 -110 -5 55 -37 32 106 
2 -74 44 -11 42 28 34 7 -19 83 22 -105 24 59 -110 13 
73 16 0 45 -39 36 -38 31 -16 -2 
RSSI :-110 
Input angle :109
Zaxis angle :47 
minval :0 

minval :0 



-99 -56 50 -93 94 60 -62 91 -86 -66 73 -81 80 79 -78 74 
69 -29 26 36 -12 51 7 34 -83 16 108 -13 -50 43 -52 -95 
10 72 -41 17 -46 -23 -34 0 2 -86 -8 110 -30 -56 104 -30 
-74 0 -7 -46 35 -40 8 -34 84 19 -104 -29 63 -19 5 111 
22 -73 43 0 33 37 34 15 -38 77 47 -99 5 68 -110 -11 
65 34 -10 43 -46 24 -37 127 80 -2 
RSSI :-110 
Input angle :109
Zaxis angle :47 
minval :0 

minval :0 



28 -108 110 32 -35 106 -106 -39 46 -100 97 57 -62 97 -90 -62 
43 60 -31 33 -48 0 -31 12 -34 -77 39 103 -53 -39 81 -76 
-70 26 -27 -35 7 -50 -4 -35 80 -17 -110 19 50 -46 55 96 
-16 -71 39 -21 45 23 35 1 5 84 4 -110 38 61 -103 39 
75 -1 12 43 -28 41 -6 30 -80 -17 107 22 -63 26 -9 -112 
-17 73 -43 4 -29 -37 16 0 -113 -3 
RSSI :-110 
Input angle :113
Zaxis angle :47 
minval :0 

minval :0 



108 -30 24 106 -111 21 -17 -112 111 -6 3 113 -111 -5 6 -109 
-31 67 -45 -5 -24 -42 -25 -20 47 -69 -67 88 9 -69 106 34 
-58 -44 17 -45 47 -13 29 -19 55 59 -71 -85 63 22 -55 96 
56 -46 39 21 3 53 15 30 -70 47 94 -57 -36 61 -84 -73 
34 66 -30 38 -50 -7 -31 10 -29 -79 36 104 -47 -42 91 -66 
-71 24 -27 -36 15 -50 43 -96 -108 -1 
RSSI :-110 
Input angle :117
Zaxis angle :44 
minval :0 

minval :0 



107 -29 25 108 -114 18 -12 -116 114 -4 -1 110 -113 -8 13 -110 
-39 65 -45 -5 -20 -46 -27 -25 49 -67 -65 84 18 -71 105 35 
-56 -48 10 -43 49 -14 26 -19 52 66 -73 -80 65 23 -59 93 
58 -44 40 22 2 51 12 30 -72 39 94 -50 -38 57 -80 -79 
28 70 -33 33 -52 -13 -34 7 -24 -80 29 106 -49 -50 90 -65 
-75 17 -28 -36 21 -47 43 -48 -93 -1 
RSSI :-110 
Input angle :117
Zaxis angle :44 
minval :0 

minval :0 



18 115 -111 12 -7 -113 109 0 0 112 -111 -9 16 -110 107 25 
-60 -43 7 -47 48 -14 27 -19 60 53 -80 -75 63 23 -51 99 
55 -51 41 21 2 53 11 32 -70 49 89 -61 -32 59 -84 -74 
35 68 -27 40 -51 -6 -30 9 -34 -75 43 101 -52 -40 89 -68 
-74 26 -37 -33 14 -48 0 -34 80 -14 -109 20 55 -44 51 98 
-6 -77 43 -21 43 26 0 32 -118 2 
RSSI :-110 
Input angle :120
Zaxis angle :36 
minval :0 

minval :0 



-113 10 -4 -113 113 2 -5 108 -112 -19 19 -111 110 27 -31 103 
49 -56 49 8 14 48 19 26 -55 61 81 -79 -22 65 -99 -53 
41 63 -19 43 -48 3 -31 12 -47 -69 65 88 -60 -36 73 -89 
-67 35 -39 -25 7 -53 -7 -34 77 -33 -99 40 49 -49 71 85 
-19 -76 32 -31 48 17 35 1 17 81 -17 -106 41 57 -98 51 
75 -7 25 42 -29 41 -43 31 -20 -1 
RSSI :-110 
Input angle :120
Zaxis angle :44 
minval :0 

minval :0 



11 -114 111 18 -22 109 -109 -27 34 -108 104 42 -53 103 -99 -52 
49 58 -19 42 -52 3 -29 9 -47 -66 59 91 -61 -36 69 -83 
-71 31 -41 -27 6 -50 -3 -30 75 -33 -104 41 48 -51 66 89 
-14 -72 36 -31 47 15 32 1 17 83 -20 -110 42 58 -97 50 
76 -5 24 41 -28 41 -11 32 -80 -3 108 10 -64 26 -32 -110 
-13 76 -45 16 -32 -36 9 32 126 -3 
RSSI :-110 
Input angle :122
Zaxis angle :25 
minval :0 

minval :0 



102 -39 35 108 -110 25 -23 -113 110 -12 8 111 -112 -1 5 -110 
-30 69 -46 0 -23 -46 -25 -23 40 -71 -56 93 10 -69 108 24 
-62 -46 8 -47 50 -10 27 -17 60 54 -81 -77 69 19 -49 97 
60 -49 43 20 3 50 9 28 -63 53 90 -63 -38 61 -88 -71 
36 67 -26 40 -48 -7 -32 5 -36 -70 43 97 -52 -44 84 -76 
-72 23 -38 -32 18 -49 39 80 51 -1 
RSSI :-110 
Input angle :117
Zaxis angle :44 
minval :0 

minval :0 



45 102 -107 35 -30 -105 107 -27 20 110 -111 16 -7 -110 110 -6 
-74 -30 -4 -49 43 -28 20 -25 76 35 -95 -52 66 -1 -18 106 
39 -66 47 4 18 45 23 25 -49 63 69 -86 -17 68 -101 -43 
54 59 -11 44 -53 4 -31 17 -55 -64 71 79 -61 -33 59 -91 
-63 43 -43 -25 2 -51 -10 -30 69 -44 -96 48 45 -51 78 78 
-27 -74 28 -35 50 15 12 64 121 2 
RSSI :-110 
Input angle :117
Zaxis angle :44 
minval :0 

minval :0 


