
-88 63 -58 -95 95 -57 51 98 -101 42 -35 -107 103 -31 25 104 
12 -75 41 -11 37 33 26 10 -22 83 34 -102 17 68 -108 7 
71 24 8 46 -43 29 -16 27 -76 -37 91 56 -69 1 19 -108 
-41 66 -44 -6 -19 -47 -26 -23 55 -65 -69 81 11 -65 100 42 
-54 -54 13 -43 49 -12 28 -19 51 66 -65 -89 63 28 -58 90 
62 -46 37 23 -1 53 -40 -17 60 1 
RSSI :-110 
Input angle :117
Zaxis angle :44 
minval :0 

minval :0 



-107 -19 29 -107 105 32 -37 104 -103 -41 51 -95 96 54 -58 92 
64 -46 40 22 3 50 17 28 -75 42 94 -55 -36 59 -79 -69 
30 69 -29 35 -50 -6 -30 12 -21 -84 31 107 -46 -46 87 -61 
-72 18 -27 -35 19 -49 -4 -34 86 -9 -109 11 53 -35 43 97 
-4 -75 39 -21 47 28 35 1 -8 88 6 -106 27 62 -104 25 
75 12 12 40 -34 37 -41 111 46 -1 
RSSI :-110 
Input angle :115
Zaxis angle :36 
minval :0 

minval :0 



8 109 -112 0 6 -112 108 10 -16 108 -107 -21 25 -108 101 27 
-61 -44 14 -42 49 -13 20 -23 62 64 -67 -82 61 19 -52 93 
60 -51 41 22 7 51 19 27 -75 41 95 -50 -27 59 -80 -71 
35 67 -29 32 -54 -4 -32 15 -28 -81 32 100 -49 -45 83 -66 
-71 20 -26 -34 15 -50 -8 -33 85 -11 -107 9 51 -40 41 100 
-6 -76 39 -16 46 26 -6 -81 -64 2 
RSSI :-110 
Input angle :109
Zaxis angle :49 
minval :0 

minval :0 



-108 2 1 -110 109 8 -16 110 -105 -23 24 -106 102 30 -36 100 
52 -56 39 23 13 51 22 22 -70 54 89 -64 -26 62 -92 -58 
45 62 -27 32 -53 2 -26 17 -37 -79 47 101 -56 -36 74 -76 
-67 31 -31 -35 7 -48 -13 -31 87 -20 -106 27 46 -45 54 91 
-17 -74 37 -20 49 18 31 -6 0 89 -1 -106 37 54 -103 39 
75 -2 14 43 -27 40 -44 95 -100 -1 
RSSI :-110 
Input angle :109
Zaxis angle :47 
minval :0 

minval :0 



92 -52 46 98 -99 42 -36 -102 103 -29 25 102 -104 15 -11 -105 
-18 71 -43 0 -33 -36 -35 -4 38 -79 -51 96 -6 -64 104 14 
-65 -33 7 -40 47 -25 15 -30 72 54 -86 -70 66 8 -37 102 
42 -60 39 20 16 47 29 25 -67 57 84 -66 -23 62 -93 -53 
46 53 -23 35 -52 2 -26 22 -39 -81 56 98 -56 -28 74 -79 
-66 36 -29 -36 7 -49 42 16 86 -1 
RSSI :-110 
Input angle :106
Zaxis angle :47 
minval :0 

minval :0 



-73 -84 86 -69 59 91 -93 50 -45 -96 97 -41 35 101 -101 30 
66 1 3 46 -30 39 3 31 -91 -27 108 23 -59 20 -11 -108 
-13 72 -44 -1 -37 -34 -32 -4 37 -82 -43 99 -9 -60 108 13 
-68 -26 12 -43 41 -29 14 -29 73 59 -87 -70 62 4 -37 100 
39 -57 37 18 15 46 25 14 -72 61 86 -72 -20 61 -93 -56 
47 55 -27 33 -49 5 -24 -65 0 -3 
RSSI :-110 
Input angle :109
Zaxis angle :44 
minval :0 

minval :0 



56 92 -95 51 -45 -97 99 -43 37 100 -103 29 -25 -106 104 -14 
-70 -7 2 -47 29 -37 2 -30 86 32 -105 -40 59 -12 -5 107 
22 -65 43 14 25 40 29 11 -51 78 64 -91 -1 62 -104 -27 
63 35 -23 44 -42 19 -15 29 -65 -68 81 79 -61 -9 50 -92 
-50 51 -36 -27 -7 -43 -24 -21 78 -48 -98 56 26 -54 81 66 
-38 -56 40 -26 48 0 17 64 -95 2 
RSSI :-110 
Input angle :103
Zaxis angle :41 
minval :0 

minval :0 



60 -31 27 61 -61 22 -19 -63 64 -16 12 65 -67 8 -8 -66 
0 14 5 -25 10 -32 -42 49 24 24 74 -19 -44 27 66 8 
-14 -4 21 12 30 17 -43 -49 -29 19 3 74 -17 -50 -19 62 
7 -13 -15 19 -23 23 57 -32 -12 -32 -75 -10 52 -8 -57 -33 
12 9 -16 -20 -19 -26 18 60 33 -7 25 -70 -2 53 43 -49 
-10 9 21 -12 29 -11 -1 -1 45 2 
RSSI :-110 
Input angle :156
Zaxis angle :0 
minval :0 

minval :0 



61 -10 5 61 -61 2 -1 -61 61 2 -7 60 -60 -9 10 -60 
-7 13 12 -14 12 -32 -47 33 12 29 75 4 -56 14 55 24 
-10 -8 12 15 28 20 -24 -51 -33 6 -15 71 -2 -58 -39 48 
11 -8 -18 8 -26 23 56 -14 0 -32 -67 -32 57 8 -39 -44 
5 11 -3 -21 -18 -30 2 58 31 6 44 -60 -20 53 54 -29 
-12 2 20 -1 32 -11 -14 79 -33 1 
RSSI :-110 
Input angle :151
Zaxis angle :14 
minval :0 

minval :0 



-56 -7 10 -55 55 16 -18 52 -51 -20 23 -48 48 27 -28 47 
11 -10 -16 10 -19 29 49 -18 -5 -30 -69 -25 57 3 -38 -41 
7 13 -6 -17 -25 -23 8 52 29 1 37 -63 -15 53 47 -30 
-15 5 19 -2 29 -21 -54 -2 -7 31 53 53 -49 -27 20 51 
-2 -16 -1 19 15 32 16 -50 -29 -11 -63 41 33 -44 -53 9 
16 2 -18 -5 -34 6 19 32 -122 -2 
RSSI :-110 
Input angle :149
Zaxis angle :0 
minval :0 

minval :0 



-87 -10 15 -86 85 20 -25 84 -83 -29 32 -81 80 36 -40 76 
14 -18 -17 27 -26 59 75 -50 -7 -48 -124 -42 93 -2 -62 -61 
14 17 -22 -23 -51 -39 36 83 48 1 62 -115 -14 91 71 -49 
-21 10 27 -17 49 -42 -90 15 -10 48 102 82 -87 -32 34 80 
-7 -22 12 30 33 55 -2 -91 -45 -20 -102 83 50 -78 -84 22 
23 -2 -32 5 -60 21 111 48 -19 -11 
RSSI :-110 
Input angle :151
Zaxis angle :0 
minval :0 

minval :0 



-4 -50 51 0 -1 52 -51 -5 8 -51 51 11 -14 50 -49 -16 
7 3 -20 -5 -34 -11 38 35 26 -6 11 -73 15 48 26 -45 
-4 8 9 -17 18 -32 -42 28 7 26 69 26 -50 6 38 35 
-6 -6 13 14 27 25 -22 -50 -28 0 -38 63 3 -52 -44 29 
8 -5 -16 13 -27 20 53 -8 4 -26 -54 -49 50 15 -22 -46 
3 8 -6 -16 -14 -33 24 16 -114 0 
RSSI :-110 
Input angle :157
Zaxis angle :14 
minval :0 

minval :0 



34 43 -46 31 -28 -46 46 -25 22 50 -51 18 -15 -51 50 -12 
-7 3 17 -7 30 -5 -54 -10 -14 20 29 68 -40 -28 2 54 
-3 -8 3 18 -2 30 22 -52 -18 -19 -72 15 34 -33 -53 -8 
6 0 -18 0 -28 -9 47 30 22 -13 -1 -76 26 41 17 -51 
-2 7 2 -19 14 -28 -40 39 8 23 74 19 -46 16 45 30 
-7 -2 19 7 24 21 -29 95 87 0 
RSSI :-110 
Input angle :146
Zaxis angle :14 
minval :0 

minval :0 



-38 -42 44 -36 33 44 -46 33 -29 -47 51 -26 24 51 -52 21 
4 -2 -16 8 -31 -5 58 10 16 -21 -28 -71 40 26 -7 -57 
0 4 -2 -16 9 -31 -26 54 17 20 78 -12 -34 34 58 2 
-4 -1 18 0 27 17 -50 -33 -23 15 -3 79 -26 -42 -16 53 
1 -6 -3 17 -21 23 47 -40 -8 -26 -76 -15 44 -16 -51 -27 
5 3 -16 -6 -18 -25 26 -112 -52 -1 
RSSI :-110 
Input angle :146
Zaxis angle :0 
minval :0 

minval :0 



44 29 -31 43 -42 -34 38 -38 36 39 -40 36 -32 -41 44 -29 
-5 -1 11 -9 35 6 -63 0 -11 24 37 71 -40 -16 21 48 
2 -3 9 14 -14 35 14 -60 -21 -14 -76 25 26 -35 -51 11 
3 0 -15 4 -31 -19 55 26 19 -16 -6 -79 29 32 -1 -53 
-6 2 -1 -16 25 -25 -35 53 11 25 80 7 -38 22 53 10 
-2 -5 18 1 22 29 -26 31 -114 0 
RSSI :-110 
Input angle :139
Zaxis angle :14 
minval :0 

minval :0 



-37 -17 19 -36 34 22 -24 33 -31 -26 27 -30 28 29 -30 26 
3 1 -8 10 -35 -4 53 -4 9 -19 -38 -58 33 13 -18 -36 
-2 3 -8 -10 9 -34 -6 53 17 12 64 -26 -19 30 39 -11 
-2 -2 11 -6 31 17 -50 -16 -15 13 13 71 -29 -24 2 39 
3 -2 3 12 -23 26 28 -45 -10 -18 -69 -6 30 -18 -40 -5 
0 3 -13 1 -20 -29 -93 -80 -49 -4 
RSSI :-110 
Input angle :148
Zaxis angle :14 
minval :0 

minval :0 



24 29 -30 22 -21 -31 32 -18 17 33 -34 15 -13 -35 35 -11 
-1 -3 9 -6 34 16 -50 -13 -15 14 13 68 -26 -21 2 37 
3 0 4 11 -22 30 21 -47 -11 -18 -69 0 28 -19 -37 -4 
0 4 -11 2 -25 -28 40 32 20 -7 14 -68 14 31 11 -35 
-4 0 0 -11 33 -16 -39 34 2 21 63 27 -33 7 32 18 
1 -3 11 2 9 36 84 31 21 -1 
RSSI :-110 
Input angle :148
Zaxis angle :25 
minval :0 

minval :0 



-2 -35 35 0 -1 35 -35 -3 5 -35 35 7 -9 34 -33 -10 
-2 4 -10 0 -22 -32 36 34 20 -4 25 -65 10 30 18 -30 
-4 -2 1 -10 35 -15 -43 24 0 21 57 39 -32 3 26 23 
3 -3 9 3 8 38 -16 -47 -20 -6 -48 50 3 -32 -29 20 
2 4 -5 9 -39 0 49 -8 9 -19 -38 -58 31 10 -14 -32 
-4 1 -7 -7 8 -38 -123 32 119 6 
RSSI :-110 
Input angle :143
Zaxis angle :25 
minval :0 

minval :0 



6 34 -35 4 -2 -35 35 0 -3 35 -34 -5 6 -34 34 7 
2 -6 8 -1 27 28 -38 -28 -20 6 -13 69 -12 -29 -15 31 
5 3 0 9 -33 22 36 -30 -2 -21 -64 -28 31 -5 -27 -21 
-4 4 -9 -1 -15 -36 24 40 21 1 40 -58 0 31 26 -23 
-4 -4 3 -8 39 -6 -45 14 -6 20 48 51 -30 -5 18 30 
5 -2 7 4 -2 39 107 47 -87 -6 
RSSI :-110 
Input angle :146
Zaxis angle :25 
minval :0 

minval :0 



9 -34 34 10 -11 33 -33 -12 15 -32 30 17 -19 29 -28 -21 
-5 7 -7 0 -18 -36 24 39 21 1 39 -58 0 31 27 -22 
-5 -6 2 -6 38 -11 -43 14 -5 20 49 50 -30 -6 17 30 
7 -4 6 3 1 40 -5 -45 -19 -10 -61 36 13 -28 -33 9 
2 7 -5 5 -39 -7 45 2 14 -16 -22 -67 25 18 -2 -35 
-8 0 -3 -6 13 -37 111 48 76 8 
RSSI :-110 
Input angle :147
Zaxis angle :25 
minval :0 

minval :0 



2 36 -36 0 1 -36 35 3 -6 35 -34 -9 11 -34 33 12 
2 -9 6 0 29 27 -34 -30 -21 5 -20 68 -9 -29 -20 29 
8 4 -1 6 -33 23 36 -27 -1 -22 -63 -32 31 -4 -26 -24 
-5 7 -6 -2 -15 -37 20 40 21 3 44 -56 -1 31 29 -20 
-6 -7 3 -5 39 -6 -43 11 -6 21 46 53 -30 -8 13 33 
8 -4 4 4 0 40 100 -113 -46 -6 
RSSI :-110 
Input angle :148
Zaxis angle :25 
minval :0 

minval :0 



-8 -35 35 -5 3 36 -36 2 0 -36 36 1 -4 35 -35 -7 
0 9 -6 1 -33 -21 39 21 19 -9 5 -71 16 26 14 -33 
-9 -2 0 -6 26 -30 -28 34 5 21 69 16 -28 11 30 19 
3 -8 6 1 23 32 -28 -34 -22 1 -32 63 -4 -30 -25 26 
7 5 -2 6 -36 15 40 -21 2 -21 -54 -45 31 1 -20 -30 
-7 6 -5 -4 -8 -39 -89 0 -122 3 
RSSI :-110 
Input angle :144
Zaxis angle :20 
minval :0 

minval :0 



27 24 -24 25 -23 -26 26 -22 20 28 -29 19 -16 -30 31 -14 
-4 -7 5 -4 39 -3 -44 7 -9 19 35 60 -29 -10 8 35 
8 -3 4 6 -6 38 2 -45 -17 -13 -66 22 16 -26 -35 1 
1 8 -6 2 -36 -14 43 12 16 -13 -8 -70 22 21 6 -35 
-9 0 -1 -7 20 -33 -20 40 10 18 70 5 -26 16 33 13 
2 -8 7 0 28 26 90 79 16 3 
RSSI :-110 
Input angle :144
Zaxis angle :25 
minval :0 

minval :0 



-27 -20 22 -26 25 23 -24 24 -23 -26 27 -21 19 28 -29 17 
1 5 -5 6 -37 4 44 -11 4 -19 -36 -55 31 5 -11 -32 
-5 0 -5 -7 3 -37 4 45 17 8 61 -27 -10 30 34 -5 
0 -5 8 -3 35 11 -45 -5 -11 15 13 65 -26 -18 -2 34 
5 1 2 9 -17 33 13 -43 -13 -14 -66 0 21 -23 -33 -9 
-2 5 -9 0 -28 -24 -123 0 -22 -6 
RSSI :-110 
Input angle :230
Zaxis angle :36 
minval :0 

minval :0 



-32 -17 19 -31 30 21 -22 29 -27 -24 26 -26 25 27 -28 23 
7 0 -4 1 -34 11 45 -1 7 -21 -42 -53 34 6 -17 -32 
-1 6 0 -5 -4 -36 -6 45 20 11 61 -30 -14 32 35 -9 
-6 -2 5 0 36 2 -42 -15 -14 17 17 66 -28 -19 2 36 
4 -5 -1 4 -9 34 23 -38 -13 -18 -68 5 25 -24 -36 -2 
4 5 -4 -2 -32 -17 -87 16 57 -5 
RSSI :-110 
Input angle :151
Zaxis angle :0 
minval :0 

minval :0 



0 -61 61 3 -7 61 -60 -11 14 -60 59 15 -18 59 -56 -22 
1 10 -9 -12 -60 -36 60 92 46 -28 44 0 25 82 36 -49 
-10 0 13 -6 50 -48 -102 42 18 51 117 67 -85 9 42 45 
3 -10 3 14 38 58 -23 -107 -53 8 -88 102 9 -85 -52 32 
9 4 -14 0 -65 24 110 2 2 -54 -82 -107 82 24 -20 -58 
-6 7 3 -14 -13 -69 -49 -80 -116 3 
RSSI :-110 
Input angle :151
Zaxis angle :25 
minval :0 

minval :0 



3 27 -27 2 0 -27 27 0 -3 27 -27 -4 5 -27 26 7 
3 0 8 0 34 15 -43 -30 -18 12 -8 65 -20 -29 -12 24 
0 3 0 8 -22 30 37 -36 -7 -20 -62 -23 33 -14 -22 -17 
-3 0 -8 -2 -24 -28 26 45 21 -3 34 -56 8 35 21 -18 
1 -2 4 -7 32 -19 -49 18 0 21 49 44 -36 0 12 24 
2 2 6 5 12 35 82 -1 81 -3 
RSSI :-110 
Input angle :12
Zaxis angle :41 
minval :0 

minval :0 



-28 -16 17 -27 25 19 -22 23 -21 -24 24 -21 20 25 -25 19 
-2 6 -1 0 -43 15 50 -5 5 -24 -48 -50 32 11 -12 -29 
-6 -2 0 0 -6 -45 -4 49 22 11 59 -36 -17 29 31 -6 
4 -5 0 0 45 1 -48 -13 -15 19 24 65 -25 -23 0 32 
4 5 0 0 -9 44 23 -44 -16 -19 -68 14 28 -19 -31 -7 
-5 3 0 -1 -40 -20 -77 112 68 -6 
RSSI :-110 
Input angle :246
Zaxis angle :49 
minval :0 

minval :0 



29 -19 17 30 -31 16 -14 -31 32 -13 11 32 -33 9 -7 -33 
-3 2 3 1 5 -46 -15 43 19 17 64 -36 -27 24 34 0 
-1 -3 -2 3 44 14 -39 -24 -21 15 23 69 -18 -32 -7 34 
4 -1 -2 -3 -24 39 30 -34 -11 -24 -73 6 35 -12 -31 -13 
0 4 3 -2 -34 -32 27 37 26 -5 9 -73 3 37 20 -28 
-4 0 1 4 38 -25 6 -96 106 13 
RSSI :-110 
Input angle :307
Zaxis angle :0 
minval :0 

minval :0 



-1 -30 30 1 -3 30 -30 -3 4 -30 29 6 -8 29 -28 -9 
0 0 -3 3 -26 -29 31 29 17 -3 14 -72 12 31 15 -25 
0 0 -2 -4 34 -19 -35 24 0 17 65 32 -33 5 21 20 
0 1 5 -1 12 38 -17 -38 -17 -3 -44 58 1 -34 -25 16 
0 0 0 5 -39 3 41 -7 7 -16 -49 -54 33 9 -11 -28 
0 0 -5 0 4 -39 120 0 10 5 
RSSI :-110 
Input angle :38
Zaxis angle :29 
minval :0 

minval :0 



28 21 -22 27 -25 -25 26 -24 22 27 -28 21 -19 -29 30 -17 
-12 -6 8 3 39 3 -45 -7 -19 20 38 63 -28 -22 12 33 
9 -10 -5 7 -11 37 15 -43 -17 -22 -68 20 27 -24 -35 3 
8 10 -5 -6 -34 -19 39 24 25 -11 -7 -71 16 32 3 -35 
-12 6 7 -4 26 -29 -32 33 7 27 71 7 -35 9 33 10 
-3 -13 2 8 23 31 29 31 -13 0 
RSSI :-110 
Input angle :158
Zaxis angle :14 
minval :0 

minval :0 



-28 -14 15 -27 26 17 -18 24 -23 -20 21 -22 21 22 -23 20 
7 -7 -6 5 -34 5 45 -12 2 -19 -49 -49 33 6 -16 -26 
5 9 -3 -7 0 -34 2 46 19 5 58 -40 -13 30 29 -9 
-9 3 7 -2 34 6 -46 -5 -11 15 27 68 -27 -19 2 31 
-1 -10 0 8 -11 32 13 -45 -15 -12 -67 17 25 -22 -31 -3 
10 0 -8 0 -29 -18 121 -16 -86 -7 
RSSI :-110 
Input angle :149
Zaxis angle :0 
minval :0 

minval :0 



41 -7 4 41 -41 1 0 -42 42 2 -4 41 -41 -6 8 -40 
-13 9 5 2 28 -22 -28 26 3 15 73 3 -33 13 38 17 
-7 -14 -3 4 16 32 -20 -33 -16 0 -21 70 -5 -36 -25 33 
16 -4 -3 -4 -35 9 36 -13 2 -15 -64 -35 36 1 -26 -31 
0 16 5 -2 -1 -36 4 38 14 6 48 -55 -9 35 35 -22 
-16 -2 1 5 35 5 -72 47 -70 6 
RSSI :-110 
Input angle :158
Zaxis angle :20 
minval :0 

minval :0 



-14 36 -35 -16 18 -34 34 19 -21 33 -31 -23 25 -30 28 26 
9 -6 7 9 15 39 -18 -42 -24 -6 -45 54 14 -32 -31 22 
4 10 -10 4 -41 6 45 -9 10 -22 -44 -54 29 19 -15 -35 
-11 3 -2 -11 1 -42 0 46 20 15 62 -33 -26 24 38 -7 
0 -11 11 0 40 10 -44 -9 -18 16 18 68 -18 -30 0 38 
11 2 -2 11 -19 37 -101 -65 -34 -12 
RSSI :-110 
Input angle :151
Zaxis angle :20 
minval :0 

minval :0 



-7 -36 37 -5 3 37 -37 1 0 -37 37 3 -5 37 -37 -6 
2 9 -1 0 -33 -20 28 28 22 -9 6 -77 9 38 13 -34 
-9 0 0 -1 26 -28 -33 22 4 23 74 23 -39 0 30 22 
1 -9 0 0 22 32 -15 -37 -24 -1 -36 68 6 -39 -26 26 
9 3 0 0 -35 16 39 -7 5 -23 -58 -51 37 14 -19 -32 
-5 8 0 -1 -6 -38 -85 -96 43 5 
RSSI :-110 
Input angle :156
Zaxis angle :0 
minval :0 

minval :0 



35 16 -19 34 -32 -21 22 -31 30 24 -26 28 -26 -28 28 -26 
-14 0 7 7 40 -10 -46 -3 -12 24 53 48 -34 -18 18 33 
1 -14 -8 6 3 41 12 -44 -20 -18 -59 40 25 -29 -37 10 
13 4 -4 -9 -41 -5 41 21 21 -16 -27 -66 25 30 -5 -38 
-7 12 10 -2 14 -38 -28 36 11 25 70 -13 -34 17 38 3 
-10 -9 0 10 36 20 41 -113 -79 3 
RSSI :-110 
Input angle :158
Zaxis angle :0 
minval :0 

minval :0 



27 -27 25 29 -31 23 -21 -32 33 -20 19 34 -35 16 -14 -35 
-14 9 2 -5 4 -43 -11 45 21 13 69 -27 -25 19 38 -5 
-6 -15 4 3 41 13 -42 -20 -18 17 13 73 -13 -28 -2 38 
16 -3 -4 3 -21 37 28 -37 -13 -22 -74 -1 30 -7 -37 -9 
0 17 -2 -5 -31 -30 30 35 24 -8 17 -72 1 32 18 -34 
-16 -4 5 -1 35 -25 29 48 -48 12 
RSSI :-110 
Input angle :163
Zaxis angle :39 
minval :0 

minval :0 



-13 36 -35 -15 17 -34 33 19 -21 32 -30 -23 24 -30 28 26 
0 -25 -3 4 14 39 1 -42 -25 -3 -49 51 20 -33 -31 22 
24 5 -4 -5 -41 7 41 6 9 -23 -39 -60 29 26 -15 -35 
-11 22 6 -3 3 -42 -16 39 22 12 66 -28 -31 23 37 -7 
-20 -14 1 6 40 12 -35 -23 -17 18 12 71 -15 -36 0 38 
18 -17 -6 0 -19 37 -120 63 -106 -11 
RSSI :-110 
Input angle :158
Zaxis angle :0 
minval :0 

minval :0 



-27 -62 63 -23 20 64 -65 18 -14 -66 67 -9 5 67 -67 1 
26 13 -10 -23 -59 -45 68 75 41 -27 7 -127 20 77 14 -65 
-17 23 25 -6 56 -48 -85 54 18 46 123 30 -80 7 61 26 
-19 -22 1 25 34 65 -35 -95 -49 9 -55 115 9 -80 -39 54 
26 -14 -25 -3 -71 21 100 -13 1 -49 -102 -76 76 25 -45 -48 
9 27 10 -23 -6 -73 -64 0 -40 2 
RSSI :-110 
Input angle :162
Zaxis angle :0 
minval :0 

minval :0 



-36 -15 17 -34 33 20 -22 32 -30 -24 25 -29 28 26 -28 26 
9 2 -9 2 -37 2 51 -4 2 -21 -45 -50 35 9 -19 -33 
-4 8 0 -9 7 -37 -6 51 20 7 59 -32 -17 31 37 -11 
-7 -6 9 1 35 14 -48 -16 -11 18 19 64 -28 -23 4 38 
7 -6 -3 8 -20 31 26 -44 -15 -15 -67 7 28 -21 -38 -3 
4 9 -7 -4 -27 -26 -108 16 25 -6 
RSSI :-110 
Input angle :252
Zaxis angle :0 
minval :0 

minval :0 



29 -23 21 30 -32 18 -16 -33 34 -15 14 34 -34 12 -10 -35 
-3 10 1 -9 9 -31 -18 47 16 10 63 -15 -25 29 37 -1 
-9 -5 9 3 29 16 -42 -27 -14 13 0 65 -22 -31 -8 36 
7 -7 -6 8 -22 24 35 -35 -10 -16 -63 -12 35 -15 -33 -14 
7 8 -6 -7 -18 -27 28 41 18 -7 26 -59 9 37 20 -31 
-9 4 8 -5 30 -13 28 80 -39 9 
RSSI :-110 
Input angle :158
Zaxis angle :25 
minval :0 

minval :0 



14 71 -73 9 -4 -73 73 0 -4 73 -72 -8 10 -72 71 12 
-19 -7 19 11 49 42 -64 -74 -34 19 -34 125 -32 -69 -31 65 
10 -17 -15 16 -52 39 85 -48 -13 -37 -117 -57 74 -18 -58 -42 
15 14 -12 -18 -29 -58 32 92 39 -4 82 -100 2 76 54 -48 
-17 12 20 -8 64 -12 -96 14 -2 39 81 101 -75 -15 35 63 
-7 -20 4 22 3 65 105 -1 -64 -4 
RSSI :-110 
Input angle :154
Zaxis angle :0 
minval :0 

minval :0 



3 37 -37 0 2 -37 37 4 -6 37 -36 -8 9 -36 35 10 
-5 -1 6 3 23 21 -31 -37 -14 8 -20 67 -11 -35 -18 32 
3 -5 -5 5 -25 18 42 -24 -5 -15 -61 -35 37 -2 -27 -24 
4 3 -4 -6 -12 -28 15 46 16 -2 48 -51 -4 37 30 -20 
-4 3 7 -3 31 -5 -48 5 -1 17 40 57 -34 -13 14 34 
-2 -5 1 7 0 31 124 -49 -104 -3 
RSSI :-110 
Input angle :146
Zaxis angle :0 
minval :0 

minval :0 



3 -38 38 6 -8 37 -37 -10 12 -36 36 13 -16 35 -33 -18 
0 8 -2 -8 -25 -28 18 42 22 -3 26 -66 2 36 25 -28 
-8 -1 8 0 33 -17 -45 9 -1 22 61 37 -35 -5 23 30 
3 -8 -1 8 12 36 0 -46 -21 -5 -50 51 12 -33 -35 15 
6 5 -8 -3 -37 3 45 8 10 -20 -38 -60 30 20 -9 -37 
-6 5 5 -7 4 -37 -113 32 -32 6 
RSSI :-110 
Input angle :159
Zaxis angle :20 
minval :0 

minval :0 



7 36 -37 5 -3 -37 37 -1 -1 37 -37 -3 5 -37 36 7 
-6 -9 7 7 29 19 -37 -37 -20 8 -9 67 -12 -36 -16 33 
10 -4 -9 6 -24 25 44 -28 -4 -21 -64 -23 38 -4 -30 -21 
2 11 -4 -10 -19 -29 18 49 22 0 35 -58 -3 38 27 -24 
-11 0 10 -1 32 -12 -52 8 -4 21 50 46 -37 -11 19 31 
2 -10 0 11 6 34 92 -1 -118 -5 
RSSI :-110 
Input angle :156
Zaxis angle :0 
minval :0 

minval :0 



-13 -38 38 -11 9 39 -39 7 -6 -40 40 -3 0 40 -40 -1 
14 7 -7 -3 -33 -10 42 26 16 -16 -11 -72 21 28 12 -38 
-10 12 4 -6 15 -31 -34 36 13 19 73 3 -32 13 35 19 
-10 -12 5 6 26 23 -28 -40 -22 8 -19 70 -7 -34 -24 32 
14 -7 -7 4 -27 22 46 -17 -3 -23 -65 -34 35 0 -25 -30 
4 15 -2 -7 -15 -31 -70 -96 39 0 
RSSI :-110 
Input angle :153
Zaxis angle :0 
minval :0 

minval :0 



10 43 -44 7 -5 -44 44 -2 0 44 -44 -1 5 -44 43 8 
-15 -2 8 5 31 9 -38 -36 -18 20 -1 78 -13 -39 -17 40 
5 -14 -6 7 -16 28 43 -29 -14 -22 -77 -15 41 -5 -36 -25 
13 8 -5 -8 -24 -21 21 48 25 -9 29 -72 -1 41 32 -30 
-10 11 9 -3 26 -18 -51 11 5 26 66 42 -40 -10 23 38 
-8 -12 2 9 12 30 39 111 -42 -1 
RSSI :-110 
Input angle :158
Zaxis angle :0 
minval :0 

minval :0 



0 43 -43 -3 6 -43 42 9 -12 42 -40 -14 17 -39 38 19 
-1 -3 9 2 25 24 -32 -40 -16 11 -25 65 -6 -40 -26 34 
4 0 -4 8 -29 18 44 -25 -9 -18 -60 -35 40 0 -29 -31 
0 4 -7 -5 -13 -32 14 49 20 -4 45 -53 -10 39 37 -21 
-3 -1 7 -5 34 -7 -51 4 0 20 40 56 -37 -17 11 42 
2 -3 4 8 0 35 92 47 -5 -3 
RSSI :-110 
Input angle :139
Zaxis angle :0 
minval :0 

minval :0 



57 -22 20 59 -60 17 -13 -62 61 -9 4 61 -61 2 2 -63 
-6 8 1 -9 12 -43 -17 49 17 14 91 -20 -38 21 60 13 
-6 -6 9 3 40 19 -44 -30 -17 15 -1 95 -11 -42 -26 56 
7 -4 -6 8 -25 35 37 -36 -12 -20 -92 -21 43 0 -48 -38 
1 7 -6 -6 -28 -34 26 45 23 -6 40 -86 -6 42 47 -41 
-8 0 7 -6 38 -21 3 80 -124 1 
RSSI :-110 
Input angle :143
Zaxis angle :14 
minval :0 

minval :0 



-45 -31 33 -44 42 35 -39 40 -40 -41 43 -36 36 42 -46 31 
17 -1 -9 -6 -39 18 42 -10 -1 -22 -60 -53 35 28 -20 -54 
-2 16 10 -8 -11 -40 3 41 23 3 65 -48 -34 30 56 -9 
-14 -7 6 10 44 0 -44 -8 -9 21 37 72 -20 -41 0 56 
8 -13 -13 4 -6 42 15 -40 -17 -13 -78 19 44 -12 -53 -11 
12 10 -3 -10 -40 -16 18 -64 35 -1 
RSSI :-110 
Input angle :154
Zaxis angle :0 
minval :0 

minval :0 



68 76 -82 64 -63 -82 86 -56 53 89 -95 48 -40 -98 95 -35 
-40 -21 -8 21 70 3 -83 -7 -13 47 76 89 -47 -60 10 101 
27 -39 -19 -10 -18 66 22 -82 -44 -21 -104 60 69 -32 -104 -8 
33 37 14 -20 -61 -31 73 37 30 -40 -33 -115 13 77 30 -96 
-41 22 10 17 46 -56 -53 64 34 34 118 -8 -77 -3 91 49 
-13 -44 -21 7 44 54 -23 -49 -39 0 
RSSI :-110 
Input angle :288
Zaxis angle :0 
minval :0 

minval :0 



-4 -58 60 -1 -4 56 -57 -7 11 -57 56 14 -16 56 -57 -16 
17 -2 5 -16 -35 -22 25 52 26 -14 7 -81 9 52 32 -48 
-1 17 12 5 29 -28 -56 15 7 28 78 24 -52 -1 41 39 
-17 -4 -9 11 19 36 -2 -57 -28 1 -41 70 11 -51 -46 34 
10 -17 -10 -10 -39 12 57 9 2 -30 -57 -56 48 24 -21 -55 
14 11 14 -6 -6 -40 26 -112 108 0 
RSSI :-110 
Input angle :158
Zaxis angle :0 
minval :0 

minval :0 



-31 57 -56 -34 38 -53 51 40 -43 49 -46 -46 50 -42 39 52 
-7 -8 0 19 7 51 -20 -97 -36 4 -55 101 9 -69 -58 29 
10 -5 -19 -3 -51 -3 99 -2 3 -37 -87 -75 67 22 -16 -63 
3 11 7 -18 11 -50 -18 97 35 10 93 -68 -36 61 65 -3 
-12 1 16 11 46 24 -92 -34 -17 32 50 104 -52 -47 -10 64 
0 -11 -14 13 -33 40 -117 -97 80 -6 
RSSI :-110 
Input angle :154
Zaxis angle :0 
minval :0 

minval :0 



-68 -33 35 -67 65 37 -39 64 -62 -43 48 -57 54 52 -54 51 
31 -2 -20 -14 -62 34 98 -10 0 -55 -99 -53 78 26 -37 -64 
-5 31 17 -17 -17 -69 -14 98 54 13 71 -87 -41 70 72 -19 
-28 -12 13 21 71 -3 -94 -28 -25 50 66 90 -59 -57 6 75 
16 -26 -23 9 -10 70 49 -87 -44 -34 -102 48 68 -45 -74 -7 
22 22 -3 -25 -66 -26 -88 -96 103 -10 
RSSI :-110 
Input angle :154
Zaxis angle :0 
minval :0 

minval :0 



8 64 -64 5 -1 -65 65 1 -5 65 -65 -9 12 -63 62 16 
-28 -17 14 44 31 32 -38 -107 -37 26 -21 116 -25 -85 -30 57 
23 -23 -46 4 -38 24 111 -24 -20 -41 -110 -43 89 -4 -51 -39 
19 27 5 -46 -15 -42 -4 114 44 -11 67 -98 -13 87 50 -41 
-31 12 43 15 45 -4 -109 -30 0 45 79 87 -83 -32 30 57 
-6 -33 -22 40 -1 45 74 -81 -77 -2 
RSSI :-110 
Input angle :162
Zaxis angle :0 
minval :0 

minval :0 



51 -29 25 53 -54 23 -20 -55 56 -16 13 57 -57 12 -8 -57 
-11 20 21 -28 26 -48 -44 102 25 19 89 -45 -52 59 59 3 
-17 -13 22 27 41 35 -90 -64 -23 21 25 96 -48 -63 -16 56 
17 -14 -30 18 -44 32 79 -77 -15 -27 -100 8 71 -33 -53 -26 
10 20 -10 -34 -25 -48 56 95 30 -8 14 -99 15 78 38 -44 
-22 5 35 -3 52 -15 16 -80 -26 7 
RSSI :-110 
Input angle :158
Zaxis angle :0 
minval :0 

minval :0 



-46 67 -66 -48 51 -63 61 55 -56 60 -55 -60 65 -50 46 65 
23 -1 10 24 -15 59 4 -109 -21 3 -99 70 22 -67 -74 31 
-4 23 -25 5 -54 -27 107 20 2 -21 -50 -110 61 34 -14 -80 
-22 -7 0 -25 38 -48 -44 100 20 5 117 -25 -49 51 81 0 
14 -18 25 5 40 46 -90 -62 -8 19 2 121 -43 -57 -15 80 
17 15 -9 23 -54 28 -72 79 -79 -4 
RSSI :-110 
Input angle :220
Zaxis angle :39 
minval :0 

minval :0 



29 47 -47 27 -23 -49 48 -20 18 52 -51 14 -13 -52 52 -10 
-4 0 9 -2 36 14 -48 -1 0 21 17 65 -34 -22 -2 53 
0 -4 0 9 -21 34 10 -47 -21 -1 -68 3 28 -29 -52 -14 
4 1 -9 0 -28 -28 43 22 7 -20 8 -67 22 34 25 -47 
0 3 4 -9 34 -22 -31 38 18 11 62 25 -37 13 44 33 
-3 -1 9 5 14 37 -15 -113 -1 0 
RSSI :-110 
Input angle :150
Zaxis angle :0 
minval :0 

minval :0 



50 -51 48 52 -54 46 -43 -56 58 -40 36 60 -63 31 -28 -64 
-3 20 -23 -15 26 -56 26 87 35 8 89 -56 -11 66 70 -15 
-19 -6 19 -20 52 36 -90 9 -13 34 38 99 -63 -24 2 71 
10 -17 16 23 -45 42 9 -91 -30 -20 -105 12 37 -57 -69 -14 
15 13 -25 11 -32 -54 86 26 26 -24 6 -106 49 46 29 -65 
-16 12 -4 -28 58 -22 82 -80 -57 7 
RSSI :-110 
Input angle :141
Zaxis angle :0 
minval :0 

minval :0 



-61 -12 17 -61 60 19 -22 59 -58 -25 28 -56 55 31 -34 52 
40 2 -17 28 -62 -3 76 -44 7 -32 -70 -62 69 8 -43 -45 
-11 39 -22 -24 16 -60 26 84 30 14 76 -54 -25 65 52 -34 
-36 -19 28 -17 54 29 -88 8 -19 27 42 84 -60 -36 25 58 
25 -31 11 31 -38 49 6 -88 -21 -25 -90 22 47 -52 -62 10 
25 31 -32 7 -41 -46 113 -48 -113 -5 
RSSI :-110 
Input angle :140
Zaxis angle :20 
minval :0 

minval :0 



-30 54 -53 -31 34 -51 48 38 -42 45 -43 -45 46 -41 38 48 
5 -37 16 30 -9 53 -20 -82 -38 -27 -67 56 15 -61 -55 27 
35 12 -32 9 -50 -19 83 -7 35 -31 -42 -77 58 25 -16 -59 
-19 32 -3 -33 28 -46 -10 83 23 41 84 -24 -37 50 62 -3 
-27 -25 33 3 39 37 -79 -28 -45 15 9 87 -40 -48 -7 61 
29 -22 -10 32 -44 30 -20 -1 50 -12 
RSSI :-110 
Input angle :148
Zaxis angle :20 
minval :0 

minval :0 



9 -79 79 13 -16 78 -77 -20 24 -75 74 28 -33 72 -69 -37 
-2 49 7 -43 7 -45 -5 82 36 12 70 -69 -12 62 52 -59 
-47 -14 41 16 43 16 -80 -23 -19 32 51 84 -58 -25 47 63 
23 -43 -26 36 -25 38 40 -73 -28 -25 -93 36 34 -53 -71 35 
40 29 -31 -31 -33 -31 64 53 29 -23 -18 -97 44 45 -19 -77 
-39 30 37 -24 38 -25 55 48 13 9 
RSSI :-110 
Input angle :162
Zaxis angle :14 
minval :0 

minval :0 



-50 -51 53 -47 43 56 -59 39 -35 -62 64 -31 30 65 -64 28 
59 29 -22 -26 -41 -28 83 53 31 -18 -21 -101 35 53 -10 -70 
-42 50 30 -17 36 -34 -70 69 9 35 102 0 -60 21 71 0 
-42 -51 11 33 28 41 -53 -83 -36 3 -20 101 -9 -63 -16 68 
57 -32 -34 3 -46 18 93 -34 4 -36 -95 -39 64 3 -63 -32 
21 62 2 -34 -8 -49 -117 -16 -92 2 
RSSI :-110 
Input angle :252
Zaxis angle :0 
minval :0 

minval :0 



-55 22 -20 -56 56 -17 14 57 -58 11 -8 -58 59 -3 1 58 
51 -42 -32 11 -35 45 67 -67 -12 -41 -102 -7 64 -16 -58 -10 
31 59 -3 -35 -35 -45 52 79 43 -3 23 -99 0 67 23 -54 
-64 20 34 2 51 -26 -87 37 -6 43 91 44 -65 -13 48 33 
-6 -66 -10 33 15 53 -22 -92 -41 -13 -64 79 27 -61 -42 40 
65 10 -30 -15 -58 4 88 -96 -115 -10 
RSSI :-110 
Input angle :162
Zaxis angle :0 
minval :0 

minval :0 



-16 68 -68 -18 22 -67 65 26 -31 63 -61 -34 37 -60 58 38 
-29 -42 0 23 21 45 -39 -83 -27 6 -50 89 7 -64 -50 47 
47 -19 -22 -4 -48 12 89 -21 -1 -28 -75 -68 61 19 -37 -59 
9 50 8 -21 -3 -50 2 92 27 6 82 -60 -31 55 65 -25 
-51 0 18 13 49 8 -91 -15 -10 26 44 92 -47 -43 11 69 
9 -51 -16 16 -16 47 -96 95 19 -4 
RSSI :-110 
Input angle :162
Zaxis angle :0 
minval :0 

minval :0 



77 5 -7 77 -76 -13 19 -75 74 23 -27 72 -71 -30 32 -69 
-36 19 25 -12 64 -27 -98 55 -5 33 97 48 -70 -7 59 47 
-10 -40 5 27 13 69 -32 -108 -31 -11 -66 86 19 -68 -56 51 
41 -3 -28 1 -70 0 112 -13 17 -29 -72 -81 63 31 -35 -68 
-6 40 4 -27 19 -68 -15 112 24 23 94 -52 -43 54 74 -21 
-39 -13 26 10 63 29 -106 -65 46 5 
RSSI :-110 
Input angle :156
Zaxis angle :14 
minval :0 

minval :0 



46 -56 53 50 -52 51 -49 -53 56 -46 42 59 -61 38 -34 -63 
0 35 -1 -38 4 -65 -5 112 38 29 82 -55 -48 57 69 -19 
-34 -6 37 6 63 18 -107 -34 -36 31 34 93 -42 -62 3 72 
13 -31 -13 35 -31 57 55 -97 -22 -43 -98 15 68 -32 -71 -11 
28 20 -31 -21 -49 -42 82 76 46 -14 3 -98 14 73 27 -67 
-25 23 27 -27 51 -41 12 -80 40 12 
RSSI :-110 
Input angle :150
Zaxis angle :14 
minval :0 

minval :0 



8 -67 67 12 -15 66 -65 -18 21 -64 62 26 -30 61 -58 -33 
30 21 -26 -30 -33 -53 53 99 44 -3 40 -89 -2 75 46 -50 
-27 26 34 -20 59 -22 -108 32 -6 44 81 56 -73 -17 42 53 
-19 -31 12 38 8 62 -14 -111 -42 -14 -68 71 31 -68 -59 32 
35 -11 -40 4 -63 -1 112 9 21 -39 -53 -82 61 44 -17 -65 
5 37 4 -39 16 -60 -123 0 -97 7 
RSSI :-110 
Input angle :149
Zaxis angle :0 
minval :0 

minval :0 



-68 46 -41 -70 74 -36 30 77 -77 28 -25 -78 79 -22 18 79 
21 -53 -27 29 -39 63 46 -79 -23 -43 -96 22 63 -27 -81 0 
46 32 -23 -32 -56 -50 65 64 47 -14 -3 -99 14 67 21 -79 
-40 40 36 -14 61 -43 -76 51 3 49 97 18 -69 -1 74 33 
-29 -48 6 39 27 70 -33 -85 -48 -6 -40 91 16 -67 -50 64 
53 -20 -40 -1 -74 14 75 -32 110 -12 
RSSI :-110 
Input angle :158
Zaxis angle :0 
minval :0 

minval :0 



-42 30 -27 -45 46 -25 21 49 -49 20 -17 -50 50 -15 12 49 
19 -18 -5 2 -21 28 7 -45 -9 -13 -69 26 22 -25 -51 -3 
14 19 -1 -6 -23 -26 45 14 16 -6 -12 -74 19 27 10 -50 
-22 11 7 0 33 -18 -23 39 3 16 75 4 -30 12 48 20 
-6 -24 -1 6 11 34 -34 -31 -17 -2 -15 72 -6 -33 -31 40 
25 0 -5 -2 -35 4 3 -64 5 -1 
RSSI :-110 
Input angle :154
Zaxis angle :25 
minval :0 

minval :0 



68 14 -17 67 -66 -21 25 -65 64 27 -30 62 -61 -34 38 -57 
-33 15 24 -9 65 -9 -79 28 -14 38 80 58 -62 -14 49 48 
-9 -35 5 26 -4 65 -13 -83 -34 -21 -73 67 26 -58 -59 34 
37 0 -26 -1 -63 -17 84 1 28 -28 -52 -84 50 39 -23 -65 
-7 36 6 -25 30 -58 -17 82 21 34 94 -30 -48 41 68 -10 
-34 -13 23 10 52 40 107 -49 44 4 
RSSI :-110 
Input angle :154
Zaxis angle :14 
minval :0 

minval :0 



77 8 -14 77 -76 -18 23 -74 73 27 -31 72 -71 -32 35 -68 
-22 19 -9 -3 68 -16 -61 53 -8 32 115 46 -59 0 58 52 
-14 -25 6 -8 4 70 -38 -70 -30 -13 -68 105 11 -57 -62 46 
28 -8 7 7 -68 -12 77 -24 24 -25 -94 -94 53 24 -32 -70 
3 29 -8 5 26 -65 8 80 21 25 107 -64 -34 47 76 -14 
-29 -3 -3 -9 57 40 -116 15 74 4 
RSSI :-110 
Input angle :282
Zaxis angle :0 
minval :0 

minval :0 



56 -38 35 58 -60 32 -28 -62 63 -26 23 64 -65 19 -15 -66 
5 13 -9 0 30 -57 -2 88 23 19 94 -49 -36 55 68 0 
-14 2 3 -8 49 42 -85 -22 -23 19 23 104 -47 -46 -16 66 
1 -14 7 4 -52 39 39 -78 -13 -27 -106 2 56 -34 -62 -28 
13 3 -5 6 -28 -58 71 53 30 -8 17 -105 24 61 39 -56 
-6 12 -5 -7 63 -15 7 -48 -103 7 
RSSI :-110 
Input angle :287
Zaxis angle :0 
minval :0 

minval :0 



7 -68 67 9 -12 67 -66 -16 20 -65 64 24 -27 63 -60 -30 
20 -5 -15 9 -30 -59 64 54 33 -8 32 -102 19 64 44 -52 
0 20 -6 -16 64 -17 -67 52 0 34 93 53 -67 3 41 54 
-20 -4 17 -2 0 66 -35 -76 -33 -7 -71 80 11 -66 -62 28 
8 -19 0 18 -66 -9 81 -23 13 -31 -65 -85 63 23 -16 -66 
18 11 -17 -4 24 -62 114 64 -40 4 
RSSI :-110 
Input angle :153
Zaxis angle :0 
minval :0 

minval :0 



-72 -32 36 -70 68 40 -44 66 -64 -46 47 -64 61 50 -53 58 
6 -14 -3 6 -66 11 81 -41 1 -36 -86 -56 71 13 -43 -65 
13 9 -6 -5 2 -67 18 89 34 8 73 -72 -28 66 72 -30 
-11 10 6 -4 65 17 -90 1 -15 32 58 85 -59 -41 15 77 
-8 -14 3 7 -30 60 14 -90 -28 -21 -95 37 51 -51 -79 0 
14 -5 -7 2 -53 -41 108 -64 4 -6 
RSSI :-110 
Input angle :158
Zaxis angle :0 
minval :0 

minval :0 



-74 13 -9 -74 74 -4 0 75 -75 -4 9 -74 73 12 -16 73 
1 -17 1 16 -44 44 44 -74 -17 -36 -99 1 66 -35 -69 -29 
17 4 -16 -1 -34 -53 64 58 38 -10 15 -97 24 71 42 -61 
-7 15 4 -15 58 -23 -70 50 2 40 92 34 -75 8 50 54 
-14 -10 14 7 11 62 -34 -80 -39 -5 -52 84 2 -82 -63 35 
13 -12 -11 11 -63 0 53 -80 -125 -10 
RSSI :-110 
Input angle :152
Zaxis angle :0 
minval :0 

minval :0 



20 75 -76 17 -12 -76 77 -7 4 78 -78 1 3 -77 76 9 
-15 6 12 2 50 46 -68 -58 -41 23 6 98 -28 -63 -26 72 
-1 -15 -4 11 -58 36 70 -55 -15 -45 -98 -12 68 -12 -65 -40 
16 0 -10 -6 -25 -64 37 82 47 -5 30 -93 1 69 52 -56 
-3 15 8 -9 67 -13 -86 23 -7 46 91 55 -72 -9 46 62 
-14 -6 7 10 -2 69 73 31 34 -3 
RSSI :-110 
Input angle :153
Zaxis angle :0 
minval :0 

minval :0 



23 76 -77 18 -13 -79 79 -8 4 79 -80 2 0 -80 78 5 
-12 3 7 6 51 53 -70 -64 -38 18 7 104 -23 -65 -25 75 
0 -12 -9 5 -63 37 78 -55 -11 -40 -103 -13 69 -12 -67 -42 
12 0 -4 -9 -25 -69 36 89 42 -2 33 -98 0 70 54 -57 
-4 12 10 -2 73 -13 -94 18 -6 42 90 51 -68 -15 47 61 
-12 -7 0 10 -3 73 94 47 43 -4 
RSSI :-110 
Input angle :157
Zaxis angle :0 
minval :0 

minval :0 



61 53 -55 58 -54 -59 61 -51 48 64 -66 44 -39 -69 71 -36 
-9 6 11 4 72 13 -101 -14 -22 35 65 79 -59 -40 16 78 
-4 -9 -6 11 -28 67 34 -96 -29 -29 -89 51 50 -50 -80 1 
10 -2 -9 -9 -61 -40 86 55 33 -24 -28 -99 39 60 11 -78 
0 10 10 -7 52 -50 -72 73 11 40 112 -7 -67 24 74 29 
-10 -1 4 12 38 62 90 15 -105 1 
RSSI :-110 
Input angle :158
Zaxis angle :0 
minval :0 

minval :0 



81 14 -18 80 -78 -22 28 -77 76 32 -34 74 -71 -40 45 -68 
-6 6 9 -1 68 -21 -91 43 -1 40 96 36 -70 -5 58 57 
-5 -7 0 9 7 72 -23 -98 -40 -9 -52 87 18 -67 -68 44 
8 -3 -9 -2 -72 -4 101 -1 18 -36 -76 -68 64 28 -31 -75 
2 8 4 -8 21 -69 -18 99 32 25 84 -58 -42 55 80 -14 
-9 0 8 5 64 33 -124 -17 16 7 
RSSI :-110 
Input angle :154
Zaxis angle :0 
minval :0 

minval :0 



70 -38 33 73 -75 29 -26 -76 77 -21 17 78 -80 13 -10 -79 
-7 8 1 0 39 -61 -36 87 25 29 101 -33 -51 39 79 8 
-6 -9 0 1 54 50 -80 -48 -32 21 13 106 -30 -57 -23 76 
10 -4 -1 0 -60 42 68 -65 -12 -37 -105 -11 64 -12 -69 -40 
2 11 0 -2 -30 -67 50 80 38 -5 31 -101 0 64 52 -60 
-11 0 2 0 72 -12 -11 15 -41 9 
RSSI :-110 
Input angle :167
Zaxis angle :36 
minval :0 

minval :0 



76 -40 34 79 -80 31 -29 -81 83 -25 22 83 -85 16 -10 -84 
-6 9 0 0 43 -65 -29 87 23 30 102 -30 -55 34 85 9 
-6 -8 0 0 55 55 -79 -47 -34 16 12 107 -22 -61 -27 81 
9 -5 0 0 -65 42 64 -66 -9 -37 -107 -10 64 -10 -74 -43 
2 10 0 0 -26 -73 50 76 38 -1 29 -103 -3 64 59 -63 
-10 1 0 0 77 -14 -21 -113 -106 9 
RSSI :-110 
Input angle :143
Zaxis angle :20 
minval :0 

minval :0 



82 9 -14 82 -80 -17 22 -80 79 25 -30 77 -74 -36 39 -72 
-9 2 -1 0 71 -28 -74 54 3 37 103 26 -67 1 63 52 
0 -10 0 -1 15 75 -33 -85 -38 -3 -49 94 11 -66 -64 50 
10 1 1 0 -77 0 90 -16 12 -36 -84 -65 61 25 -35 -74 
-3 9 0 0 16 -75 -2 92 32 20 83 -65 -36 55 80 -21 
-8 -5 -1 -1 69 34 -101 79 73 7 
RSSI :-110 
Input angle :290
Zaxis angle :0 
minval :0 

minval :0 



73 -39 33 76 -78 28 -24 -79 80 -20 15 82 -82 11 -7 -82 
-7 12 0 -4 41 -62 -38 88 23 28 94 -30 -53 41 81 12 
-10 -9 3 0 52 52 -78 -56 -32 16 10 98 -30 -61 -29 77 
11 -8 -1 4 -62 41 70 -66 -8 -35 -98 -11 66 -16 -71 -42 
6 13 -3 -1 -28 -69 52 82 36 0 27 -95 3 68 54 -62 
-13 3 3 -3 74 -12 -23 -17 17 9 
RSSI :-110 
Input angle :151
Zaxis angle :14 
minval :0 

minval :0 



51 -64 61 55 -59 57 -53 -62 65 -50 47 67 -68 45 -40 -70 
0 12 0 -4 15 -69 0 97 33 18 69 -68 -27 67 77 -19 
-12 -3 3 0 65 27 -94 -21 -24 28 50 83 -52 -40 6 82 
5 -11 -1 3 -39 58 40 -89 -23 -29 -90 35 49 -45 -81 -12 
9 7 -3 -2 -49 -51 78 56 34 -15 -14 -96 33 57 28 -76 
-9 8 2 -2 61 -35 38 0 52 9 
RSSI :-110 
Input angle :149
Zaxis angle :0 
minval :0 

minval :0 



-49 -64 67 -45 40 70 -73 36 -33 -74 76 -30 26 77 -78 21 
11 4 -4 0 -63 -28 93 24 25 -28 -48 -83 55 39 -4 -81 
-7 10 1 -3 40 -56 -41 87 22 31 90 -33 -51 44 80 13 
-8 -9 3 1 47 50 -77 -59 -35 15 13 96 -35 -58 -30 75 
10 -6 -2 3 -58 38 72 -64 -9 -36 -97 -4 64 -21 -69 -42 
4 11 -2 -2 -23 -65 -104 -16 -66 -1 
RSSI :-110 
Input angle :148
Zaxis angle :0 
minval :0 

minval :0 



-65 -48 51 -63 60 54 -58 56 -53 -61 65 -49 45 67 -68 42 
14 1 -2 3 -68 -5 96 -4 15 -33 -70 -67 68 23 -25 -76 
-4 13 -3 -4 21 -65 -13 95 29 22 79 -56 -37 61 81 -9 
-12 -7 4 -1 59 34 -89 -35 -27 24 38 90 -51 -50 -7 80 
9 -10 1 4 -44 51 50 -82 -18 -32 -95 19 58 -41 -77 -24 
8 11 -5 0 -43 -53 -115 -16 13 -3 
RSSI :-110 
Input angle :148
Zaxis angle :0 
minval :0 

minval :0 



-77 -26 30 -76 74 32 -36 74 -71 -40 45 -68 66 49 -51 62 
14 -1 -3 4 -68 13 90 -30 3 -39 -89 -42 73 4 -50 -64 
0 13 -3 -5 0 -69 15 94 37 11 58 -79 -17 70 73 -36 
-13 -3 5 -2 67 15 -95 -8 -18 34 66 72 -64 -33 20 79 
7 -12 1 5 -27 63 23 -92 -30 -26 -85 48 45 -57 -81 1 
11 9 -6 0 -54 -42 126 96 53 -6 
RSSI :-110 
Input angle :150
Zaxis angle :14 
minval :0 

minval :0 



-67 -40 43 -65 63 47 -51 59 -56 -54 58 -52 48 61 -63 45 
12 1 -7 5 -66 1 94 -19 10 -38 -74 -61 67 21 -30 -71 
-3 11 -4 -8 16 -64 -3 96 34 18 78 -57 -33 63 76 -14 
-11 -5 8 -3 61 25 -93 -25 -24 31 45 85 -56 -44 -1 78 
7 -9 0 9 -38 54 40 -87 -24 -31 -93 25 55 -45 -75 -17 
7 9 -9 0 -46 -47 -116 -112 48 -5 
RSSI :-110 
Input angle :141
Zaxis angle :0 
minval :0 

minval :0 



-55 -54 56 -53 50 59 -62 46 -44 -64 67 -39 35 69 -70 30 
11 4 -8 5 -65 -12 95 2 17 -36 -59 -76 64 32 -14 -76 
-6 10 -3 -9 26 -61 -22 93 32 24 85 -44 -43 57 77 -2 
-8 -8 10 -1 56 35 -85 -43 -29 27 22 94 -46 -55 -14 75 
9 -7 0 10 -47 46 56 -77 -20 -35 -96 4 63 -35 -72 -27 
7 10 -9 0 -37 -54 -106 0 38 -4 
RSSI :-110 
Input angle :139
Zaxis angle :14 
minval :0 

minval :0 



-42 -65 67 -38 35 69 -71 32 -28 -73 74 -24 21 75 -75 15 
10 5 -10 2 -60 -28 92 26 25 -31 -44 -88 55 47 0 -77 
-7 8 -1 -10 38 -54 -42 86 25 31 95 -24 -59 44 76 12 
-7 -8 10 1 44 49 -76 -58 -36 18 4 97 -30 -66 -32 70 
10 -5 -3 10 -58 32 74 -61 -10 -39 -96 -18 71 -16 -59 -49 
2 11 -8 -5 -20 -62 -93 -80 84 -1 
RSSI :-110 
Input angle :139
Zaxis angle :0 
minval :0 

minval :0 



74 -29 25 75 -76 21 -16 -77 78 -11 9 79 -79 5 0 -78 
-8 8 0 -10 40 -53 -40 83 20 32 95 -22 -61 43 76 19 
-6 -10 9 2 44 49 -72 -58 -35 16 2 97 -31 -68 -32 72 
11 -3 -4 9 -57 33 69 -61 -8 -37 -96 -13 73 -14 -64 -44 
1 12 -7 -6 -21 -63 43 81 38 0 34 -91 0 75 58 -53 
-12 -1 7 -6 66 -6 -27 15 -110 9 
RSSI :-110 
Input angle :141
Zaxis angle :14 
minval :0 

minval :0 



78 -2 -2 78 -77 -7 11 -76 76 16 -21 75 -74 -23 26 -72 
-13 2 6 -9 59 -34 -73 60 9 37 94 16 -73 15 64 44 
0 -14 7 8 22 64 -44 -83 -38 1 -34 90 0 -74 -57 51 
13 2 -9 5 -68 5 91 -25 7 -37 -80 -53 74 12 -40 -66 
-5 12 -3 -10 8 -68 6 93 35 15 66 -68 -28 68 72 -28 
-11 -8 11 -1 65 20 -87 31 31 8 
RSSI :-110 
Input angle :146
Zaxis angle :14 
minval :0 

minval :0 



53 61 -64 49 -44 -68 71 -40 37 72 -73 35 -31 -75 76 -25 
-14 -10 9 -3 68 17 -91 -15 -19 32 53 81 -59 -47 8 80 
13 -11 0 9 -32 62 33 -86 -27 -26 -90 37 58 -55 -78 -7 
10 15 -9 -1 -53 -45 79 49 31 -22 -19 -95 37 65 22 -77 
-17 5 3 -9 55 -43 -63 68 15 34 97 0 -71 23 73 34 
-2 -18 8 4 33 62 105 -65 -51 1 
RSSI :-110 
Input angle :148
Zaxis angle :0 
minval :0 

minval :0 



29 78 -78 27 -22 -80 81 -17 11 82 -83 5 -1 -83 82 3 
-11 -17 8 0 57 39 -80 -45 -29 22 19 95 -40 -65 -17 81 
18 -8 -1 7 -52 45 61 -68 -15 -33 -97 2 72 -25 -73 -37 
4 19 -7 -3 -36 -60 54 73 36 -7 20 -96 12 75 50 -65 
-20 0 4 -6 66 -22 -85 36 0 37 89 39 -76 -1 54 62 
5 -19 5 5 7 70 110 63 78 -2 
RSSI :-110 
Input angle :139
Zaxis angle :14 
minval :0 

minval :0 



-10 83 -83 -15 17 -82 80 23 -28 79 -77 -33 37 -75 73 40 
-1 -22 6 3 31 63 -50 -75 -37 6 -25 94 -6 -75 -54 63 
22 3 -5 5 -68 17 85 -32 2 -37 -87 -43 75 7 -51 -65 
-7 21 -4 -6 -2 -70 12 90 36 9 61 -76 -24 71 76 -32 
-19 -11 7 -3 69 9 -90 -4 -17 32 60 77 -64 -37 18 81 
14 -16 1 7 -25 65 -118 95 52 -6 
RSSI :-110 
Input angle :141
Zaxis angle :0 
minval :0 

minval :0 



-5 83 -82 -10 15 -81 81 21 -24 79 -78 -27 31 -77 74 35 
-3 -23 5 2 31 62 -55 -73 -37 7 -21 96 -11 -74 -54 63 
23 1 -3 4 -69 15 83 -38 0 -38 -90 -38 75 2 -54 -62 
-5 22 -3 -4 -1 -70 18 89 37 9 55 -80 -19 72 75 -36 
-20 -11 4 -3 69 11 -92 0 -15 34 65 73 -67 -34 20 80 
15 -17 2 5 -24 66 -125 -81 109 -6 
RSSI :-110 
Input angle :139
Zaxis angle :14 
minval :0 

minval :0 



-72 35 -32 -73 77 -30 25 79 -80 20 -14 -82 82 -9 4 82 
17 -16 0 4 -35 57 29 -83 -24 -28 -92 33 51 -49 -82 -9 
11 20 -5 0 -50 -46 72 50 31 -20 -10 -98 35 62 27 -78 
-22 6 1 -4 57 -36 -62 63 11 35 98 13 -68 19 69 44 
-2 -23 4 2 23 63 -46 -75 -37 3 -31 93 -4 -71 -58 58 
23 1 -2 3 -67 12 16 80 -63 -10 
RSSI :-110 
Input angle :154
Zaxis angle :14 
minval :0 

minval :0 



-82 1 4 -82 82 9 -12 81 -80 -18 22 -80 78 26 -29 77 
22 -6 -1 3 -58 34 67 -58 -9 -36 -97 -14 68 -17 -66 -48 
2 23 -3 -2 -21 -64 42 78 37 -1 35 -92 3 70 59 -57 
-23 -2 2 -3 67 -10 -86 24 -3 37 84 52 -69 -10 42 70 
6 -22 2 3 -5 67 -13 -88 -34 -11 -68 71 24 -66 -77 27 
20 11 -4 1 -65 -17 69 -96 -68 -9 
RSSI :-110 
Input angle :139
Zaxis angle :0 
minval :0 

minval :0 



-79 -23 27 -78 76 32 -36 74 -71 -40 44 -70 67 47 -50 65 
23 0 -2 2 -66 15 78 -40 1 -36 -88 -46 70 2 -51 -65 
-4 22 -2 -2 -2 -67 22 86 36 7 59 -78 -15 68 73 -37 
-21 -7 2 -1 66 11 -89 0 -15 33 65 74 -62 -30 20 80 
12 -19 1 2 -26 63 14 -88 -29 -21 -85 50 41 -56 -83 0 
15 16 -3 0 -55 -38 111 64 -77 -7 
RSSI :-110 
Input angle :141
Zaxis angle :0 
minval :0 

minval :0 


