
24 -80 79 26 -30 78 -76 -35 37 -74 74 39 -43 71 -67 -47 
4 24 -1 0 -16 -67 40 81 36 -3 36 -94 1 70 62 -55 
-25 -1 1 -1 69 -5 -87 25 -3 36 82 57 -69 -12 40 73 
4 -25 1 0 -9 68 -3 -90 -34 -11 -72 70 27 -64 -80 23 
22 11 -1 0 -65 -23 90 13 19 -31 -51 -86 57 41 -6 -83 
-15 19 0 -1 35 -59 111 -80 -25 5 
RSSI :-110 
Input angle :133
Zaxis angle :0 
minval :0 

minval :0 



65 -52 48 68 -71 44 -42 -72 74 -37 32 77 -78 27 -22 -79 
-11 23 0 0 23 -65 -16 89 30 18 86 -51 -41 56 84 -6 
-19 -17 0 0 60 34 -84 -32 -23 26 30 95 -47 -51 -11 82 
20 -16 0 0 -47 50 48 -76 -21 -28 -98 17 61 -45 -76 -24 
11 22 0 0 -38 -57 65 62 31 -16 7 -99 23 66 43 -71 
-24 7 0 0 63 -28 31 48 -99 8 
RSSI :-110 
Input angle :134
Zaxis angle :14 
minval :0 

minval :0 



83 11 -15 82 -82 -18 23 -81 80 27 -31 78 -76 -35 39 -73 
-24 7 0 0 64 -26 -73 52 7 34 97 25 -70 9 58 60 
-2 -25 0 0 10 68 -30 -85 -35 0 -47 88 6 -70 -70 45 
25 3 0 0 -69 0 89 -15 6 -34 -76 -65 67 22 -34 -76 
-9 24 0 0 14 -67 0 90 32 14 79 -61 -32 63 82 -17 
-21 -13 0 0 62 29 -81 -65 41 7 
RSSI :-110 
Input angle :146
Zaxis angle :0 
minval :0 

minval :0 



-13 84 -83 -19 21 -82 81 24 -29 80 -77 -34 39 -75 72 44 
-6 -25 0 -1 25 62 -49 -74 -34 6 -25 98 -9 -72 -59 61 
25 -1 1 1 -66 9 83 -33 0 -35 -89 -49 72 6 -46 -70 
-4 25 0 1 3 -67 16 87 34 8 65 -78 -21 69 79 -32 
-24 -9 -1 -1 65 19 -89 -2 -14 32 62 80 -63 -34 17 83 
13 -22 1 0 -27 62 -120 -49 54 -5 
RSSI :-110 
Input angle :297
Zaxis angle :14 
minval :0 

minval :0 



-81 28 -25 -81 82 -20 14 83 -84 9 -4 -85 85 0 -5 84 
18 -17 2 0 -41 51 38 -79 -23 -26 -99 22 58 -43 -81 -22 
13 21 0 2 -45 -49 68 55 31 -15 1 -102 30 66 40 -74 
-23 8 -2 0 60 -29 -70 53 8 34 99 25 -71 14 65 54 
-4 -25 1 -2 16 64 -40 -78 -35 1 -42 92 1 -72 -68 49 
25 1 1 1 -66 3 18 -32 71 -9 
RSSI :-110 
Input angle :291
Zaxis angle :14 
minval :0 

minval :0 



37 -76 74 42 -46 71 -67 -52 55 -64 63 57 -60 59 -55 -63 
-1 25 -1 2 -4 -66 25 84 34 4 57 -85 -12 71 73 -42 
-25 -5 -2 -1 65 11 -87 7 -11 32 70 74 -67 -29 22 81 
11 -23 2 -1 -22 62 12 -87 -29 -18 -88 53 40 -61 -84 8 
20 16 1 2 -58 -32 83 28 22 -25 -36 -96 51 50 12 -83 
-19 17 -3 0 46 -47 81 0 7 7 
RSSI :-110 
Input angle :290
Zaxis angle :0 
minval :0 

minval :0 



84 7 -11 84 -83 -12 16 -83 82 21 -25 80 -79 -29 32 -77 
-24 9 -3 0 59 -31 -68 55 9 32 100 20 -70 18 65 53 
-4 -25 0 -3 16 65 -39 -78 -33 2 -42 93 -3 -72 -66 52 
26 1 2 1 -66 2 85 -23 5 -33 -83 -60 71 14 -38 -75 
-6 25 -1 2 11 -65 5 87 32 9 76 -69 -28 67 81 -23 
-23 -11 -1 -2 63 22 -74 15 21 7 
RSSI :-110 
Input angle :103
Zaxis angle :0 
minval :0 

minval :0 



38 12 -14 37 -36 -16 18 -35 34 20 -21 34 -32 -23 24 -31 
-41 -40 16 62 45 34 -5 -59 -40 42 66 11 1 -29 24 30 
45 -33 -65 3 -42 37 60 7 -33 -48 -25 62 29 8 -35 18 
22 51 8 -64 -27 -49 -18 58 54 -22 -55 -38 -13 26 -9 -38 
-55 11 61 22 55 -14 -51 -32 8 57 47 -48 -22 -18 40 -1 
0 -57 -35 54 3 57 22 -1 10 0 
RSSI :-110 
Input angle :207
Zaxis angle :0 
minval :0 

minval :0 



-39 -26 29 -38 36 32 -33 34 -32 -35 37 -30 29 38 -39 26 
23 56 8 -67 -41 -39 -14 63 44 -34 -56 -24 -5 31 -16 -45 
-60 10 62 24 47 -32 -57 -29 23 51 34 -49 -29 -14 47 -5 
5 -61 -36 55 20 53 40 -50 -54 12 39 46 17 -26 -4 47 
59 15 -47 -48 -56 7 41 49 0 -56 -53 30 21 23 -46 -12 
-28 54 55 -37 1 -57 -34 -96 50 2 
RSSI :-110 
Input angle :213
Zaxis angle :14 
minval :0 

minval :0 



64 37 -42 62 -59 -47 50 -56 53 52 -56 49 -46 -59 59 -44 
-37 -95 -4 112 78 86 3 -106 -87 55 92 54 27 -34 28 69 
102 -15 -108 -29 -101 56 103 25 -34 -98 -72 79 28 32 -71 16 
-7 102 45 -102 -35 -110 -43 98 102 -17 -67 -82 -37 23 -1 -75 
-99 -29 87 69 115 -12 -85 -63 -11 103 97 -44 -13 -41 73 15 
48 -91 -86 71 -12 116 55 63 125 -4 
RSSI :-110 
Input angle :223
Zaxis angle :0 
minval :0 

minval :0 



-45 -62 65 -40 38 67 -67 37 -33 -69 71 -30 26 72 -73 21 
-13 94 45 -95 -46 -108 -48 98 105 -16 -58 -83 -39 19 -4 -76 
-89 -33 84 61 116 -23 -88 -66 -3 105 93 -41 -11 -43 75 13 
51 -80 -76 71 0 117 84 -71 -102 -31 22 99 45 -3 -28 71 
69 67 -52 -90 -114 -29 45 100 54 -91 -102 -3 -8 44 -64 -42 
-80 50 100 -31 52 -105 -93 80 115 8 
RSSI :-110 
Input angle :223
Zaxis angle :0 
minval :0 

minval :0 



38 -66 64 42 -46 62 -58 -49 53 -55 52 56 -59 50 -46 -60 
-70 37 94 -13 75 -86 -102 8 59 88 49 -100 -30 -32 68 -33 
-22 -77 -6 93 67 93 13 -101 -100 34 88 68 38 -22 19 73 
80 -5 -88 -32 -105 44 96 32 -11 -105 -86 70 14 41 -75 0 
-10 79 44 -83 -22 -113 -51 88 106 8 -51 -99 -43 4 12 -74 
-75 -27 71 61 114 1 -55 -81 -48 12 
RSSI :-110 
Input angle :11
Zaxis angle :0 
minval :0 

minval :0 



-61 49 -45 -64 65 -43 39 67 -69 35 -31 -71 72 -28 23 73 
77 -16 -97 -26 -100 43 96 36 -18 -104 -76 77 16 45 -76 10 
-4 78 48 -88 -25 -105 -58 84 105 0 -62 -89 -48 7 6 -77 
-77 -17 79 60 110 -5 -73 -72 -18 104 99 -44 1 -48 73 23 
33 -71 -76 66 -22 107 84 -57 -97 -41 21 107 46 14 -41 66 
63 47 -43 -90 -100 -44 123 -96 65 -11 
RSSI :-110 
Input angle :223
Zaxis angle :0 
minval :0 

minval :0 



2 -69 70 5 -11 69 -68 -14 15 -68 67 18 -22 64 -62 -27 
-41 67 83 -59 45 -95 -103 32 80 62 -2 -95 -41 -16 41 -54 
-56 -54 39 93 83 63 -10 -107 -74 67 94 16 24 -38 45 52 
64 -46 -99 22 -78 69 108 8 -49 -87 -29 90 32 31 -60 34 
33 71 -3 -100 -52 -90 -31 103 95 -31 -80 -49 -39 21 -21 -64 
-76 18 99 18 100 -29 29 16 -100 12 
RSSI :-110 
Input angle :225
Zaxis angle :0 
minval :0 

minval :0 



-15 61 -61 -18 22 -60 58 24 -26 57 -56 -29 32 -55 53 34 
20 -58 -78 54 -74 95 114 -46 -57 -77 -23 86 27 38 -45 43 
54 31 -37 -88 -77 -93 20 122 88 -39 -79 -41 -42 17 -34 -53 
-42 45 95 -16 107 -57 -123 -2 18 94 55 -70 -9 -45 59 -20 
-35 -50 -6 96 31 116 34 -120 -96 -2 55 70 47 0 8 63 
58 -23 -93 -24 -122 3 38 0 47 -12 
RSSI :-110 
Input angle :223
Zaxis angle :0 
minval :0 

minval :0 



-6 86 -84 -10 15 -86 85 20 -24 83 -82 -30 29 -82 78 34 
33 -75 -49 66 -22 125 60 -64 -104 -51 12 97 56 25 -53 68 
66 49 -55 -62 -118 -45 51 70 73 -89 -98 -6 -39 49 -57 -63 
-62 54 73 -37 68 -109 -81 31 72 92 28 -94 -40 -44 77 -38 
-38 -73 21 79 90 89 -16 -85 -106 46 86 47 55 -27 23 82 
80 -22 -82 4 -108 67 -49 -113 -62 -15 
RSSI :-110 
Input angle :223
Zaxis angle :0 
minval :0 

minval :0 



3 -91 91 9 -17 89 -89 -22 25 -88 86 28 -31 85 -82 -37 
-31 78 74 -42 28 -106 -100 57 102 65 14 -115 -52 -21 53 -74 
-70 -46 26 81 98 48 -35 -108 -87 86 110 33 32 -45 61 66 
59 -59 -85 5 -72 82 115 -5 -63 -104 -59 99 36 42 -80 43 
43 72 13 -84 -64 -89 -18 113 115 -41 -86 -78 -48 23 -26 -86 
-78 30 80 28 99 -46 28 112 36 15 
RSSI :-110 
Input angle :227
Zaxis angle :0 
minval :0 

minval :0 



-66 36 -31 -67 70 -29 26 70 -71 23 -19 -72 73 -15 10 73 
61 -32 -88 -38 -106 7 108 45 17 -100 -89 63 -2 30 -73 -5 
23 65 52 -81 12 -106 -65 97 93 40 -41 -99 -28 -9 21 -70 
-68 7 69 69 101 34 -79 -86 -59 84 107 -16 16 -25 66 33 
9 -67 -84 46 -52 92 101 -58 -69 -75 -3 108 22 20 -48 55 
64 25 -28 -92 -79 -70 -81 -48 126 -7 
RSSI :-110 
Input angle :227
Zaxis angle :0 
minval :0 

minval :0 



-23 35 -33 -26 27 -32 31 29 -30 29 -27 -32 33 -26 24 34 
10 -24 -47 13 -45 49 62 -15 -26 -53 -7 50 8 19 -39 16 
21 15 -1 -49 -35 -57 4 64 57 -13 -47 -18 -20 3 -9 -40 
-18 18 48 8 61 -25 -63 -11 4 59 26 -43 0 -20 42 0 
-13 -21 -16 46 14 65 22 -60 -58 -8 35 37 20 4 -9 41 
24 -9 -42 -25 -68 -1 77 64 22 -14 
RSSI :-110 
Input angle :227
Zaxis angle :14 
minval :0 

minval :0 



48 8 -11 46 -46 -13 16 -45 44 19 -20 43 -42 -22 25 -41 
-17 -11 28 47 56 33 -37 -53 -47 39 44 -1 18 -18 35 32 
15 -13 -52 19 -44 47 61 -22 -29 -54 -7 43 14 22 -39 27 
11 17 -9 -54 -39 -52 13 63 58 -19 -41 -16 -24 9 -19 -43 
-19 6 55 4 59 -25 -64 -3 5 61 25 -36 -4 -26 47 -9 
-2 -20 -15 53 12 64 9 127 -110 -2 
RSSI :-110 
Input angle :223
Zaxis angle :0 
minval :0 

minval :0 



-35 1 0 -35 35 2 -5 34 -34 -6 7 -34 33 9 -10 32 
18 13 -44 -15 -66 -4 52 31 25 -65 -43 4 -16 28 -29 -18 
-17 14 24 -39 17 -64 -41 44 59 37 4 -43 -23 -22 25 -23 
-9 -20 33 33 57 33 -34 -48 -49 50 41 13 27 -19 19 29 
22 -5 -39 24 -42 50 54 -25 -37 -59 -20 37 12 30 -32 12 
1 22 -16 -43 -40 -52 7 65 -84 -7 
RSSI :-110 
Input angle :227
Zaxis angle :0 
minval :0 

minval :0 



32 17 -19 31 -30 -20 22 -29 28 23 -25 27 -24 -27 29 -22 
-5 -15 17 49 42 62 -15 -66 -65 21 24 29 25 1 19 31 
16 -2 -51 7 -71 26 67 -2 -7 -68 -34 18 -7 23 -35 11 
0 16 4 -52 -10 -74 -15 66 68 6 -8 -37 -21 -12 -2 -36 
-16 -4 50 16 74 5 -62 -27 -24 65 39 -1 16 -18 36 4 
8 -14 -25 45 -19 73 18 -1 50 -9 
RSSI :-110 
Input angle :223
Zaxis angle :0 
minval :0 

minval :0 



-14 -20 21 -12 12 22 -22 10 -9 -23 23 -7 6 24 -24 4 
-16 29 -2 -35 -35 -60 3 54 69 -27 -21 -46 -32 4 0 -24 
-25 -22 34 4 66 -22 -53 -7 13 73 49 -13 0 -33 24 5 
26 -21 -11 32 7 69 18 -50 -74 -2 1 50 32 8 -10 22 
14 30 -30 -17 -69 -7 45 28 21 -71 -49 -9 -15 29 -20 -14 
-33 7 23 -25 22 -66 7 113 -113 8 
RSSI :-110 
Input angle :223
Zaxis angle :0 
minval :0 

minval :0 



10 28 -28 8 -7 -29 29 -5 3 29 -29 0 0 -30 29 1 
42 -41 21 73 62 79 -24 -86 -95 33 36 87 80 -17 -6 28 
30 51 -77 5 -92 41 89 -4 -16 -99 -92 19 0 82 -26 -12 
-56 19 7 -76 -23 -98 -14 88 100 6 0 -95 -79 -22 18 -22 
-8 -59 72 25 101 0 -82 -34 -28 96 93 17 34 -74 18 22 
58 5 -38 66 -20 99 41 -115 -105 -23 
RSSI :-110 
Input angle :222
Zaxis angle :20 
minval :0 

minval :0 



25 13 -14 25 -23 -15 17 -23 22 17 -19 21 -21 -20 21 -19 
-28 -25 34 10 50 -14 -41 -19 1 56 62 -21 -10 -31 13 25 
30 -22 -17 31 3 51 25 -37 -56 -9 13 64 32 -4 -27 8 
15 34 -27 -22 -52 -9 29 33 22 -52 -65 -1 -2 32 -2 -28 
-37 8 29 -21 17 -49 -38 22 46 32 12 -64 -31 -8 28 3 
1 -37 14 33 44 27 93 -113 -19 9 
RSSI :-110 
Input angle :227
Zaxis angle :20 
minval :0 

minval :0 



-47 -33 35 -45 43 37 -39 41 -40 -44 46 -34 31 49 -48 30 
32 67 -58 -69 -116 -44 71 72 63 -98 -108 -17 -22 54 -19 -54 
-73 16 79 -42 68 -105 -86 55 82 83 37 -101 -48 -34 55 -9 
0 -75 28 86 89 86 -35 -97 -95 67 88 65 42 -41 -2 57 
74 11 -90 7 -106 66 101 -16 -45 -108 -76 76 27 52 -55 -16 
-27 69 12 -89 -47 -115 -27 -96 16 -3 
RSSI :-110 
Input angle :227
Zaxis angle :0 
minval :0 

minval :0 



-14 -62 62 -10 8 62 -61 6 -4 -64 63 0 -3 62 -62 -8 
-11 81 2 -90 -57 -95 8 96 94 -32 -78 -84 -42 24 21 -59 
-78 -25 87 23 104 -37 -96 -16 10 98 97 -60 -14 -47 52 33 
45 -67 -40 80 12 108 34 -90 -97 -14 36 107 47 -5 -44 44 
57 57 -68 -58 -110 -12 82 50 31 -93 -112 19 -4 48 -33 -53 
-68 45 69 -56 30 -106 -84 -16 -1 5 
RSSI :-110 
Input angle :234
Zaxis angle :0 
minval :0 

minval :0 



-56 -25 29 -54 53 32 -36 50 -48 -40 42 -45 42 45 -46 41 
50 63 -66 -50 -111 -11 74 56 42 -99 -121 17 -6 52 -30 -53 
-73 31 65 -50 35 -106 -72 60 90 58 11 -121 -49 -18 60 -17 
-17 -78 37 75 95 59 -42 -83 -77 75 118 35 24 -45 5 61 
81 0 -79 25 -75 83 90 -23 -59 -89 -60 107 36 36 -61 -6 
-18 78 -7 -83 -63 -94 -48 112 -81 -5 
RSSI :-110 
Input angle :223
Zaxis angle :0 
minval :0 

minval :0 



-61 7 -4 -62 62 0 -4 60 -61 -9 12 -60 60 15 -18 58 
75 34 -79 -9 -102 47 89 13 -15 -106 -94 80 25 48 -54 -30 
-43 70 25 -76 -23 -109 -34 85 106 5 -55 -110 -52 13 42 -45 
-57 -59 68 41 112 -1 -78 -46 -27 103 119 -29 -3 -54 35 49 
70 -41 -54 59 -20 110 62 -67 -93 -51 4 123 52 10 -56 24 
27 77 -48 -64 -103 -43 127 -96 22 -11 
RSSI :-110 
Input angle :223
Zaxis angle :0 
minval :0 

minval :0 



-41 41 -39 -42 45 -37 33 47 -49 31 -29 -50 52 -26 24 52 
82 -26 -72 42 -47 101 74 -49 -78 -65 -35 119 55 21 -57 10 
9 85 -29 -77 -90 -63 34 82 79 -66 -107 -60 -32 50 0 -57 
-86 -10 81 -16 83 -74 -88 17 47 90 77 -97 -42 -42 57 11 
28 -81 -6 81 53 97 2 -89 -99 27 79 94 49 -33 -23 53 
75 42 -80 -20 -106 33 -15 31 53 -13 
RSSI :-110 
Input angle :223
Zaxis angle :0 
minval :0 

minval :0 



46 30 -31 45 -45 -36 38 -43 39 39 -43 38 -36 -42 44 -35 
-46 -68 65 55 119 20 -76 -50 -32 106 119 2 9 -70 22 51 
78 -30 -66 53 -39 114 66 -63 -97 -52 -31 112 65 20 -55 14 
12 82 -36 -78 -103 -60 50 78 70 -85 -106 -53 -34 58 -1 -55 
-82 -3 84 -18 82 -88 -85 34 66 87 72 -92 -49 -48 55 10 
24 -78 0 86 66 100 54 63 -4 5 
RSSI :-110 
Input angle :234
Zaxis angle :0 
minval :0 

minval :0 



52 -10 8 53 -53 7 -2 -53 53 0 -1 54 -53 -5 7 -52 
-71 -32 78 2 111 -55 -96 0 48 113 92 -67 -20 -59 49 18 
46 -62 -15 77 34 121 20 -92 -122 19 46 103 62 -6 -28 44 
50 59 -73 -31 -125 7 87 41 7 -123 -112 18 -6 63 -37 -37 
-69 37 43 -65 17 -123 -56 76 118 30 1 -114 -61 -18 43 -29 
-22 -74 53 58 115 45 -107 95 15 14 
RSSI :-110 
Input angle :223
Zaxis angle :0 
minval :0 

minval :0 



50 9 -11 50 -48 -14 17 -47 46 20 -22 46 -45 -23 26 -41 
-48 -55 70 25 122 -9 -87 -40 -15 127 110 -14 14 -61 37 33 
64 -35 -38 63 -20 121 52 -80 -121 -42 -6 113 56 27 -41 29 
20 71 -54 -50 -115 -39 66 70 62 -111 -109 -27 -39 49 -19 -45 
-74 6 61 -41 66 -103 -82 50 92 88 52 -100 -40 -48 49 -9 
9 -73 31 67 88 83 52 -1 124 9 
RSSI :-110 
Input angle :223
Zaxis angle :0 
minval :0 

minval :0 



7 -43 44 10 -12 42 -41 -16 18 -40 40 20 -21 38 -36 -23 
-52 41 15 -68 -11 -98 -40 78 97 11 -7 -94 -60 -14 31 -30 
-31 -58 64 26 98 12 -67 -56 -32 92 93 15 26 -56 22 37 
64 -16 -41 56 -34 92 69 -54 -81 -54 -34 89 47 40 -41 14 
4 66 -45 -52 -85 -49 41 78 71 -67 -80 -51 -48 39 -5 -43 
-65 -12 60 -33 67 -72 -91 81 75 41 
RSSI :-110 
Input angle :223
Zaxis angle :0 
minval :0 

minval :0 



36 67 -67 33 -29 -69 70 -26 23 71 -73 15 -11 -74 74 -6 
6 -63 13 73 61 106 -7 -112 -110 39 70 68 32 -12 -4 75 
61 20 -73 -4 -111 48 112 14 -17 -116 -82 56 4 33 -71 -18 
-31 56 19 -71 -16 -121 -38 105 116 10 -35 -93 -35 -2 36 -64 
-47 -43 65 34 122 10 -96 -59 -35 112 97 -17 8 -33 55 49 
51 -39 -45 58 -30 118 51 95 -35 -8 
RSSI :-110 
Input angle :225
Zaxis angle :0 
minval :0 

minval :0 



-69 9 -5 -70 69 0 -3 70 -69 -6 11 -69 68 15 -17 68 
59 28 -66 0 -106 52 95 21 -18 -109 -93 66 25 34 -61 -31 
-39 53 10 -66 -21 -115 -41 89 111 0 -49 -103 -39 17 45 -52 
-40 -51 61 24 118 1 -77 -60 -30 106 112 -17 -6 -42 41 56 
60 -27 -38 54 -23 116 76 -62 -100 -49 1 114 43 1 -62 31 
16 64 -47 -47 -108 -46 -119 -32 7 -11 
RSSI :-110 
Input angle :223
Zaxis angle :0 
minval :0 

minval :0 



-15 61 -60 -18 20 -60 57 23 -27 56 -54 -31 33 -53 52 36 
43 -42 -28 73 0 120 46 -78 -110 -30 15 115 54 0 -48 40 
32 51 -64 -44 -117 -22 64 64 49 -103 -117 -13 -12 54 -31 -53 
-55 18 57 -53 49 -109 -75 50 84 76 38 -112 -49 -21 59 -17 
-6 -59 39 68 94 75 -32 -85 -90 70 101 58 33 -43 4 62 
60 4 -73 24 -91 78 -100 -65 22 -13 
RSSI :-110 
Input angle :223
Zaxis angle :0 
minval :0 

minval :0 



-32 45 -43 -33 35 -41 39 37 -41 36 -34 -42 44 -32 30 45 
51 -10 -60 59 -53 111 64 -51 -90 -83 -54 112 58 39 -50 19 
0 53 -45 -72 -98 -73 34 75 98 -74 -98 -76 -50 49 -7 -53 
-52 -14 77 -33 96 -77 -80 20 53 112 96 -79 -37 -59 53 4 
22 -47 15 83 60 107 -2 -83 -120 28 63 107 65 -26 -14 51 
40 34 -85 -1 -119 32 -2 -113 105 -16 
RSSI :-110 
Input angle :223
Zaxis angle :14 
minval :0 

minval :0 



-22 11 -10 -23 23 -8 6 24 -24 5 -4 -24 24 -3 1 24 
26 10 -38 11 -50 35 37 -4 -22 -58 -57 32 19 31 -24 -3 
-15 23 -3 -41 -23 -56 -3 37 61 -8 -25 -60 -35 13 8 -22 
-19 -20 40 6 59 -13 -36 -12 -4 62 65 -12 -4 -36 20 13 
23 -16 -13 38 -2 61 19 -33 -60 -17 -2 65 37 2 -17 17 
10 26 -36 -20 -60 -12 108 -96 -13 -15 
RSSI :-110 
Input angle :225
Zaxis angle :0 
minval :0 

minval :0 



-19 34 -33 -21 22 -32 30 25 -27 28 -27 -28 29 -26 24 30 
48 2 -64 56 -51 84 60 -45 -62 -75 -63 75 53 59 -35 16 
-11 47 -41 -75 -76 -62 32 67 85 -47 -59 -78 -70 37 -9 -37 
-43 -21 81 -26 79 -58 -73 18 25 94 88 -42 -25 -75 38 0 
31 -37 7 85 43 88 -2 -75 -97 9 26 94 79 -10 -5 38 
30 38 -85 -9 -96 21 100 112 -88 -49 
RSSI :-110 
Input angle :223
Zaxis angle :0 
minval :0 

minval :0 



28 35 -35 26 -24 -37 39 -21 18 40 -41 16 -13 -42 43 -10 
18 -51 34 77 68 71 -25 -72 -87 43 59 78 70 -38 4 43 
45 29 -82 18 -82 55 77 -7 -22 -95 -88 42 24 75 -43 -6 
-37 37 -4 -84 -33 -92 -8 77 97 -5 -24 -95 -79 5 11 -42 
-30 -45 83 17 97 -17 -73 -24 -14 96 98 1 10 -79 37 21 
51 -19 -33 77 -2 98 40 29 102 -19 
RSSI :-110 
Input angle :222
Zaxis angle :14 
minval :0 

minval :0 



-8 23 -23 -8 10 -23 22 12 -11 22 -21 -13 14 -20 19 16 
29 -13 -17 35 0 64 17 -35 -59 -20 -8 62 37 12 -19 15 
8 31 -31 -22 -63 -11 31 24 31 -56 -60 -20 -20 34 -11 -21 
-32 1 28 -27 25 -60 -31 26 48 43 31 -55 -28 -27 23 -6 
5 -31 19 33 52 37 -20 -34 -52 37 46 42 32 -23 0 24 
29 12 -38 10 -48 42 -100 31 -121 -15 
RSSI :-110 
Input angle :227
Zaxis angle :0 
minval :0 

minval :0 



-10 26 -25 -11 12 -25 24 13 -15 23 -23 -17 18 -22 21 19 
28 -8 -30 34 -14 65 24 -39 -53 -32 -19 56 31 21 -22 16 
2 29 -29 -35 -58 -31 32 32 44 -44 -50 -32 -28 24 -11 -25 
-29 -4 41 -19 41 -52 -39 24 35 51 41 -42 -17 -33 27 -5 
10 -27 9 45 45 48 -15 -42 -57 25 35 48 35 -11 0 27 
25 15 -46 1 -57 33 -56 47 -89 -16 
RSSI :-110 
Input angle :223
Zaxis angle :14 
minval :0 

minval :0 



-29 8 -6 -30 30 -5 3 30 -30 0 0 -30 30 2 -3 30 
23 19 -45 -7 -60 28 47 -2 -9 -61 -55 19 0 38 -28 -9 
-23 19 17 -42 -11 -65 -8 46 62 3 -6 -58 -36 -9 16 -25 
-13 -27 39 22 66 0 -44 -18 -17 59 59 6 17 -34 22 20 
29 -6 -30 34 -15 65 25 -38 -53 -31 -18 56 29 24 -24 17 
0 30 -26 -37 -61 -27 -92 -112 69 -12 
RSSI :-110 
Input angle :223
Zaxis angle :14 
minval :0 

minval :0 



-24 -19 20 -23 22 21 -23 21 -19 -24 25 -18 16 26 -27 15 
0 33 -22 -36 -63 -25 33 33 38 -50 -51 -28 -29 24 -9 -29 
-32 -7 41 -13 41 -53 -40 24 39 49 39 -43 -19 -33 31 -1 
14 -29 4 43 45 50 -16 -44 -56 28 35 47 36 -10 -4 30 
26 20 -43 -2 -58 33 47 -5 -15 -61 -53 24 2 38 -29 -9 
-25 22 13 -41 -19 -64 -3 80 29 -1 
RSSI :-110 
Input angle :225
Zaxis angle :14 
minval :0 

minval :0 



31 10 -13 30 -30 -15 16 -29 28 17 -19 27 -26 -21 21 -25 
-14 -31 33 27 66 9 -44 -23 -25 55 53 8 18 -28 18 27 
33 -6 -33 28 -22 62 33 -37 -49 -36 -19 51 24 24 -30 13 
-1 34 -20 -38 -57 -34 29 40 47 -38 -44 -31 -28 19 -7 -32 
-33 -7 42 -9 44 -49 -44 22 32 52 38 -38 -12 -31 33 0 
15 -30 2 43 37 55 27 127 75 5 
RSSI :-110 
Input angle :227
Zaxis angle :14 
minval :0 

minval :0 



-6 33 -32 -8 10 -32 31 12 -14 31 -30 -15 17 -29 28 18 
31 -18 -22 40 6 66 16 -46 -58 -15 0 58 35 11 -24 23 
11 35 -36 -28 -67 -6 40 27 25 -54 -57 -13 -19 31 -18 -28 
-36 3 36 -27 20 -64 -34 34 46 39 26 -52 -26 -25 32 -11 
3 -36 21 40 57 35 -26 -41 -46 39 45 37 30 -19 3 33 
34 11 -44 10 -45 49 -114 -97 -73 -14 
RSSI :-110 
Input angle :223
Zaxis angle :14 
minval :0 

minval :0 



-30 -5 7 -30 29 8 -10 29 -28 -12 14 -27 26 15 -15 26 
13 34 -42 -20 -74 7 47 13 15 -63 -57 -9 -16 40 -22 -20 
-36 7 28 -37 10 -73 -23 42 57 31 21 -54 -36 -26 25 -18 
0 -36 29 36 69 27 -36 -33 -41 51 49 31 32 -29 11 28 
35 7 -42 20 -39 63 41 -27 -41 -50 -40 42 21 38 -30 5 
-16 32 -10 -45 -52 -52 -23 112 78 -8 
RSSI :-110 
Input angle :223
Zaxis angle :14 
minval :0 

minval :0 



18 -26 24 19 -22 22 -21 -23 23 -21 19 24 -25 18 -16 -26 
-32 -6 42 -29 41 -64 -34 33 42 52 38 -44 -23 -38 29 -10 
14 -30 20 47 55 53 -24 -40 -57 31 33 46 43 -14 2 31 
26 20 -50 8 -65 42 45 -15 -17 -64 -52 24 4 45 -30 -2 
-25 21 0 -51 -29 -71 4 47 66 -3 -13 -55 -45 -4 10 -29 
-16 -28 50 11 76 -15 -40 127 106 16 
RSSI :-110 
Input angle :225
Zaxis angle :20 
minval :0 

minval :0 



26 16 -17 25 -24 -19 19 -23 22 21 -23 20 -19 -24 24 -17 
9 -33 28 44 59 47 -29 -41 -54 41 40 39 35 -21 11 27 
30 16 -48 16 -58 49 45 -20 -30 -61 -46 33 14 38 -29 6 
-21 26 -6 -51 -34 -67 10 49 66 -14 -21 -52 -41 1 0 -30 
-21 -26 51 3 73 -21 -50 1 5 67 55 -11 5 -41 29 5 
30 -15 -15 49 5 75 -12 -98 8 -3 
RSSI :-110 
Input angle :221
Zaxis angle :0 
minval :0 

minval :0 



3 -27 27 5 -6 27 -26 -8 10 -25 24 12 -13 24 -23 -14 
-31 3 19 -49 19 -73 -20 44 64 32 13 -52 -32 -23 19 -19 
4 -31 43 30 69 32 -40 -27 -45 55 49 23 29 -26 15 22 
30 10 -37 37 -46 60 36 -33 -42 -58 -32 44 19 34 -25 9 
-16 27 -27 -45 -50 -56 26 41 65 -29 -37 -39 -37 12 -5 -26 
-23 -22 50 -19 67 -37 71 80 83 17 
RSSI :-110 
Input angle :220
Zaxis angle :0 
minval :0 

minval :0 



30 11 -13 29 -29 -14 16 -28 27 18 -18 26 -25 -20 23 -23 
3 -29 29 43 57 47 -32 -49 -59 40 38 28 28 -10 17 26 
28 10 -48 20 -57 47 54 -20 -28 -66 -34 32 5 30 -30 12 
-16 25 -9 -51 -35 -66 11 57 70 -13 -24 -41 -30 -1 -5 -32 
-21 -21 52 -1 73 -17 -58 -2 -1 72 45 -18 10 -27 32 0 
25 -16 -10 50 4 75 -25 14 35 -4 
RSSI :-110 
Input angle :218
Zaxis angle :14 
minval :0 

minval :0 



-27 -11 12 -26 26 13 -14 25 -24 -15 17 -23 22 18 -19 22 
-6 23 -30 -40 -55 -46 28 50 51 -35 -37 -28 -23 9 -16 -24 
-21 -10 45 -23 55 -47 -55 18 23 58 34 -31 -4 -25 26 -11 
15 -19 13 49 30 66 -5 -57 -61 9 21 40 26 0 6 28 
14 19 -50 3 -70 19 58 4 4 -62 -45 11 -6 24 -28 -1 
-21 11 8 -50 -1 -72 -14 80 15 4 
RSSI :-110 
Input angle :215
Zaxis angle :0 
minval :0 

minval :0 



16 28 -30 15 -14 -30 31 -13 11 31 -31 9 -7 -32 32 -6 
8 -15 -12 56 -7 74 21 -58 -59 -20 7 45 18 15 -1 33 
14 12 -53 -22 -72 -22 53 33 32 -54 -46 0 -18 14 -32 -9 
-13 11 33 -46 36 -65 -44 43 46 43 11 -45 -9 -21 14 -30 
-7 -15 36 43 55 50 -32 -53 -52 35 41 20 23 -5 26 20 
17 -4 -49 30 -61 43 -101 63 67 -15 
RSSI :-110 
Input angle :212
Zaxis angle :0 
minval :0 

minval :0 



-30 8 -8 -30 31 -5 3 31 -31 1 0 -31 31 1 -2 31 
14 7 -54 -18 -67 -21 54 30 35 -47 -41 4 -20 14 -29 -9 
-10 11 31 -48 37 -60 -41 46 40 44 6 -42 -9 -22 13 -27 
-9 -12 41 39 53 46 -37 -49 -52 28 40 14 24 -5 24 19 
13 -7 -46 34 -58 40 57 -25 -18 -57 -21 36 0 25 -25 19 
4 15 -22 -52 -30 -63 -19 96 -54 -2 
RSSI :-110 
Input angle :223
Zaxis angle :0 
minval :0 

minval :0 



14 -36 35 16 -19 34 -32 -21 24 -30 30 25 -27 28 -27 -27 
-12 12 58 -19 62 -29 -67 14 12 50 19 -36 1 -16 32 -22 
-9 -14 9 60 17 66 -5 -68 -51 1 32 26 15 4 14 36 
16 -7 -60 -1 -68 3 67 12 10 -51 -31 25 -8 14 -38 6 
2 17 12 -59 10 -68 -26 64 48 19 -17 -37 -12 -11 3 -38 
-17 0 54 28 63 26 -121 79 -123 10 
RSSI :-110 
Input angle :223
Zaxis angle :0 
minval :0 

minval :0 



39 6 -7 39 -38 -9 13 -37 36 14 -17 36 -34 -19 20 -33 
-18 -8 41 51 41 54 -26 -55 -46 22 39 6 14 -1 28 27 
12 -15 -60 26 -60 30 60 -14 -12 -50 -15 37 0 13 -32 22 
13 14 -14 -64 -21 -64 3 61 51 -2 -34 -21 -13 -4 -16 -35 
-17 10 65 -2 67 -2 -61 -9 -7 51 28 -28 6 -12 39 -6 
-5 -19 -13 64 -11 66 61 127 35 -5 
RSSI :-110 
Input angle :212
Zaxis angle :0 
minval :0 

minval :0 



-45 -80 81 -41 39 81 -85 34 -27 -87 89 -21 15 91 -91 9 
18 48 38 0 33 -122 -67 110 105 45 -51 -77 -13 0 10 -91 
-49 10 118 62 113 56 -91 -93 -67 93 84 -39 2 -13 87 27 
1 -47 -82 107 -73 102 106 -74 -80 -82 24 89 13 5 -47 78 
49 12 -81 -108 -82 -95 48 121 97 -60 -92 2 -8 12 -69 -60 
-21 44 121 -56 113 -56 82 48 93 13 
RSSI :-110 
Input angle :223
Zaxis angle :0 
minval :0 

minval :0 



47 -15 13 47 -48 11 -9 -48 48 -7 4 48 -49 0 2 -48 
-25 5 59 36 54 31 -47 -46 -33 46 39 -20 1 -5 47 10 
0 -26 -48 50 -41 47 54 -37 -38 -42 10 42 5 2 -21 44 
25 4 -39 -57 -38 -50 24 61 51 -27 -44 1 -3 5 -37 -32 
-10 23 64 -26 56 -27 -65 10 18 54 5 -43 -4 -4 39 -30 
-21 -14 13 67 15 61 29 15 -91 1 
RSSI :-110 
Input angle :327
Zaxis angle :0 
minval :0 

minval :0 



3 50 -50 2 0 -50 50 1 -3 50 -50 -7 12 -49 48 14 
0 -26 -50 48 -43 45 59 -33 -36 -44 8 42 4 2 -24 44 
26 6 -36 -59 -37 -50 20 64 51 -25 -43 1 -3 4 -39 -31 
-10 23 65 -25 58 -21 -67 6 14 55 7 -43 -3 -3 39 -30 
-21 -15 12 69 12 61 5 -66 -57 4 41 14 3 -3 21 45 
19 -17 -69 -5 -62 -1 33 64 -33 -15 
RSSI :-110 
Input angle :234
Zaxis angle :14 
minval :0 

minval :0 



-50 11 -9 -50 51 -5 0 51 -51 -2 4 -51 51 6 -8 50 
27 -3 -54 -44 -49 -37 37 56 39 -40 -40 15 -1 4 -47 -20 
-3 27 55 -43 44 -41 -62 28 31 47 -8 -43 -4 -2 29 -42 
-26 -9 31 62 31 52 -14 -66 -53 20 43 0 2 -4 36 36 
14 -23 -68 16 -58 18 68 1 -9 -56 -11 42 3 3 -43 27 
20 18 -2 -70 -7 -61 -27 64 -49 0 
RSSI :-110 
Input angle :207
Zaxis angle :0 
minval :0 

minval :0 



51 2 -5 51 -51 -7 10 -51 50 12 -16 49 -48 -19 22 -46 
-28 -3 40 57 37 47 -25 -63 -49 28 43 -4 1 -4 39 34 
10 -25 -65 26 -52 28 66 -10 -18 -53 -5 43 4 3 -39 34 
23 15 -10 -70 -14 -57 -3 67 56 -4 -41 -15 -3 3 -23 -46 
-20 19 71 4 60 0 -64 -21 -7 56 21 -38 -3 -3 50 -12 
-15 -23 -18 68 -10 58 38 -113 -33 -5 
RSSI :-110 
Input angle :223
Zaxis angle :0 
minval :0 

minval :0 



13 -50 49 15 -18 49 -48 -20 23 -46 45 24 -27 44 -42 -29 
-8 25 64 -28 53 -28 -67 10 21 53 5 -42 -5 -2 36 -35 
-22 -14 14 69 17 58 3 -67 -57 8 40 12 4 -3 26 45 
18 -19 -70 1 -60 6 65 16 3 -58 -21 37 3 4 -50 14 
14 22 17 -68 6 -60 -31 60 56 14 -32 -27 -5 1 -2 -51 
-25 8 63 30 58 19 -103 127 -15 12 
RSSI :-110 
Input angle :207
Zaxis angle :0 
minval :0 

minval :0 



43 27 -29 42 -39 -31 34 -37 35 36 -37 34 -32 -39 40 -30 
-21 -15 7 70 12 60 9 -66 -57 1 39 17 4 -3 19 47 
19 -17 -69 -7 -61 0 62 24 9 -57 -25 34 2 5 -49 9 
12 23 21 -67 15 -59 -37 56 52 23 -28 -32 -6 0 0 -50 
-25 7 60 36 55 27 -48 -46 -32 47 37 -20 0 -5 49 13 
-1 -25 -46 53 -36 49 93 -65 -106 -11 
RSSI :-110 
Input angle :207
Zaxis angle :0 
minval :0 

minval :0 



-50 7 -4 -50 50 -2 0 50 -50 -4 7 -50 49 9 -12 48 
25 -2 -51 -48 -48 -39 35 56 42 -38 -42 10 -2 6 -45 -22 
-2 26 57 -40 48 -39 -62 23 31 48 -1 -43 -5 -4 31 -39 
-24 -8 27 64 28 55 -9 -65 -54 18 42 8 5 -4 32 38 
12 -22 -69 10 -60 14 66 6 -4 -57 -16 40 3 6 -45 21 
18 18 2 -70 0 -61 -28 80 -69 1 
RSSI :-110 
Input angle :225
Zaxis angle :0 
minval :0 

minval :0 



37 -34 34 38 -40 31 -29 -42 43 -27 24 45 -46 22 -19 -47 
-21 16 70 7 61 4 -61 -25 -10 56 28 -33 -2 -7 50 -9 
-11 -24 -25 66 -18 59 38 -54 -52 -22 26 35 7 0 -2 51 
25 -6 -61 -34 -55 -28 46 48 33 -46 -40 18 0 7 -49 -11 
1 26 48 -52 41 -46 -57 34 38 43 -10 -44 -7 -2 24 -45 
-26 -3 40 57 39 48 58 -1 75 7 
RSSI :-110 
Input angle :207
Zaxis angle :0 
minval :0 

minval :0 



20 47 -48 17 -16 -49 50 -12 8 51 -51 6 -3 -51 51 0 
-9 -24 -33 62 -25 57 45 -48 -48 -30 21 40 7 0 -9 50 
26 -3 -54 -45 -49 -37 36 55 39 -41 -44 11 -1 7 -47 -21 
-2 26 55 -43 47 -39 -61 24 30 48 -3 -45 -7 -2 30 -41 
-25 -8 28 64 30 54 -11 -66 -54 18 44 8 4 -6 35 37 
13 -22 -68 17 -59 17 -35 -1 -43 -15 
RSSI :-110 
Input angle :213
Zaxis angle :0 
minval :0 

minval :0 



-49 -14 17 -48 48 18 -21 47 -45 -24 26 -44 43 28 -30 41 
24 9 -28 -65 -29 -55 8 67 54 -22 -45 -7 -3 6 -33 -39 
-14 22 69 -13 60 -16 -66 -7 8 58 19 -41 -5 -5 45 -23 
-16 -19 0 70 1 63 21 -63 -57 -3 37 27 6 -3 13 49 
22 -13 -69 -16 -61 -11 58 32 16 -55 -32 32 2 6 -51 2 
7 25 30 -64 21 -58 -49 -48 -38 6 
RSSI :-110 
Input angle :207
Zaxis angle :0 
minval :0 

minval :0 



40 29 -30 40 -39 -32 33 -37 35 35 -37 34 -30 -40 40 -28 
-19 -15 8 70 10 62 11 -66 -58 2 41 21 6 -4 20 45 
19 -15 -70 -5 -63 0 62 23 8 -58 -29 35 2 7 -49 9 
11 21 19 -67 14 -61 -35 57 54 21 -28 -37 -7 0 2 -50 
-24 6 61 33 56 28 -45 -48 -33 47 42 -18 0 -7 48 11 
0 -24 -45 53 -39 50 91 -1 121 -11 
RSSI :-110 
Input angle :207
Zaxis angle :0 
minval :0 

minval :0 



-16 -47 47 -14 11 48 -49 7 -5 -49 49 -2 0 50 -49 -3 
5 23 34 -60 30 -56 -48 45 47 35 -17 -42 -8 -1 13 -47 
-23 0 49 50 49 40 -34 -56 -44 39 45 -9 3 -7 43 23 
6 -23 -58 38 -49 40 62 -22 -27 -52 0 46 6 4 -31 38 
22 10 -27 -64 -28 -57 8 65 56 -16 -45 -11 -5 5 -30 -38 
-14 19 68 -12 62 -15 23 112 -30 14 
RSSI :-110 
Input angle :223
Zaxis angle :0 
minval :0 

minval :0 



-23 43 -41 -26 29 -39 38 30 -31 37 -36 -33 35 -33 31 37 
13 -18 -67 19 -62 18 65 2 -6 -60 -18 41 3 7 -43 21 
15 16 -1 -69 -2 -65 -19 62 60 7 -36 -27 -7 1 -12 -47 
-20 10 68 11 64 8 -58 -29 -19 56 34 -29 0 -8 49 -2 
-6 -22 -25 65 -22 61 39 -53 -52 -30 22 39 8 1 -7 48 
23 -2 -58 -39 -54 -35 -99 -112 125 -12 
RSSI :-110 
Input angle :311
Zaxis angle :14 
minval :0 

minval :0 



-42 -21 23 -40 39 25 -27 37 -35 -30 32 -34 32 33 -36 29 
14 13 -18 -65 -20 -64 -1 64 62 -9 -39 -21 -10 2 -22 -41 
-15 11 67 -5 67 -4 -63 -12 -4 63 29 -34 0 -10 44 -14 
-7 -17 -8 67 -9 66 28 -58 -60 -19 27 35 10 2 1 46 
19 -3 -64 -21 -63 -21 51 40 32 -55 -39 20 -5 9 -46 -7 
-1 19 36 -58 36 -56 -62 -16 -100 10 
RSSI :-110 
Input angle :223
Zaxis angle :0 
minval :0 

minval :0 



37 28 -29 35 -33 -31 33 -31 29 35 -36 27 -25 -38 39 -24 
-9 -15 7 66 11 67 12 -63 -64 -2 34 27 12 1 16 43 
17 -6 -67 -3 -68 -3 61 21 13 -63 -34 27 -3 12 -45 5 
2 17 15 -64 17 -66 -35 54 59 24 -20 -38 -11 -6 4 -45 
-18 -1 59 31 61 29 -45 -45 -38 51 42 -10 8 -9 43 13 
4 -17 -42 52 -43 52 94 15 97 -13 
RSSI :-110 
Input angle :223
Zaxis angle :0 
minval :0 

minval :0 



-36 -27 29 -34 32 32 -33 31 -29 -35 36 -27 25 38 -39 23 
8 15 -11 -65 -12 -67 -9 64 65 1 -34 -27 -14 -1 -14 -43 
-17 3 66 2 68 2 -60 -23 -16 63 34 -27 4 -13 45 -5 
0 -17 -14 65 -15 66 35 -53 -58 -27 20 39 12 7 -5 45 
17 3 -59 -29 -61 -29 45 45 38 -52 -42 11 -10 10 -43 -13 
-7 16 43 -50 43 -52 -88 16 -116 12 
RSSI :-110 
Input angle :223
Zaxis angle :0 
minval :0 

minval :0 



-18 -40 41 -16 14 41 -43 10 -8 -44 44 -6 4 44 -44 1 
-3 17 20 -61 16 -68 -35 52 60 29 -16 -41 -15 -9 7 -43 
-16 -6 56 31 59 35 -42 -46 -44 50 45 -6 13 -12 41 17 
11 -14 -42 48 -45 52 53 -32 -39 -53 -2 44 9 14 -25 36 
11 13 -38 -51 -42 -54 20 59 60 -29 -43 -12 -16 5 -30 -32 
-15 9 59 -24 62 -32 65 -80 95 16 
RSSI :-110 
Input angle :223
Zaxis angle :0 
minval :0 

minval :0 



-11 43 -42 -13 15 -41 41 17 -19 39 -38 -21 23 -37 36 24 
14 -11 -51 37 -55 42 61 -14 -26 -62 -13 42 7 17 -31 30 
7 15 -24 -58 -28 -63 5 62 65 -16 -37 -24 -18 1 -20 -38 
-17 3 62 -11 67 -15 -62 -5 0 68 30 -33 0 -18 41 -14 
0 -17 0 64 0 68 18 -60 -66 -13 25 36 17 4 7 43 
17 3 -62 -13 -68 -11 104 80 117 -16 
RSSI :-110 
Input angle :223
Zaxis angle :14 
minval :0 

minval :0 



3 -44 44 5 -6 43 -43 -9 12 -42 41 15 -18 41 -38 -20 
-13 12 44 -44 48 -50 -55 28 36 57 6 -43 -8 -16 27 -34 
-10 -15 33 55 38 57 -15 -61 -62 25 40 17 17 -5 27 34 
17 -5 -58 24 -63 26 63 -2 -11 -67 -24 37 1 18 -39 20 
2 17 -9 -62 -12 -68 -11 61 67 2 -30 -32 -18 -2 -10 -43 
-18 -1 63 5 69 3 -64 95 -74 16 
RSSI :-110 
Input angle :223
Zaxis angle :0 
minval :0 

minval :0 



8 -43 42 9 -12 42 -40 -14 17 -39 38 19 -21 37 -37 -23 
-13 11 47 -39 55 -43 -57 21 29 62 12 -42 -8 -17 30 -31 
-8 -15 26 57 30 62 -7 -60 -67 15 38 22 19 -3 25 35 
17 -5 -60 15 -66 19 61 3 -4 -68 -29 32 0 20 -41 15 
0 17 -3 -62 -4 -69 -19 59 68 10 -26 -35 -19 -3 -7 -43 
-17 -2 61 11 68 11 -104 127 32 16 
RSSI :-110 
Input angle :225
Zaxis angle :0 
minval :0 

minval :0 



-40 15 -13 -41 41 -10 8 43 -43 6 -4 -43 43 -1 -2 43 
16 5 -59 -20 -64 -24 48 37 38 -57 -42 10 -12 16 -41 -11 
-8 15 32 -53 37 -58 -48 38 47 49 -2 -43 -13 -14 19 -38 
-13 -11 45 43 49 49 -28 -54 -57 37 43 6 17 -9 33 27 
14 -10 -52 34 -58 37 59 -14 -25 -63 -16 40 6 19 -34 26 
6 16 -23 -58 -24 -65 16 -15 87 -3 
RSSI :-110 
Input angle :223
Zaxis angle :0 
minval :0 

minval :0 



36 22 -23 36 -34 -26 28 -32 31 29 -31 29 -28 -32 33 -26 
-6 -16 20 59 23 65 -1 -61 -68 9 34 27 19 0 17 39 
17 -2 -61 9 -69 8 59 12 7 -68 -33 27 -3 19 -42 8 
0 17 6 -62 6 -69 -26 55 65 21 -20 -38 -18 -7 0 -43 
-16 -4 60 19 65 23 -47 -38 -37 57 41 -12 11 -15 42 8 
8 -15 -31 54 -35 59 58 -113 18 -12 
RSSI :-110 
Input angle :223
Zaxis angle :0 
minval :0 

minval :0 



37 -21 19 38 -39 17 -14 -40 41 -12 9 42 -42 7 -5 -42 
-16 -2 61 9 67 14 -53 -28 -26 63 38 -18 9 -17 42 1 
5 -16 -21 58 -28 62 38 -47 -54 -41 9 41 15 12 -10 42 
14 9 -52 -34 -55 -41 36 49 50 -46 -43 0 -15 11 -38 -20 
-11 12 45 -43 49 -48 -54 27 35 58 9 -41 -8 -17 29 -31 
-9 -14 32 54 34 60 -5 -114 36 5 
RSSI :-110 
Input angle :223
Zaxis angle :0 
minval :0 

minval :0 



25 32 -33 24 -21 -35 37 -18 16 38 -38 15 -12 -39 39 -10 
0 -17 0 61 -7 67 18 -55 -65 -19 21 37 19 7 2 41 
17 4 -60 -12 -65 -18 49 32 35 -58 -41 12 -11 17 -40 -8 
-8 16 25 -56 32 -60 -41 42 52 43 -3 -43 -15 -14 14 -38 
-14 -11 49 36 53 41 -32 -49 -53 41 42 4 17 -11 35 22 
14 -11 -45 41 -53 42 -117 -97 99 -16 
RSSI :-110 
Input angle :223
Zaxis angle :0 
minval :0 

minval :0 



27 -29 28 28 -29 26 -24 -31 32 -23 20 34 -35 19 -16 -36 
-17 1 60 -11 69 -10 -57 -8 -4 69 34 -27 3 -23 38 -9 
1 -17 1 61 -5 70 19 -55 -66 -21 17 41 21 8 1 39 
16 6 -59 -14 -67 -18 50 30 33 -60 -43 8 -12 20 -39 -6 
-9 15 23 -56 33 -62 -41 41 53 43 0 -44 -16 -16 17 -35 
-12 -12 48 38 53 45 37 -33 -45 10 
RSSI :-110 
Input angle :223
Zaxis angle :0 
minval :0 

minval :0 



-29 30 -27 -31 32 -26 24 33 -35 22 -20 -36 37 -18 16 38 
21 -1 -61 3 -68 5 58 14 11 -66 -38 24 -3 20 -41 6 
-4 20 9 -61 8 -67 -25 54 62 22 -18 -41 -19 -6 1 -41 
-19 -7 58 20 64 23 -47 -36 -38 55 44 -7 11 -17 40 9 
12 -17 -31 53 -37 57 46 -39 -47 -47 -2 45 14 15 -17 37 
13 15 -43 -43 -47 -48 -32 64 -53 -10 
RSSI :-110 
Input angle :223
Zaxis angle :0 
minval :0 

minval :0 



13 -38 38 15 -18 36 -36 -19 20 -35 34 22 -23 33 -32 -25 
-20 10 50 -31 56 -35 -57 13 24 62 22 -40 -9 -18 33 -24 
-4 -22 17 57 24 62 0 -59 -66 9 35 30 20 -4 15 37 
23 0 -59 5 -66 9 58 11 2 -67 -37 28 0 20 -39 9 
-3 22 6 -59 2 -67 -25 53 64 15 -18 -43 -19 -4 0 -40 
-21 -8 55 21 64 17 -122 63 -37 14 
RSSI :-110 
Input angle :225
Zaxis angle :0 
minval :0 

minval :0 



-24 31 -30 -25 27 -29 27 29 -31 25 -23 -33 34 -21 19 34 
23 -2 -59 8 -63 14 57 10 -1 -66 -35 30 4 21 -38 10 
-3 23 1 -59 0 -65 -20 54 65 12 -22 -41 -21 0 -2 -40 
-22 -8 58 15 64 12 -48 -32 -24 61 45 -13 5 -20 39 5 
13 -19 -29 52 -25 60 40 -41 -54 -37 4 46 19 9 -12 37 
17 16 -44 -38 -52 -39 -63 48 -120 -12 
RSSI :-110 
Input angle :223
Zaxis angle :0 
minval :0 

minval :0 



-61 51 -47 -65 67 -45 41 69 -70 39 -33 -73 75 -27 20 77 
52 4 -118 -4 0 8 109 40 18 -127 -83 49 2 41 -79 4 
-15 49 29 -115 18 -127 -59 100 121 45 -33 -91 -41 -6 8 -79 
-44 -25 107 50 122 43 -83 -79 -65 112 96 -11 16 -39 76 25 
35 -37 -74 92 -70 107 97 -64 -91 -89 -9 95 36 23 -39 69 
28 42 -75 -91 -93 -89 -41 0 21 -9 
RSSI :-110 
Input angle :223
Zaxis angle :0 
minval :0 

minval :0 



77 -24 18 78 -80 14 -9 -80 80 -8 4 80 -80 0 4 -79 
-47 -22 106 48 122 40 -83 -76 -63 112 96 -18 13 -41 76 24 
34 -40 -67 96 -62 112 91 -67 -96 -85 -7 97 37 22 -35 71 
32 42 -79 -87 -95 -86 50 102 102 -77 -95 -23 -28 32 -61 -52 
-47 23 100 -61 105 -76 -111 23 55 116 41 -89 -25 -33 60 -52 
-13 -50 39 110 54 116 5 -113 -17 3 
RSSI :-110 
Input angle :223
Zaxis angle :0 
minval :0 

minval :0 



-24 32 -30 -26 28 -29 27 30 -31 26 -23 -32 34 -21 19 35 
26 -4 -55 13 -60 24 54 3 -13 -64 -34 37 8 22 -38 11 
-1 27 -2 -56 -7 -64 -15 52 66 3 -29 -42 -23 3 -3 -40 
-25 -7 56 11 65 4 -48 -25 -15 64 47 -19 1 -23 40 4 
11 -24 -22 52 -17 62 34 -42 -59 -28 9 50 22 6 -12 37 
19 18 -47 -31 -57 -31 -95 112 -27 -14 
RSSI :-110 
Input angle :18
Zaxis angle :0 
minval :0 

minval :0 



75 -31 28 76 -78 25 -20 -79 80 -16 10 81 -82 6 -1 -82 
-50 -18 113 32 125 23 -89 -69 -45 120 94 -35 5 -44 79 16 
26 -46 -52 105 -46 119 79 -80 -112 -62 12 100 41 12 -33 74 
40 36 -88 -75 -105 -71 60 94 88 -93 -100 -11 -21 37 -66 -47 
-44 31 95 -70 92 -89 -104 42 74 107 28 -96 -31 -30 59 -54 
-20 -49 50 105 69 108 14 -97 -56 6 
RSSI :-110 
Input angle :225
Zaxis angle :0 
minval :0 

minval :0 



-49 -64 69 -44 42 71 -73 38 -32 -75 77 -27 23 79 -78 20 
-6 55 5 -117 -7 -126 -39 104 0 10 -52 -86 -44 4 -3 -81 
-52 -16 113 27 125 17 -92 -62 -40 122 97 -30 3 -43 80 14 
27 -48 -55 103 -40 120 80 -78 -110 -67 14 100 42 14 -31 75 
41 36 -89 -74 -107 -66 59 95 83 -98 -102 -8 -21 39 -66 -45 
-45 31 92 -71 88 -92 -102 -80 -19 12 
RSSI :-110 
Input angle :203
Zaxis angle :0 
minval :0 

minval :0 



76 -20 16 77 -78 10 -5 -79 79 -1 -3 79 -79 -7 12 -78 
-47 -22 102 43 124 31 -84 -70 -51 122 102 -24 10 -49 74 26 
32 -42 -60 93 -54 116 84 -70 -107 -79 2 104 45 20 -42 66 
34 39 -76 -81 -104 -77 47 99 101 -85 -103 -18 -28 40 -58 -54 
-46 27 92 -64 99 -82 -105 27 68 113 38 -98 -34 -36 66 -43 
-13 -51 41 102 62 111 6 -81 -115 5 
RSSI :-110 
Input angle :223
Zaxis angle :0 
minval :0 

minval :0 



-27 -26 27 -26 25 29 -31 21 -19 -31 33 -17 16 33 -34 15 
0 25 -9 -54 -18 -61 -6 53 66 -5 -33 -36 -24 4 -7 -37 
-24 -5 55 3 65 -2 -51 -19 -10 66 42 -24 1 -24 37 0 
9 -23 -13 53 -10 65 28 -45 -62 -22 15 46 23 4 -7 36 
21 14 -49 -25 -61 -21 39 37 37 -56 -49 3 -10 21 -34 -15 
-17 16 34 -43 33 -56 -62 -80 -42 11 
RSSI :-110 
Input angle :223
Zaxis angle :0 
minval :0 

minval :0 



0 -40 40 2 -5 41 -40 -6 9 -39 39 10 -11 38 -37 -14 
-18 19 33 -43 28 -59 -45 33 56 41 0 -50 -22 -10 22 -33 
-15 -22 35 41 50 42 -23 -50 -54 45 50 9 14 -19 27 29 
24 -10 -48 26 -51 41 54 -10 -33 -60 -18 46 16 18 -33 21 
4 26 -14 -52 -30 -58 -1 55 66 -21 -41 -29 -20 11 -13 -37 
-26 0 54 -3 62 -20 35 -112 -103 17 
RSSI :-110 
Input angle :223
Zaxis angle :0 
minval :0 

minval :0 



-35 20 -18 -36 36 -17 15 37 -38 13 -10 -39 40 -7 7 39 
26 4 -55 -6 -65 8 52 21 8 -68 -43 25 2 23 -40 -3 
-11 23 17 -52 6 -65 -32 45 66 20 -16 -48 -24 -2 10 -39 
-21 -16 46 30 62 21 -37 -42 -33 60 50 -4 7 -22 34 20 
21 -16 -40 37 -35 54 49 -26 -50 -47 -6 49 20 11 -26 30 
12 23 -30 -47 -46 -46 -32 16 -48 -11 
RSSI :-110 
Input angle :225
Zaxis angle :0 
minval :0 

minval :0 



16 36 -37 14 -12 -38 39 -8 5 40 -40 4 -2 -40 40 0 
10 -24 -15 53 -1 65 29 -47 -66 -16 18 47 23 0 -7 39 
22 14 -48 -27 -63 -17 41 38 30 -62 -49 10 -5 23 -37 -14 
-17 19 34 -43 29 -58 -45 32 55 41 1 -50 -21 -9 23 -32 
-13 -22 33 44 49 42 -20 -52 -53 43 48 13 15 -18 27 29 
24 -9 -50 23 -50 42 121 -33 -34 -16 
RSSI :-110 
Input angle :225
Zaxis angle :0 
minval :0 

minval :0 



-41 -4 6 -41 40 7 -9 39 -39 -12 14 -38 38 16 -18 36 
17 18 -40 -39 -54 -35 27 50 46 -50 -50 -4 -11 20 -31 -26 
-23 13 47 -30 46 -45 -55 15 37 57 14 -48 -18 -15 32 -24 
-7 -25 19 52 35 54 -2 -57 -63 26 44 24 18 -13 17 36 
25 -3 -56 8 -60 23 56 9 -13 -67 -33 37 9 21 -40 8 
-2 26 3 -56 -10 -64 22 -31 -29 0 
RSSI :-110 
Input angle :223
Zaxis angle :0 
minval :0 

minval :0 



29 29 -30 27 -26 -32 33 -24 23 33 -35 21 -18 -37 38 -15 
-1 -25 4 56 17 62 12 -56 -67 6 34 37 22 -6 6 40 
25 3 -56 -6 -64 4 51 26 9 -67 -42 26 2 23 -40 -2 
-8 24 19 -53 9 -63 -34 46 64 22 -18 -47 -23 -2 9 -40 
-21 -14 48 30 59 24 -36 -44 -34 58 50 -6 7 -21 37 17 
18 -18 -40 39 -38 53 53 -65 -99 -12 
RSSI :-110 
Input angle :207
Zaxis angle :0 
minval :0 

minval :0 



41 5 -6 40 -39 -9 12 -39 38 15 -16 37 -36 -18 20 -35 
-15 -19 38 40 50 42 -22 -52 -53 43 49 9 13 -18 28 28 
22 -11 -50 26 -51 41 55 -11 -34 -59 -20 45 15 18 -33 22 
6 24 -17 -53 -30 -58 0 57 65 -20 -41 -28 -20 11 -15 -37 
-25 1 56 -4 62 -21 -55 -12 6 68 36 -33 -6 -22 40 -7 
4 -25 -8 55 2 66 -17 -114 -122 -3 
RSSI :-110 
Input angle :225
Zaxis angle :0 
minval :0 

minval :0 



22 -34 33 23 -25 32 -30 -28 29 -29 27 31 -32 25 -23 -34 
-24 5 53 -16 59 -29 -56 0 20 65 27 -41 -10 -21 38 -15 
0 -25 3 55 17 63 12 -54 -69 4 34 35 22 -7 8 40 
24 5 -54 -8 -66 2 50 24 8 -69 -42 26 1 23 -40 0 
-9 23 18 -52 12 -65 -33 44 64 25 -14 -48 -23 -3 9 -39 
-20 -14 47 29 61 24 100 -1 -123 14 
RSSI :-110 
Input angle :13
Zaxis angle :0 
minval :0 

minval :0 


