
-1 -42 42 1 -3 42 -42 -6 8 -41 40 11 -13 40 -38 -16 
-16 19 36 -43 32 -57 -47 30 51 45 1 -49 -21 -10 22 -35 
-16 -19 37 43 49 43 -21 -53 -54 41 48 10 15 -18 28 30 
22 -11 -50 24 -54 37 56 -9 -28 -62 -23 43 15 18 -35 22 
6 24 -14 -55 -27 -60 -2 57 66 -16 -38 -31 -21 10 -14 -39 
-25 0 56 -4 64 -13 3 80 48 17 
RSSI :-110 
Input angle :223
Zaxis angle :0 
minval :0 

minval :0 



-34 22 -19 -36 36 -19 17 37 -38 15 -12 -39 40 -9 7 39 
25 4 -54 -4 -65 0 49 23 11 -68 -43 23 0 23 -40 -2 
-10 22 15 -52 13 -63 -34 42 64 25 -11 -47 -22 -4 10 -39 
-20 -14 47 29 60 23 -35 -41 -39 57 49 -3 9 -21 36 18 
19 -17 -37 40 -37 53 48 -24 -49 -48 -5 49 19 12 -25 32 
13 21 -31 -44 -46 -46 -20 -16 26 -9 
RSSI :-110 
Input angle :207
Zaxis angle :0 
minval :0 

minval :0 



22 34 -35 20 -17 -36 38 -15 13 38 -39 11 -9 -40 40 -7 
4 -25 -3 54 3 65 23 -48 -68 -13 22 44 24 0 -2 40 
23 10 -52 -16 -63 -13 43 31 24 -64 -47 16 -4 23 -39 -10 
-14 20 25 -49 24 -60 -40 36 57 38 -5 -49 -22 -9 17 -36 
-16 -19 40 36 54 36 -28 -46 -50 47 49 5 13 -19 32 25 
21 -13 -44 32 -45 46 104 -17 65 -15 
RSSI :-110 
Input angle :223
Zaxis angle :0 
minval :0 

minval :0 



-35 -19 21 -34 33 24 -25 31 -30 -26 28 -29 27 30 -32 25 
6 24 -22 -49 -33 -57 4 53 64 -24 -42 -25 -21 13 -19 -35 
-25 1 52 -12 61 -23 -53 -7 9 68 35 -36 -6 -23 39 -10 
3 -25 0 54 7 66 17 -51 -69 -4 27 42 25 -2 2 40 
24 9 -53 -10 -65 -5 45 29 18 -66 -47 16 -3 25 -40 -6 
-14 21 22 -49 20 -62 -8 80 -57 7 
RSSI :-110 
Input angle :223
Zaxis angle :0 
minval :0 

minval :0 



-30 27 -25 -32 33 -23 22 34 -35 21 -19 -36 37 -16 14 38 
26 1 -54 5 -63 20 52 13 -3 -68 -40 32 5 24 -41 4 
-7 25 7 -54 -1 -65 -22 48 68 12 -23 -46 -25 0 2 -40 
-23 -12 51 17 64 12 -42 -33 -25 64 49 -15 6 -24 39 11 
16 -20 -27 47 -23 61 41 -34 -56 -39 2 52 23 9 -19 36 
16 20 -39 -37 -56 -34 -63 48 -36 -13 
RSSI :-110 
Input angle :207
Zaxis angle :0 
minval :0 

minval :0 



-25 33 -32 -27 29 -30 28 31 -33 26 -24 -33 35 -23 21 35 
26 -2 -53 13 -61 26 53 2 -16 -65 -32 40 10 22 -39 12 
-2 26 -2 -55 -15 -63 -14 52 68 0 -27 -44 -24 4 -3 -41 
-25 -8 54 8 66 0 -47 -25 -13 66 46 -23 0 -24 41 4 
13 -22 -22 50 -16 64 34 -41 -62 -28 11 50 24 5 -13 39 
19 18 -45 -31 -59 -28 -101 16 10 -14 
RSSI :-110 
Input angle :223
Zaxis angle :0 
minval :0 

minval :0 



11 40 -41 9 -7 -41 41 -5 2 42 -42 0 4 -42 41 6 
14 -22 -23 50 -17 63 36 -39 -61 -29 9 52 23 6 -13 40 
18 19 -45 -32 -58 -30 31 44 41 -54 -52 -1 -11 21 -35 -22 
-22 15 42 -36 41 -50 -49 21 41 54 12 -51 -18 -15 30 -29 
-8 -25 26 49 39 51 -10 -53 -61 30 46 24 19 -14 22 35 
26 -4 -53 17 -59 28 -76 111 -53 -17 
RSSI :-110 
Input angle :223
Zaxis angle :0 
minval :0 

minval :0 



27 -4 2 27 -27 1 0 -27 27 0 -2 27 -27 -4 5 -26 
-21 20 -17 22 -13 50 7 -34 -83 -13 -24 2 -27 22 25 11 
-15 -24 -17 -21 -47 -23 32 15 32 -78 2 -25 -15 -31 -15 22 
27 -9 24 -13 32 -41 -21 28 70 46 24 6 33 -10 -18 -20 
2 28 7 26 32 41 -22 -27 -59 60 -12 22 1 35 23 -14 
-29 -2 -28 2 -45 25 59 -97 -101 -18 
RSSI :-110 
Input angle :273
Zaxis angle :14 
minval :0 

minval :0 



13 25 -27 11 -9 -27 28 -7 6 28 -28 4 -2 -29 29 -1 
-31 -2 -26 2 -49 17 26 -20 -34 -62 -7 -30 -41 3 -3 29 
9 -29 3 -26 -10 -51 12 30 68 -22 31 -1 6 -41 -28 -9 
26 14 24 9 52 0 -32 7 8 70 -5 30 39 13 15 -25 
-19 24 -13 22 -12 51 0 -33 -70 -5 -29 -11 -22 36 20 19 
-20 -24 -19 -17 -48 -20 72 -48 -63 -18 
RSSI :-110 
Input angle :268
Zaxis angle :20 
minval :0 

minval :0 



22 -14 13 23 -24 11 -11 -23 24 -10 9 24 -25 7 -4 -25 
-2 39 0 26 22 48 -19 -27 -65 35 -37 16 15 39 25 0 
-37 -10 -25 -6 -51 12 31 -12 -19 -71 -9 -39 -42 7 -5 25 
18 -34 11 -23 -3 -53 6 33 73 -9 41 -2 0 -42 -23 -11 
31 25 19 15 52 7 -34 0 -6 74 -6 41 41 9 16 -21 
-30 25 -19 16 -17 50 -34 126 102 -6 
RSSI :-110 
Input angle :268
Zaxis angle :0 
minval :0 

minval :0 



40 15 -16 39 -38 -18 21 -37 35 24 -27 33 -31 -29 29 -30 
-75 42 -46 16 -69 66 39 -53 -69 -72 -69 -61 -49 67 25 35 
-29 -81 -5 -49 -52 -81 46 47 81 -57 73 -55 -57 -60 -40 15 
86 -9 50 2 89 -36 -56 34 38 92 40 83 71 -42 -7 -42 
-6 86 -12 48 17 94 -22 -62 -97 20 -89 23 28 78 43 3 
-83 -25 -45 -21 -96 -3 -8 -97 53 -50 
RSSI :-110 
Input angle :269
Zaxis angle :0 
minval :0 

minval :0 



-14 37 -36 -16 18 -35 34 20 -22 33 -31 -24 26 -30 28 27 
-25 -77 -42 -50 -79 -46 73 35 39 -90 34 -59 -60 -68 -34 21 
80 -11 58 -30 63 -67 -50 64 80 57 53 42 78 -46 -14 -37 
-4 81 19 62 54 75 -51 -63 -73 66 -54 41 28 87 39 -6 
-78 -22 -65 4 -86 34 71 -39 -52 -83 -31 -60 -90 13 -1 40 
35 -73 7 -65 -14 -91 -16 -126 67 -17 
RSSI :-110 
Input angle :278
Zaxis angle :0 
minval :0 

minval :0 



-8 -40 40 -6 3 40 -41 0 2 -41 41 4 -5 41 -40 -7 
68 -9 52 18 81 -42 -81 36 64 76 23 77 74 -16 16 -38 
-3 69 -29 46 21 89 -20 -86 -89 46 -79 9 0 76 34 23 
-66 -18 -40 -36 -91 6 89 -2 -29 -96 6 -80 -74 -13 -30 28 
30 -62 45 -31 15 -90 -17 87 100 -6 76 24 30 -69 -20 -36 
54 42 21 50 84 36 -124 -97 -26 49 
RSSI :-110 
Input angle :270
Zaxis angle :20 
minval :0 

minval :0 



33 2 -4 32 -32 -5 8 -32 30 10 -12 30 -30 -13 14 -29 
-32 48 -22 30 -6 71 -3 -42 -92 -18 -69 -11 4 50 25 21 
-40 -41 -25 -28 -69 -19 42 5 38 -85 25 -65 -50 -4 -26 20 
48 -30 32 -19 33 -64 -14 40 76 54 60 36 14 -48 -16 -28 
21 54 12 36 57 44 -37 -21 -68 63 -47 52 43 25 32 -9 
-57 9 -38 4 -56 45 63 63 -61 -21 
RSSI :-110 
Input angle :268
Zaxis angle :0 
minval :0 

minval :0 



-30 -13 15 -29 28 16 -18 27 -26 -20 22 -25 23 23 -24 22 
48 -25 24 -15 47 -43 -29 32 54 78 35 28 32 -24 -14 -30 
16 52 10 27 32 54 -25 -34 -85 42 -34 29 19 36 31 -9 
-54 4 -28 5 -61 20 40 -18 -25 -92 -20 -40 -39 10 2 33 
3 -54 0 -28 -8 -63 9 42 94 -2 44 -12 -2 -40 -33 -3 
51 16 28 6 63 1 -63 31 86 23 
RSSI :-110 
Input angle :268
Zaxis angle :0 
minval :0 

minval :0 



19 -35 35 20 -22 33 -32 -24 26 -30 29 28 -29 27 -26 -31 
43 46 20 17 47 37 -31 -26 -64 67 -31 53 39 13 36 -18 
-55 32 -20 16 -45 40 32 -25 -53 -76 -47 -40 -20 36 10 39 
-20 -60 -12 -23 -28 -53 19 36 84 -38 48 -39 -30 -28 -40 4 
63 -8 25 -7 58 -15 -39 9 19 91 26 56 33 -25 4 -40 
-4 63 1 26 4 59 -116 -114 48 0 
RSSI :-110 
Input angle :267
Zaxis angle :14 
minval :0 

minval :0 



1 36 -36 -1 3 -36 36 5 -7 35 -34 -10 11 -34 33 13 
-46 -27 -30 -15 -65 -12 30 7 38 -87 19 -62 -45 10 -21 30 
37 -39 19 -27 22 -62 -13 27 79 52 57 32 0 -46 -26 -26 
32 43 22 25 56 34 -24 -17 -69 66 -42 50 45 9 30 -21 
-49 22 -29 18 -46 47 23 -20 -52 -79 -41 -51 -19 42 13 34 
-13 -52 -10 -32 -40 -52 95 -15 -75 -10 
RSSI :-110 
Input angle :270
Zaxis angle :0 
minval :0 

minval :0 



-22 -25 26 -21 20 26 -28 18 -16 -30 30 -14 12 31 -32 10 
41 3 38 4 62 -31 -27 15 19 90 12 59 31 -24 -4 -33 
-11 39 -11 37 17 68 -10 -29 -92 -1 -61 2 19 35 33 2 
-37 -18 -34 -18 -70 4 30 -5 20 -90 9 -60 -39 10 -9 33 
25 -32 24 -30 11 -68 -2 31 84 37 56 22 -2 -40 -29 -16 
26 31 23 31 64 26 45 -1 -12 18 
RSSI :-110 
Input angle :267
Zaxis angle :0 
minval :0 

minval :0 



25 19 -20 24 -22 -21 22 -22 20 24 -25 18 -17 -26 27 -16 
-39 13 -44 7 -55 40 23 -22 -37 -91 -32 -49 -26 32 11 30 
-4 -41 0 -45 -29 -61 18 26 96 -18 55 -18 -27 -31 -32 4 
41 1 44 8 65 -18 -30 11 -2 98 7 58 36 -21 3 -32 
-10 40 -19 40 2 68 -5 -32 -96 -20 -59 -3 14 39 31 8 
-37 -19 -36 -25 -67 -11 -95 0 -70 -23 
RSSI :-110 
Input angle :267
Zaxis angle :0 
minval :0 

minval :0 



-15 23 -23 -16 17 -22 21 18 -19 19 -18 -20 22 -16 15 23 
-2 -31 -9 -43 -44 -53 20 17 88 -28 46 -33 -29 -19 -26 10 
31 4 45 0 63 -30 -21 16 13 91 23 51 25 -24 -5 -28 
-8 29 -6 43 18 67 -11 -25 -92 -5 -55 12 19 29 28 1 
-26 -16 -41 -16 -70 6 26 -7 25 -89 -2 -57 -32 12 -5 28 
19 -23 25 -37 7 -69 74 -15 106 10 
RSSI :-110 
Input angle :267
Zaxis angle :0 
minval :0 

minval :0 



-3 -28 28 -2 0 28 -28 -1 3 -28 28 4 -6 27 -27 -7 
22 23 30 23 79 25 -29 0 -59 71 -29 57 46 -6 14 -25 
-25 18 -29 24 -40 72 5 -28 -62 -69 -51 -39 -3 47 21 19 
-12 -28 -17 -34 -63 -53 27 10 82 -42 50 -40 -44 -14 -23 17 
31 -7 36 -10 65 -52 -15 24 28 88 29 57 22 -41 -12 -26 
0 31 4 37 38 73 -114 -50 85 2 
RSSI :-110 
Input angle :269
Zaxis angle :0 
minval :0 

minval :0 



-28 7 -6 -27 28 -4 2 28 -28 1 0 -28 28 2 -4 28 
18 -31 7 -45 -12 -82 6 24 91 17 65 14 -24 -43 -27 -9 
26 24 43 15 84 5 -25 2 -34 86 -24 61 47 -16 14 -25 
-28 20 -24 39 -20 80 2 -25 -76 -52 -54 -37 5 49 22 18 
-14 -32 -34 -30 -74 -40 24 7 65 -66 49 -45 -50 -3 -22 18 
34 -8 38 -26 52 -65 -48 80 62 19 
RSSI :-110 
Input angle :269
Zaxis angle :0 
minval :0 

minval :0 



8 -30 30 9 -11 29 -28 -13 14 -28 27 16 -18 25 -25 -19 
22 33 32 28 74 31 -28 -4 -62 69 -42 49 51 3 24 -20 
-37 15 -34 26 -47 66 11 -26 -56 -74 -39 -52 -11 50 14 28 
-7 -40 -18 -39 -56 -58 22 16 85 -38 59 -26 -46 -23 -30 9 
40 0 42 -10 69 -42 -20 19 19 91 14 63 32 -39 -2 -32 
-7 40 2 43 30 75 -119 126 54 1 
RSSI :-110 
Input angle :269
Zaxis angle :0 
minval :0 

minval :0 



20 30 -31 18 -16 -31 33 -14 12 33 -34 10 -9 -34 34 -7 
-43 -3 -43 1 -69 29 26 -18 -6 -91 -13 -62 -35 33 0 36 
12 -41 6 -42 -15 -73 12 29 91 11 63 0 -25 -41 -35 -7 
37 21 39 16 74 0 -31 5 -31 85 -14 62 46 -15 15 -32 
-27 33 -23 35 -15 73 0 -31 -79 -46 -58 -24 7 47 28 22 
-26 -34 -30 -30 -68 -30 -7 -32 6 -17 
RSSI :-110 
Input angle :269
Zaxis angle :0 
minval :0 

minval :0 



-34 -20 21 -32 32 23 -24 30 -30 -26 27 -28 26 29 -31 25 
39 -11 43 -11 55 -46 -17 28 34 87 30 46 23 -33 -18 -35 
3 40 0 44 33 63 -24 -23 -92 15 -51 20 28 28 39 -9 
-40 -4 -44 -7 -70 17 27 -18 7 -93 -10 -54 -33 22 1 40 
12 -39 15 -41 -6 -71 13 30 90 22 55 2 -13 -37 -39 -5 
36 17 38 23 71 8 94 111 120 21 
RSSI :-110 
Input angle :238
Zaxis angle :20 
minval :0 

minval :0 



34 -2 0 34 -35 -1 3 -34 34 4 -6 34 -33 -8 9 -33 
-21 28 -31 29 -35 72 -1 -31 -78 -67 -44 -31 -9 46 30 18 
-24 -25 -24 -36 -63 -51 30 4 85 -59 38 -38 -43 -19 -24 26 
30 -18 40 -14 62 -50 -10 29 41 94 28 46 26 -39 -21 -27 
11 34 7 43 38 71 -26 -16 -100 23 -50 20 31 35 32 -14 
-35 3 -43 -2 -77 21 0 80 17 -26 
RSSI :-110 
Input angle :267
Zaxis angle :0 
minval :0 

minval :0 



-9 34 -34 -11 12 -33 33 14 -16 31 -30 -18 20 -29 29 20 
-23 -31 -24 -37 -62 -57 30 9 91 -53 47 -29 -46 -26 -27 23 
35 -17 40 -17 69 -48 -13 28 35 100 19 52 35 -40 -17 -31 
7 38 7 43 34 78 -24 -19 -104 13 -55 6 30 43 35 -9 
-39 0 -44 -2 -83 16 24 -19 5 -106 3 -55 -49 20 3 36 
9 -38 10 -43 2 -85 -104 113 53 7 
RSSI :-110 
Input angle :267
Zaxis angle :0 
minval :0 

minval :0 



-36 12 -10 -36 36 -8 5 38 -37 4 -1 -38 38 0 0 38 
14 -36 16 -41 12 -84 9 30 96 44 52 23 -3 -52 -36 -11 
32 20 35 26 80 29 -31 1 -62 85 -34 46 52 7 17 -34 
-26 28 -31 30 -46 71 5 -31 -68 -81 -37 -43 -17 50 31 22 
-22 -31 -23 -37 -62 -57 30 9 93 -50 49 -28 -45 -27 -30 24 
36 -14 41 -15 68 -50 -95 -96 -88 24 
RSSI :-110 
Input angle :269
Zaxis angle :0 
minval :0 

minval :0 



-18 -33 34 -16 13 35 -35 12 -11 -36 36 -8 6 37 -36 5 
35 6 41 12 84 -4 -27 15 -25 101 -12 56 47 -13 3 -38 
-12 33 -21 39 -10 84 -8 -30 -93 -45 -52 -21 5 48 36 11 
-29 -20 -33 -28 -80 -29 31 -1 66 -80 33 -46 -48 -4 -18 33 
24 -25 33 -28 44 -72 -3 31 67 80 40 41 14 -47 -29 -24 
20 29 20 38 61 59 -107 -82 114 13 
RSSI :-110 
Input angle :266
Zaxis angle :0 
minval :0 

minval :0 



37 -6 4 37 -37 2 0 -37 37 1 -3 37 -37 -5 7 -36 
-19 28 -24 35 -20 80 1 -27 -84 -59 -52 -26 0 43 33 16 
-24 -24 -31 -29 -73 -36 26 5 72 -73 34 -46 -42 -9 -22 30 
28 -18 36 -23 51 -64 -11 24 51 89 37 45 18 -38 -23 -29 
11 32 15 40 50 64 -22 -16 -96 34 -50 28 35 24 33 -18 
-34 5 -42 8 -72 39 -76 -113 -75 -26 
RSSI :-110 
Input angle :266
Zaxis angle :0 
minval :0 

minval :0 



6 38 -38 3 -1 -38 38 1 -2 38 -38 -4 6 -38 38 8 
-34 -17 -35 -17 -76 -17 28 4 54 -86 21 -54 -41 4 -15 35 
24 -29 24 -31 33 -71 -10 27 75 69 49 31 4 -41 -31 -24 
24 29 24 30 65 43 -25 -15 -84 58 -39 43 40 11 29 -26 
-34 17 -34 19 -56 55 20 -21 -43 -92 -33 -48 -19 37 18 33 
-9 -37 -10 -37 -43 -65 -113 17 0 -6 
RSSI :-110 
Input angle :269
Zaxis angle :0 
minval :0 

minval :0 



-44 -8 12 -43 42 15 -18 40 -40 -20 22 -38 37 25 -26 36 
29 -33 23 -24 33 -64 -10 27 65 74 52 35 2 -42 -30 -34 
27 35 20 27 55 44 -23 -17 -84 52 -45 44 41 10 39 -22 
-40 19 -31 13 -56 43 21 -20 -31 -94 -34 -53 -18 38 13 43 
-11 -43 -6 -33 -30 -64 14 25 98 -10 59 -21 -34 -26 -45 5 
45 -2 34 0 69 -17 -42 -17 -45 24 
RSSI :-110 
Input angle :269
Zaxis angle :0 
minval :0 

minval :0 



32 15 -16 31 -30 -17 19 -29 28 21 -23 27 -25 -25 26 -23 
-34 29 -26 29 -34 62 6 -27 -67 -74 -38 -42 -11 48 19 31 
-22 -40 -23 -30 -55 -45 25 11 85 -52 49 -28 -45 -22 -34 12 
43 -13 35 -16 54 -45 -16 22 32 94 17 54 32 -39 -5 -36 
4 45 10 37 34 62 -18 -21 -99 13 -57 5 32 38 36 2 
-45 -4 -38 0 -68 20 34 112 28 -25 
RSSI :-110 
Input angle :269
Zaxis angle :0 
minval :0 

minval :0 



-14 32 -31 -16 18 -30 29 19 -20 29 -28 -22 23 -27 25 24 
-27 -36 -27 -28 -69 -34 28 10 81 -70 42 -34 -45 -15 -31 18 
41 -17 33 -20 44 -63 -14 25 51 93 25 48 25 -41 -11 -34 
11 44 12 37 52 56 -22 -19 -102 31 -52 14 35 32 35 -5 
-44 0 -38 6 -67 37 24 -18 -7 -106 -4 -54 -40 26 -3 36 
7 -44 1 -39 -24 -73 -83 17 6 2 
RSSI :-110 
Input angle :269
Zaxis angle :0 
minval :0 

minval :0 



-40 -7 9 -40 39 10 -13 38 -38 -15 18 -36 35 19 -21 34 
29 -26 28 -21 39 -69 -12 25 71 75 44 43 11 -47 -28 -29 
18 34 16 31 61 52 -23 -15 -87 57 -51 34 44 20 34 -22 
-37 12 -34 9 -62 50 20 -19 -39 -96 -22 -57 -27 40 14 38 
-4 -38 -1 -35 -34 -72 14 24 103 -14 60 -11 -33 -36 -40 5 
38 3 35 5 76 -23 -25 -33 48 26 
RSSI :-110 
Input angle :269
Zaxis angle :0 
minval :0 

minval :0 



20 -28 27 20 -22 26 -25 -24 26 -23 21 28 -28 19 -18 -30 
9 35 9 38 44 69 -20 -24 -107 25 -49 20 27 29 32 -11 
-36 1 -40 0 -78 26 27 -15 1 -110 -9 -52 -34 21 3 35 
6 -36 8 -38 -12 -82 9 30 106 23 53 1 -13 -38 -35 -2 
34 12 36 16 82 3 -31 3 -41 102 -12 50 40 -6 8 -34 
-18 31 -20 33 -21 79 -116 -18 -28 -16 
RSSI :-110 
Input angle :265
Zaxis angle :0 
minval :0 

minval :0 



30 6 -7 30 -29 -9 10 -29 28 12 -14 28 -28 -14 15 -27 
-25 21 -31 23 -41 74 15 -31 -72 -88 -43 -29 -12 33 22 22 
-15 -29 -17 -35 -61 -58 26 22 101 -53 39 -35 -31 -18 -26 17 
32 -8 38 -7 69 -47 -27 21 28 111 26 45 23 -26 -11 -29 
2 33 0 39 33 77 -15 -31 -113 4 -50 16 21 28 31 -5 
-33 -3 -38 -7 -82 20 53 96 121 -29 
RSSI :-110 
Input angle :268
Zaxis angle :0 
minval :0 

minval :0 



9 30 -31 7 -5 -31 32 -4 2 32 -32 1 0 -31 32 2 
-28 -10 -38 -9 -79 10 34 -7 17 -111 3 -49 -35 10 -9 30 
15 -26 18 -35 1 -80 0 34 104 40 48 12 -2 -36 -28 -14 
21 21 30 25 77 19 -34 -4 -63 92 -20 45 36 6 20 -24 
-24 17 -30 25 -34 72 14 -31 -81 -77 -38 -31 -11 34 20 25 
-12 -27 -18 -35 -63 -48 106 1 97 -17 
RSSI :-110 
Input angle :267
Zaxis angle :0 
minval :0 

minval :0 



35 7 -8 34 -33 -10 12 -33 32 15 -16 31 -30 -18 20 -29 
-25 16 -31 30 -28 70 10 -34 -86 -62 -38 -30 -15 34 24 26 
-10 -27 -23 -36 -64 -41 31 17 80 -70 37 -31 -30 -21 -30 18 
28 -4 40 -16 53 -54 -23 27 50 93 23 42 26 -26 -11 -34 
-2 29 6 43 42 63 -22 -28 -101 31 -46 12 20 31 36 -2 
-28 -6 -44 -1 -69 30 -50 111 58 -27 
RSSI :-110 
Input angle :265
Zaxis angle :0 
minval :0 

minval :0 



36 -16 14 38 -39 12 -10 -39 39 -8 6 40 -40 3 -1 -40 
-17 32 -1 48 12 84 -14 -38 -110 -9 -53 -6 3 44 40 7 
-27 -24 -47 -11 -85 -2 40 -7 29 -106 14 -51 -44 -5 -14 38 
28 -22 21 -43 24 -81 -2 41 98 49 47 25 15 -42 -34 -22 
15 33 39 28 77 35 -40 -10 -71 85 -34 41 38 22 29 -29 
-35 9 -36 32 -50 68 -29 -34 -85 -22 
RSSI :-110 
Input angle :266
Zaxis angle :0 
minval :0 

minval :0 



-10 43 -42 -14 17 -41 41 19 -20 40 -39 -22 24 -38 37 24 
-28 -39 -50 -13 -73 -30 50 -3 48 -99 28 -54 -59 -28 -35 28 
44 -19 22 -47 44 -66 -8 49 88 64 46 40 38 -53 -22 -39 
10 46 41 33 56 56 -47 -16 -83 71 -47 39 46 46 44 -11 
-47 0 -40 33 -69 40 30 -40 -55 -95 -26 -55 -56 33 3 45 
8 -47 -23 -46 -28 -74 -91 -111 54 -9 
RSSI :-110 
Input angle :263
Zaxis angle :20 
minval :0 

minval :0 



1 -44 44 3 -7 44 -43 -9 11 -42 42 13 -15 41 -39 -17 
34 21 49 -2 74 4 -44 15 -6 108 -6 55 59 11 26 -36 
-27 29 -8 49 -20 70 -4 -47 -104 -24 -52 -18 -23 55 28 34 
-23 -32 -46 -16 -65 -34 46 6 48 -96 29 -46 -49 -33 -39 22 
36 -16 26 -41 44 -59 -13 45 83 67 41 36 41 -43 -14 -42 
8 39 36 33 52 53 -59 -50 66 18 
RSSI :-110 
Input angle :265
Zaxis angle :20 
minval :0 

minval :0 



-11 41 -41 -13 15 -40 40 16 -18 39 -37 -22 24 -36 34 25 
-21 -34 -42 -15 -59 -27 47 1 27 -90 16 -52 -51 -32 -34 27 
38 -13 24 -38 38 -52 -9 46 81 46 47 24 45 -41 -21 -38 
4 41 32 31 43 48 -43 -20 -63 69 -34 41 31 52 42 -12 
-40 -3 -38 24 -56 32 27 -38 -56 -75 -32 -44 -56 22 4 43 
11 -39 -16 -42 -19 -62 92 -111 73 -10 
RSSI :-110 
Input angle :273
Zaxis angle :25 
minval :0 

minval :0 



-16 -36 37 -14 12 38 -39 9 -8 -39 40 -6 3 40 -39 0 
38 16 42 -9 64 4 -32 22 8 85 8 60 64 -7 8 -40 
-25 34 -1 42 -13 62 -15 -36 -84 -8 -60 -2 -4 64 37 16 
-30 -29 -42 -8 -57 -27 38 -8 24 -81 13 -59 -61 -17 -21 33 
34 -23 17 -39 37 -52 0 40 73 41 55 25 26 -58 -28 -30 
15 39 35 24 39 49 38 -65 80 16 
RSSI :-110 
Input angle :266
Zaxis angle :14 
minval :0 

minval :0 



33 -17 16 34 -35 14 -12 -35 36 -10 7 37 -37 5 -5 -37 
-6 25 4 37 -3 72 -22 -31 -93 -8 -64 -10 17 58 38 5 
-23 -11 -38 -1 -70 -16 36 -15 29 -89 24 -60 -60 4 -13 36 
16 -21 9 -36 30 -66 7 38 82 46 54 36 6 -60 -33 -19 
18 19 33 17 57 44 -38 -1 -63 69 -47 44 58 18 26 -27 
-22 12 -23 29 -54 48 36 47 -117 -20 
RSSI :-110 
Input angle :266
Zaxis angle :0 
minval :0 

minval :0 



-28 14 -13 -29 29 -12 12 30 -30 9 -8 -31 31 -6 5 31 
4 -25 -9 -39 -5 -69 24 29 96 -5 70 5 -24 -56 -32 -3 
23 10 40 0 68 9 -33 16 -17 96 -24 66 60 -12 8 -31 
-14 20 -9 39 -21 66 -9 -37 -89 -38 -61 -35 -1 61 28 15 
-18 -17 -37 -16 -60 -34 38 -2 49 -83 47 -52 -60 -12 -21 24 
21 -12 23 -33 46 -52 19 81 93 17 
RSSI :-110 
Input angle :269
Zaxis angle :0 
minval :0 

minval :0 



18 -23 23 19 -20 22 -20 -21 22 -19 18 23 -24 17 -15 -25 
5 26 18 29 24 55 -23 -17 -79 39 -66 23 40 39 29 -8 
-26 -1 -32 12 -59 15 23 -18 -26 -85 -9 -70 -46 33 3 30 
7 -25 -6 -33 -2 -60 13 26 89 -6 69 5 -22 -53 -30 -3 
24 11 34 2 59 9 -28 8 -12 88 -19 68 56 -10 10 -29 
-16 21 -7 34 -24 55 -81 -2 -91 -8 
RSSI :-110 
Input angle :267
Zaxis angle :0 
minval :0 

minval :0 



-12 30 -29 -13 15 -28 28 16 -17 27 -27 -18 21 -25 23 22 
-7 -20 -28 -19 -44 -38 20 13 49 -74 43 -51 -49 -20 -27 18 
21 -2 25 -23 46 -35 -16 17 60 65 41 52 27 -45 -12 -30 
-1 21 17 30 26 52 -12 -20 -74 49 -61 27 39 36 32 -6 
-21 -6 -32 11 -56 14 22 -9 -28 -85 -15 -65 -43 30 -1 33 
11 -18 -3 -35 -3 -59 99 -63 81 -4 
RSSI :-110 
Input angle :268
Zaxis angle :0 
minval :0 

minval :0 



4 35 -34 1 0 -34 34 1 -4 34 -34 -6 8 -33 33 9 
-20 -28 -38 -15 -61 -16 37 15 19 -93 5 -72 -53 1 -18 30 
32 -15 23 -34 30 -56 -23 33 88 37 68 21 8 -53 -25 -23 
7 34 28 29 49 40 -28 -29 -53 79 -34 63 50 19 26 -22 
-35 0 -33 23 -50 38 33 -23 -66 -69 -55 -46 -27 46 16 31 
5 -35 -16 -38 -29 -56 57 65 -118 -14 
RSSI :-110 
Input angle :273
Zaxis angle :14 
minval :0 

minval :0 



-18 -33 34 -15 13 35 -36 11 -10 -36 36 -9 7 37 -37 5 
37 13 53 2 73 3 -46 5 3 95 14 54 65 -22 2 -38 
-20 34 -12 50 -18 71 3 -46 -93 -18 -56 3 7 67 37 10 
-30 -25 -48 -22 -65 -32 45 12 34 -88 7 -55 -67 -4 -20 33 
32 -24 32 -42 44 -58 -20 42 80 50 52 20 17 -65 -29 -25 
16 36 35 39 46 56 -13 94 -80 16 
RSSI :-110 
Input angle :270
Zaxis angle :14 
minval :0 

minval :0 



25 11 -12 25 -24 -14 15 -23 22 16 -17 22 -21 -18 18 -20 
-23 8 -39 28 -61 45 33 -25 -53 -77 -39 -32 -36 61 15 24 
-3 -24 -17 -44 -31 -69 19 38 85 -40 39 -32 -54 -47 -26 9 
24 1 46 -10 75 -13 -41 11 20 91 22 46 59 -41 -4 -28 
-6 24 0 47 3 75 -4 -42 -93 -2 -49 14 27 67 28 0 
-22 -11 -46 -11 -74 -15 66 -32 -83 -24 
RSSI :-110 
Input angle :268
Zaxis angle :0 
minval :0 

minval :0 



13 -27 27 14 -15 26 -25 -17 18 -24 23 20 -21 21 -20 -22 
-11 32 20 42 22 66 -15 -28 -90 39 -35 32 45 42 28 -14 
-28 -17 -46 12 -68 9 31 -7 -20 -96 -24 -41 -49 36 9 29 
22 -25 -1 -47 4 -69 1 31 99 0 45 -16 -26 -55 -31 3 
20 26 47 8 67 19 -31 -3 -18 97 8 47 60 -16 2 -30 
-29 14 -17 44 -33 61 -117 62 56 -9 
RSSI :-110 
Input angle :274
Zaxis angle :14 
minval :0 

minval :0 



-16 34 -34 -17 19 -32 31 20 -22 30 -29 -24 25 -28 27 26 
-5 -58 -40 -41 -33 -53 38 39 63 -51 51 -37 -39 -41 -32 20 
58 5 48 -32 58 -22 -47 28 35 73 25 58 48 -29 -13 -35 
-18 55 19 54 10 62 -18 -52 -78 19 -62 15 17 54 38 -5 
-50 -30 -56 9 -63 0 55 -7 -4 -81 -2 -63 -57 6 -2 37 
39 -42 1 -57 12 -62 69 -127 -93 2 
RSSI :-110 
Input angle :270
Zaxis angle :14 
minval :0 

minval :0 



6 -49 49 8 -11 48 -47 -15 18 -46 46 20 -22 44 -42 -26 
29 54 53 28 50 53 -39 -18 -64 74 -41 60 60 43 34 -37 
-59 18 -38 46 -63 37 26 -34 -61 -76 -51 -51 -53 52 29 41 
-7 -61 -38 -47 -24 -69 28 33 88 -44 60 -40 -39 -63 -46 18 
62 5 53 -27 72 -13 -37 22 23 95 27 67 69 -25 -8 -49 
-17 59 13 59 -2 72 121 14 -2 0 
RSSI :-110 
Input angle :268
Zaxis angle :0 
minval :0 

minval :0 



-48 2 0 -49 48 3 -4 48 -48 -8 10 -47 46 13 -15 45 
58 -13 27 -35 81 -28 -19 29 29 98 44 76 66 -68 -41 -26 
1 59 30 32 10 85 -25 -24 -102 10 -84 27 56 76 34 -34 
-59 -8 -38 23 -85 -9 28 -20 9 -102 -11 -87 -87 38 28 40 
21 -55 -14 -42 23 -83 13 33 98 31 88 4 -23 -92 -44 18 
49 33 44 -4 74 44 44 15 7 22 
RSSI :-110 
Input angle :263
Zaxis angle :0 
minval :0 

minval :0 



48 28 -30 46 -45 -32 35 -43 41 37 -39 40 -36 -42 44 -33 
-59 -14 -62 31 -55 19 62 -23 -53 -65 -36 -33 -60 27 24 50 
26 -55 -19 -67 -7 -58 8 66 71 -43 40 -29 -16 -64 -54 14 
48 37 69 -8 59 4 -66 -4 28 79 21 45 66 0 -1 -56 
-46 40 -6 70 -17 57 15 -64 -82 11 -48 11 -13 65 55 8 
-28 -54 -66 -22 -52 -26 23 -80 42 -21 
RSSI :-110 
Input angle :272
Zaxis angle :20 
minval :0 

minval :0 



-32 13 -12 -33 33 -12 10 33 -34 7 -5 -35 34 -2 1 35 
50 -35 13 -33 49 -54 -3 43 75 70 64 37 31 -68 -34 -7 
22 58 29 20 41 61 -42 -12 -84 57 -51 53 58 47 12 -33 
-61 10 -25 25 -67 30 20 -39 -41 -94 -44 -59 -55 51 30 18 
1 -62 -19 -30 -13 -72 34 27 101 -19 69 -28 -38 -64 -24 25 
60 15 33 -12 74 0 4 -64 -97 25 
RSSI :-110 
Input angle :258
Zaxis angle :0 
minval :0 

minval :0 



31 -38 36 34 -35 35 -33 -37 38 -31 29 40 -42 26 -24 -43 
-9 45 14 37 7 77 -30 -46 -97 10 -38 19 31 70 48 -12 
-42 -17 -38 6 -77 -8 52 -19 6 -96 -11 -41 -76 10 4 50 
25 -37 2 -39 26 -73 8 54 93 26 43 -1 4 -77 -50 -7 
30 33 38 9 67 38 -55 -3 -43 87 -5 42 75 16 15 -47 
-38 24 -16 36 -50 59 -49 -114 -40 -16 
RSSI :-110 
Input angle :271
Zaxis angle :14 
minval :0 

minval :0 



-16 47 -46 -18 21 -45 44 23 -25 43 -42 -26 29 -41 38 31 
6 -61 -39 -35 -20 -81 30 37 85 -15 72 -8 -34 -81 -40 28 
59 17 44 -29 83 1 -42 24 -5 86 -8 72 86 -18 -22 -44 
-30 54 22 48 -19 81 -12 -47 -82 -27 -70 -21 -1 88 48 -11 
-46 -40 -52 9 -75 -35 48 -3 42 -76 35 -64 -86 -22 1 50 
49 -38 1 -53 49 -67 24 49 -12 12 
RSSI :-110 
Input angle :268
Zaxis angle :14 
minval :0 

minval :0 



0 -44 43 2 -5 43 -43 -7 9 -42 42 12 -15 40 -40 -16 
24 47 45 22 56 50 -41 -16 -72 70 -48 53 68 46 25 -36 
-51 13 -31 40 -61 44 25 -36 -55 -84 -42 -57 -59 57 31 31 
-5 -52 -33 -38 -31 -68 31 31 94 -35 65 -28 -42 -70 -38 23 
52 6 43 -26 72 -18 -37 25 18 99 17 69 76 -30 -16 -40 
-17 49 17 47 3 75 108 78 -22 -2 
RSSI :-110 
Input angle :267
Zaxis angle :14 
minval :0 

minval :0 



50 27 -30 49 -47 -33 36 -45 44 37 -39 42 -39 -42 44 -37 
-55 -6 -36 51 -68 29 27 -30 -50 -82 -23 -60 -59 48 25 52 
17 -52 -44 -44 -18 -72 25 33 91 -31 64 -10 -35 -67 -56 15 
48 28 52 -34 74 0 -38 17 8 96 -4 64 74 -19 -3 -58 
-36 42 23 59 -15 73 -10 -40 -96 -4 -62 -14 7 75 58 6 
-35 -43 -62 11 -68 -29 101 96 -64 -24 
RSSI :-110 
Input angle :274
Zaxis angle :14 
minval :0 

minval :0 



-52 -16 18 -51 50 21 -22 49 -48 -26 28 -46 44 32 -34 41 
57 -11 44 -38 62 -33 -40 50 44 87 30 54 79 -38 -33 -43 
-4 58 25 53 17 69 -41 -48 -94 23 -60 15 21 85 49 -24 
-56 -13 -57 13 -71 6 56 -29 -1 -98 -3 -62 -87 0 13 52 
24 -53 -3 -59 8 -71 17 61 96 16 61 10 16 -85 -55 0 
47 33 58 9 67 23 113 -1 8 23 
RSSI :-110 
Input angle :265
Zaxis angle :14 
minval :0 

minval :0 



49 -2 0 49 -50 -5 7 -49 48 10 -12 48 -48 -14 16 -47 
-64 18 -25 54 -61 42 9 -54 -55 -81 -23 -51 -56 75 42 27 
-5 -66 -48 -35 -27 -69 50 21 89 -42 54 -15 -61 -70 -33 37 
65 11 43 -40 73 -12 -30 46 19 97 2 56 82 -44 -28 -41 
-25 61 31 50 -2 74 -39 -38 -98 -3 -55 -11 27 90 46 -18 
-55 -36 -57 16 -72 -16 90 0 -23 -25 
RSSI :-110 
Input angle :259
Zaxis angle :14 
minval :0 

minval :0 



-47 10 -8 -47 47 -5 2 47 -48 0 1 -47 47 4 -6 46 
50 -21 9 -43 43 -62 3 28 85 67 28 67 19 -72 -45 -16 
10 53 40 17 53 52 -28 -2 -83 70 -72 15 67 31 26 -40 
-54 0 -24 35 -63 39 7 -27 -51 -97 0 -73 -45 59 34 34 
10 -53 -31 -30 -30 -68 25 12 103 -34 72 13 -50 -56 -39 26 
50 21 36 -23 73 -15 67 -80 -19 26 
RSSI :-110 
Input angle :268
Zaxis angle :20 
minval :0 

minval :0 



-40 27 -25 -40 42 -22 18 44 -45 15 -13 -46 46 -12 9 46 
48 -35 3 -46 10 -68 -6 37 106 14 67 17 -2 -70 -48 -1 
26 55 45 11 63 25 -36 -12 -42 98 -30 62 69 13 12 -46 
-59 12 -20 41 -37 57 19 -32 -89 -59 -54 -42 -27 64 44 18 
-2 -60 -35 -30 -49 -48 28 26 75 -76 54 -43 -57 -40 -29 38 
59 11 35 -29 57 -38 -10 32 26 22 
RSSI :-110 
Input angle :271
Zaxis angle :14 
minval :0 

minval :0 



49 -15 13 50 -50 10 -6 -52 52 -4 2 52 -52 0 3 -51 
-74 23 -15 47 -45 44 20 -43 -68 -62 -50 -55 -47 69 50 16 
-8 -77 -43 -25 -36 -52 39 28 74 -56 65 -37 -58 -60 -25 45 
77 9 34 -37 58 -25 -35 33 43 82 24 71 71 -44 -41 -32 
-24 74 31 40 10 62 -25 -41 -90 20 -74 6 26 79 41 -32 
-67 -38 -45 23 -64 1 -40 -17 16 -23 
RSSI :-110 
Input angle :265
Zaxis angle :14 
minval :0 

minval :0 



-36 -31 33 -34 32 35 -37 30 -29 -38 40 -26 23 43 -42 21 
55 26 47 -16 63 -5 -34 15 7 102 -4 73 83 -14 -12 -47 
-34 50 6 50 -7 63 -8 -36 -101 -12 -69 -20 -1 84 48 -1 
-42 -45 -50 -4 -60 -20 37 1 34 -96 32 -65 -82 -20 -5 48 
52 -31 13 -49 28 -56 -6 37 89 50 58 43 34 -77 -45 -19 
20 57 45 22 48 41 -26 110 -78 18 
RSSI :-110 
Input angle :265
Zaxis angle :14 
minval :0 

minval :0 



12 48 -48 8 -6 -49 49 -4 1 49 -49 -3 6 -49 48 8 
-21 -61 -42 -16 -49 -47 33 20 67 -81 47 -59 -71 -42 -15 46 
64 -7 25 -38 56 -39 -26 28 63 83 46 59 58 -58 -42 -25 
-4 65 32 32 25 63 -23 -30 -93 48 -65 37 51 65 33 -37 
-62 -16 -37 25 -68 14 35 -16 -29 -101 -21 -73 -76 32 28 40 
31 -56 -16 -42 0 -69 -94 1 -39 -3 
RSSI :-110 
Input angle :270
Zaxis angle :14 
minval :0 

minval :0 



21 39 -40 19 -17 -41 42 -15 13 43 -44 10 -8 -44 43 -6 
-37 -39 -47 0 -70 -15 29 2 18 -102 19 -66 -71 8 -2 45 
45 -29 11 -47 28 -66 -8 28 97 37 60 32 9 -71 -43 -12 
21 50 43 19 59 41 -25 -14 -56 88 -44 52 67 24 22 -39 
-53 9 -26 39 -54 47 19 -22 -75 -73 -42 -54 -36 62 34 30 
1 -54 -32 -35 -37 -61 84 1 -74 -16 
RSSI :-110 
Input angle :268
Zaxis angle :14 
minval :0 

minval :0 



-11 -48 48 -9 5 49 -49 1 1 -50 49 3 -7 49 -48 -10 
25 55 51 11 51 44 -34 -7 -56 83 -53 52 67 33 19 -45 
-59 13 -23 47 -53 41 15 -31 -69 -72 -41 -62 -45 60 40 29 
-1 -60 -41 -33 -30 -59 28 21 83 -55 70 -26 -48 -57 -35 34 
59 8 38 -36 65 -15 -26 23 33 94 14 73 64 -38 -26 -42 
-22 56 26 45 1 67 117 78 23 4 
RSSI :-110 
Input angle :263
Zaxis angle :0 
minval :0 

minval :0 



-40 26 -24 -41 42 -21 18 44 -45 15 -13 -46 46 -11 10 46 
37 -39 -1 -51 17 -57 1 33 100 8 63 21 -4 -75 -48 -1 
30 45 49 11 51 30 -33 -4 -31 96 -33 57 75 11 11 -46 
-49 23 -20 47 -41 43 12 -31 -91 -43 -49 -44 -27 71 43 20 
-12 -52 -41 -30 -34 -48 28 17 62 -79 54 -39 -63 -41 -30 37 
54 0 38 -34 55 -23 -5 0 -43 19 
RSSI :-110 
Input angle :268
Zaxis angle :14 
minval :0 

minval :0 



-4 -48 48 -1 -2 48 -48 -5 9 -47 47 11 -12 46 -46 -15 
25 59 39 24 29 53 -38 -18 -79 59 -47 39 55 57 25 -42 
-62 15 -28 35 -56 22 24 -35 -46 -86 -29 -54 -67 43 37 31 
-2 -64 -29 -35 -8 -60 29 31 95 -26 59 -18 -31 -73 -39 28 
62 11 42 -18 60 5 -36 21 7 97 5 61 79 -11 -19 -45 
-24 58 12 44 -17 58 123 94 -95 -4 
RSSI :-110 
Input angle :265
Zaxis angle :20 
minval :0 

minval :0 



-24 28 -26 -26 28 -25 23 28 -30 22 -20 -31 32 -18 16 33 
22 -53 -8 -48 -9 -62 9 33 106 -5 72 -2 -26 -61 -37 8 
48 33 48 0 62 3 -34 1 -13 105 -10 71 66 -12 0 -37 
-40 42 -9 47 -16 61 4 -34 -100 -34 -67 -24 2 67 36 6 
-29 -49 -44 -19 -56 -27 32 10 56 -90 36 -61 -66 -11 -14 34 
55 -19 27 -40 39 -49 63 -63 31 18 
RSSI :-110 
Input angle :268
Zaxis angle :0 
minval :0 

minval :0 



37 32 -34 36 -34 -36 38 -31 28 40 -42 25 -24 -43 43 -23 
-57 -18 -40 18 -61 -6 36 -22 -1 -98 5 -58 -80 18 10 48 
31 -52 -10 -43 18 -58 15 40 96 15 56 16 0 -82 -49 2 
43 41 44 0 53 31 -41 7 -34 92 -28 51 80 16 9 -48 
-49 35 -8 43 -40 45 1 -43 -83 -52 -44 -39 -32 75 45 20 
-23 -56 -40 -18 -36 -49 6 -47 -68 -19 
RSSI :-110 
Input angle :266
Zaxis angle :14 
minval :0 

minval :0 



1 -46 46 3 -5 45 -45 -8 11 -44 43 13 -16 43 -41 -18 
24 51 37 27 48 45 -35 -18 -72 79 -46 50 68 33 27 -38 
-55 14 -34 31 -54 38 25 -30 -62 -87 -41 -54 -49 58 31 34 
-2 -57 -25 -39 -27 -60 25 30 98 -44 62 -28 -47 -60 -41 23 
56 8 43 -16 64 -15 -35 17 23 104 15 66 67 -35 -14 -44 
-18 53 6 46 2 66 82 78 -75 0 
RSSI :-110 
Input angle :268
Zaxis angle :14 
minval :0 

minval :0 



-34 29 -27 -35 37 -25 22 39 -40 20 -18 -40 42 -16 15 42 
17 -51 -11 -39 11 -68 17 39 96 3 59 5 -16 -83 -45 5 
46 27 40 -5 65 21 -42 9 -22 93 -18 57 85 1 6 -45 
-36 38 -4 40 -36 59 0 -43 -87 -38 -50 -30 -20 82 42 16 
-28 -45 -38 -13 -49 -48 42 6 55 -77 38 -45 -76 -37 -23 38 
49 -21 19 -35 57 -38 8 -47 -96 17 
RSSI :-110 
Input angle :269
Zaxis angle :20 
minval :0 

minval :0 



-2 51 -50 -3 6 -50 50 10 -12 49 -48 -14 17 -47 46 18 
-24 -53 -45 -15 -38 -45 41 21 57 -81 41 -54 -62 -46 -29 41 
58 -12 25 -42 51 -29 -28 36 67 74 47 50 57 -52 -33 -37 
0 59 36 33 17 56 -28 -36 -87 48 -60 32 35 68 44 -23 
-57 -12 -39 28 -59 5 41 -21 -29 -95 -17 -65 -74 21 16 48 
23 -54 -20 -44 7 -59 -115 -47 77 -3 
RSSI :-110 
Input angle :271
Zaxis angle :20 
minval :0 

minval :0 



38 -1 0 38 -39 -1 3 -38 38 6 -10 37 -37 -11 13 -36 
-39 26 -25 37 -34 55 19 -26 -94 -58 -62 -39 -15 65 34 20 
-16 -45 -33 -30 -45 -45 20 25 78 -78 52 -52 -58 -31 -27 28 
47 -6 37 -25 53 -37 -28 15 63 90 41 61 41 -52 -22 -32 
-3 47 16 41 27 58 -9 -31 -101 44 -67 28 41 52 36 -15 
-46 -12 -44 7 -63 12 -86 79 -32 -28 
RSSI :-110 
Input angle :272
Zaxis angle :14 
minval :0 

minval :0 



37 35 -37 35 -33 -39 41 -30 28 43 -44 26 -24 -45 46 -20 
-45 -20 -41 22 -67 19 25 -18 -20 -100 -6 -71 -60 25 11 50 
28 -39 -15 -45 -6 -70 12 29 102 1 70 6 -13 -64 -51 0 
33 35 46 -4 69 11 -30 7 -20 101 -20 68 65 -2 10 -50 
-41 25 -4 46 -25 66 0 -31 -93 -42 -61 -35 -12 64 48 19 
-15 -47 -45 -13 -59 -37 -18 -48 -17 -22 
RSSI :-110 
Input angle :265
Zaxis angle :20 
minval :0 

minval :0 



-44 -34 37 -41 39 40 -42 36 -34 -44 46 -31 28 48 -49 25 
50 17 40 -33 83 5 -28 33 -7 97 -5 77 90 -33 -13 -55 
-28 45 26 45 -22 79 -26 -34 -94 -25 -74 -24 19 94 56 -4 
-40 -35 -49 15 -74 -37 39 -18 44 -86 39 -67 -96 0 -8 56 
42 -32 -3 -51 48 -68 12 42 77 59 61 47 22 -93 -53 -20 
23 48 51 4 54 63 -38 126 50 16 
RSSI :-110 
Input angle :262
Zaxis angle :0 
minval :0 

minval :0 



-34 38 -36 -37 39 -33 30 41 -43 28 -25 -44 46 -22 21 47 
15 -52 -33 -34 -8 -73 35 17 94 -11 72 5 -38 -78 -51 11 
48 24 40 -25 73 8 -24 30 -5 95 -18 70 83 -24 0 -52 
-33 43 17 44 -23 70 -24 -31 -92 -22 -64 -32 7 86 51 10 
-35 -41 -46 9 -64 -37 34 -18 40 -86 42 -58 -85 -13 -19 48 
48 -25 2 -48 47 -56 48 -15 49 14 
RSSI :-110 
Input angle :269
Zaxis angle :14 
minval :0 

minval :0 



22 42 -43 19 -16 -44 45 -13 11 46 -47 8 -6 -47 47 -5 
-34 -36 -53 10 -76 -14 49 -13 29 -112 21 -64 -74 -7 -6 47 
43 -25 0 -54 29 -71 3 51 100 57 58 33 19 -71 -44 -17 
18 46 53 10 64 41 -51 -6 -71 92 -46 48 66 34 25 -40 
-49 6 -21 50 -54 55 17 -48 -72 -90 -39 -54 -46 58 35 33 
2 -49 -44 -31 -42 -65 -100 -31 96 -14 
RSSI :-110 
Input angle :260
Zaxis angle :14 
minval :0 

minval :0 



42 -19 17 43 -44 14 -11 -45 45 -8 5 46 -46 3 -1 -46 
-37 37 10 45 -1 82 -8 -36 -111 -22 -64 -18 9 65 45 9 
-27 -44 -45 1 -78 -21 37 0 46 -103 31 -58 -65 -4 -19 43 
48 -19 6 -45 36 -73 -6 37 94 63 51 43 19 -62 -37 -28 
8 51 43 15 64 50 -34 -14 -84 76 -52 41 57 30 35 -31 
-52 -2 -25 38 -62 53 13 -1 -33 -25 
RSSI :-110 
Input angle :263
Zaxis angle :0 
minval :0 

minval :0 



7 -46 45 9 -12 44 -42 -17 20 -42 40 22 -23 40 -39 -24 
0 54 39 21 61 53 -33 -17 -80 75 -56 42 57 34 33 -32 
-52 -12 -30 32 -64 48 24 -29 -58 -92 -27 -64 -47 47 24 40 
20 -50 -27 -35 -35 -73 24 29 102 -42 68 -14 -38 -55 -42 19 
44 29 40 -17 77 -22 -34 16 13 109 1 70 61 -27 -9 -46 
-37 38 9 43 5 80 68 -18 95 -2 
RSSI :-110 
Input angle :265
Zaxis angle :0 
minval :0 

minval :0 



-40 -1 3 -40 40 4 -6 40 -39 -8 10 -38 37 13 -15 36 
56 -4 20 -39 43 -64 -16 37 81 78 47 48 33 -56 -32 -24 
-8 56 34 28 53 56 -34 -22 -94 62 -57 35 48 45 29 -27 
-53 -17 -35 27 -65 41 28 -28 -40 -105 -22 -63 -53 38 21 34 
29 -48 -22 -39 -29 -71 22 33 112 -16 66 -9 -27 -59 -38 13 
42 37 43 -10 77 -7 -9 -65 55 28 
RSSI :-110 
Input angle :265
Zaxis angle :14 
minval :0 

minval :0 



-38 30 -28 -40 42 -25 22 44 -44 20 -19 -45 45 -17 14 46 
40 -42 -8 -45 -3 -74 11 39 108 4 62 8 -10 -60 -49 2 
34 48 45 1 73 8 -40 3 -25 105 -20 59 60 1 6 -48 
-53 23 -8 45 -20 71 5 -40 -98 -44 -55 -28 -10 60 46 15 
-13 -57 -41 -20 -64 -36 38 13 66 -85 42 -45 -55 -25 -27 41 
59 -1 26 -38 48 -55 27 -47 118 20 
RSSI :-110 
Input angle :268
Zaxis angle :14 
minval :0 

minval :0 



-43 25 -23 -43 45 -20 17 46 -47 14 -12 -48 48 -10 8 48 
46 -52 -19 -48 -9 -69 14 45 108 -10 66 -2 -7 -55 -49 -3 
44 53 50 -9 69 6 -47 2 -16 107 -10 65 56 1 12 -48 
-62 31 0 52 -18 67 6 -47 -102 -34 -61 -24 -12 55 44 21 
-19 -67 -49 -12 -60 -35 44 15 56 -92 35 -56 -51 -24 -32 38 
70 -5 22 -46 45 -53 63 65 -80 18 
RSSI :-110 
Input angle :270
Zaxis angle :14 
minval :0 

minval :0 



-29 37 -35 -30 32 -33 32 33 -35 30 -29 -36 38 -27 25 39 
20 -71 -36 -39 -37 -57 34 36 92 -55 54 -28 -31 -51 -44 15 
66 34 46 -27 63 -28 -42 24 33 103 15 58 56 -21 -7 -46 
-49 56 18 50 13 67 -16 -46 -107 10 -61 4 7 59 46 5 
-45 -59 -53 7 -69 -1 49 -5 13 -107 11 -60 -59 -3 -13 45 
67 -31 2 -53 13 -67 -89 81 0 7 
RSSI :-110 
Input angle :270
Zaxis angle :14 
minval :0 

minval :0 



34 31 -32 33 -32 -33 35 -30 27 37 -39 25 -22 -40 41 -21 
-67 -28 -42 32 -62 34 41 -28 -46 -98 -22 -56 -56 23 11 45 
42 -59 -21 -48 -22 -67 22 44 105 -28 59 -12 -14 -59 -47 0 
51 52 52 -11 70 -8 -48 12 7 108 -2 60 61 -2 7 -46 
-61 39 2 52 -4 70 -2 -50 -107 -17 -59 -11 -10 60 44 15 
-23 -69 -52 -8 -68 -17 -109 16 21 -26 
RSSI :-110 
Input angle :268
Zaxis angle :14 
minval :0 

minval :0 



24 38 -41 21 -19 -42 42 -18 16 43 -44 14 -12 -45 44 -11 
-55 -45 -49 20 -70 12 45 -20 -17 -107 0 -61 -62 5 -1 46 
55 -46 -8 -52 3 -71 10 48 109 2 60 9 8 -62 -45 -10 
33 63 53 1 70 14 -49 -1 -26 105 -21 57 59 20 20 -41 
-69 19 -12 51 -29 65 11 -48 -95 -52 -51 -33 -32 53 37 28 
-4 -71 -48 -23 -57 -41 9 49 -127 -22 
RSSI :-110 
Input angle :265
Zaxis angle :20 
minval :0 

minval :0 



31 32 -34 30 -28 -35 36 -26 24 38 -39 22 -19 -41 42 -16 
-59 -35 -46 25 -68 24 42 -25 -34 -105 -11 -57 -60 17 6 45 
46 -51 -15 -51 -10 -71 18 45 110 -5 58 1 -1 -62 -46 -4 
39 57 53 -5 72 4 -48 7 -12 110 -10 57 61 10 12 -44 
-63 28 -4 53 -20 69 2 -49 -105 -32 -53 -24 -24 58 40 20 
-17 -67 -51 -14 -64 -32 -40 96 -75 -25 
RSSI :-110 
Input angle :265
Zaxis angle :14 
minval :0 

minval :0 



-7 44 -43 -10 13 -43 42 15 -17 41 -40 -19 22 -39 37 24 
-6 -68 -46 -22 -61 -37 42 18 64 -92 38 -41 -50 -38 -32 31 
68 9 30 -41 51 -51 -27 37 74 84 33 46 48 -41 -24 -37 
-20 65 33 39 41 59 -32 -32 -95 58 -50 25 32 55 41 -16 
-59 -33 -45 24 -67 26 39 -24 -40 -105 -15 -54 -61 17 7 44 
47 -49 -13 -49 -10 -71 -65 -63 68 -4 
RSSI :-110 
Input angle :265
Zaxis angle :14 
minval :0 

minval :0 



-47 6 -4 -47 48 -1 0 47 -47 -3 6 -47 47 8 -11 46 
61 -24 7 -48 13 -70 -2 39 106 33 51 28 18 -62 -42 -23 
9 65 46 15 66 29 -38 -10 -54 97 -38 42 57 32 31 -36 
-65 -4 -25 41 -43 57 18 -34 -82 -75 -33 -48 -44 48 29 38 
18 -63 -35 -33 -47 -54 30 25 89 -66 52 -25 -38 -53 -43 21 
58 31 40 -27 62 -35 -53 16 65 25 
RSSI :-110 
Input angle :265
Zaxis angle :14 
minval :0 

minval :0 



-19 -43 44 -16 13 45 -46 10 -7 -47 47 -6 4 47 -47 2 
39 51 47 -7 71 0 -37 7 -4 111 -17 60 68 -2 10 -46 
-57 28 -2 48 -15 70 0 -37 -107 -25 -55 -30 -15 67 43 20 
-15 -62 -46 -11 -67 -26 36 8 47 -100 41 -47 -63 -25 -28 38 
64 -3 21 -42 41 -59 -14 34 88 67 40 47 40 -56 -33 -34 
-10 63 38 29 51 50 -82 -2 77 18 
RSSI :-110 
Input angle :263
Zaxis angle :14 
minval :0 

minval :0 



38 -25 22 40 -41 20 -19 -41 42 -17 13 44 -44 10 -8 -45 
-42 46 15 46 13 69 -13 -33 -108 14 -65 -8 18 67 46 1 
-39 -49 -47 5 -69 -3 35 -4 5 -109 20 -63 -70 4 -10 45 
57 -27 2 -47 16 -68 -2 36 106 23 58 32 11 -68 -41 -20 
15 61 46 12 63 29 -35 -8 -48 97 -44 48 65 23 27 -37 
-63 2 -21 42 -40 57 -94 14 -92 -17 
RSSI :-110 
Input angle :263
Zaxis angle :14 
minval :0 

minval :0 



43 4 -6 42 -42 -8 10 -42 41 11 -13 41 -39 -15 17 -39 
-60 12 -12 46 -29 61 11 -34 -97 -46 -49 -44 -20 65 34 25 
-1 -62 -42 -22 -54 -42 32 17 66 -84 52 -42 -58 -36 -33 28 
60 12 30 -37 51 -45 -23 28 69 83 27 61 46 -50 -21 -37 
-24 56 30 37 32 60 -22 -29 -95 49 -65 14 39 55 41 -13 
-50 -36 -42 22 -65 21 115 95 115 -26 
RSSI :-110 
Input angle :265
Zaxis angle :0 
minval :0 

minval :0 



-22 -35 37 -20 17 37 -38 15 -13 -39 40 -11 9 41 -41 6 
40 45 44 -15 69 -13 -36 14 14 110 -1 62 61 -9 2 -42 
-52 32 5 46 -2 70 -4 -39 -110 -14 -61 -12 -1 62 40 10 
-21 -57 -46 -2 -69 -13 39 2 29 -106 23 -57 -59 -14 -19 37 
61 -5 14 -44 30 -63 -10 38 96 54 50 36 26 -56 -33 -25 
-3 61 41 21 55 43 -43 -34 113 20 
RSSI :-110 
Input angle :265
Zaxis angle :14 
minval :0 

minval :0 



-18 -44 45 -15 13 46 -47 10 -7 -47 47 -6 2 47 -48 0 
37 46 43 -14 71 -3 -34 10 0 113 -9 58 61 2 12 -46 
-53 26 4 45 -12 71 -3 -35 -111 -22 -56 -18 -9 60 44 19 
-15 -57 -45 -2 -67 -26 35 3 44 -104 29 -51 -57 -23 -27 40 
59 -3 14 -43 39 -59 -11 34 92 67 44 39 31 -52 -32 -36 
-6 59 39 22 50 50 -67 -114 -6 19 
RSSI :-110 
Input angle :265
Zaxis angle :14 
minval :0 

minval :0 



-1 -46 46 1 -5 46 -46 -8 11 -46 45 13 -14 44 -43 -16 
28 56 45 4 61 25 -31 -4 -40 101 -39 53 67 14 27 -39 
-60 15 -13 44 -36 55 10 -30 -89 -63 -42 -49 -29 62 32 34 
-3 -62 -40 -22 -46 -47 27 16 80 -73 57 -32 -54 -41 -40 24 
62 8 31 -33 56 -34 -22 22 59 91 17 64 51 -46 -15 -45 
-23 58 27 36 24 61 95 62 93 8 
RSSI :-110 
Input angle :272
Zaxis angle :14 
minval :0 

minval :0 



-10 -38 39 -8 4 39 -39 3 0 -40 39 3 -5 39 -39 -6 
20 59 45 9 67 14 -38 -5 -41 105 -26 66 62 7 15 -37 
-62 8 -18 42 -28 62 12 -36 -96 -57 -60 -38 -17 60 34 21 
3 -63 -39 -25 -56 -38 31 22 75 -82 50 -50 -54 -31 -28 28 
60 16 33 -31 51 -44 -27 28 65 91 39 59 42 -47 -22 -33 
-28 56 22 40 33 59 101 -66 -77 11 
RSSI :-110 
Input angle :268
Zaxis angle :14 
minval :0 

minval :0 


