
15 -46 45 17 -19 44 -42 -22 24 -41 40 26 -31 36 -35 -32 
-11 57 36 26 50 54 -29 -21 -81 71 -56 47 45 32 40 -27 
-54 -22 -32 31 -63 39 28 -23 -50 -96 -36 -64 -41 38 19 45 
34 -46 -23 -38 -27 -69 18 32 104 -30 71 -19 -29 -47 -47 9 
39 42 42 -15 74 -11 -35 11 15 108 8 73 52 -19 0 -48 
-48 32 6 44 -2 74 75 46 7 -3 
RSSI :-110 
Input angle :270
Zaxis angle :14 
minval :0 

minval :0 



41 -14 11 42 -43 7 -4 -44 43 -3 1 44 -44 -1 4 -43 
-54 32 0 50 -11 68 0 -40 -104 -15 -68 -17 -1 62 41 15 
-18 -61 -49 -8 -63 -26 39 6 40 -97 31 -62 -61 -12 -23 37 
63 -4 18 -46 39 -56 -15 37 88 58 54 43 25 -56 -33 -30 
-7 63 41 28 47 50 -32 -22 -78 70 -52 45 50 37 36 -25 
-60 -20 -36 34 -58 36 41 -65 125 -23 
RSSI :-110 
Input angle :272
Zaxis angle :14 
minval :0 

minval :0 



39 -18 16 40 -41 14 -12 -42 42 -10 7 43 -43 4 -2 -43 
-52 33 4 50 -5 71 -3 -42 -108 -13 -67 -4 2 56 43 7 
-23 -58 -49 -5 -70 -18 43 3 32 -104 16 -66 -55 -10 -16 41 
62 -8 13 -48 31 -65 -11 41 94 53 60 30 21 -52 -36 -24 
-3 62 44 22 56 45 -38 -20 -72 81 -42 54 47 30 31 -30 
-60 -15 -31 38 -56 44 -12 126 123 -22 
RSSI :-110 
Input angle :272
Zaxis angle :14 
minval :0 

minval :0 



31 28 -29 29 -27 -31 32 -25 24 33 -35 22 -19 -36 38 -17 
-59 -29 -43 26 -66 18 38 -20 -30 -101 -22 -60 -54 27 9 41 
39 -53 -17 -48 0 -69 12 41 104 -9 64 -5 -15 -59 -42 0 
47 45 50 -7 68 11 -43 5 -10 105 -6 64 60 -2 8 -41 
-56 34 -2 51 -23 64 4 -43 -100 -36 -61 -19 -9 60 38 17 
-19 -62 -48 -15 -57 -37 -36 96 58 -23 
RSSI :-110 
Input angle :271
Zaxis angle :14 
minval :0 

minval :0 



-16 37 -36 -18 20 -35 33 23 -24 32 -30 -27 28 -29 27 30 
13 -62 -34 -38 -32 -66 34 34 97 -48 56 -40 -39 -47 -35 20 
59 22 42 -28 70 -21 -40 25 31 104 28 62 54 -29 -14 -38 
-32 55 17 48 8 73 -17 -44 -108 8 -66 16 17 58 40 -7 
-46 -45 -50 7 -74 -5 47 -8 17 -106 2 -68 -62 2 -4 40 
53 -36 2 -51 26 -69 -107 -47 -102 9 
RSSI :-110 
Input angle :270
Zaxis angle :14 
minval :0 

minval :0 



-32 -39 40 -30 28 41 -43 26 -24 -44 46 -20 18 47 -48 16 
52 30 38 -24 71 -2 -37 13 8 101 11 78 53 -24 -5 -51 
-36 47 16 41 -9 70 -4 -39 -101 -13 -79 -1 13 56 51 5 
-38 -46 -44 7 -67 -23 39 1 31 -97 20 -75 -58 1 -15 49 
53 -28 2 -45 38 -60 -9 38 88 52 70 35 8 -57 -45 -24 
19 56 44 10 50 50 -26 78 51 19 
RSSI :-110 
Input angle :274
Zaxis angle :14 
minval :0 

minval :0 



39 -31 30 41 -42 27 -25 -44 45 -22 20 46 -47 18 -16 -47 
-29 52 25 38 6 70 -15 -35 -101 7 -78 11 24 55 50 -4 
-44 -39 -42 17 -69 -13 38 -5 15 -99 9 -78 -58 16 -7 50 
48 -34 -6 -45 27 -65 -2 38 95 33 75 23 0 -60 -48 -17 
25 53 46 2 57 42 -37 -10 -53 86 -40 68 59 13 29 -42 
-58 12 -11 44 -52 48 -38 -2 82 -18 
RSSI :-110 
Input angle :268
Zaxis angle :14 
minval :0 

minval :0 



-43 39 -36 -45 48 -33 29 50 -52 25 -23 -53 55 -20 16 55 
0 -67 -45 -51 -74 -20 -23 -64 -81 -1 -55 28 29 12 -57 7 
65 13 59 -33 34 -69 68 -9 16 -80 -16 -60 -18 25 4 -58 
-25 62 25 63 62 44 -2 68 75 30 62 -7 -22 -23 55 17 
-56 -34 -67 10 -58 49 -67 -12 -45 68 -6 61 27 -17 -29 50 
47 -46 5 -68 -38 -65 34 31 19 -15 
RSSI :-110 
Input angle :293
Zaxis angle :0 
minval :0 

minval :0 



48 -26 23 50 -51 19 -17 -52 53 -14 12 54 -54 9 -4 -55 
-6 65 34 58 68 26 15 64 76 12 62 -21 -27 -20 54 4 
-63 -19 -63 24 -40 61 -66 1 -31 71 9 64 25 -22 -15 52 
30 -58 -11 -66 -51 -52 9 -66 -65 -43 -65 -6 17 28 -48 -25 
48 44 67 4 61 -40 63 22 56 -53 16 -63 -31 12 35 -41 
-50 41 -13 66 30 66 -73 32 115 16 
RSSI :-110 
Input angle :293
Zaxis angle :0 
minval :0 

minval :0 



-20 -46 47 -18 16 48 -49 14 -12 -49 50 -9 7 50 -50 4 
64 7 58 -33 29 -63 62 -13 17 -69 -11 -64 -20 24 8 -49 
-19 62 21 63 56 40 0 63 65 28 65 0 -20 -25 47 16 
-56 -32 -66 7 -49 48 -62 -11 -41 58 -12 63 28 -14 -26 42 
42 -49 5 -67 -38 -58 24 -59 -49 -51 -60 -23 8 31 -36 -34 
40 51 64 19 64 -25 -5 32 46 -9 
RSSI :-110 
Input angle :293
Zaxis angle :0 
minval :0 

minval :0 



-45 9 -5 -45 45 -3 1 45 -45 0 3 -45 44 5 -7 44 
30 -60 -16 -62 -55 -43 10 -57 -60 -30 -58 -17 18 25 -41 -17 
53 41 65 0 52 -45 55 18 42 -52 26 -55 -29 12 24 -37 
-51 44 -9 63 33 61 -31 49 43 51 50 35 -5 -31 32 31 
-35 -57 -61 -21 -66 22 -45 -37 -59 32 -45 41 31 0 -37 24 
63 -24 32 -56 -8 -69 -94 -49 70 -16 
RSSI :-110 
Input angle :293
Zaxis angle :0 
minval :0 

minval :0 



47 5 -8 46 -46 -10 13 -45 44 17 -19 42 -41 -22 24 -40 
-41 54 1 65 39 57 -22 53 48 51 59 26 -13 -31 35 31 
-42 -53 -63 -15 -64 28 -49 -31 -59 38 -40 51 33 -6 -38 25 
62 -29 28 -58 -11 -69 42 -40 -24 -65 -42 -49 0 34 -20 -42 
18 65 53 37 69 -1 31 49 69 -10 57 -31 -33 -6 45 -11 
-68 6 -46 45 -11 69 2 0 -107 17 
RSSI :-110 
Input angle :293
Zaxis angle :0 
minval :0 

minval :0 



-53 -9 13 -52 52 16 -18 51 -51 -19 22 -49 47 25 -28 45 
43 -54 2 -68 -38 -63 23 -53 -51 -58 -62 -24 15 33 -39 -37 
43 55 67 14 70 -25 48 33 67 -39 36 -55 -34 9 43 -32 
-62 32 -26 63 11 73 -42 40 22 74 45 49 0 -36 20 49 
-20 -66 -55 -41 -74 -3 -32 -49 -78 8 -56 35 35 6 -53 8 
70 -4 51 -45 20 -71 22 96 96 -20 
RSSI :-110 
Input angle :293
Zaxis angle :0 
minval :0 

minval :0 



-43 -37 39 -41 39 41 -44 36 -34 -46 47 -33 30 48 -49 27 
63 -23 35 -61 7 -79 49 -26 -11 -83 -33 -59 -5 36 -15 -55 
5 66 48 52 75 22 15 54 83 1 64 -23 -35 -11 56 -5 
-67 -5 -58 40 -38 69 -55 4 -19 81 8 67 18 -32 -6 56 
20 -64 -28 -66 -63 -49 3 -56 -77 -32 -68 -3 27 24 -54 -16 
59 31 70 -14 61 -49 -71 32 -122 -18 
RSSI :-110 
Input angle :289
Zaxis angle :0 
minval :0 

minval :0 



55 -7 5 56 -55 3 0 -55 55 3 -6 55 -54 -11 13 -53 
-26 61 20 69 51 56 -14 54 71 46 73 14 -22 -25 48 26 
-54 -37 -71 5 -66 38 -50 -24 -58 61 -27 68 29 -17 -33 44 
49 -45 5 -71 -26 -72 33 -44 -46 -70 -60 -42 10 32 -33 -43 
36 56 68 22 76 -7 37 40 77 -32 53 -52 -34 4 47 -28 
-62 24 -34 62 -1 76 72 -16 -47 20 
RSSI :-110 
Input angle :289
Zaxis angle :0 
minval :0 

minval :0 



-33 -43 45 -31 28 47 -48 24 -22 -50 51 -19 16 52 -53 12 
65 -5 48 -52 21 -71 52 -10 4 -87 -21 -69 -10 32 -1 -54 
-5 65 39 59 62 40 0 53 84 23 72 -8 -30 -16 53 9 
-62 -21 -65 28 -52 53 -52 -10 -36 80 -8 72 21 -26 -16 52 
31 -58 -17 -69 -44 -60 19 -50 -69 -53 -70 -20 21 26 -46 -28 
50 42 72 0 68 -30 10 33 68 -15 
RSSI :-110 
Input angle :289
Zaxis angle :0 
minval :0 

minval :0 



8 53 -54 5 -3 -54 54 0 -4 54 -53 -8 11 -52 51 15 
-58 -24 -68 21 -57 49 -52 -19 -44 74 -11 70 24 -25 -22 48 
33 -54 -7 -71 -37 -66 27 -48 -64 -58 -67 -26 21 28 -41 -33 
43 45 71 5 72 -22 41 37 70 -50 37 -62 -33 14 41 -34 
-53 34 -22 68 8 76 -43 34 35 79 53 47 -6 -34 24 48 
-24 -58 -62 -34 -75 -8 -84 -114 12 5 
RSSI :-110 
Input angle :289
Zaxis angle :0 
minval :0 

minval :0 



-10 -55 55 -9 7 55 -55 3 -1 -55 55 1 -4 55 -54 -8 
61 18 66 -24 54 -51 53 17 42 -81 8 -74 -20 26 20 -51 
-31 56 12 69 41 62 -26 50 70 58 72 21 -22 -24 47 29 
-49 -41 -70 -2 -69 27 -43 -35 -69 59 -32 67 28 -16 -40 37 
51 -39 17 -68 -15 -72 45 -33 -41 -82 -57 -47 9 31 -32 -44 
27 58 64 30 74 0 94 113 95 -7 
RSSI :-110 
Input angle :289
Zaxis angle :0 
minval :0 

minval :0 



-21 50 -48 -25 28 -47 46 31 -33 43 -41 -35 37 -40 37 39 
-37 -52 -67 -19 -73 9 -33 -46 -82 35 -51 54 31 -7 -46 28 
60 -23 34 -61 3 -74 51 -24 -21 -87 -44 -59 1 32 -20 -50 
10 63 54 45 71 18 15 54 89 -2 66 -31 -32 -5 53 -10 
-64 0 -53 45 -31 67 -56 3 -15 88 19 71 12 -30 -1 54 
12 -63 -31 -63 -58 -45 -83 -98 76 -8 
RSSI :-110 
Input angle :289
Zaxis angle :0 
minval :0 

minval :0 



56 -2 0 56 -56 -2 5 -55 56 9 -13 54 -54 -17 19 -52 
-31 56 10 70 43 60 -24 50 71 55 71 18 -20 -26 47 29 
-50 -40 -70 -2 -67 31 -45 -33 -71 56 -32 66 29 -14 -38 40 
52 -39 16 -68 -14 -72 42 -36 -40 -81 -57 -45 8 32 -34 -44 
29 57 65 27 74 -2 28 48 87 -24 55 -47 -33 1 51 -22 
-62 16 -41 56 -12 73 33 32 -62 22 
RSSI :-110 
Input angle :289
Zaxis angle :0 
minval :0 

minval :0 



-33 -45 47 -31 30 48 -49 27 -24 -50 52 -20 17 54 -54 14 
64 -7 51 -48 24 -69 56 -8 4 -90 -26 -68 -11 31 -4 -56 
-8 64 37 60 64 36 -1 56 87 24 72 -10 -29 -14 55 8 
-62 -18 -65 27 -49 55 -55 -11 -40 80 8 76 15 -18 -16 53 
29 -57 -13 -69 -44 -59 24 -51 -71 -55 -70 -20 17 28 -47 -29 
48 42 70 4 67 -30 23 -127 -24 -15 
RSSI :-110 
Input angle :294
Zaxis angle :14 
minval :0 

minval :0 



-52 21 -18 -53 54 -14 11 54 -55 7 -5 -56 56 -3 0 56 
13 -63 -30 -62 -60 -42 7 -56 -82 -33 -72 3 27 20 -53 -16 
59 25 67 -18 53 -50 53 18 51 -73 10 -71 -26 22 23 -50 
-38 52 3 70 37 63 -29 48 62 65 67 25 -16 -29 43 35 
-43 -48 -69 -9 -69 25 -42 -37 -75 49 -36 61 32 -10 -40 37 
56 -32 24 -65 -12 -73 111 63 109 -21 
RSSI :-110 
Input angle :289
Zaxis angle :0 
minval :0 

minval :0 



30 46 -47 27 -25 -49 50 -22 19 51 -53 17 -15 -53 53 -13 
-65 0 -55 45 -24 68 -57 6 -15 88 23 70 12 -31 0 55 
9 -64 -35 -61 -60 -40 2 -57 -83 -30 -73 6 28 18 -54 -9 
60 22 66 -24 47 -55 55 12 45 -76 6 -73 -23 23 20 -50 
-34 55 7 70 40 60 -28 49 64 61 71 18 -19 -26 46 29 
-46 -45 -71 -4 -67 32 -32 -98 -122 13 
RSSI :-110 
Input angle :289
Zaxis angle :0 
minval :0 

minval :0 



55 7 -11 54 -53 -15 17 -52 52 18 -21 50 -49 -24 26 -48 
-41 51 -1 70 34 63 -35 45 52 72 69 31 -15 -29 40 37 
-42 -50 -69 -14 -70 18 -38 -42 -80 39 -47 59 31 -9 -43 33 
59 -29 27 -65 -6 -72 49 -29 -24 -86 -52 -54 2 33 -23 -49 
15 63 58 41 72 8 19 53 89 -4 65 -37 -33 -4 54 -11 
-65 4 -53 46 -25 67 -52 -17 41 22 
RSSI :-110 
Input angle :289
Zaxis angle :0 
minval :0 

minval :0 



57 -7 4 57 -57 3 0 -56 57 3 -7 56 -56 -10 13 -54 
-29 60 15 69 53 50 -19 53 70 56 74 9 -22 -24 50 26 
-52 -41 -71 2 -63 36 -47 -30 -68 60 -24 71 28 -17 -34 45 
49 -44 9 -70 -23 -69 38 -41 -44 -79 -64 -39 11 31 -37 -43 
33 58 66 25 72 -8 32 46 86 -26 51 -55 -33 3 48 -28 
-63 21 -38 60 -4 72 31 80 -104 22 
RSSI :-110 
Input angle :289
Zaxis angle :0 
minval :0 

minval :0 



24 -54 52 29 -29 52 -55 -33 33 -51 46 36 -40 48 -43 -38 
42 61 73 22 85 -19 38 49 95 -31 62 -58 -37 3 52 -33 
-71 25 -36 69 0 84 -55 27 7 100 39 73 8 -35 22 59 
-10 -71 -59 -51 -83 -21 -17 -59 -95 -8 -78 34 32 14 -62 12 
73 4 64 -46 32 -77 64 -5 28 -95 -17 -79 -20 30 -2 -61 
-16 72 36 70 71 46 42 48 96 1 
RSSI :-110 
Input angle :293
Zaxis angle :14 
minval :0 

minval :0 



50 10 -12 50 -50 -13 15 -49 47 19 -22 47 -46 -23 25 -44 
-51 48 -5 69 24 71 -35 39 41 73 60 34 -4 -24 38 35 
-37 -59 -66 -20 -74 11 -31 -42 -80 25 -45 52 24 0 -41 31 
66 -23 31 -62 5 -75 47 -23 -8 -84 -41 -55 -4 24 -23 -45 
12 70 54 42 73 19 13 51 83 9 62 -30 -23 -8 50 -12 
-70 -2 -53 44 -34 67 -88 47 -74 20 
RSSI :-110 
Input angle :289
Zaxis angle :0 
minval :0 

minval :0 



9 -49 48 12 -14 48 -46 -18 21 -46 44 23 -25 43 -41 -27 
45 50 71 7 71 -17 43 33 75 -37 34 -63 -25 8 35 -35 
-59 34 -21 69 7 73 -41 36 22 81 56 46 -2 -26 28 41 
-21 -65 -62 -36 -73 -9 -25 -48 -84 3 -58 43 26 1 -46 19 
67 -10 47 -54 25 -69 52 -16 12 -83 -32 -65 -7 25 -8 -49 
-5 67 47 55 64 34 71 1 -83 5 
RSSI :-110 
Input angle :289
Zaxis angle :0 
minval :0 

minval :0 



-34 -36 37 -32 31 38 -39 29 -26 -41 42 -24 22 44 -44 19 
66 -10 45 -55 22 -68 52 -16 8 -81 -31 -67 -8 25 -8 -48 
-5 66 45 56 63 35 3 54 78 27 73 -14 -24 -12 48 -2 
-65 -15 -64 31 -45 55 -54 -3 -41 71 0 74 16 -20 -11 48 
27 -61 -19 -69 -45 -56 14 -52 -63 -52 -73 -11 16 21 -44 -19 
53 40 71 -3 64 -34 10 65 -126 -13 
RSSI :-110 
Input angle :289
Zaxis angle :0 
minval :0 

minval :0 



-28 40 -39 -29 31 -37 35 34 -36 33 -30 -39 40 -28 27 40 
-25 -62 -62 -33 -72 -5 -27 -47 -81 5 -61 43 25 2 -45 18 
66 -9 47 -53 19 -70 52 -16 9 -81 -30 -68 -8 24 -8 -48 
-4 67 43 57 64 35 4 54 76 26 72 -19 -22 -12 48 0 
-65 -14 -63 31 -46 55 -54 -3 -45 70 14 77 16 -20 -11 47 
29 -60 -17 -69 -44 -57 6 -81 -108 -14 
RSSI :-110 
Input angle :289
Zaxis angle :0 
minval :0 

minval :0 



48 8 -12 47 -46 -16 19 -45 44 22 -24 42 -41 -26 27 -40 
-49 44 -10 70 24 69 -35 41 37 72 62 40 -7 -25 33 35 
-32 -59 -67 -22 -73 5 -34 -41 -78 20 -53 52 26 -2 -41 25 
63 -22 36 -60 9 -72 49 -22 -4 -81 -41 -62 -2 25 -15 -46 
8 66 52 48 70 22 13 52 80 10 69 -29 -24 -8 48 -8 
-67 -4 -57 40 -34 64 -110 47 35 19 
RSSI :-110 
Input angle :289
Zaxis angle :0 
minval :0 

minval :0 



26 -41 40 28 -32 37 -36 -34 36 -33 31 37 -39 30 -27 -40 
22 63 61 36 73 9 22 48 81 -4 61 -41 -26 -4 45 -17 
-66 9 -45 53 -21 71 -51 14 -12 80 29 68 7 -24 9 48 
3 -67 -44 -54 -65 -35 -1 -54 -75 -28 -74 12 22 13 -48 -3 
65 16 63 -30 48 -55 52 8 42 -69 -1 -73 -17 19 8 -48 
-27 61 19 67 47 56 -19 0 -28 13 
RSSI :-110 
Input angle :289
Zaxis angle :0 
minval :0 

minval :0 



-44 -17 18 -44 42 22 -25 41 -39 -26 28 -38 37 30 -32 35 
55 -38 17 -68 -11 -73 40 -32 -18 -78 -55 -50 2 25 -28 -37 
25 61 61 33 74 4 23 47 80 -4 61 -43 -25 -2 42 -20 
-65 15 -43 55 -15 72 -49 14 -9 79 29 68 7 -25 8 47 
0 -66 -46 -52 -67 -32 -5 -52 -77 -23 -73 16 23 12 -47 2 
66 10 61 -33 44 -58 -105 80 111 -18 
RSSI :-110 
Input angle :289
Zaxis angle :0 
minval :0 

minval :0 



43 12 -15 43 -41 -17 19 -40 40 21 -23 38 -38 -24 26 -35 
-51 42 -12 68 20 71 -35 36 26 74 60 47 -5 -26 30 33 
-33 -57 -65 -24 -74 7 -26 -42 -77 13 -59 47 27 1 -38 23 
63 -20 37 -58 9 -74 47 -18 3 -79 -35 -67 -4 26 -15 -41 
9 65 50 47 71 22 10 49 76 17 72 -24 -25 -9 44 -5 
-66 -2 -55 40 -36 65 -124 -65 8 18 
RSSI :-110 
Input angle :289
Zaxis angle :0 
minval :0 

minval :0 



-34 -30 32 -32 30 33 -34 30 -27 -35 37 -25 23 39 -40 20 
65 -15 40 -56 16 -73 48 -15 6 -78 -33 -68 -6 26 -11 -43 
3 66 49 49 69 29 6 49 75 25 75 -17 -24 -12 45 -3 
-65 -10 -58 37 -42 62 -49 1 -41 69 10 76 15 -22 -3 45 
21 -62 -24 -65 -55 -51 13 -48 -62 -48 -75 -12 18 20 -43 -13 
57 34 69 -9 62 -42 -9 -32 0 -13 
RSSI :-110 
Input angle :289
Zaxis angle :0 
minval :0 

minval :0 



-31 31 -30 -33 35 -28 25 36 -38 23 -21 -39 40 -20 18 40 
-15 -64 -55 -41 -74 -16 -14 -47 -78 -11 -70 29 26 7 -43 9 
66 -1 52 -45 31 -68 50 -2 27 -73 -13 -75 -14 23 0 -44 
-16 64 31 61 61 43 -5 49 67 41 79 -8 -14 -14 43 9 
-61 -26 -65 22 -56 49 -47 -15 -53 58 -15 75 21 -16 -17 41 
38 -55 -6 -68 -39 -64 65 -33 39 -16 
RSSI :-110 
Input angle :289
Zaxis angle :0 
minval :0 

minval :0 



-21 39 -38 -22 25 -36 34 28 -29 32 -32 -31 32 -29 27 34 
-31 -59 -64 -25 -74 4 -28 -41 -77 11 -59 49 27 0 -37 23 
63 -22 35 -60 6 -74 46 -18 2 -78 -40 -67 -5 27 -12 -41 
6 66 51 47 71 22 9 49 76 16 74 -22 -24 -11 43 -4 
-66 -5 -56 40 -35 65 -49 -1 -30 72 11 77 16 -21 -4 43 
19 -63 -29 -62 -58 -47 -7 78 18 -11 
RSSI :-110 
Input angle :289
Zaxis angle :0 
minval :0 

minval :0 



44 -5 4 44 -43 0 3 -44 44 6 -8 44 -43 -10 12 -42 
-32 58 14 68 46 58 -20 45 52 58 74 22 -15 -22 39 21 
-52 -41 -69 0 -67 31 -40 -28 -66 41 -36 68 25 -11 -28 34 
50 -43 12 -68 -22 -71 34 -36 -25 -74 -61 -48 4 27 -29 -33 
33 58 65 24 74 -8 28 41 77 -12 59 -50 -27 0 38 -20 
-62 21 -39 58 -10 74 -10 79 -39 19 
RSSI :-110 
Input angle :289
Zaxis angle :0 
minval :0 

minval :0 



-42 -15 17 -41 40 19 -22 39 -38 -23 25 -36 34 28 -29 32 
55 -38 16 -67 -15 -73 37 -31 -19 -76 -57 -52 2 27 -27 -35 
26 61 63 28 75 0 24 41 78 -7 64 -42 -27 -2 40 -17 
-65 15 -40 56 -12 73 -46 16 -8 78 34 69 6 -27 10 43 
-2 -67 -47 -51 -71 -25 -6 -48 -75 -23 -75 16 24 13 -43 1 
66 8 60 -34 40 -63 -104 -96 -37 -18 
RSSI :-110 
Input angle :289
Zaxis angle :0 
minval :0 

minval :0 



3 43 -43 -2 4 -43 42 7 -8 42 -41 -11 14 -40 39 16 
-56 -35 -69 11 -60 45 -43 -21 -62 47 -29 71 25 -13 -23 37 
46 -48 5 -69 -28 -70 28 -38 -34 -70 -62 -45 7 27 -32 -29 
38 54 67 18 74 -12 29 37 76 -16 55 -54 -28 2 35 -26 
-61 26 -30 63 1 75 -42 23 5 77 43 64 2 -28 19 39 
-12 -65 -53 -43 -74 -13 -53 -18 35 -3 
RSSI :-110 
Input angle :289
Zaxis angle :0 
minval :0 

minval :0 



-8 -43 44 -6 2 44 -44 0 3 -44 44 4 -6 44 -42 -9 
61 28 66 -17 54 -52 44 15 54 -55 21 -74 -23 17 17 -40 
-39 54 6 69 39 64 -21 41 42 65 69 32 -12 -25 36 24 
-45 -49 -69 -9 -71 25 -35 -30 -70 33 -45 62 27 -6 -31 30 
57 -35 22 -66 -10 -77 33 -30 -9 -78 -51 -57 2 28 -22 -37 
26 61 61 33 75 4 59 33 52 0 
RSSI :-110 
Input angle :289
Zaxis angle :0 
minval :0 

minval :0 



-38 -23 25 -36 35 27 -30 33 -31 -31 32 -30 29 34 -35 26 
63 -24 31 -62 0 -76 40 -23 0 -77 -38 -66 -2 28 -17 -40 
13 66 54 42 75 14 14 43 76 12 72 -25 -27 -7 43 -8 
-67 -3 -54 43 -29 70 -46 4 -25 73 11 75 13 -25 2 44 
14 -66 -32 -61 -63 -42 1 -46 -67 -39 -76 -4 21 19 -43 -7 
61 27 67 -17 55 -53 -41 32 -50 -15 
RSSI :-110 
Input angle :289
Zaxis angle :0 
minval :0 

minval :0 



31 31 -32 30 -29 -33 34 -28 26 35 -37 23 -20 -39 39 -18 
-65 15 -42 55 -14 75 -43 13 -8 76 28 70 6 -28 9 43 
-1 -67 -44 -53 -71 -27 -6 -45 -72 -27 -74 13 26 13 -44 2 
66 12 59 -35 39 -65 45 1 39 -66 0 -76 -18 22 6 -43 
-25 62 22 65 55 53 -12 44 56 53 74 14 -18 -22 41 14 
-55 -39 -68 8 -64 41 8 127 -4 11 
RSSI :-110 
Input angle :289
Zaxis angle :0 
minval :0 

minval :0 



25 36 -37 23 -22 -38 39 -20 16 41 -42 15 -13 -42 42 -10 
-67 -1 -54 43 -27 71 -45 5 -26 72 15 74 14 -25 1 43 
12 -66 -33 -61 -65 -40 1 -45 -65 -40 -76 0 22 18 -43 -6 
62 23 65 -22 52 -55 44 11 50 -57 15 -74 -22 19 15 -40 
-38 54 7 68 45 61 -20 41 46 61 69 31 -12 -26 37 22 
-47 -47 -69 -7 -71 27 -19 46 119 8 
RSSI :-110 
Input angle :289
Zaxis angle :0 
minval :0 

minval :0 



29 -33 32 31 -32 29 -27 -35 36 -25 23 38 -39 21 -19 -39 
11 66 53 43 75 14 16 42 76 11 70 -27 -28 -9 43 -9 
-66 1 -51 45 -29 71 -44 8 -27 71 12 74 14 -26 0 44 
12 -66 -35 -59 -65 -40 0 -45 -64 -42 -75 -3 22 19 -43 -6 
62 25 65 -23 51 -57 44 8 50 -57 14 -74 -23 18 13 -42 
-38 55 12 68 43 63 -64 -64 -15 14 
RSSI :-110 
Input angle :289
Zaxis angle :0 
minval :0 

minval :0 



36 -25 23 38 -38 21 -19 -40 41 -15 15 42 -42 13 -10 -43 
-2 67 45 54 72 32 6 44 71 28 74 -11 -26 -13 44 -1 
-65 -14 -61 32 -41 64 -45 -1 -39 66 -4 74 18 -23 -7 43 
26 -61 -21 -65 -55 -53 10 -43 -56 -52 -73 -16 17 23 -41 -16 
54 38 68 -7 63 -43 41 19 62 -44 30 -68 -25 14 23 -37 
-48 46 -4 69 33 69 126 -16 -118 17 
RSSI :-110 
Input angle :290
Zaxis angle :0 
minval :0 

minval :0 



42 -15 12 43 -43 10 -6 -44 44 -4 3 44 -44 1 0 -44 
-20 63 28 63 58 50 -7 45 62 46 75 9 -20 -21 42 11 
-59 -32 -68 11 -59 49 -43 -14 -57 51 -23 71 25 -17 -20 39 
44 -50 0 -69 -36 -67 22 -39 -39 -66 -65 -37 11 28 -35 -26 
40 53 68 12 72 -25 34 30 72 -26 52 -55 -29 5 33 -29 
-59 31 -25 64 11 75 36 -48 60 19 
RSSI :-110 
Input angle :289
Zaxis angle :0 
minval :0 

minval :0 



13 43 -43 11 -9 -43 44 -7 4 44 -44 0 2 -44 44 4 
-63 -21 -64 26 -49 58 -45 -8 -49 59 -13 74 21 -21 -12 42 
33 -57 -13 -68 -50 -58 15 -43 -51 -57 -71 -25 17 25 -39 -20 
50 44 69 -1 67 -36 38 24 66 -39 38 -65 -28 10 27 -34 
-52 40 -13 68 21 73 -31 33 21 73 57 49 -5 -30 30 32 
-29 -59 -63 -27 -76 7 -47 94 115 3 
RSSI :-110 
Input angle :289
Zaxis angle :0 
minval :0 

minval :0 



-3 43 -43 -5 6 -43 42 8 -10 42 -41 -13 15 -40 38 18 
-52 -41 -67 6 -63 37 -41 -26 -63 46 -33 68 22 -13 -25 34 
48 -44 4 -66 -24 -68 33 -36 -34 -71 -63 -42 9 24 -29 -31 
36 55 64 16 72 -13 29 39 76 -20 53 -53 -25 5 36 -24 
-61 25 -30 59 -2 73 -44 22 3 79 43 62 0 -26 15 40 
-11 -65 -53 -41 -71 -16 -58 -50 -55 -3 
RSSI :-110 
Input angle :289
Zaxis angle :0 
minval :0 

minval :0 



-43 -3 6 -42 42 8 -10 41 -40 -13 15 -40 40 16 -18 38 
41 -51 -1 -66 -33 -65 28 -39 -41 -67 -66 -35 11 23 -32 -28 
42 50 65 11 69 -22 34 34 74 -26 46 -58 -25 6 33 -27 
-57 30 -21 63 4 73 -40 26 11 78 45 59 0 -26 20 37 
-19 -62 -57 -33 -73 -8 -18 -44 -78 -5 -68 31 25 4 -41 11 
66 -4 45 -48 24 -68 68 0 -73 -20 
RSSI :-110 
Input angle :289
Zaxis angle :0 
minval :0 

minval :0 



-10 41 -41 -11 13 -40 39 15 -17 39 -36 -20 22 -35 35 23 
-44 -48 -66 -4 -68 27 -37 -30 -71 32 -42 60 25 -8 -30 29 
55 -35 15 -65 -14 -71 37 -30 -20 -75 -53 -52 2 26 -23 -35 
25 60 60 29 73 0 21 43 78 -4 62 -40 -26 -2 38 -16 
-64 12 -41 52 -17 71 -46 13 -11 77 28 68 7 -25 8 41 
2 -65 -43 -50 -67 -28 -45 -2 114 -7 
RSSI :-110 
Input angle :289
Zaxis angle :0 
minval :0 

minval :0 



-42 3 -1 -42 42 1 -3 42 -42 -6 8 -41 41 10 -12 40 
32 -56 -15 -65 -46 -57 17 -44 -52 -57 -70 -22 14 22 -37 -18 
49 42 66 -4 65 -34 39 26 66 -40 36 -64 -25 10 25 -33 
-50 41 -13 65 18 71 -33 33 22 75 56 48 -4 -26 24 34 
-28 -58 -62 -25 -73 4 -26 -39 -77 12 -58 45 27 0 -37 19 
62 -19 35 -56 6 -73 10 -96 119 -20 
RSSI :-110 
Input angle :289
Zaxis angle :0 
minval :0 

minval :0 



38 18 -20 37 -36 -21 23 -35 35 24 -27 32 -31 -29 30 -28 
-55 34 -19 64 9 73 -36 29 18 75 51 53 -2 -27 21 36 
-20 -62 -58 -33 -73 -2 -20 -42 -78 0 -63 39 27 3 -39 14 
64 -14 41 -53 14 -72 45 -10 14 -77 -24 -70 -8 26 -6 -41 
-1 65 44 49 67 30 3 46 73 27 73 -11 -24 -13 42 0 
-63 -14 -58 32 -42 59 93 -49 -68 16 
RSSI :-110 
Input angle :284
Zaxis angle :0 
minval :0 

minval :0 



-20 -37 37 -18 14 39 -40 12 -9 -41 41 -6 4 42 -41 3 
65 5 54 -39 35 -64 46 0 32 -70 -6 -74 -14 24 3 -41 
-16 63 27 60 58 45 -8 45 64 45 74 10 -21 -19 40 11 
-57 -31 -65 14 -55 48 -43 -18 -57 53 -21 72 23 -16 -19 37 
40 -51 -2 -66 -34 -65 25 -38 -41 -66 -65 -36 12 25 -32 -26 
42 48 66 9 71 -20 34 -31 105 -8 
RSSI :-110 
Input angle :289
Zaxis angle :0 
minval :0 

minval :0 



-22 35 -34 -23 25 -33 31 27 -29 29 -28 -30 31 -26 23 33 
-28 -58 -63 -23 -73 5 -23 -40 -77 8 -63 43 28 0 -37 17 
63 -16 40 -53 11 -72 44 -13 6 -77 -31 -69 -4 28 -7 -40 
4 64 47 48 69 23 6 46 74 22 75 -16 -26 -9 41 0 
-64 -9 -56 36 -36 63 -46 -4 -38 67 -1 76 15 -23 -9 40 
23 -60 -23 -62 -54 -49 14 47 -45 -13 
RSSI :-110 
Input angle :289
Zaxis angle :0 
minval :0 

minval :0 



18 37 -37 16 -15 -38 39 -13 10 40 -40 8 -5 -41 40 -3 
-65 -4 -54 39 -32 65 -46 -1 -30 71 5 76 12 -26 -4 40 
17 -63 -29 -60 -57 -45 8 -45 -65 -42 -76 -8 22 18 -39 -12 
58 28 64 -18 56 -46 42 18 54 -55 23 -72 -22 18 20 -35 
-40 51 5 67 37 63 -26 38 43 64 67 36 -14 -25 31 27 
-42 -49 -67 -10 -69 24 -35 -34 94 6 
RSSI :-110 
Input angle :289
Zaxis angle :0 
minval :0 

minval :0 



36 -19 16 37 -39 14 -11 -39 39 -10 8 40 -41 5 -1 -40 
-5 65 42 52 65 33 0 46 70 31 76 -7 -26 -11 40 5 
-63 -18 -60 31 -44 58 -45 -8 -44 63 -10 76 17 -24 -13 38 
30 -57 -15 -66 -49 -54 17 -41 -55 -53 -74 -22 19 22 -35 -20 
50 41 67 -4 65 -34 37 26 63 -43 36 -67 -25 15 26 -31 
-48 43 -7 67 22 69 118 16 -14 17 
RSSI :-110 
Input angle :290
Zaxis angle :0 
minval :0 

minval :0 



-29 29 -26 -31 32 -25 23 33 -35 21 -19 -36 37 -18 16 37 
-15 -63 -53 -40 -72 -14 -13 -43 -76 -7 -72 24 29 5 -40 8 
65 2 48 -45 28 -68 45 -3 25 -73 -9 -74 -11 27 2 -41 
-12 64 34 57 61 40 -6 44 67 37 76 6 -25 -15 39 10 
-60 -25 -63 23 -51 52 -43 -14 -48 59 -21 73 21 -20 -15 38 
38 -52 -9 -67 -41 -60 63 -1 -19 -16 
RSSI :-110 
Input angle :289
Zaxis angle :0 
minval :0 

minval :0 



37 17 -19 36 -34 -22 24 -33 32 25 -26 31 -29 -28 29 -28 
-54 36 -16 65 13 72 -34 28 17 74 49 57 -6 -28 19 35 
-23 -60 -60 -30 -74 0 -18 -40 -76 4 -65 39 29 0 -38 14 
64 -11 41 -53 13 -72 42 -12 10 -75 -24 -71 -4 29 -6 -40 
0 65 41 52 67 29 2 44 72 25 75 -8 -27 -11 40 1 
-63 -12 -58 34 -39 62 95 95 -113 16 
RSSI :-110 
Input angle :284
Zaxis angle :14 
minval :0 

minval :0 



8 -40 40 10 -11 39 -39 -14 17 -37 36 18 -21 35 -33 -23 
47 45 67 3 67 -31 33 28 69 -33 45 -59 -27 9 30 -27 
-53 36 -16 64 14 73 -32 29 21 73 48 57 -5 -29 22 34 
-23 -60 -59 -31 -74 0 -21 -38 -76 5 -66 34 29 0 -38 14 
63 -12 40 -53 11 -73 42 -12 9 -76 -23 -70 -7 28 -5 -40 
-2 65 43 51 68 28 32 81 -11 5 
RSSI :-110 
Input angle :289
Zaxis angle :0 
minval :0 

minval :0 



-30 -28 30 -27 26 32 -33 25 -23 -34 35 -21 19 36 -36 18 
63 -15 36 -55 9 -74 40 -17 4 -76 -29 -68 -5 28 -10 -39 
4 64 46 47 71 22 7 43 73 17 73 -13 -28 -10 41 -1 
-64 -8 -56 35 -35 65 -43 0 -32 68 0 73 16 -24 -6 41 
20 -61 -25 -61 -58 -46 7 -43 -60 -46 -72 -17 21 20 -38 -14 
55 33 65 -13 57 -47 -34 -64 28 -13 
RSSI :-110 
Input angle :290
Zaxis angle :0 
minval :0 

minval :0 



-16 39 -37 -17 18 -37 35 21 -24 34 -33 -25 27 -31 30 29 
-34 -54 -64 -17 -74 15 -29 -32 -72 19 -54 48 29 -2 -34 23 
59 -26 33 -59 0 -77 37 -21 -11 -74 -36 -63 -3 29 -15 -38 
13 63 52 40 74 11 15 40 74 8 69 -23 -28 -8 40 -8 
-64 0 -51 43 -27 70 -43 5 -20 72 10 72 13 -26 0 41 
12 -63 -33 -57 -62 -42 -8 30 71 -10 
RSSI :-110 
Input angle :289
Zaxis angle :0 
minval :0 

minval :0 



39 12 -13 39 -39 -14 15 -38 37 18 -21 35 -34 -23 25 -32 
-47 43 -9 66 26 70 -27 34 29 69 56 47 -6 -28 26 31 
-31 -56 -63 -21 -74 11 -27 -34 -74 14 -53 51 23 0 -36 19 
61 -21 34 -56 2 -74 39 -20 0 -74 -32 -65 -3 29 -13 -38 
8 64 50 44 73 16 13 42 73 13 71 -17 -27 -9 40 -4 
-64 -4 -52 40 -32 67 -97 -33 -82 17 
RSSI :-110 
Input angle :289
Zaxis angle :14 
minval :0 

minval :0 



15 -38 37 17 -19 36 -35 -21 23 -34 32 25 -26 31 -30 -27 
40 51 65 15 71 -21 30 31 71 -21 52 -52 -29 3 32 -24 
-58 27 -25 61 5 74 -37 23 8 74 35 65 1 -29 16 37 
-16 -62 -55 -36 -74 -8 -16 -40 -74 -4 -69 27 29 6 -39 9 
64 -4 50 -45 24 -72 43 -8 17 -72 -12 -73 -11 27 -2 -40 
-9 63 34 57 64 36 17 17 10 8 
RSSI :-110 
Input angle :289
Zaxis angle :0 
minval :0 

minval :0 



-37 -16 19 -36 35 22 -24 34 -32 -25 27 -30 29 29 -30 27 
54 -36 19 -64 -15 -72 33 -29 -20 -72 -51 -56 3 30 -19 -35 
24 60 60 28 74 -1 21 38 75 -6 65 -37 -30 -2 38 -13 
-63 11 -41 53 -13 73 -42 14 -10 74 22 72 8 -29 5 40 
0 -64 -44 -50 -68 -28 -4 -44 -71 -24 -75 8 28 13 -40 0 
63 14 58 -34 37 -64 -111 48 124 -17 
RSSI :-110 
Input angle :289
Zaxis angle :0 
minval :0 

minval :0 



13 39 -40 11 -9 -40 41 -7 4 41 -42 2 1 -42 41 3 
-63 -16 -61 29 -42 60 -44 -8 -40 64 -8 75 19 -24 -11 39 
30 -58 -16 -66 -51 -53 14 -42 -54 -52 -73 -21 20 23 -36 -19 
52 39 68 -5 62 -40 39 20 61 -45 37 -67 -26 16 26 -32 
-50 41 -7 67 27 69 -30 33 28 70 57 49 -10 -29 26 32 
-32 -56 -64 -21 -72 11 -48 94 -20 3 
RSSI :-110 
Input angle :289
Zaxis angle :14 
minval :0 

minval :0 



27 31 -33 25 -24 -34 35 -22 21 36 -37 20 -18 -37 38 -15 
-63 15 -38 56 -12 73 -42 14 -7 76 29 70 3 -31 6 41 
-1 -65 -45 -51 -69 -25 -4 -44 -72 -24 -75 12 29 10 -41 -3 
64 12 58 -34 40 -62 44 2 35 -67 1 -76 -16 27 7 -41 
-24 61 23 64 55 48 -11 43 59 48 73 19 -25 -19 37 18 
-56 -33 -67 9 -58 44 17 -81 56 12 
RSSI :-110 
Input angle :289
Zaxis angle :0 
minval :0 

minval :0 



-28 -29 30 -28 26 32 -33 24 -22 -34 36 -20 17 36 -38 16 
63 -14 36 -58 9 -73 40 -16 4 -76 -28 -71 -2 33 -6 -40 
4 65 50 47 71 19 8 43 73 17 75 -14 -32 -7 40 -1 
-65 -6 -55 40 -34 65 -44 0 -33 68 -2 77 14 -29 -7 40 
19 -62 -27 -63 -58 -45 9 -43 -61 -44 -75 -14 26 20 -37 -15 
56 33 67 -16 56 -47 -36 -32 -32 -14 
RSSI :-110 
Input angle :289
Zaxis angle :0 
minval :0 

minval :0 



-41 6 -5 -41 41 -2 0 42 -42 -1 4 -41 40 7 -10 40 
25 -61 -23 -65 -55 -50 12 -41 -58 -49 -73 -20 25 22 -37 -18 
55 36 68 -10 61 -42 39 19 59 -47 30 -69 -26 19 24 -33 
-46 46 -1 68 29 68 -28 33 34 68 57 50 -13 -30 28 30 
-35 -55 -67 -15 -73 15 -27 -33 -73 19 -58 48 32 -8 -35 22 
61 -23 30 -61 -1 -75 -15 -113 -76 -20 
RSSI :-110 
Input angle :289
Zaxis angle :0 
minval :0 

minval :0 



-8 41 -40 -10 13 -40 39 15 -17 38 -37 -19 23 -35 33 24 
-45 -47 -68 -5 -67 32 -34 -26 -66 35 -48 56 30 -12 -29 29 
54 -36 16 -66 -17 -73 32 -28 -22 -72 -47 -57 8 31 -23 -34 
25 60 61 29 75 -1 20 37 75 -6 65 -34 -32 0 39 -14 
-65 10 -42 53 -11 74 -41 13 -10 75 22 70 5 -32 6 41 
1 -66 -45 -51 -70 -25 -33 -50 52 -6 
RSSI :-110 
Input angle :289
Zaxis angle :0 
minval :0 

minval :0 



20 -36 34 22 -24 33 -31 -26 28 -30 28 29 -31 26 -24 -32 
28 58 62 27 75 -6 23 35 73 -9 63 -36 -31 0 36 -18 
-63 15 -37 56 -6 74 -39 15 -5 73 25 68 5 -31 11 39 
-4 -64 -46 -49 -71 -22 -9 -41 -71 -18 -72 11 30 10 -40 1 
64 10 56 -38 35 -66 42 0 31 -67 5 -73 -17 26 7 -40 
-20 61 25 63 56 49 -9 0 -99 10 
RSSI :-110 
Input angle :289
Zaxis angle :0 
minval :0 

minval :0 



-30 -28 30 -28 27 30 -32 26 -25 -33 35 -22 20 36 -36 18 
62 -16 38 -55 7 -74 39 -16 4 -73 -24 -67 -6 30 -10 -39 
3 64 46 48 71 20 9 41 71 18 71 -11 -28 -11 40 -2 
-63 -9 -57 36 -38 67 -42 0 -32 67 -5 71 18 -24 -6 40 
19 -61 -25 -62 -58 -47 7 -42 -57 -46 -69 -22 20 22 -38 -12 
55 31 66 -13 58 -47 -30 48 -35 -13 
RSSI :-110 
Input angle :289
Zaxis angle :0 
minval :0 

minval :0 



-31 27 -26 -33 34 -23 22 36 -37 19 -16 -38 39 -15 14 38 
-6 -64 -48 -45 -73 -19 -10 -42 -72 -17 -70 11 26 12 -40 4 
64 8 56 -37 34 -67 43 -2 30 -67 2 -71 -17 24 4 -40 
-18 61 25 61 57 49 -6 42 58 45 69 17 -20 -21 39 11 
-56 -32 -66 12 -59 46 -40 -15 -55 49 -29 64 25 -15 -20 36 
42 -48 0 -66 -36 -66 89 -81 -100 -16 
RSSI :-110 
Input angle :290
Zaxis angle :25 
minval :0 

minval :0 



38 16 -19 37 -36 -22 24 -34 33 26 -27 32 -30 -29 31 -28 
-56 31 -22 62 12 74 -31 29 15 72 39 58 1 -29 23 36 
-17 -61 -57 -34 -75 -3 -20 -38 -74 0 -66 26 28 7 -39 13 
64 -4 45 -48 19 -73 42 -10 17 -72 -11 -70 -12 26 -5 -41 
-4 64 38 55 68 33 5 43 70 27 70 -1 -24 -16 42 1 
-61 -19 -60 27 -45 61 82 47 98 15 
RSSI :-110 
Input angle :289
Zaxis angle :20 
minval :0 

minval :0 



40 -15 13 40 -41 12 -9 -42 42 -8 4 42 -43 1 0 -42 
-14 63 31 59 62 42 -3 44 63 40 70 10 -20 -20 41 9 
-58 -27 -65 17 -55 51 -42 -11 -50 55 -22 67 24 -16 -16 39 
37 -51 -1 -67 -40 -64 20 -39 -46 -59 -61 -36 11 27 -35 -24 
41 49 66 7 69 -29 35 26 68 -31 47 -53 -28 6 31 -29 
-54 34 -20 64 11 74 62 32 123 18 
RSSI :-110 
Input angle :289
Zaxis angle :0 
minval :0 

minval :0 



-7 -42 42 -4 1 42 -43 -1 3 -42 42 5 -7 42 -40 -10 
57 28 66 -16 54 -50 43 10 50 -55 22 -68 -24 17 18 -38 
-39 51 3 67 38 64 -19 39 42 62 61 37 -11 -27 33 25 
-43 -48 -66 -10 -71 25 -33 -29 -69 27 -49 52 29 -5 -32 27 
57 -30 26 -62 -7 -74 35 -27 -14 -74 -39 -60 0 30 -21 -36 
19 61 56 37 74 4 47 -127 24 0 
RSSI :-110 
Input angle :296
Zaxis angle :0 
minval :0 

minval :0 



-37 21 -19 -38 39 -17 14 40 -41 13 -11 -41 41 -9 6 41 
5 -64 -40 -54 -68 -31 -4 -44 -70 -29 -73 4 26 16 -41 -4 
62 15 60 -31 42 -61 44 3 40 -63 9 -72 -20 22 10 -41 
-25 59 18 66 49 55 -12 43 56 50 69 25 -17 -24 38 19 
-50 -41 -68 2 -63 39 -40 -19 -63 42 -37 63 28 -11 -25 33 
48 -43 9 -67 -24 -70 126 -33 -53 -18 
RSSI :-110 
Input angle :289
Zaxis angle :0 
minval :0 

minval :0 



-14 41 -40 -16 18 -39 38 19 -22 37 -35 -24 26 -34 32 28 
-42 -49 -67 -13 -70 22 -32 -31 -71 28 -52 51 30 -6 -33 26 
58 -28 26 -63 -6 -74 36 -26 -14 -75 -37 -64 0 30 -19 -38 
17 62 56 39 73 7 18 40 76 0 69 -27 -30 -6 41 -11 
-64 4 -49 47 -21 71 -43 10 -19 73 11 73 12 -28 2 43 
7 -64 -38 -56 -65 -34 -24 126 12 -8 
RSSI :-110 
Input angle :289
Zaxis angle :0 
minval :0 

minval :0 



-5 -42 43 -3 0 42 -43 -2 4 -43 43 6 -8 42 -41 -10 
59 27 67 -19 52 -51 42 14 50 -58 24 -71 -23 21 19 -38 
-39 52 6 69 40 61 -23 39 47 61 67 35 -15 -27 33 26 
-44 -47 -69 -5 -68 26 -34 -29 -70 32 -49 58 29 -9 -32 27 
56 -34 19 -66 -13 -72 36 -27 -18 -74 -49 -57 4 30 -20 -37 
22 61 62 31 73 -2 53 -47 124 -2 
RSSI :-110 
Input angle :289
Zaxis angle :0 
minval :0 

minval :0 



-35 -25 26 -34 33 28 -29 31 -29 -31 34 -27 24 36 -36 22 
61 -25 30 -62 -4 -72 40 -24 -6 -77 -40 -64 0 30 -14 -40 
13 64 55 42 72 12 14 44 77 9 71 -24 -29 -6 42 -4 
-65 -1 -53 44 -26 67 -46 6 -27 75 20 75 11 -28 -3 43 
12 -64 -34 -59 -61 -38 4 -46 -68 -38 -76 0 25 17 -42 -9 
61 23 66 -22 50 -52 -58 32 -65 -16 
RSSI :-110 
Input angle :289
Zaxis angle :14 
minval :0 

minval :0 



-41 18 -16 -41 42 -13 11 43 -43 9 -8 -43 43 -5 2 44 
7 -65 -37 -58 -63 -35 1 -47 -72 -31 -74 4 26 13 -43 -8 
63 18 63 -26 47 -55 46 10 46 -64 11 -73 -20 21 15 -41 
-32 57 12 68 45 56 -18 43 53 59 70 26 -17 -24 37 24 
-51 -41 -69 2 -63 33 -40 -26 -67 42 -38 64 25 -13 -29 32 
49 -44 11 -67 -21 -69 -103 -49 -68 -20 
RSSI :-110 
Input angle :289
Zaxis angle :0 
minval :0 

minval :0 



28 34 -36 26 -24 -37 38 -23 21 38 -40 18 -16 -41 42 -14 
-65 8 -48 48 -17 70 -47 12 -12 78 21 70 7 -27 5 43 
3 -66 -39 -55 -65 -29 -1 -48 -74 -27 -73 8 24 13 -44 -3 
63 18 61 -31 43 -57 48 7 40 -68 5 -73 -18 21 12 -42 
-27 59 17 66 48 53 -16 45 58 54 70 21 -18 -20 39 20 
-52 -40 -68 3 -61 36 0 -81 30 12 
RSSI :-110 
Input angle :289
Zaxis angle :0 
minval :0 

minval :0 



42 14 -16 42 -41 -18 20 -40 38 22 -24 37 -35 -27 29 -33 
-50 43 -11 67 19 69 -35 35 31 73 54 49 -6 -26 26 36 
-32 -57 -63 -25 -71 7 -27 -40 -79 14 -57 46 27 0 -39 21 
62 -20 35 -58 5 -72 45 -19 0 -80 -31 -66 -3 27 -11 -43 
7 65 48 47 68 22 10 48 77 17 71 -17 -25 -10 44 -4 
-65 -7 -55 39 -34 63 -120 -49 -68 18 
RSSI :-110 
Input angle :289
Zaxis angle :0 
minval :0 

minval :0 



31 -31 30 33 -34 29 -27 -35 36 -25 22 38 -39 20 -18 -40 
17 63 54 41 70 10 15 47 79 3 67 -31 -27 -6 43 -7 
-65 2 -51 45 -23 68 -49 7 -19 78 16 72 10 -26 -1 44 
9 -65 -37 -56 -60 -37 2 -49 -73 -32 -74 1 23 15 -43 -9 
62 22 64 -23 48 -52 48 12 47 -64 8 -74 -19 20 17 -40 
-34 56 9 67 42 57 -45 64 2 15 
RSSI :-110 
Input angle :289
Zaxis angle :0 
minval :0 

minval :0 



-41 -17 19 -40 39 21 -24 38 -36 -26 27 -35 34 28 -31 31 
50 -42 11 -68 -22 -67 33 -36 -30 -74 -58 -48 9 28 -26 -35 
30 57 65 22 71 -4 26 42 78 -16 59 -48 -29 2 41 -17 
-62 20 -35 59 -3 71 -45 19 0 80 36 67 1 -30 11 42 
-7 -65 -50 -47 -68 -19 -10 -48 -78 -13 -72 22 28 8 -44 2 
65 5 54 -42 34 -63 118 48 78 -19 
RSSI :-110 
Input angle :289
Zaxis angle :0 
minval :0 

minval :0 



-42 15 -13 -43 44 -10 6 44 -45 4 0 -45 45 2 -5 45 
12 -65 -39 -57 -61 -37 3 -48 -72 -33 -77 3 28 12 -43 -11 
62 21 65 -26 49 -51 48 12 47 -63 10 -76 -19 25 18 -40 
-35 56 12 69 42 57 -22 43 50 61 73 26 -20 -23 35 28 
-47 -46 -70 -1 -65 28 -38 -30 -69 38 -40 66 26 -15 -32 30 
54 -36 13 -68 -16 -69 -87 -81 -54 -20 
RSSI :-110 
Input angle :289
Zaxis angle :0 
minval :0 

minval :0 



-2 46 -46 -3 6 -46 45 9 -11 45 -44 -13 16 -43 41 18 
-57 -33 -68 17 -55 45 -46 -17 -59 52 -23 73 24 -22 -27 36 
43 -49 -4 -70 -31 -64 29 -40 -39 -68 -70 -33 17 27 -30 -34 
39 53 69 10 68 -20 35 34 74 -25 47 -61 -30 12 39 -23 
-60 27 -25 65 4 71 -40 28 8 78 48 60 -6 -32 14 43 
-16 -64 -60 -35 -71 -8 -61 -98 78 -1 
RSSI :-110 
Input angle :290
Zaxis angle :0 
minval :0 

minval :0 



42 -18 16 43 -44 14 -11 -44 45 -9 6 46 -46 3 -1 -46 
-1 66 48 50 66 27 8 49 73 25 74 -16 -30 -9 46 8 
-65 -14 -60 34 -41 57 -49 -1 -41 66 3 76 14 -29 -17 42 
25 -61 -26 -65 -51 -49 12 -48 -58 -52 -75 -10 24 21 -38 -25 
53 39 68 -10 59 -39 45 20 63 -45 26 -71 -24 20 31 -33 
-48 45 -3 70 24 67 -125 -112 -5 17 
RSSI :-110 
Input angle :290
Zaxis angle :0 
minval :0 

minval :0 



-47 -1 4 -47 47 7 -9 47 -46 -11 14 -46 45 16 -19 43 
29 -60 -19 -65 -46 -54 13 -49 -52 -59 -71 -17 20 22 -37 -29 
52 42 68 -4 64 -31 44 24 68 -37 32 -65 -25 15 35 -32 
-51 42 -9 68 19 68 -32 38 24 74 59 43 -10 -28 24 41 
-31 -59 -64 -22 -71 5 -32 -38 -77 11 -53 50 30 -4 -45 14 
65 -16 33 -60 7 -71 20 0 107 -20 
RSSI :-110 
Input angle :289
Zaxis angle :0 
minval :0 

minval :0 



26 41 -42 24 -20 -44 45 -17 16 46 -47 13 -10 -47 48 -8 
-67 6 -44 52 -22 67 -48 14 -23 75 27 68 7 -28 -1 48 
7 -67 -42 -53 -62 -33 -6 -50 -71 -34 -71 14 26 11 -47 -10 
65 18 62 -30 45 -54 50 5 47 -62 0 -72 -17 24 17 -45 
-31 59 20 65 42 57 -15 48 51 59 71 15 -19 -21 37 31 
-52 -42 -68 5 -62 34 -19 126 -1 9 
RSSI :-110 
Input angle :289
Zaxis angle :0 
minval :0 

minval :0 



50 -1 -1 50 -50 -3 6 -50 49 10 -12 48 -47 -15 18 -46 
-25 62 24 63 44 53 -13 50 59 54 72 12 -21 -19 41 27 
-55 -38 -66 11 -60 34 -46 -23 -67 44 -22 69 22 -17 -34 36 
48 -46 4 -67 -20 -66 32 -40 -30 -74 -63 -36 11 25 -28 -41 
32 58 66 14 69 -9 33 39 79 -17 48 -54 -27 6 46 -19 
-63 21 -29 60 -7 69 5 0 49 20 
RSSI :-110 
Input angle :289
Zaxis angle :0 
minval :0 

minval :0 



34 -36 34 36 -39 31 -28 -41 43 -27 25 43 -44 22 -20 -45 
22 61 58 31 69 8 25 48 81 -1 56 -42 -26 1 48 -10 
-65 7 -40 53 -23 65 -52 13 -15 79 29 64 5 -25 0 50 
3 -66 -42 -52 -61 -37 -3 -54 -76 -27 -68 18 24 10 -49 -8 
63 17 58 -30 46 -51 55 5 43 -68 -4 -70 -13 21 18 -46 
-30 58 20 63 41 56 -21 96 30 14 
RSSI :-110 
Input angle :290
Zaxis angle :14 
minval :0 

minval :0 



-34 -33 35 -32 31 36 -38 27 -25 -41 41 -24 23 42 -43 19 
61 -15 34 -55 12 -71 47 -27 -4 -76 -36 -56 -5 25 -9 -46 
4 63 47 45 67 25 15 52 76 11 62 -25 -23 -9 47 0 
-63 -6 -53 38 -37 61 -54 4 -28 71 11 66 14 -21 -8 46 
22 -59 -29 -58 -52 -49 3 -54 -66 -42 -69 9 18 18 -44 -17 
55 32 63 -16 59 -39 -49 32 -87 -15 
RSSI :-110 
Input angle :289
Zaxis angle :0 
minval :0 

minval :0 



-24 39 -38 -27 29 -35 34 31 -33 33 -30 -34 36 -27 26 37 
-27 -59 -64 -23 -75 8 -31 -38 -73 14 -58 44 31 0 -42 17 
63 -15 35 -58 7 -75 43 -24 0 -74 -32 -66 -6 31 -9 -45 
0 66 50 45 71 23 15 47 72 15 70 -19 -29 -13 46 0 
-64 -9 -56 39 -39 64 -49 5 -29 68 5 73 17 -26 -9 45 
22 -61 -27 -63 -56 -49 7 111 57 -11 
RSSI :-110 
Input angle :289
Zaxis angle :0 
minval :0 

minval :0 



17 43 -44 15 -13 -44 46 -11 7 46 -46 4 -2 -47 46 0 
-66 -9 -55 41 -36 65 -50 4 -29 69 5 75 17 -25 -11 45 
20 -63 -30 -61 -57 -49 6 -50 -62 -43 -74 -8 23 20 -43 -17 
58 33 66 -17 58 -48 47 16 54 -53 21 -72 -25 18 24 -39 
-45 50 0 68 34 67 -26 43 41 64 67 34 -13 -28 33 33 
-37 -55 -67 -11 -73 20 -30 110 -111 6 
RSSI :-110 
Input angle :289
Zaxis angle :0 
minval :0 

minval :0 



21 43 -44 19 -17 -44 46 -13 10 46 -48 7 -4 -48 48 -2 
-67 -6 -53 42 -36 66 -53 3 -30 70 12 73 12 -26 -7 47 
20 -64 -31 -60 -58 -47 6 -52 -64 -42 -74 0 23 18 -45 -15 
59 34 65 -18 58 -48 50 13 56 -55 5 -76 -21 19 23 -41 
-43 53 4 68 35 66 -24 46 45 61 68 28 -15 -25 35 32 
-43 -52 -68 -5 -71 24 -20 -114 26 8 
RSSI :-110 
Input angle :289
Zaxis angle :0 
minval :0 

minval :0 



46 12 -14 46 -45 -18 20 -44 43 21 -24 42 -40 -27 28 -39 
-51 45 -3 67 26 70 -29 43 36 67 61 36 -11 -25 33 35 
-36 -58 -65 -14 -73 14 -36 -38 -72 23 -45 54 27 -6 -41 24 
64 -22 26 -62 1 -75 44 -28 -7 -76 -44 -55 0 20 -13 -45 
12 67 54 40 73 15 21 48 76 6 62 -33 -27 -5 48 -8 
-69 -4 -49 45 -28 69 -92 -1 87 18 
RSSI :-110 
Input angle :289
Zaxis angle :0 
minval :0 

minval :0 



-17 -45 45 -16 13 46 -47 11 -7 -47 48 -4 0 48 -47 -1 
66 14 57 -33 42 -60 49 0 35 -66 -1 -63 -15 24 9 -47 
-28 62 19 64 51 53 -9 48 59 46 63 10 -20 -20 43 19 
-54 -41 -66 7 -62 39 -46 -18 -60 45 -22 59 23 -16 -27 39 
52 -44 7 -66 -29 -68 27 -41 -33 -67 -53 -37 11 27 -33 -34 
35 58 64 18 73 -13 35 33 5 -5 
RSSI :-110 
Input angle :289
Zaxis angle :0 
minval :0 

minval :0 



-45 8 -3 -45 46 -1 0 46 -46 -1 4 -45 45 7 -10 44 
30 -60 -16 -64 -50 -53 9 -45 -56 -48 -60 -14 21 22 -42 -18 
51 43 66 -6 63 -38 42 18 60 -44 27 -56 -27 16 27 -37 
-53 41 -9 65 24 69 -27 37 32 67 49 38 -10 -30 31 33 
-31 -59 -62 -22 -72 9 -32 -33 -72 17 -46 41 31 -4 -39 22 
63 -20 34 -56 2 -73 -17 -65 11 -19 
RSSI :-110 
Input angle :289
Zaxis angle :0 
minval :0 

minval :0 



-25 35 -35 -27 29 -33 31 31 -32 30 -28 -34 36 -26 24 36 
-18 -64 -58 -33 -73 0 -23 -38 -74 3 -58 28 34 1 -41 15 
66 -5 42 -51 17 -71 42 -15 12 -74 -16 -63 -6 33 -6 -43 
-5 66 39 54 66 29 6 44 70 24 65 -3 -31 -13 44 3 
-64 -18 -60 28 -43 59 -44 -4 -39 63 -9 65 19 -27 -11 42 
31 -59 -17 -64 -50 -53 32 -1 -114 -13 
RSSI :-110 
Input angle :289
Zaxis angle :0 
minval :0 

minval :0 


