
31 -35 31 35 -38 29 -25 -40 41 -22 19 43 -45 14 -10 -45 
75 42 -44 6 -15 23 -5 12 64 7 64 62 -64 -26 26 38 
-85 -12 38 -23 5 -27 0 -13 -62 14 -83 -33 68 0 -38 -26 
84 -20 -28 34 6 27 4 13 51 -37 89 1 -63 26 45 10 
-69 51 11 -43 -15 -23 -10 -9 -35 52 -83 32 49 -48 -46 8 
43 -75 5 44 23 15 47 32 57 -16 
RSSI :-110 
Input angle :60
Zaxis angle :20 
minval :0 

minval :0 



-21 45 -43 -24 29 -40 38 32 -35 35 -32 -38 40 -29 26 42 
-68 -25 47 -17 5 -35 -8 -23 -47 -7 -84 -56 55 23 -38 -31 
73 1 -37 34 7 35 17 17 46 -12 99 19 -60 1 47 16 
-67 29 22 -45 -21 -29 -22 -10 -38 29 -99 19 55 -23 -49 5 
50 -52 -2 50 31 18 24 1 23 -41 88 -50 -41 44 43 -24 
-27 68 -17 -47 -36 -5 -24 -113 5 12 
RSSI :-110 
Input angle :66
Zaxis angle :0 
minval :0 

minval :0 



48 16 -19 48 -46 -23 27 -43 40 31 -34 38 -35 -37 39 -32 
-8 80 -29 -37 -35 7 -15 14 9 57 -33 97 12 -69 -25 44 
-25 -76 40 24 31 -18 9 -18 -29 -50 -1 -103 13 68 8 -50 
48 64 -46 -5 -21 28 -1 20 46 35 38 95 -39 -58 12 50 
-70 -40 45 -12 9 -34 -6 -20 -56 -14 -72 -73 59 37 -29 -41 
79 10 -38 28 5 35 -27 80 -120 -3 
RSSI :-110 
Input angle :59
Zaxis angle :0 
minval :0 

minval :0 



-53 22 -17 -55 56 -12 7 57 -57 2 2 -57 57 8 -12 55 
-43 -83 44 12 32 -30 3 -17 -42 -43 -24 -103 24 61 -9 -55 
74 59 -45 7 -18 40 3 17 55 25 63 84 -45 -48 28 48 
-89 -31 40 -22 0 -44 -9 -15 -60 -3 -90 -57 59 25 -44 -35 
94 -8 -28 36 17 41 14 10 57 -18 104 23 -65 -2 54 14 
-86 38 13 -44 -30 -32 67 -1 -39 9 
RSSI :-110 
Input angle :66
Zaxis angle :0 
minval :0 

minval :0 



51 -12 8 52 -53 4 0 -53 53 3 -8 52 -51 -14 18 -49 
8 86 -51 -22 -41 12 -15 23 16 52 -7 103 -15 -49 2 51 
-40 -77 55 4 33 -27 7 -27 -35 -42 -32 -98 32 39 -19 -49 
64 58 -53 15 -20 37 5 27 47 27 64 80 -44 -24 35 38 
-82 -29 42 -35 4 -43 -15 -23 -54 -8 -91 -48 50 7 -46 -22 
87 -3 -26 48 11 41 -45 32 6 -4 
RSSI :-110 
Input angle :63
Zaxis angle :0 
minval :0 

minval :0 



-33 -37 40 -30 26 42 -44 22 -19 -47 48 -14 10 49 -49 6 
58 -50 -7 54 15 19 19 6 21 -33 65 -45 -15 51 45 -22 
-34 68 -16 -53 -22 -10 -21 0 -7 38 -41 67 -4 -54 -33 37 
3 -76 33 44 24 2 19 -9 -8 -39 13 -78 24 48 14 -48 
23 73 -46 -29 -23 6 -15 15 21 33 15 78 -41 -34 2 50 
-47 -60 54 9 19 -14 122 -1 20 -6 
RSSI :-110 
Input angle :56
Zaxis angle :0 
minval :0 

minval :0 



-45 19 -14 -47 48 -8 3 49 -49 0 4 -49 49 8 -11 47 
-34 -64 36 27 16 -21 7 -6 -40 -26 -34 -76 50 47 -7 -47 
54 49 -43 -15 -7 26 -5 9 47 10 58 60 -65 -23 24 42 
-68 -26 45 -4 -1 -26 1 -10 -47 7 -76 -34 69 0 -37 -30 
73 -3 -40 21 12 23 2 10 42 -23 84 1 -63 27 47 13 
-66 29 29 -35 -21 -16 -118 -81 -77 9 
RSSI :-110 
Input angle :63
Zaxis angle :14 
minval :0 

minval :0 



-26 41 -39 -31 34 -37 33 37 -40 30 -26 -42 44 -24 21 45 
-66 -26 51 -8 0 -29 0 -19 -54 6 -72 -42 68 5 -35 -35 
71 -1 -42 29 10 26 8 17 47 -27 82 12 -66 20 46 18 
-66 27 30 -43 -20 -21 -13 -12 -34 41 -81 20 53 -43 -50 0 
52 -48 -11 51 26 12 17 6 15 -52 66 -50 -33 59 46 -19 
-28 65 -6 -51 -28 -2 18 -64 -39 13 
RSSI :-110 
Input angle :67
Zaxis angle :0 
minval :0 

minval :0 



-2 52 -51 -7 11 -51 50 14 -18 49 -47 -22 28 -44 41 31 
-77 0 27 -42 -1 -37 -28 -14 -55 8 -88 -14 55 -9 -50 -13 
72 -26 -10 49 14 34 31 3 47 -27 88 -17 -46 31 51 -5 
-55 52 -7 -50 -25 -26 -31 7 -34 44 -75 48 31 -45 -46 23 
29 -71 26 43 34 14 24 -19 15 -53 51 -73 -12 54 34 -39 
-4 77 -41 -30 -36 -1 24 16 -37 13 
RSSI :-110 
Input angle :64
Zaxis angle :0 
minval :0 

minval :0 



43 20 -24 41 -39 -27 30 -37 34 33 -36 31 -25 -40 42 -21 
-29 77 -22 -28 -45 -2 -18 20 -6 66 -48 87 23 -58 -29 37 
1 -83 31 18 44 -13 11 -24 -13 -65 9 -99 -1 62 13 -46 
32 76 -36 -6 -36 28 0 27 36 55 25 97 -21 -58 1 47 
-58 -60 35 -8 23 -40 -9 -25 -55 -36 -62 -78 43 46 -20 -43 
74 37 -30 20 -7 46 6 113 -95 3 
RSSI :-110 
Input angle :66
Zaxis angle :0 
minval :0 

minval :0 



29 -23 21 31 -32 18 -16 -33 35 -13 10 35 -36 7 -4 -36 
45 53 -34 -14 -9 24 0 15 45 32 37 85 -47 -58 15 33 
-63 -31 37 -1 0 -27 -5 -14 -53 -16 -68 -64 64 38 -27 -24 
70 8 -35 13 10 25 10 11 56 -7 87 34 -74 -13 33 14 
-68 20 27 -25 -18 -19 -13 -6 -49 26 -93 0 74 -14 -36 0 
57 -42 -16 34 25 11 -112 80 11 -11 
RSSI :-110 
Input angle :66
Zaxis angle :0 
minval :0 

minval :0 



1 -36 36 4 -7 35 -35 -9 14 -33 31 18 -20 29 -28 -21 
63 -17 -31 38 7 17 19 15 32 -21 85 -2 -47 28 35 10 
-54 38 12 -47 -13 -13 -23 -6 -22 32 -78 32 33 -44 -36 2 
36 -55 3 49 17 8 24 -1 6 -38 61 -58 -14 53 32 -15 
-12 65 -23 -43 -19 0 -21 11 6 38 -31 79 -5 -55 -24 27 
-11 -65 37 32 17 -6 -83 -33 -70 -9 
RSSI :-110 
Input angle :62
Zaxis angle :14 
minval :0 

minval :0 



-44 5 -2 -45 45 0 -3 44 -44 -8 12 -43 41 17 -20 39 
-18 -72 29 29 24 -31 4 -5 -26 -44 -8 -94 16 64 5 -43 
44 60 -37 -17 -11 38 -2 6 41 30 44 84 -37 -56 10 43 
-62 -41 41 2 -2 -40 0 -6 -50 -12 -71 -63 58 34 -26 -35 
73 15 -38 14 16 36 3 6 51 -4 89 31 -66 -11 37 22 
-74 12 32 -27 -29 -26 76 95 67 6 
RSSI :-110 
Input angle :66
Zaxis angle :0 
minval :0 

minval :0 



31 32 -35 29 -27 -37 38 -24 21 40 -42 17 -13 -44 43 -11 
-50 69 14 -46 -38 5 -2 2 -20 63 -78 69 65 -59 -38 24 
22 -83 3 47 32 -20 1 -3 -8 -66 43 -95 -35 81 28 -35 
12 85 -22 -42 -23 30 0 4 30 59 -6 104 1 -88 -12 43 
-46 -72 37 31 10 -37 -1 -3 -51 -43 -32 -100 28 83 -5 -45 
67 53 -45 -16 4 38 -1 -80 95 5 
RSSI :-110 
Input angle :66
Zaxis angle :0 
minval :0 

minval :0 



47 8 -12 47 -45 -16 20 -44 42 23 -26 40 -37 -31 34 -34 
2 87 -19 -43 -25 24 -14 -7 23 49 -7 80 -5 -74 -19 43 
-33 -80 35 32 14 -32 16 2 -38 -38 -25 -75 31 67 0 -47 
63 60 -44 -17 -1 35 -16 4 49 21 51 62 -54 -51 17 44 
-81 -33 48 0 -12 -33 13 -9 -53 -1 -71 -37 70 24 -32 -35 
87 2 -44 18 22 28 -52 32 60 -5 
RSSI :-110 
Input angle :63
Zaxis angle :0 
minval :0 

minval :0 



-42 -31 35 -40 37 37 -40 34 -29 -44 47 -26 22 48 -48 19 
55 -76 1 44 40 13 31 -24 31 -47 89 -34 -41 39 39 -35 
-25 90 -18 -40 -42 0 -21 33 -13 55 -70 64 26 -51 -26 46 
-12 -93 32 30 39 -15 5 -38 -7 -57 40 -86 -6 57 6 -52 
44 82 -41 -16 -29 29 8 38 28 49 -5 95 -16 -55 12 51 
-73 -58 44 0 16 -38 72 127 82 -9 
RSSI :-110 
Input angle :69
Zaxis angle :0 
minval :0 

minval :0 



27 32 -34 23 -20 -36 38 -17 13 40 -41 10 -7 -41 40 -4 
-53 58 24 -32 -45 -18 -8 24 -49 46 -98 14 72 -20 -37 17 
31 -73 -11 39 49 0 -2 -25 29 -61 84 -53 -60 46 27 -29 
0 79 -3 -40 -45 18 11 23 -1 68 -59 80 34 -67 -14 38 
-27 -74 19 36 35 -33 -19 -16 -23 -63 23 -97 -6 75 -3 -40 
55 57 -31 -26 -20 44 -70 96 117 12 
RSSI :-110 
Input angle :68
Zaxis angle :0 
minval :0 

minval :0 



-27 -26 29 -24 22 32 -33 19 -15 -35 37 -12 9 37 -38 6 
65 -66 -23 36 50 13 -4 -20 56 -47 96 -23 -77 15 32 -19 
-37 85 6 -43 -51 6 11 17 -35 64 -82 54 65 -42 -23 30 
1 -93 8 43 46 -23 -17 -12 9 -73 52 -83 -45 64 9 -37 
30 88 -23 -36 -33 39 20 5 18 72 -18 97 19 -75 3 37 
-64 -66 36 24 17 -49 80 31 6 -15 
RSSI :-110 
Input angle :74
Zaxis angle :14 
minval :0 

minval :0 



25 43 -45 22 -19 -46 48 -14 8 49 -50 4 0 -50 50 2 
-83 42 13 -31 -35 -41 -27 16 -50 23 -97 -2 58 0 -47 13 
62 -69 -1 34 47 25 19 -25 38 -41 92 -32 -54 23 38 -31 
-28 89 -11 -32 -53 -5 -8 30 -18 52 -70 68 41 -41 -24 42 
-5 -93 23 24 52 -14 -3 -32 -3 -55 42 -88 -24 53 7 -48 
40 83 -30 -16 -43 33 95 48 -97 12 
RSSI :-110 
Input angle :72
Zaxis angle :0 
minval :0 

minval :0 



-34 -34 36 -31 27 40 -42 23 -20 -43 45 -16 12 47 -46 7 
62 -56 -6 34 30 21 25 -10 21 -31 91 -28 -42 37 40 -24 
-37 75 -7 -35 -36 -7 -18 19 -6 36 -72 64 26 -49 -28 39 
2 -85 19 28 36 -3 10 -25 -6 -36 50 -82 -7 56 13 -45 
26 81 -30 -20 -32 18 0 26 19 32 -13 95 -14 -54 5 47 
-55 -64 33 7 23 -27 125 -81 14 -5 
RSSI :-110 
Input angle :68
Zaxis angle :0 
minval :0 

minval :0 



50 27 -32 47 -44 -36 39 -41 38 43 -47 33 -28 -50 51 -25 
-42 80 -21 -37 -22 -5 -31 11 -1 46 -61 59 13 -59 -39 40 
10 -90 32 28 22 -3 24 -23 -15 -43 31 -80 8 60 21 -53 
22 87 -41 -13 -18 12 -15 29 31 35 -3 86 -29 -54 0 57 
-53 -74 44 -1 13 -18 2 -33 -42 -21 -30 -81 46 38 -23 -52 
77 49 -39 19 -4 22 -65 -16 -5 0 
RSSI :-110 
Input angle :61
Zaxis angle :0 
minval :0 

minval :0 



-42 -26 27 -41 38 31 -35 35 -32 -38 41 -27 25 42 -43 22 
40 -76 16 34 29 9 29 -7 -10 -36 59 -74 -6 58 33 -36 
-7 86 -28 -26 -31 3 -24 18 23 29 -27 90 -14 -57 -19 46 
-21 -83 35 14 27 -15 13 -27 -33 -18 -7 -93 35 47 0 -50 
54 66 -39 2 -19 24 -4 30 37 5 44 82 -51 -29 17 45 
-75 -43 34 -15 7 -30 109 31 -56 2 
RSSI :-110 
Input angle :62
Zaxis angle :14 
minval :0 

minval :0 



30 30 -33 26 -23 -36 38 -20 16 40 -41 13 -9 -42 42 -5 
-44 59 -2 -30 -36 -7 -14 10 2 54 -72 60 23 -54 -36 22 
18 -72 13 28 36 -7 9 -15 -25 -48 43 -83 -2 59 27 -33 
11 73 -23 -19 -30 21 -4 18 40 37 -9 94 -22 -54 -12 41 
-38 -63 29 9 22 -29 -2 -17 -51 -20 -27 -90 38 44 -1 -42 
58 46 -31 2 -9 35 -33 112 108 -1 
RSSI :-110 
Input angle :64
Zaxis angle :0 
minval :0 

minval :0 



-37 -33 35 -35 31 37 -40 28 -24 -44 45 -20 16 46 -47 13 
41 -76 0 41 41 19 7 -1 -1 -45 74 -67 -24 66 41 -27 
-12 86 -15 -38 -45 -3 -6 2 17 41 -43 90 -2 -70 -27 41 
-19 -84 28 30 44 -12 5 -5 -31 -31 7 -99 29 63 8 -49 
48 72 -36 -18 -35 28 -2 7 41 17 28 96 -51 -47 8 49 
-74 -43 41 0 22 -40 75 -33 -67 -1 
RSSI :-110 
Input angle :58
Zaxis angle :0 
minval :0 

minval :0 



51 18 -23 49 -47 -27 30 -45 42 34 -38 38 -35 -42 44 -31 
-28 86 -18 -39 -39 -13 -17 2 17 45 -47 77 3 -71 -30 44 
-7 -90 33 27 42 0 14 -8 -33 -36 17 -89 23 67 15 -52 
41 80 -40 -15 -38 17 -10 13 44 20 17 89 -43 -57 8 53 
-65 -63 43 0 31 -28 5 -16 -49 -4 -51 -75 61 35 -27 -47 
85 31 -39 16 -16 38 -64 16 94 -4 
RSSI :-110 
Input angle :67
Zaxis angle :0 
minval :0 

minval :0 



-36 -19 23 -35 32 26 -29 30 -27 -31 33 -24 22 35 -36 19 
17 -75 12 39 46 0 21 -9 -12 -46 53 -78 -7 62 29 -29 
12 76 -25 -33 -43 16 -16 15 27 39 -24 91 -17 -59 -14 38 
-40 -65 36 20 34 -31 9 -21 -40 -26 -12 -93 35 50 0 -41 
59 49 -40 -4 -19 42 -1 22 47 9 47 81 -53 -32 16 38 
-74 -24 39 -10 3 -46 66 -113 120 2 
RSSI :-110 
Input angle :58
Zaxis angle :0 
minval :0 

minval :0 



47 2 -6 46 -45 -10 15 -45 43 18 -22 41 -40 -26 28 -37 
13 66 -35 -29 -25 23 -8 10 27 52 -2 99 -22 -63 -13 45 
-37 -57 43 13 15 -31 4 -12 -42 -39 -39 -91 43 50 -4 -47 
55 39 -45 2 -2 34 1 12 55 19 71 69 -59 -31 20 42 
-66 -15 41 -19 -10 -33 -5 -12 -57 0 -89 -43 66 6 -35 -31 
67 -10 -33 31 21 27 -41 112 -43 -7 
RSSI :-110 
Input angle :65
Zaxis angle :0 
minval :0 

minval :0 



-38 18 -16 -39 41 -12 9 41 -42 4 -1 -42 42 2 -6 41 
-50 -58 47 13 19 -32 6 -18 -52 -33 -50 -88 47 39 -7 -40 
68 35 -48 5 -5 36 1 19 60 12 76 66 -58 -19 21 35 
-77 -5 42 -22 -8 -36 -7 -18 -61 8 -96 -35 61 -3 -34 -24 
72 -25 -31 36 21 30 13 14 53 -30 102 -2 -55 27 40 8 
-59 48 15 -45 -31 -19 107 111 -78 12 
RSSI :-110 
Input angle :61
Zaxis angle :0 
minval :0 

minval :0 



6 -46 45 9 -14 45 -43 -18 22 -41 40 25 -28 37 -34 -31 
83 -5 -37 22 15 31 21 11 68 -23 84 8 -56 7 43 17 
-76 32 26 -34 -27 -21 -24 -1 -53 49 -81 22 49 -27 -46 -1 
56 -61 -10 42 33 10 23 -6 34 -64 67 -51 -34 43 43 -17 
-33 76 -6 -42 -35 2 -18 15 -2 72 -45 71 16 -53 -33 31 
1 -83 21 38 31 -15 -100 15 -91 -18 
RSSI :-110 
Input angle :64
Zaxis angle :0 
minval :0 

minval :0 



30 24 -27 27 -25 -29 31 -22 20 33 -35 16 -13 -36 36 -10 
-49 55 -4 -40 -29 -5 -23 5 -11 53 -67 55 30 -56 -30 22 
24 -71 19 35 28 -8 19 -14 -9 -55 37 -79 -6 63 19 -32 
4 74 -32 -24 -23 19 -12 20 28 46 -6 87 -18 -61 -5 37 
-32 -68 38 11 15 -25 3 -24 -45 -32 -24 -83 38 51 -8 -37 
55 51 -40 3 -5 29 -40 16 118 3 
RSSI :-110 
Input angle :61
Zaxis angle :0 
minval :0 

minval :0 



-38 28 -23 -41 43 -21 16 44 -47 12 -8 -47 48 -4 0 48 
-56 -54 33 4 -4 -34 -6 -25 -46 -6 -59 -65 66 40 -17 -44 
72 31 -33 6 15 31 15 21 46 -10 80 36 -77 -12 31 35 
-78 -3 28 -18 -26 -22 -21 -14 -37 28 -88 -9 76 -15 -43 -19 
74 -26 -19 27 32 10 25 5 25 -39 84 -23 -66 41 47 4 
-57 53 8 -32 -34 0 -34 -33 -47 11 
RSSI :-110 
Input angle :61
Zaxis angle :0 
minval :0 

minval :0 



-10 -53 54 -6 1 55 -54 -4 9 -54 53 13 -18 51 -49 -21 
82 -34 -36 36 14 17 25 -6 43 -45 76 -11 -48 28 54 3 
-63 61 20 -46 -19 -10 -21 15 -22 58 -66 38 36 -43 -50 19 
34 -81 -1 50 21 1 13 -23 -2 -62 42 -64 -14 54 40 -36 
-1 88 -19 -46 -21 6 -4 26 26 57 -19 74 -8 -56 -22 49 
-33 -82 34 37 16 -14 71 -113 34 -11 
RSSI :-110 
Input angle :68
Zaxis angle :0 
minval :0 

minval :0 



27 21 -24 24 -22 -26 27 -20 18 29 -30 14 -11 -32 32 -8 
-40 64 -7 -33 -30 -6 -17 -1 -2 61 -65 63 38 -62 -27 19 
14 -75 20 27 31 -7 16 -4 -23 -56 35 -84 -15 71 18 -28 
17 74 -28 -17 -25 18 -13 10 41 45 -2 91 -16 -71 -5 33 
-43 -63 34 5 18 -26 8 -14 -55 -26 -32 -85 40 61 -6 -32 
64 42 -33 7 -5 31 -11 -48 112 1 
RSSI :-110 
Input angle :63
Zaxis angle :0 
minval :0 

minval :0 



-36 19 -17 -37 37 -14 10 39 -40 6 -3 -40 40 0 -4 39 
-70 -50 31 5 2 -30 5 -19 -52 -11 -62 -72 63 42 -10 -38 
83 22 -31 6 8 29 2 20 53 -9 86 42 -75 -15 23 32 
-85 14 26 -18 -18 -24 -10 -17 -44 30 -95 -12 74 -15 -33 -21 
75 -41 -17 26 26 15 15 12 33 -42 92 -24 -65 39 39 7 
-54 67 6 -31 -29 -5 -57 -113 3 13 
RSSI :-110 
Input angle :63
Zaxis angle :0 
minval :0 

minval :0 



-23 -46 48 -17 13 50 -51 10 -5 -51 51 0 -3 51 -51 -7 
63 -68 -13 34 18 14 29 5 21 -59 64 -53 -35 54 49 -12 
-32 87 0 -37 -22 -6 -29 6 -1 63 -40 73 14 -61 -43 28 
-1 -93 13 34 23 -2 24 -16 -24 -58 9 -83 11 63 30 -42 
36 85 -24 -26 -20 11 -16 24 42 46 20 81 -34 -52 -11 50 
-67 -63 34 14 15 -17 21 -33 -59 -7 
RSSI :-110 
Input angle :61
Zaxis angle :0 
minval :0 

minval :0 



47 13 -16 47 -45 -20 24 -43 40 29 -32 38 -35 -34 37 -32 
10 86 -18 -30 -42 7 -15 19 31 46 -20 76 1 -62 -22 43 
-38 -78 29 20 37 -22 6 -24 -47 -30 -10 -78 18 59 3 -48 
66 56 -35 -9 -27 34 3 24 55 12 40 68 -38 -48 13 47 
-82 -27 36 -4 11 -42 -12 -21 -55 8 -62 -48 55 27 -28 -40 
86 -9 -30 19 4 43 -64 0 -67 -8 
RSSI :-110 
Input angle :61
Zaxis angle :0 
minval :0 

minval :0 



-16 45 -44 -20 23 -42 39 27 -30 37 -35 -33 35 -32 28 38 
-81 -14 42 -14 3 -34 -12 -13 -59 18 -74 -43 69 16 -39 -27 
82 -14 -34 29 7 33 16 7 48 -38 85 12 -70 10 46 11 
-68 47 21 -39 -20 -27 -18 0 -28 55 -82 21 60 -38 -47 7 
48 -68 -3 45 29 18 17 -5 7 -61 69 -51 -43 57 41 -24 
-18 81 -11 -43 -34 -5 57 16 70 15 
RSSI :-110 
Input angle :64
Zaxis angle :0 
minval :0 

minval :0 



41 27 -30 38 -36 -33 36 -34 30 39 -42 26 -21 -44 46 -17 
-19 85 -7 -36 -31 -3 -17 4 11 53 -42 78 18 -67 -35 34 
-13 -86 21 29 29 -9 15 -11 -28 -46 15 -88 5 69 22 -44 
44 75 -30 -20 -25 19 -9 15 44 31 16 87 -31 -62 -4 48 
-69 -52 35 7 17 -26 3 -18 -52 -15 -47 -74 50 48 -12 -48 
83 26 -35 4 -6 30 -41 -96 -39 -3 
RSSI :-110 
Input angle :61
Zaxis angle :0 
minval :0 

minval :0 



-44 -13 17 -42 41 21 -24 40 -38 -26 30 -34 30 34 -36 27 
-2 -85 19 35 36 -4 15 -6 -22 -56 25 -89 5 71 22 -39 
34 79 -33 -23 -31 19 -10 13 43 41 8 92 -29 -65 -5 45 
-62 -59 39 10 23 -28 5 -16 -55 -24 -43 -81 53 46 -9 -44 
79 32 -40 3 -11 35 0 16 59 3 68 62 -65 -27 26 37 
-85 -5 36 -18 -3 -36 26 47 15 5 
RSSI :-110 
Input angle :64
Zaxis angle :0 
minval :0 

minval :0 



36 -21 18 38 -39 14 -11 -41 41 -7 4 42 -42 2 1 -41 
56 57 -41 -10 -12 31 3 16 50 16 41 81 -53 -47 11 40 
-74 -30 43 -4 0 -33 -9 -14 -52 4 -66 -62 67 24 -26 -33 
81 1 -37 20 13 31 13 10 47 -23 84 34 -71 1 37 19 
-74 30 27 -32 -24 -23 -16 -3 -34 39 -91 3 66 -28 -41 -4 
56 -57 -11 41 32 11 70 32 119 -13 
RSSI :-110 
Input angle :64
Zaxis angle :0 
minval :0 

minval :0 



-6 45 -45 -10 15 -43 41 19 -22 40 -38 -25 28 -36 32 30 
-81 11 31 -26 -13 -21 -9 -8 -47 21 -93 -20 70 -18 -41 -18 
72 -39 -20 36 20 15 11 3 35 -38 92 -20 -57 44 45 0 
-50 65 4 -41 -24 -7 -12 0 -19 48 -81 50 38 -60 -42 14 
24 -78 9 40 25 -2 10 -5 0 -51 57 -76 -13 71 33 -30 
7 82 -24 -34 -22 12 75 48 26 12 
RSSI :-110 
Input angle :61
Zaxis angle :0 
minval :0 

minval :0 



-26 -34 36 -23 19 38 -40 15 -12 -41 42 -8 3 43 -43 0 
52 -66 -8 43 32 12 17 -4 9 -52 71 -55 -43 52 39 -15 
-21 81 -8 -43 -34 1 -15 10 7 52 -47 77 18 -66 -31 29 
-6 -84 24 37 32 -13 10 -14 -27 -46 16 -88 7 67 18 -38 
37 75 -35 -25 -25 24 -3 17 42 31 16 88 -31 -60 -1 42 
-64 -54 43 8 12 -32 48 47 -62 -4 
RSSI :-110 
Input angle :61
Zaxis angle :0 
minval :0 

minval :0 



0 -51 51 4 -8 50 -50 -12 16 -48 47 20 -23 45 -42 -27 
84 -45 -15 42 2 28 0 6 55 -46 102 -28 -58 51 50 9 
-61 75 -1 -45 -14 -24 -2 -5 -36 62 -88 61 34 -68 -50 7 
27 -92 17 41 21 18 4 4 11 -71 60 -88 -7 77 43 -26 
5 96 -31 -32 -26 -10 -5 -3 15 71 -26 104 -17 -75 -33 38 
-38 -89 40 19 28 0 82 -65 92 -15 
RSSI :-110 
Input angle :60
Zaxis angle :0 
minval :0 

minval :0 



14 -41 39 18 -22 37 -35 -25 27 -33 31 30 -33 28 -25 -35 
84 0 -37 27 9 21 7 5 50 -14 92 30 -71 3 36 25 
-78 31 24 -38 -17 -15 -8 -2 -42 31 -96 4 65 -27 -42 -8 
64 -55 -7 45 21 8 8 0 27 -45 87 -41 -50 50 43 -7 
-38 76 -10 -44 -23 0 -7 3 -7 52 -66 70 28 -65 -37 22 
6 -83 25 38 21 -9 -50 127 32 -13 
RSSI :-110 
Input angle :61
Zaxis angle :0 
minval :0 

minval :0 



40 -29 25 42 -45 21 -17 -47 48 -12 9 49 -49 4 -1 -49 
68 49 -38 -6 -15 24 -1 17 61 21 58 76 -60 -37 16 46 
-79 -26 38 -6 5 -29 -5 -17 -65 1 -82 -50 70 12 -33 -35 
83 -8 -32 22 4 29 11 13 60 -26 95 15 -70 11 43 21 
-75 37 22 -32 -15 -24 -15 -9 -46 46 -94 21 59 -39 -49 -1 
54 -64 -8 38 24 16 107 112 -14 -16 
RSSI :-110 
Input angle :61
Zaxis angle :0 
minval :0 

minval :0 



55 3 -8 54 -53 -13 17 -52 50 21 -25 49 -46 -29 32 -44 
37 78 -35 -23 -24 15 -3 5 39 44 8 97 -40 -62 -13 53 
-68 -54 41 7 15 -23 0 -6 -53 -25 -43 -86 58 45 -5 -54 
83 26 -41 7 -5 27 1 6 58 4 70 67 -71 -19 25 48 
-87 2 35 -22 -5 -28 -3 -5 -56 18 -90 -34 73 -9 -39 -38 
80 -34 -25 34 14 24 -78 32 10 -10 
RSSI :-110 
Input angle :58
Zaxis angle :0 
minval :0 

minval :0 



29 29 -31 27 -24 -34 35 -21 18 37 -38 16 -12 -40 40 -8 
-40 74 -6 -47 -25 -2 -6 9 -1 56 -69 65 23 -73 -35 20 
8 -84 23 41 25 -8 2 -11 -20 -52 35 -88 4 76 22 -34 
26 80 -37 -29 -20 16 2 11 39 40 -1 94 -32 -69 -9 39 
-53 -65 46 12 13 -23 -5 -10 -50 -25 -33 -88 56 51 -6 -40 
73 41 -47 4 -4 26 -29 112 96 0 
RSSI :-110 
Input angle :64
Zaxis angle :0 
minval :0 

minval :0 



9 51 -52 5 0 -52 52 3 -8 51 -50 -13 18 -49 47 21 
-66 51 11 -46 -29 -15 -5 0 -31 51 -87 31 49 -49 -52 -4 
41 -72 6 47 33 4 4 -2 8 -59 68 -63 -25 65 50 -15 
-13 82 -20 -42 -32 6 -3 3 10 58 -41 83 0 -69 -39 33 
-17 -81 37 29 27 -19 1 -4 -34 -49 2 -93 29 63 23 -46 
48 67 -45 -14 -18 27 -60 -32 -40 8 
RSSI :-110 
Input angle :64
Zaxis angle :0 
minval :0 

minval :0 



-47 1 2 -47 47 5 -10 46 -44 -15 19 -43 41 22 -24 40 
-31 -81 42 25 30 -7 -1 -4 -43 -50 10 -103 34 70 11 -45 
59 65 -48 -10 -25 19 3 3 58 31 33 97 -62 -47 7 46 
-78 -37 48 -9 15 -27 -4 -2 -66 -4 -67 -78 74 23 -24 -40 
87 6 -43 24 -5 31 4 0 62 -22 91 48 -77 7 38 27 
-82 29 28 -40 -7 -31 51 79 -25 10 
RSSI :-110 
Input angle :64
Zaxis angle :0 
minval :0 

minval :0 



-3 -52 52 0 -4 52 -51 -7 12 -51 49 17 -21 48 -45 -24 
73 -50 -9 47 16 28 -1 -2 40 -58 103 -21 -55 54 51 7 
-51 72 -7 -47 -25 -20 2 1 -14 69 -89 57 29 -72 -51 10 
20 -86 23 41 31 10 -2 -1 -10 -70 64 -84 -2 78 43 -28 
12 87 -38 -29 -33 2 2 0 38 60 -23 103 -28 -73 -28 43 
-49 -73 47 10 29 -14 21 -17 -59 -11 
RSSI :-110 
Input angle :64
Zaxis angle :0 
minval :0 

minval :0 



37 -31 27 40 -42 25 -22 -43 44 -18 14 46 -47 9 -5 -47 
79 37 -45 11 -9 32 0 3 67 -1 75 71 -75 -14 23 42 
-87 -5 35 -30 -4 -33 -1 -2 -60 29 -97 -37 76 -10 -38 -30 
83 -29 -24 39 15 30 2 1 48 -47 104 2 -66 38 46 14 
-67 56 7 -46 -25 -21 -3 0 -28 61 -97 37 44 -62 -48 3 
39 -79 11 45 32 10 -1 79 3 -17 
RSSI :-110 
Input angle :60
Zaxis angle :0 
minval :0 

minval :0 



28 39 -41 24 -21 -43 45 -17 15 46 -47 10 -6 -47 47 -1 
-31 78 -19 -42 -26 -5 -1 6 0 52 -62 75 14 -71 -43 19 
-3 -84 34 31 25 -5 0 -6 -20 -48 31 -92 12 72 35 -32 
34 77 -43 -18 -22 14 3 5 37 37 8 97 -36 -63 -21 43 
-57 -62 46 1 15 -20 -5 -4 -47 -22 -41 -88 56 46 2 -48 
76 35 -44 14 -7 25 -47 -112 -30 0 
RSSI :-110 
Input angle :64
Zaxis angle :0 
minval :0 

minval :0 



29 51 -54 23 -19 -56 58 -14 11 58 -59 6 0 -60 59 5 
-45 71 -3 -38 -23 -15 -1 -3 -19 56 -82 63 31 -66 -57 16 
19 -82 18 34 27 4 3 2 -3 -59 53 -89 -5 73 46 -37 
18 82 -29 -24 -26 5 -4 -1 25 54 -14 102 -19 -71 -29 51 
-42 -73 37 13 23 -14 4 0 -42 -42 -21 -101 43 60 8 -59 
68 50 -38 2 -16 21 -35 0 -15 5 
RSSI :-110 
Input angle :60
Zaxis angle :0 
minval :0 

minval :0 



-16 58 -57 -21 25 -54 52 30 -33 50 -47 -37 40 -44 40 44 
-82 7 28 -25 1 -28 -2 -5 -59 25 -101 -29 72 -15 -51 -31 
74 -36 -18 33 10 26 4 5 47 -43 105 -5 -63 39 59 6 
-55 61 4 -37 -19 -21 -6 -3 -27 59 -95 45 41 -61 -58 13 
27 -78 10 36 26 12 6 0 2 -64 73 -75 -15 72 50 -31 
0 82 -22 -31 -28 -2 81 -80 94 15 
RSSI :-110 
Input angle :60
Zaxis angle :0 
minval :0 

minval :0 



-48 17 -12 -49 50 -6 2 50 -51 -1 6 -51 49 10 -15 47 
-47 -69 39 17 18 -13 -2 -6 -47 -38 -23 -96 51 54 -2 -50 
70 45 -43 0 -11 19 4 5 59 17 56 80 -69 -29 20 45 
-83 -13 39 -17 3 -22 -6 -3 -61 3 -81 -56 74 3 -37 -34 
82 -16 -31 30 3 22 6 0 55 -26 96 20 -71 22 46 19 
-70 47 17 -39 -13 -18 101 -49 -10 11 
RSSI :-110 
Input angle :64
Zaxis angle :0 
minval :0 

minval :0 



-47 -7 12 -46 45 15 -19 43 -42 -23 25 -40 39 26 -30 36 
-25 -82 37 31 20 -17 -2 -9 -31 -44 6 -96 26 64 16 -45 
54 66 -45 -15 -13 22 5 8 45 28 29 91 -50 -48 2 47 
-76 -38 48 -2 2 -26 -7 -5 -53 -11 -59 -75 65 25 -19 -43 
85 8 -43 21 6 26 8 1 52 -11 84 45 -69 -2 35 31 
-82 24 32 -35 -18 -20 76 -17 -38 7 
RSSI :-110 
Input angle :64
Zaxis angle :0 
minval :0 

minval :0 



-32 -33 37 -28 25 39 -41 22 -17 -43 45 -13 9 45 -45 5 
42 -75 3 44 32 6 7 -5 3 -55 64 -67 -24 67 40 -21 
-10 86 -20 -40 -32 6 -4 7 18 52 -37 85 -3 -72 -29 36 
-21 -84 34 29 28 -15 2 -8 -36 -42 5 -93 27 66 16 -43 
52 69 -42 -15 -20 25 1 9 48 27 31 87 -51 -51 1 46 
-74 -45 45 0 8 -32 34 111 94 -2 
RSSI :-110 
Input angle :64
Zaxis angle :0 
minval :0 

minval :0 



-20 -39 41 -18 15 42 -42 12 -8 -44 44 -3 -2 44 -43 -5 
59 -67 -3 47 25 14 7 -2 20 -57 82 -50 -36 61 43 -11 
-30 84 -16 -44 -28 -3 -6 5 2 61 -54 78 13 -70 -34 26 
-1 -88 30 36 28 -5 3 -7 -21 -57 25 -93 12 70 25 -36 
33 82 -41 -22 -22 17 0 7 43 42 14 95 -38 -60 -7 43 
-62 -63 47 5 15 -24 29 -113 -13 -7 
RSSI :-110 
Input angle :64
Zaxis angle :0 
minval :0 

minval :0 



-11 -42 43 -7 2 43 -43 -1 5 -43 43 10 -13 42 -40 -15 
78 -46 -16 40 16 16 4 2 37 -43 92 -29 -59 47 44 0 
-55 72 0 -44 -21 -9 -4 -1 -19 54 -78 59 37 -64 -40 15 
24 -87 14 42 22 0 4 0 -2 -57 48 -84 -11 74 32 -29 
10 90 -30 -32 -21 8 -4 2 24 51 -17 96 -21 -72 -19 39 
-46 -78 40 18 17 -14 81 -49 87 -10 
RSSI :-110 
Input angle :63
Zaxis angle :0 
minval :0 

minval :0 



35 -6 3 36 -36 1 1 -36 36 5 -8 35 -34 -12 14 -33 
49 71 -47 -10 -21 27 -2 8 54 27 33 82 -48 -48 -2 36 
-74 -44 47 -9 8 -33 -1 -8 -60 -5 -61 -65 62 27 -13 -33 
85 13 -41 25 3 35 4 7 58 -18 80 37 -68 0 23 28 
-85 16 28 -39 -16 -30 -7 -5 -47 38 -89 -6 64 -21 -32 -16 
72 -48 -12 47 26 22 118 -112 -102 -14 
RSSI :-110 
Input angle :64
Zaxis angle :0 
minval :0 

minval :0 



0 29 -28 -1 3 -28 27 6 -9 27 -26 -12 14 -25 23 15 
-73 50 16 -49 -30 -21 -3 4 -29 48 -89 22 47 -47 -27 -7 
52 -72 2 51 36 8 2 -5 10 -55 76 -51 -28 61 28 -3 
-23 85 -22 -46 -36 6 0 5 13 54 -47 79 2 -67 -24 13 
-10 -87 37 35 31 -18 -1 -5 -32 -46 13 -90 24 63 17 -22 
46 75 -48 -18 -22 29 -62 0 72 7 
RSSI :-110 
Input angle :64
Zaxis angle :0 
minval :0 

minval :0 



-26 13 -10 -27 28 -8 5 29 -29 3 0 -29 29 1 -4 29 
-68 -50 51 0 14 -36 -6 -6 -57 -9 -49 -65 55 32 -5 -28 
82 22 -46 20 0 39 8 3 57 -12 70 41 -63 -7 16 23 
-84 7 35 -36 -15 -36 -9 0 -48 33 -80 -10 62 -15 -24 -16 
74 -41 -20 46 28 27 8 -3 33 -48 79 -18 -50 40 28 5 
-55 64 0 -50 -37 -13 -37 111 -55 14 
RSSI :-110 
Input angle :64
Zaxis angle :0 
minval :0 

minval :0 



-17 -17 17 -16 14 19 -21 13 -11 -22 22 -9 7 23 -24 5 
45 -69 4 52 42 8 6 -10 -1 -58 60 -51 -22 60 20 -13 
-16 80 -26 -46 -42 10 -1 12 23 53 -38 69 0 -65 -13 20 
-11 -82 41 32 35 -24 -2 -11 -40 -40 8 -79 24 60 6 -23 
42 71 -49 -19 -24 34 6 10 53 23 21 76 -43 -48 2 24 
-66 -48 53 -3 9 -42 20 -49 0 0 
RSSI :-110 
Input angle :64
Zaxis angle :0 
minval :0 

minval :0 



22 -12 10 23 -24 8 -6 -25 26 -3 1 26 -25 0 2 -25 
37 73 -50 -24 -31 32 4 13 53 31 16 74 -40 -48 6 25 
-63 -53 56 6 18 -41 -8 -11 -61 -7 -41 -63 55 28 -15 -21 
77 29 -53 15 -1 45 12 7 60 -11 62 43 -62 -8 21 13 
-82 2 44 -34 -13 -43 -14 -1 -51 34 -74 -15 60 -15 -25 -5 
75 -35 -27 48 30 34 -121 -80 -34 -14 
RSSI :-110 
Input angle :68
Zaxis angle :0 
minval :0 

minval :0 



8 30 -30 6 -4 -31 31 0 -1 30 -30 -4 6 -30 29 9 
-80 35 26 -45 -22 -30 -10 0 -39 52 -80 19 51 -43 -30 1 
61 -61 -7 51 31 20 9 -3 17 -62 65 -52 -31 59 27 -13 
-34 80 -14 -50 -37 -7 -8 6 3 65 -43 71 7 -67 -21 22 
4 -87 28 42 37 -7 5 -9 -27 -58 15 -82 15 65 11 -28 
33 80 -44 -28 -31 20 -56 112 -75 10 
RSSI :-110 
Input angle :61
Zaxis angle :0 
minval :0 

minval :0 



-4 -33 33 -1 -2 33 -32 -5 8 -32 31 11 -14 30 -28 -17 
82 -2 -45 32 3 42 10 5 57 -35 86 13 -61 22 32 4 
-75 31 29 -47 -18 -39 -12 -1 -42 52 -85 20 50 -43 -32 6 
59 -56 -7 55 32 28 11 -4 19 -64 70 -52 -29 59 27 -18 
-32 75 -11 -54 -40 -14 -9 7 5 67 -48 73 5 -66 -18 27 
0 -82 31 46 42 -1 -119 -65 -126 -16 
RSSI :-110 
Input angle :61
Zaxis angle :0 
minval :0 

minval :0 



27 12 -14 26 -25 -17 19 -23 21 21 -23 20 -17 -24 25 -14 
-24 81 -14 -42 -45 -2 -7 2 17 64 -45 84 2 -68 -18 23 
-6 -85 28 35 44 -12 6 -5 -38 -54 10 -94 23 64 9 -28 
37 77 -40 -19 -35 28 -4 7 56 35 22 93 -47 -49 2 29 
-62 -58 44 3 22 -40 0 -8 -66 -11 -57 -76 61 31 -12 -26 
79 29 -42 14 -6 45 6 -79 -123 -4 
RSSI :-110 
Input angle :58
Zaxis angle :0 
minval :0 

minval :0 



-36 0 3 -36 35 6 -9 34 -34 -12 15 -32 30 19 -20 29 
-31 -79 43 30 32 -24 0 -9 -48 -42 -12 -90 34 58 9 -35 
58 61 -52 -11 -21 34 2 8 60 23 46 78 -52 -44 3 36 
-76 -38 53 -7 9 -39 -5 -7 -65 0 -70 -57 64 20 -16 -32 
85 7 -45 27 6 40 7 5 60 -24 86 27 -67 6 27 23 
-81 26 32 -43 -22 -34 66 31 71 11 
RSSI :-110 
Input angle :61
Zaxis angle :0 
minval :0 

minval :0 



-3 -41 41 0 -4 41 -40 -8 11 -39 38 15 -19 36 -35 -21 
73 -41 -15 39 25 16 11 6 36 -45 88 -27 -54 48 40 8 
-54 63 0 -42 -30 -5 -12 -1 -15 57 -70 59 34 -64 -41 8 
24 -80 14 38 30 -5 12 -3 -4 -58 42 -81 -7 72 35 -22 
6 83 -28 -30 -25 16 -10 7 27 52 -12 90 -21 -70 -23 34 
-36 -75 38 17 16 -25 71 -1 -107 -10 
RSSI :-110 
Input angle :60
Zaxis angle :0 
minval :0 

minval :0 



46 -5 1 46 -46 -2 6 -46 44 10 -13 44 -43 -17 20 -41 
36 79 -45 -20 -19 14 2 16 43 42 8 76 -34 -57 -5 45 
-63 -59 49 2 13 -20 -9 -14 -55 -22 -35 -68 53 40 -13 -43 
80 35 -47 16 -4 24 13 9 59 0 59 48 -63 -17 28 35 
-87 0 35 -34 -4 -23 -15 -4 -56 20 -72 -26 66 -7 -39 -24 
82 -29 -23 44 12 21 -78 -32 -21 -11 
RSSI :-110 
Input angle :64
Zaxis angle :0 
minval :0 

minval :0 



4 42 -42 1 0 -42 43 3 -7 42 -40 -10 15 -40 38 18 
-74 49 13 -40 -14 -10 -10 5 -37 44 -84 19 55 -44 -42 -2 
46 -75 2 43 17 5 8 -8 19 -54 69 -51 -34 62 40 -12 
-17 87 -19 -38 -18 2 -3 11 5 57 -45 74 7 -71 -32 27 
-14 -88 33 28 16 -8 0 -11 -24 -52 16 -84 16 69 19 -38 
47 75 -40 -14 -11 13 -87 96 14 10 
RSSI :-110 
Input angle :64
Zaxis angle :0 
minval :0 

minval :0 



-47 0 4 -47 46 8 -12 45 -44 -16 20 -42 40 23 -26 38 
-30 -84 39 21 19 -6 -5 -6 -35 -42 2 -90 33 64 12 -45 
59 67 -44 -6 -16 12 7 3 48 27 27 86 -52 -51 6 46 
-80 -38 43 -10 10 -18 -8 -1 -55 -6 -61 -67 67 25 -21 -41 
89 5 -35 27 -2 20 7 -2 53 -15 81 40 -73 0 35 29 
-85 27 25 -37 -5 -20 75 -65 -121 8 
RSSI :-110 
Input angle :64
Zaxis angle :0 
minval :0 

minval :0 



-3 -44 44 0 -3 44 -44 -8 11 -43 41 15 -19 40 -38 -22 
88 -30 -28 37 7 22 4 0 48 -38 98 -2 -68 31 43 6 
-72 59 11 -44 -16 -17 -4 1 -31 54 -89 42 49 -56 -43 10 
44 -83 6 45 21 11 4 -2 8 -61 66 -73 -23 71 36 -24 
-10 93 -20 -40 -24 -1 -2 3 16 59 -36 91 1 -75 -25 36 
-25 -90 35 29 22 -7 111 111 22 -13 
RSSI :-110 
Input angle :64
Zaxis angle :0 
minval :0 

minval :0 



37 19 -22 36 -34 -24 26 -32 31 29 -31 28 -24 -34 36 -20 
-13 86 -21 -41 -37 -4 -3 2 19 54 -48 85 -3 -73 -26 32 
-17 -85 35 30 36 -9 2 -4 -37 -44 13 -97 25 68 13 -39 
47 73 -43 -15 -30 23 -1 4 51 28 25 95 -52 -51 3 41 
-71 -51 46 -2 19 -33 0 -4 -58 -5 -53 -82 65 31 -17 -37 
84 20 -42 17 -6 37 -31 0 -6 -5 
RSSI :-110 
Input angle :60
Zaxis angle :0 
minval :0 

minval :0 



-31 21 -19 -33 35 -15 11 36 -37 9 -6 -38 38 -2 0 38 
-73 -48 44 -1 10 -29 -4 -3 -57 -8 -64 -68 68 24 -12 -36 
85 19 -41 17 2 31 5 1 57 -12 84 38 -72 3 25 29 
-86 12 32 -30 -13 -27 -5 0 -47 33 -93 -7 67 -25 -33 -18 
77 -42 -17 40 22 21 4 -2 32 -48 87 -31 -49 51 38 3 
-53 70 1 -44 -28 -11 -54 -33 87 14 
RSSI :-110 
Input angle :64
Zaxis angle :0 
minval :0 

minval :0 



30 33 -35 26 -23 -38 40 -20 17 41 -42 15 -10 -43 44 -6 
-29 82 -7 -36 -24 1 -8 6 3 45 -51 72 15 -67 -41 19 
1 -87 21 30 22 -10 5 -9 -21 -40 21 -85 10 68 30 -33 
35 79 -30 -20 -15 18 0 11 35 29 10 87 -37 -58 -13 43 
-60 -64 36 7 7 -23 -2 -11 -43 -14 -41 -77 53 43 -1 -45 
80 36 -36 5 1 25 -72 -64 70 -1 
RSSI :-110 
Input angle :64
Zaxis angle :0 
minval :0 

minval :0 



-43 -14 18 -42 40 22 -25 38 -37 -27 30 -34 31 33 -35 27 
-17 -74 24 14 28 -19 10 -10 -28 -46 -2 -92 23 60 24 -37 
44 62 -28 -5 -19 28 -7 13 43 33 36 85 -45 -46 -7 45 
-64 -40 27 -6 6 -33 1 -15 -53 -10 -66 -64 60 25 -9 -44 
75 14 -23 15 4 33 3 15 53 -7 84 37 -64 -5 24 38 
-75 12 15 -21 -18 -29 63 -33 -127 6 
RSSI :-110 
Input angle :60
Zaxis angle :0 
minval :0 

minval :0 



48 -9 4 48 -49 0 5 -48 48 10 -14 47 -46 -17 20 -44 
56 66 -36 -4 -27 26 -8 7 49 30 34 93 -48 -53 -5 47 
-76 -40 35 -6 16 -34 5 -10 -56 -9 -65 -74 64 33 -12 -46 
86 9 -30 21 -1 37 0 12 56 -11 89 43 -72 -6 30 38 
-82 24 20 -30 -12 -36 -4 -11 -46 34 -99 -6 69 -22 -42 -24 
67 -54 -6 35 25 28 124 64 -124 -13 
RSSI :-110 
Input angle :70
Zaxis angle :0 
minval :0 

minval :0 



-14 46 -45 -19 22 -43 41 25 -29 38 -36 -32 35 -32 28 38 
-89 11 36 -25 -3 -31 -1 -5 -57 30 -94 -31 67 -12 -41 -24 
77 -44 -22 39 15 26 3 4 42 -48 99 -8 -57 37 47 8 
-57 67 6 -44 -23 -19 -5 -3 -24 59 -87 47 39 -56 -47 9 
25 -85 9 44 29 11 5 1 0 -64 64 -76 -16 66 39 -27 
5 89 -25 -37 -31 0 107 80 -51 14 
RSSI :-110 
Input angle :58
Zaxis angle :0 
minval :0 

minval :0 



-29 -40 42 -26 22 45 -46 18 -14 -47 48 -9 5 50 -49 1 
39 -77 4 41 29 13 6 0 8 -60 69 -69 -19 71 45 -18 
-6 86 -19 -36 -32 0 -5 3 12 59 -34 91 -9 -73 -34 35 
-27 -83 32 26 30 -10 4 -5 -36 -48 0 -97 36 64 19 -45 
59 64 -39 -12 -25 21 -1 6 50 32 35 90 -56 -46 -1 49 
-75 -43 42 0 15 -29 14 15 84 -3 
RSSI :-110 
Input angle :53
Zaxis angle :14 
minval :0 

minval :0 



38 -18 16 39 -41 11 -8 -42 42 -4 0 42 -42 -4 8 -42 
72 54 -45 -2 -14 28 -7 3 58 11 56 86 -66 -40 7 42 
-87 -23 42 -14 3 -31 5 -6 -58 9 -84 -58 77 8 -23 -35 
89 -10 -33 29 9 30 -2 7 51 -30 100 23 -75 17 33 26 
-80 40 20 -40 -18 -25 0 -8 -35 46 -102 10 62 -46 -41 -9 
59 -68 -3 44 27 16 60 0 96 -15 
RSSI :-110 
Input angle :58
Zaxis angle :0 
minval :0 

minval :0 



-21 -24 25 -18 16 27 -28 15 -12 -29 30 -9 6 31 -31 4 
49 -70 2 52 26 4 12 -7 3 -59 65 -52 -32 56 29 -13 
-21 83 -22 -47 -25 7 -9 11 19 56 -38 74 6 -65 -20 24 
-11 -85 37 36 20 -15 4 -14 -38 -45 7 -83 16 62 10 -30 
43 74 -48 -19 -13 22 1 14 51 29 21 81 -38 -52 1 32 
-67 -53 52 -1 4 -25 17 95 98 -2 
RSSI :-110 
Input angle :64
Zaxis angle :0 
minval :0 

minval :0 



35 2 -7 35 -34 -9 12 -33 32 15 -18 30 -29 -20 21 -27 
11 85 -24 -36 -29 2 -1 15 28 54 -14 85 -21 -68 -12 32 
-43 -74 36 25 26 -13 -5 -15 -49 -36 -25 -83 46 55 -1 -35 
68 52 -42 -10 -18 22 10 12 58 18 50 70 -63 -34 14 32 
-82 -27 43 -6 10 -27 -13 -7 -62 3 -73 -46 70 9 -24 -24 
86 -5 -38 21 0 29 -39 0 118 -8 
RSSI :-110 
Input angle :68
Zaxis angle :0 
minval :0 

minval :0 



-23 35 -32 -26 29 -30 28 31 -34 25 -22 -35 38 -17 15 39 
-89 -26 39 -23 0 -19 -4 -3 -54 10 -81 -49 80 9 -28 -31 
92 -11 -27 36 7 18 4 1 45 -30 94 13 -78 19 38 19 
-84 41 14 -43 -13 -14 -4 0 -30 45 -93 20 65 -47 -42 -3 
59 -72 5 45 17 8 4 -1 11 -53 79 -53 -42 68 40 -12 
-29 88 -22 -40 -19 -1 40 -96 -99 13 
RSSI :-110 
Input angle :64
Zaxis angle :0 
minval :0 

minval :0 



-22 -31 33 -19 16 35 -36 13 -9 -37 38 -5 2 39 -38 0 
50 -67 4 38 17 -5 9 -7 18 -46 66 -57 -31 63 36 -11 
-23 81 -18 -34 -14 11 -5 10 0 50 -38 79 5 -71 -29 24 
-6 -84 30 24 8 -16 1 -11 -18 -46 5 -88 22 66 16 -34 
40 73 -37 -11 -2 18 3 10 34 36 26 84 -45 -54 -3 38 
-65 -53 38 -3 -4 -17 68 -33 0 -5 
RSSI :-110 
Input angle :61
Zaxis angle :0 
minval :0 

minval :0 



12 -34 33 15 -18 31 -30 -20 22 -29 27 24 -26 25 -23 -28 
87 -6 -30 28 20 11 12 3 40 -22 82 18 -71 6 30 19 
-80 35 18 -37 -23 -3 -12 1 -29 35 -83 10 63 -32 -35 -7 
60 -63 -3 42 23 -5 10 -6 15 -43 72 -43 -45 55 35 -8 
-30 82 -13 -39 -19 14 -7 9 1 45 -50 68 22 -67 -30 19 
0 -88 25 33 12 -20 -82 -81 -112 -11 
RSSI :-110 
Input angle :61
Zaxis angle :0 
minval :0 

minval :0 



-6 36 -36 -9 11 -35 34 14 -18 32 -31 -21 23 -29 26 25 
-82 -14 45 -23 -3 -38 -10 -8 -55 20 -84 -28 64 -3 -34 -13 
80 -20 -34 38 16 34 12 3 44 -37 88 -4 -59 26 37 0 
-68 48 15 -48 -28 -25 -13 1 -25 52 -79 37 45 -46 -33 14 
44 -70 4 50 36 12 11 -5 3 -58 60 -64 -26 60 27 -25 
-18 81 -22 -45 -38 1 76 -80 13 14 
RSSI :-110 
Input angle :61
Zaxis angle :0 
minval :0 

minval :0 



-44 -12 15 -43 41 19 -23 40 -37 -26 29 -35 33 31 -34 29 
8 -83 18 46 30 1 17 -2 -18 -59 33 -88 10 70 20 -40 
22 80 -36 -34 -29 9 -15 8 40 47 1 94 -34 -61 -4 45 
-49 -67 47 16 24 -18 11 -13 -53 -30 -35 -87 55 43 -11 -43 
72 43 -50 1 -14 27 -5 16 61 4 66 67 -68 -18 27 36 
-82 -11 46 -18 4 -30 18 63 -106 4 
RSSI :-110 
Input angle :64
Zaxis angle :14 
minval :0 

minval :0 



15 -47 46 19 -22 44 -42 -28 32 -38 34 36 -39 31 -29 -40 
88 13 -42 24 -2 27 0 9 64 -13 91 34 -78 5 42 26 
-86 24 28 -39 -7 -26 -4 -9 -54 36 -97 0 70 -35 -48 -10 
73 -52 -11 46 17 21 7 7 38 -52 91 -35 -52 58 48 -8 
-45 77 -4 -48 -23 -13 -9 -4 -13 63 -71 66 26 -73 -41 26 
13 -88 23 42 27 3 -42 95 -86 -17 
RSSI :-110 
Input angle :66
Zaxis angle :14 
minval :0 

minval :0 



31 28 -30 29 -26 -32 35 -24 21 36 -38 17 -14 -39 40 -10 
-38 75 -9 -54 -22 -4 -10 4 -2 57 -60 70 23 -73 -34 23 
5 -84 29 46 22 -4 8 -8 -19 -53 29 -88 3 77 23 -34 
19 82 -43 -34 -19 11 -4 10 36 43 3 93 -35 -68 -8 41 
-49 -68 53 13 12 -19 0 -11 -49 -26 -39 -83 57 51 -6 -41 
71 45 -55 7 -5 21 -29 0 -37 0 
RSSI :-110 
Input angle :61
Zaxis angle :0 
minval :0 

minval :0 



-29 28 -26 -32 34 -22 19 36 -37 17 -14 -38 39 -11 8 40 
-72 -43 52 0 0 -23 -10 -10 -61 -8 -57 -61 66 36 -19 -36 
82 16 -49 18 9 21 13 6 59 -17 76 36 -75 -5 31 25 
-83 13 37 -37 -16 -16 -14 -1 -50 36 -84 -4 71 -21 -38 -12 
70 -45 -23 47 21 9 14 -4 34 -52 80 -27 -57 49 40 -4 
-47 70 2 -52 -23 0 -40 47 104 15 
RSSI :-110 
Input angle :64
Zaxis angle :0 
minval :0 

minval :0 



7 -36 35 10 -14 34 -33 -16 18 -31 30 21 -23 28 -25 -25 
75 -4 -36 15 23 27 25 11 54 -19 79 7 -67 10 32 16 
-67 33 27 -28 -32 -17 -27 0 -43 38 -77 22 57 -34 -36 -1 
50 -55 -14 36 35 4 25 -8 26 -51 63 -49 -40 54 34 -11 
-30 68 2 -39 -35 10 -21 17 -5 57 -43 67 16 -65 -28 23 
-1 -74 13 37 28 -22 -73 -33 109 -14 
RSSI :-110 
Input angle :62
Zaxis angle :0 
minval :0 

minval :0 



-51 -14 17 -50 48 20 -25 46 -43 -30 34 -40 38 37 -40 33 
-27 -82 33 18 18 -14 7 0 -27 -46 -1 -95 29 76 25 -46 
55 66 -38 -3 -11 20 -6 3 42 32 40 87 -58 -57 -4 52 
-75 -42 37 -10 3 -22 5 -5 -52 -15 -69 -65 75 33 -11 -51 
85 14 -30 22 5 22 -2 7 53 -4 89 34 -81 -5 30 42 
-84 19 21 -32 -12 -19 65 31 -120 6 
RSSI :-110 
Input angle :62
Zaxis angle :0 
minval :0 

minval :0 



20 -29 27 23 -25 25 -22 -27 29 -19 15 31 -33 13 -10 -33 
81 0 -27 30 21 25 17 2 47 -16 83 25 -67 -2 22 27 
-75 30 16 -39 -29 -14 -17 5 -37 32 -87 5 64 -20 -31 -18 
61 -54 -2 42 32 3 14 -11 23 -43 78 -37 -50 44 35 5 
-35 74 -13 -41 -31 9 -8 16 -4 49 -59 64 30 -60 -34 9 
4 -81 29 31 25 -20 -60 31 25 -12 
RSSI :-110 
Input angle :59
Zaxis angle :0 
minval :0 

minval :0 



21 23 -24 19 -16 -25 28 -14 12 29 -30 10 -7 -30 30 -4 
-30 70 -7 -44 -40 4 -14 17 9 56 -48 64 21 -51 -27 15 
-1 -77 22 37 34 -19 7 -21 -29 -49 25 -75 0 54 19 -24 
29 71 -34 -28 -25 31 0 22 45 34 6 80 -17 -51 -10 29 
-51 -58 42 12 10 -38 -8 -20 -55 -12 -36 -71 36 40 -2 -31 
69 34 -44 4 4 39 -28 -96 121 -2 
RSSI :-110 
Input angle :64
Zaxis angle :0 
minval :0 

minval :0 



-44 9 -4 -45 45 0 -2 45 -45 -6 10 -44 42 14 -17 40 
-41 -77 35 16 37 -19 10 -18 -52 -40 -21 -90 39 46 2 -44 
66 56 -39 -3 -30 29 -4 20 64 19 56 73 -53 -29 14 42 
-83 -28 36 -12 14 -39 -5 -20 -66 6 -80 -47 60 6 -30 -32 
87 -5 -30 25 -1 42 11 17 59 -30 90 18 -59 13 39 19 
-80 36 16 -35 -15 -39 81 47 -65 12 
RSSI :-110 
Input angle :61
Zaxis angle :0 
minval :0 

minval :0 



1 -48 48 4 -8 48 -46 -14 19 -45 43 22 -25 41 -40 -27 
84 -32 -17 34 6 30 10 7 46 -46 97 -7 -55 38 47 13 
-63 64 2 -38 -17 -25 -12 -2 -30 57 -87 44 35 -57 -48 5 
37 -81 11 36 25 17 12 -1 4 -65 64 -73 -11 66 43 -22 
-3 90 -24 -30 -30 -5 -11 5 20 62 -32 92 -12 -66 -32 37 
-28 -85 32 20 30 -4 89 -81 84 -13 
RSSI :-110 
Input angle :60
Zaxis angle :0 
minval :0 

minval :0 



39 21 -24 37 -35 -27 30 -32 30 33 -34 28 -25 -36 38 -22 
2 90 -31 -24 -30 -1 -13 6 18 62 -29 91 -12 -65 -27 34 
-31 -85 37 11 28 -10 8 -11 -42 -49 -7 -96 38 54 12 -42 
62 66 -39 2 -23 20 -3 14 57 31 41 86 -54 -38 3 43 
-81 -38 35 -17 12 -27 -1 -14 -64 -10 -71 -64 66 13 -17 -41 
90 6 -26 28 -2 30 2 -79 0 -4 
RSSI :-110 
Input angle :60
Zaxis angle :0 
minval :0 

minval :0 



-30 -40 43 -26 24 45 -46 21 -16 -47 49 -10 5 51 -49 3 
41 -84 18 43 22 17 10 0 13 -59 71 -67 -20 66 45 -21 
-7 92 -32 -32 -26 -8 -10 4 7 60 -37 90 -5 -69 -34 36 
-28 -88 43 18 27 0 8 -7 -30 -52 8 -97 28 63 20 -46 
58 72 -46 -4 -25 11 -5 10 48 36 33 92 -50 -47 0 49 
-80 -46 44 -15 17 -21 24 -1 97 -5 
RSSI :-110 
Input angle :60
Zaxis angle :0 
minval :0 

minval :0 



50 -12 9 51 -52 5 -1 -51 51 4 -10 50 -49 -14 18 -48 
66 70 -50 -2 -18 10 -3 6 51 31 41 90 -55 -48 2 51 
-88 -39 46 -18 13 -17 0 -8 -60 -7 -71 -70 70 22 -21 -47 
96 4 -36 34 -6 20 2 7 59 -11 93 33 -73 4 35 36 
-92 29 22 -44 -1 -21 -5 -6 -49 34 -99 -1 66 -31 -47 -19 
74 -61 -5 49 9 19 0 112 -19 -14 
RSSI :-110 
Input angle :62
Zaxis angle :0 
minval :0 

minval :0 


