
-24 45 -42 -29 33 -40 37 35 -37 35 -32 -40 43 -27 24 45 
-97 5 35 -35 5 -16 -1 -5 -56 19 -96 -27 74 -10 -38 -33 
90 -38 -18 47 1 18 4 4 44 -39 99 -13 -64 38 48 17 
-67 72 0 -50 -8 -15 -5 -2 -25 54 -88 46 49 -57 -51 1 
37 -90 18 47 13 11 5 0 3 -59 65 -75 -19 72 46 -22 
0 98 -34 -36 -16 -5 78 -64 44 14 
RSSI :-110 
Input angle :60
Zaxis angle :0 
minval :0 

minval :0 



-45 -25 29 -43 40 33 -35 37 -33 -39 42 -30 27 44 -46 22 
5 -99 35 37 16 6 5 -2 -17 -55 33 -94 9 76 35 -38 
33 94 -46 -22 -17 0 -4 4 34 46 2 100 -32 -69 -17 48 
-64 -76 51 3 16 -6 2 -5 -51 -28 -43 -89 57 50 0 -52 
89 44 -49 16 -12 11 0 6 57 8 72 69 -72 -24 20 47 
-100 -6 40 -32 7 -15 28 79 63 3 
RSSI :-110 
Input angle :60
Zaxis angle :0 
minval :0 

minval :0 



32 -39 36 36 -38 33 -29 -41 44 -25 21 46 -48 16 -12 -49 
95 23 -43 24 -9 14 1 4 56 -6 87 50 -74 -9 27 42 
-98 11 31 -39 2 -16 -3 -4 -49 28 -100 -10 71 -21 -44 -24 
86 -47 -14 48 3 17 5 2 37 -42 97 -23 -60 45 49 10 
-63 75 -2 -50 -10 -14 -6 0 -17 54 -83 56 37 -64 -49 9 
29 -94 23 44 14 10 -6 63 -67 -15 
RSSI :-110 
Input angle :60
Zaxis angle :0 
minval :0 

minval :0 



-52 10 -6 -52 53 -1 -2 53 -52 -6 11 -51 51 14 -18 48 
-60 -77 48 7 17 -5 4 -6 -46 -31 -38 -93 53 52 1 -52 
86 46 -47 10 -14 11 -3 7 55 11 69 73 -69 -27 17 49 
-97 -12 40 -27 8 -15 0 -7 -55 9 -93 -39 74 -1 -35 -37 
95 -24 -26 40 -1 17 3 6 48 -30 101 5 -70 25 47 22 
-77 59 7 -48 -5 -17 -126 79 -41 11 
RSSI :-110 
Input angle :64
Zaxis angle :0 
minval :0 

minval :0 



49 34 -37 46 -43 -41 46 -38 34 49 -51 30 -27 -53 54 -21 
-33 69 -1 -35 -41 8 -27 -6 -9 51 -50 62 38 -50 -43 39 
7 -76 14 32 35 -22 27 -4 -7 -51 23 -75 -20 59 28 -51 
24 73 -25 -24 -23 35 -24 12 29 42 10 79 -7 -62 -6 58 
-50 -57 33 13 8 -41 17 -21 -42 -30 -35 -71 29 55 -16 -55 
67 36 -35 0 6 41 -52 48 -3 2 
RSSI :-110 
Input angle :67
Zaxis angle :0 
minval :0 

minval :0 



29 44 -46 27 -24 -47 49 -20 15 50 -52 8 -2 -53 52 2 
-56 54 11 -38 -51 -14 -21 -15 -19 51 -74 40 46 -34 -49 18 
33 -70 2 40 52 -8 25 4 -3 -54 49 -68 -30 49 40 -34 
-4 78 -17 -36 -45 25 -25 4 20 50 -26 79 8 -57 -23 47 
-22 -74 29 27 31 -42 22 -13 -37 -40 -7 -83 9 57 4 -52 
50 59 -37 -14 -12 51 -53 80 91 5 
RSSI :-110 
Input angle :66
Zaxis angle :0 
minval :0 

minval :0 



-43 25 -21 -45 46 -16 11 48 -49 7 -4 -49 49 -1 -3 49 
-49 -56 38 11 13 -52 10 -22 -49 -22 -34 -74 32 49 -12 -47 
66 36 -40 2 5 53 -1 25 55 0 59 55 -49 -32 28 40 
-74 -12 36 -17 -24 -47 -8 -24 -51 17 -76 -31 57 13 -43 -23 
73 -16 -27 29 41 34 16 19 41 -36 81 0 -58 10 49 6 
-58 47 14 -37 -51 -17 -88 95 -93 12 
RSSI :-110 
Input angle :66
Zaxis angle :0 
minval :0 

minval :0 



30 118 -120 19 -10 -121 121 0 -7 121 -120 -15 26 -118 113 40 
71 69 -79 24 -42 25 11 -85 19 -72 60 39 47 -18 -121 4 
-93 -40 63 -52 28 -40 24 80 11 74 -70 -16 -34 38 110 -49 
100 0 -37 74 -10 47 -55 -65 -42 -62 71 -11 18 -48 -84 86 
-94 36 10 -82 -8 -48 73 41 59 46 -63 37 2 51 43 -112 
70 -72 25 79 26 41 108 127 -105 -3 
RSSI :-110 
Input angle :201
Zaxis angle :51 
minval :0 

minval :0 



-105 -6 15 -104 103 24 -33 100 -97 -42 53 -91 87 58 -63 82 
-70 38 2 -72 -34 -43 80 18 85 21 -62 42 1 60 33 -100 
52 -58 24 69 47 27 -81 12 -86 14 41 -62 -24 -55 8 104 
-24 75 -48 -54 -54 -5 69 -44 74 -45 -13 73 45 40 -50 -92 
-4 -79 65 33 52 -15 -48 67 -52 70 -18 -72 -56 -20 80 68 
34 71 -73 -1 -43 34 40 96 64 -11 
RSSI :-110 
Input angle :204
Zaxis angle :51 
minval :0 

minval :0 



45 -97 94 54 -63 88 -81 -70 79 -73 63 86 -91 56 -52 -93 
13 -74 82 28 18 -19 -28 61 -37 65 -28 -76 -62 -17 83 66 
17 74 -86 10 -9 25 3 -67 8 -76 54 61 64 -5 -103 -31 
-45 -60 77 -39 -1 -27 23 63 24 71 -74 -34 -55 31 106 -9 
65 39 -55 67 11 24 -47 -48 -48 -58 82 0 39 -50 -95 49 
-75 -13 28 -81 -19 -17 -117 -80 48 4 
RSSI :-110 
Input angle :200
Zaxis angle :49 
minval :0 

minval :0 



49 92 -96 40 -29 -100 102 -18 8 104 -104 -1 10 -104 102 15 
57 70 -82 28 -14 24 -21 -57 -16 -75 69 32 52 -40 -102 22 
-81 -40 65 -58 4 -27 42 44 46 60 -76 -1 -32 57 84 -59 
91 6 -41 77 5 27 -54 -27 -62 -43 73 -24 11 -65 -58 86 
-87 25 5 -86 -15 -21 61 3 76 14 -56 53 16 63 21 -102 
71 -55 27 84 23 15 108 -65 -89 2 
RSSI :-110 
Input angle :240
Zaxis angle :51 
minval :0 

minval :0 



-115 6 3 -116 115 12 -22 114 -111 -34 43 -107 104 52 -58 99 
-78 65 -21 -106 -16 -39 78 -2 67 6 -47 64 11 50 18 -114 
48 -90 63 88 30 31 -70 35 -64 19 18 -79 -30 -40 27 112 
-8 101 -89 -61 -40 -16 55 -56 52 -42 13 79 44 26 -69 -92 
-26 -99 106 24 43 0 -25 74 -32 59 -42 -68 -50 -8 96 64 
65 77 -106 21 -39 16 17 -96 -117 -9 
RSSI :-110 
Input angle :204
Zaxis angle :54 
minval :0 

minval :0 



28 -58 55 34 -37 52 -50 -41 44 -46 41 49 -52 37 -33 -55 
1 -43 37 8 16 -5 -8 33 -21 27 -24 -37 -21 -10 51 38 
15 40 -37 5 -13 11 -4 -34 9 -33 36 25 22 2 -61 -19 
-28 -33 32 -20 7 -16 17 29 3 34 -43 -9 -22 5 64 -3 
38 19 -24 30 -1 17 -27 -20 -17 -29 43 -8 17 -14 -57 29 
-43 -3 9 -37 -5 -16 110 96 36 5 
RSSI :-110 
Input angle :196
Zaxis angle :54 
minval :0 

minval :0 



104 60 -70 97 -89 -80 88 -83 75 96 -102 67 -59 -105 110 -50 
84 13 -39 59 -6 22 -51 -16 -46 -44 67 -35 28 -51 -87 84 
-83 20 9 -70 -3 -22 54 -2 61 22 -49 57 -5 58 45 -111 
70 -49 12 71 11 20 -50 21 -66 0 21 -73 -16 -56 -3 121 
-49 71 -36 -60 -16 -14 38 -38 60 -25 3 76 36 45 -42 -113 
16 -84 59 39 21 6 -93 -1 -34 5 
RSSI :-110 
Input angle :193
Zaxis angle :54 
minval :0 

minval :0 



108 -36 26 112 -114 18 -7 -114 114 0 -11 115 -112 -21 30 -109 
87 -40 -7 61 -31 31 -58 6 -29 0 51 -61 -24 -27 8 114 
-62 76 -16 -59 16 -40 52 -26 27 -9 -21 79 33 18 -53 -101 
30 -92 39 47 1 44 -35 45 -21 20 -12 -79 -38 -2 89 71 
10 97 -54 -28 -16 -41 18 -55 11 -27 39 70 36 -11 -110 -32 
-42 -87 62 6 31 31 1 96 -108 3 
RSSI :-110 
Input angle :184
Zaxis angle :49 
minval :0 

minval :0 



32 84 -87 24 -16 -90 91 -8 1 90 -91 -4 13 -89 88 20 
43 75 -57 -20 -59 -29 -20 -59 21 -22 78 69 25 -8 -90 14 
-69 -54 61 -2 66 5 41 48 -12 28 -99 -36 -21 15 76 -46 
84 25 -54 26 -62 19 -55 -31 0 -32 104 -5 13 -23 -55 72 
-89 9 42 -43 49 -44 63 5 12 30 -94 46 -3 25 21 -88 
80 -38 -21 57 -31 58 -46 95 27 -3 
RSSI :-110 
Input angle :184
Zaxis angle :49 
minval :0 

minval :0 



-35 51 -47 -39 43 -43 41 46 -50 36 -31 -53 55 -27 22 56 
-16 71 -30 -56 -44 -28 8 -41 50 -9 40 97 29 25 -42 -43 
-8 -73 49 40 50 8 8 42 -41 29 -73 -73 -37 -13 55 25 
37 62 -61 -19 -50 11 -24 -35 29 -41 96 41 38 -3 -61 -2 
-60 -43 64 -7 43 -28 34 24 -14 49 -104 0 -35 18 56 -21 
70 18 -56 29 -28 43 -12 -1 -109 -7 
RSSI :-110 
Input angle :193
Zaxis angle :54 
minval :0 

minval :0 



-81 -2 10 -79 79 17 -22 77 -75 -27 35 -72 69 43 -48 64 
-66 25 13 -70 -15 -33 45 -9 58 25 -36 77 10 50 19 -78 
49 -49 15 69 25 24 -37 23 -64 -2 3 -86 -29 -39 8 81 
-27 65 -39 -59 -33 -14 26 -36 60 -21 23 83 41 28 -37 -70 
5 -70 60 38 36 0 -8 43 -47 44 -56 -64 -49 -8 60 53 
24 65 -69 -13 -33 13 54 48 -123 -8 
RSSI :-110 
Input angle :339
Zaxis angle :64 
minval :0 

minval :0 



-43 -96 98 -35 27 100 -104 16 -7 -104 105 1 -9 104 -102 -17 
-55 -59 69 -11 33 -1 14 47 12 49 -58 -20 -29 36 104 -18 
74 35 -61 36 -31 11 -30 -40 -25 -45 61 -2 13 -45 -86 60 
-82 -1 44 -55 23 -23 43 24 42 30 -56 28 5 46 59 -86 
76 -29 -19 67 -12 31 -48 -6 -50 -10 41 -46 -22 -41 -24 102 
-60 55 -10 -70 0 -33 103 -48 -72 -2 
RSSI :-110 
Input angle :191
Zaxis angle :54 
minval :0 

minval :0 



65 -50 45 68 -72 39 -34 -74 77 -28 23 78 -80 14 -7 -81 
55 -65 2 75 6 79 -48 15 -31 -37 43 -78 -19 1 38 72 
-26 81 -31 -68 -35 -71 38 -36 45 20 -9 89 18 -9 -60 -54 
-6 -85 54 53 58 54 -22 47 -49 -4 -24 -87 -14 15 77 26 
37 76 -68 -32 -75 -26 4 -52 46 -15 56 70 6 -20 -81 2 
-64 -55 75 0 79 -4 -77 63 -10 3 
RSSI :-110 
Input angle :127
Zaxis angle :32 
minval :0 

minval :0 



91 44 -52 87 -82 -60 66 -78 70 73 -78 63 -54 -85 89 -47 
87 5 -57 56 -50 52 -43 -34 2 -55 74 -15 -6 -16 -66 77 
-82 29 28 -75 26 -66 53 15 17 51 -62 43 11 13 31 -96 
65 -58 1 81 3 71 -55 5 -37 -41 44 -62 -15 -7 9 100 
-40 78 -33 -74 -29 -65 48 -25 49 25 -16 74 17 0 -43 -91 
10 -86 54 59 48 52 -112 -49 122 -1 
RSSI :-110 
Input angle :139
Zaxis angle :39 
minval :0 

minval :0 



89 34 -43 85 -81 -50 58 -75 70 64 -70 63 -58 -75 80 -52 
75 9 -64 34 -40 42 -61 -44 0 -59 90 22 -5 -20 -56 76 
-73 19 43 -58 20 -55 73 21 23 54 -91 14 12 16 22 -91 
59 -44 -19 69 0 58 -75 8 -40 -42 78 -51 -18 -9 16 94 
-37 64 -8 -71 -26 -52 65 -37 55 21 -55 75 20 3 -46 -82 
10 -74 37 62 41 41 -118 -81 29 0 
RSSI :-110 
Input angle :143
Zaxis angle :39 
minval :0 

minval :0 



70 31 -38 67 -62 -43 49 -58 54 55 -58 48 -42 -63 66 -36 
69 11 -64 34 -44 60 -66 -34 -3 -79 117 1 3 -9 -45 61 
-67 15 45 -57 17 -72 74 3 31 73 -107 42 0 10 19 -73 
57 -40 -20 71 12 73 -70 23 -56 -55 87 -77 -3 -8 7 76 
-37 58 -5 -73 -38 -63 56 -48 74 30 -51 106 7 7 -35 -67 
11 -69 34 65 56 48 94 -113 -30 -1 
RSSI :-110 
Input angle :193
Zaxis angle :49 
minval :0 

minval :0 



-54 90 -83 -64 72 -77 71 78 -84 65 -58 -88 93 -49 40 96 
-11 83 -66 -49 -21 5 22 -39 30 -60 41 60 55 12 -71 -78 
-22 -81 80 16 18 -12 -4 45 -5 67 -62 -40 -55 13 97 38 
50 66 -80 13 -11 19 -12 -44 -21 -63 72 15 47 -31 -105 -2 
-73 -42 69 -43 3 -21 27 35 42 52 -71 14 -32 46 97 -42 
83 14 -44 75 4 20 -121 -113 60 -4 
RSSI :-110 
Input angle :241
Zaxis angle :56 
minval :0 

minval :0 



-50 97 -92 -57 65 -86 82 71 -78 77 -69 -84 89 -62 55 93 
-16 92 -59 -44 -19 -22 43 -47 24 -35 13 66 48 3 -86 -66 
-24 -89 72 18 26 12 -22 60 -11 40 -37 -56 -45 15 105 29 
54 77 -74 11 -29 -2 -1 -63 -6 -41 56 38 36 -31 -108 11 
-79 -50 64 -39 27 -8 26 58 22 35 -67 -13 -22 43 94 -52 
91 17 -41 62 -22 18 -67 79 -49 -4 
RSSI :-110 
Input angle :191
Zaxis angle :51 
minval :0 

minval :0 



34 81 -84 29 -23 -85 88 -14 5 88 -89 -1 11 -89 86 19 
44 68 -68 0 -51 -4 -7 -72 18 -36 59 63 34 -26 -87 13 
-67 -43 63 -27 49 -13 35 63 -4 40 -76 -39 -22 37 75 -49 
79 18 -48 46 -40 31 -53 -49 -10 -38 86 3 5 -44 -51 72 
-81 13 29 -61 27 -44 68 24 25 31 -81 29 7 43 22 -86 
67 -44 -2 67 -6 50 -75 -65 -11 -3 
RSSI :-110 
Input angle :154
Zaxis angle :47 
minval :0 

minval :0 



54 60 -65 49 -41 -68 71 -36 30 74 -77 23 -16 -80 80 -12 
69 33 -58 35 -52 32 -49 -53 1 -56 92 12 23 -30 -71 39 
-77 -1 43 -52 35 -51 66 28 19 52 -90 24 -10 36 50 -63 
72 -26 -21 65 -15 60 -74 -5 -38 -39 72 -59 -6 -37 -23 78 
-57 51 -6 -68 -9 -61 68 -24 50 23 -47 82 18 33 -11 -80 
32 -69 34 60 33 51 -110 15 -32 -1 
RSSI :-110 
Input angle :193
Zaxis angle :51 
minval :0 

minval :0 



84 -28 20 87 -89 10 -2 -90 90 2 -10 89 -89 -17 25 -86 
62 -39 14 68 20 49 -68 31 -64 -20 38 -74 -12 -43 6 90 
-44 60 -41 -56 -35 -38 50 -57 67 -3 -4 84 28 35 -39 -80 
16 -71 59 39 48 20 -28 70 -60 29 -22 -80 -39 -22 65 60 
8 73 -69 -12 -52 1 -2 -76 43 -52 52 65 44 5 -85 -32 
-39 -62 68 -14 48 -19 -42 15 37 8 
RSSI :-110 
Input angle :188
Zaxis angle :51 
minval :0 

minval :0 



3 -90 89 9 -18 88 -86 -25 32 -85 80 38 -46 77 -72 -52 
2 -82 63 16 43 13 -2 65 -43 39 -41 -62 -43 0 87 22 
28 77 -64 11 -44 5 -28 -58 22 -54 63 37 40 -16 -89 9 
-58 -58 57 -32 40 -21 47 44 -2 58 -74 -12 -30 30 77 -46 
77 33 -39 51 -28 35 -60 -21 -21 -54 73 -17 13 -40 -55 70 
-82 -3 13 -64 10 -44 80 -32 56 5 
RSSI :-110 
Input angle :184
Zaxis angle :51 
minval :0 

minval :0 



-74 53 -45 -78 81 -40 34 85 -86 26 -18 -88 90 -10 2 89 
-63 64 -25 -63 -23 -58 66 -33 60 -1 -34 88 6 24 -30 -84 
33 -84 47 48 43 45 -46 58 -56 22 -1 -93 -16 -19 63 64 
0 90 -60 -29 -57 -26 23 -70 44 -41 37 85 21 13 -83 -36 
-29 -85 67 2 63 2 5 73 -25 54 -64 -67 -25 -4 91 3 
62 65 -64 22 -60 19 2 -32 105 -8 
RSSI :-110 
Input angle :191
Zaxis angle :49 
minval :0 

minval :0 



25 98 -100 14 -7 -101 100 2 -8 100 -99 -17 24 -98 95 32 
33 84 -60 -7 -57 1 -8 -73 10 -49 61 45 43 0 -100 1 
-60 -67 57 -16 51 -23 34 64 7 49 -75 -17 -38 17 92 -40 
83 33 -47 37 -39 41 -58 -45 -27 -41 76 -13 30 -31 -67 73 
-90 -1 27 -52 21 -53 70 17 40 30 -65 40 -15 39 36 -93 
84 -32 -5 59 0 57 -101 95 -81 -2 
RSSI :-110 
Input angle :191
Zaxis angle :51 
minval :0 

minval :0 



84 45 -52 79 -75 -58 63 -71 64 70 -75 57 -51 -79 84 -44 
79 39 -54 33 -36 40 -57 -47 -17 -41 72 0 29 -36 -61 72 
-89 -8 38 -50 17 -51 70 22 30 33 -68 24 -14 43 33 -88 
86 -24 -17 61 2 54 -73 7 -40 -17 53 -49 -3 -46 1 93 
-69 55 -11 -62 -23 -48 67 -31 44 2 -35 64 20 41 -39 -86 
42 -79 30 55 41 36 -84 -17 34 2 
RSSI :-110 
Input angle :182
Zaxis angle :49 
minval :0 

minval :0 



83 41 -49 79 -74 -55 62 -69 63 67 -75 54 -47 -80 81 -42 
79 46 -55 29 -43 33 -58 -51 -5 -43 74 8 27 -33 -57 72 
-91 -13 38 -50 26 -48 73 24 22 39 -71 18 -13 40 25 -88 
88 -23 -16 60 -8 54 -77 1 -35 -26 59 -45 -4 -42 7 92 
-74 54 -10 -63 -13 -54 70 -34 42 11 -37 63 19 36 -43 -82 
48 -78 32 54 33 44 -89 -97 -84 0 
RSSI :-110 
Input angle :175
Zaxis angle :47 
minval :0 

minval :0 



72 -56 48 79 -83 41 -34 -85 87 -27 22 89 -91 16 -7 -90 
77 -54 1 62 6 57 -72 33 -42 -16 40 -62 -17 -36 39 82 
-55 77 -26 -57 -28 -50 53 -59 45 0 -16 72 30 27 -68 -62 
14 -94 45 42 46 35 -27 74 -42 15 -10 -73 -38 -13 85 32 
16 93 -60 -19 -56 -15 -2 -79 33 -31 40 62 40 0 -92 2 
-55 -76 63 -3 57 -6 -36 -113 87 5 
RSSI :-110 
Input angle :181
Zaxis angle :47 
minval :0 

minval :0 



-101 -4 12 -101 99 19 -27 97 -94 -36 47 -90 84 54 -61 80 
-102 -4 31 -53 34 -46 79 24 22 33 -70 15 -10 40 27 -97 
96 -33 -12 60 -18 54 -85 4 -33 -23 61 -41 -4 -41 10 100 
-80 63 -8 -61 -2 -58 75 -37 37 10 -39 60 21 35 -45 -90 
48 -89 32 51 24 52 -57 61 -39 6 14 -70 -31 -26 78 64 
-8 101 -50 -35 -44 -38 68 48 47 -3 
RSSI :-110 
Input angle :181
Zaxis angle :47 
minval :0 

minval :0 



-88 56 -49 -93 99 -39 34 99 -101 27 -16 -103 105 -4 -4 105 
-89 54 -3 -61 3 -55 80 -21 34 12 -46 51 15 39 -34 -98 
60 -84 25 54 15 55 -65 51 -36 3 20 -65 -29 -30 71 76 
-21 102 -44 -41 -35 -44 40 -72 32 -15 8 67 38 18 -96 -42 
-17 -103 56 22 49 27 -9 82 -23 26 -31 -60 -42 0 104 0 
55 88 -60 0 -56 -6 21 -112 -81 -5 
RSSI :-110 
Input angle :184
Zaxis angle :47 
minval :0 

minval :0 



47 92 -94 39 -33 -97 99 -23 11 102 -102 0 6 -103 102 12 
50 92 -63 -2 -55 -6 -16 -80 15 -40 53 45 43 -9 -99 24 
-77 -71 57 -21 54 -11 45 67 2 42 -65 -22 -37 25 80 -63 
99 32 -46 40 -44 32 -66 -46 -17 -38 70 -4 24 -38 -51 88 
-103 2 28 -55 27 -48 79 16 31 29 -61 32 -8 44 15 -101 
94 -45 -6 60 -9 55 -83 -49 30 -2 
RSSI :-110 
Input angle :181
Zaxis angle :49 
minval :0 

minval :0 



74 -61 53 80 -85 47 -41 -88 90 -32 23 93 -96 16 -10 -95 
80 -63 9 62 13 53 -68 34 -53 -2 24 -68 -16 -44 42 86 
-46 92 -31 -54 -33 -44 52 -56 50 -17 1 73 31 34 -73 -63 
7 -103 50 37 47 27 -26 72 -39 35 -29 -66 -41 -21 89 35 
29 99 -60 -18 -53 -9 -2 -77 23 -47 52 50 47 0 -96 5 
-63 -82 62 -8 53 -12 -8 -97 -76 6 
RSSI :-110 
Input angle :182
Zaxis angle :49 
minval :0 

minval :0 



-58 -71 76 -52 45 81 -84 37 -31 -88 90 -25 16 91 -92 5 
-71 -74 64 -7 49 -15 30 65 1 59 -72 -16 -47 14 84 -39 
92 45 -56 32 -39 34 -54 -47 -23 -55 72 -13 36 -33 -62 68 
-101 -8 39 -52 21 -46 70 21 43 40 -62 41 -23 44 29 -88 
97 -35 -18 62 -5 52 -72 5 -56 -21 44 -59 3 -50 8 92 
-77 67 -8 -64 -16 -49 120 -32 0 -1 
RSSI :-110 
Input angle :196
Zaxis angle :51 
minval :0 

minval :0 



82 18 -25 80 -79 -31 37 -74 70 45 -52 66 -61 -58 62 -56 
103 6 -48 52 -16 46 -53 -27 -54 -49 63 -45 30 -42 -38 75 
-97 35 23 -68 -3 -49 60 1 68 22 -42 64 -10 50 7 -84 
81 -63 0 71 21 44 -57 17 -72 5 13 -76 -10 -51 26 79 
-49 92 -25 -67 -36 -33 45 -39 65 -30 17 75 27 43 -55 -63 
8 -103 54 47 46 16 -97 95 -52 6 
RSSI :-110 
Input angle :223
Zaxis angle :54 
minval :0 

minval :0 



75 25 -30 72 -69 -38 44 -66 61 48 -55 58 -51 -60 63 -46 
107 15 -71 44 -15 50 -42 -37 -52 -65 62 -39 43 -38 -41 67 
-106 25 47 -68 -5 -51 52 20 73 42 -42 61 -26 51 10 -77 
89 -62 -19 80 26 45 -56 1 -84 -10 16 -73 4 -57 17 76 
-60 90 -12 -81 -40 -34 52 -21 82 -20 13 73 17 56 -48 -61 
18 -107 41 72 49 15 121 63 126 6 
RSSI :-110 
Input angle :225
Zaxis angle :54 
minval :0 

minval :0 



-10 -71 72 -2 -2 72 -72 -9 18 -70 69 23 -27 67 -65 -31 
-32 -110 82 59 56 -4 -35 60 -46 76 -47 -41 -60 -24 71 10 
72 90 -99 -21 -50 25 9 -68 13 -88 60 22 65 2 -69 19 
-103 -50 99 -15 37 -41 17 68 22 87 -63 2 -61 20 55 -44 
114 12 -86 53 -20 52 -40 -56 -54 -72 58 -27 49 -42 -35 62 
-109 34 61 -80 -3 -55 -100 0 -90 5 
RSSI :-110 
Input angle :221
Zaxis angle :51 
minval :0 

minval :0 



-61 12 -7 -62 62 -2 -5 61 -61 -9 14 -60 59 19 -24 59 
-97 51 55 -99 -6 -60 78 42 87 42 -50 32 -19 67 5 -64 
71 -83 -16 111 28 54 -89 -6 -96 -9 34 -49 -7 -70 19 60 
-34 105 -23 -111 -45 -39 84 -26 90 -34 -15 57 32 62 -42 -47 
-5 -110 64 93 58 19 -72 51 -74 62 -8 -59 -54 -45 56 28 
44 100 -96 -60 -60 1 94 96 85 -11 
RSSI :-110 
Input angle :221
Zaxis angle :49 
minval :0 

minval :0 



2 -41 41 6 -10 40 -39 -13 17 -37 36 20 -24 34 -32 -26 
-60 -45 89 -20 56 -21 27 88 8 76 -68 -63 -30 23 39 13 
73 20 -74 53 -43 40 -59 -71 -35 -68 86 33 19 -33 -42 2 
-76 6 46 -79 24 -55 82 41 58 49 -93 6 -4 38 36 -20 
65 -38 -15 90 0 59 -92 -12 -74 -17 85 -38 -8 -37 -27 31 
-49 58 -22 -89 -23 -55 100 -30 -43 -3 
RSSI :-110 
Input angle :210
Zaxis angle :51 
minval :0 

minval :0 



-82 21 -15 -83 83 -6 -1 84 -84 -10 20 -82 80 25 -30 78 
-36 45 -8 -58 -54 -33 60 -40 50 -18 -9 106 -10 20 0 -84 
14 -55 30 50 62 10 -38 62 -40 36 -29 -102 2 -22 33 78 
7 57 -48 -32 -62 13 9 -72 24 -48 65 86 6 21 -59 -59 
-28 -51 57 12 52 -36 23 69 -1 53 -93 -53 -14 -17 77 31 
45 37 -58 10 -34 53 -35 -1 -118 -7 
RSSI :-110 
Input angle :221
Zaxis angle :56 
minval :0 

minval :0 



24 72 -74 17 -9 -76 75 -3 -2 75 -76 -9 14 -75 73 18 
19 60 -83 -27 -23 25 -12 -63 30 -63 57 20 51 24 -74 9 
-41 -49 86 -7 11 -33 36 53 -4 71 -62 4 -57 -1 66 -34 
57 29 -79 35 0 36 -53 -34 -22 -68 57 -24 54 -18 -49 56 
-64 -6 60 -62 -14 -32 63 12 47 54 -41 45 -41 38 21 -73 
60 -19 -25 82 26 23 126 -49 24 -4 
RSSI :-110 
Input angle :196
Zaxis angle :49 
minval :0 

minval :0 



81 -22 16 82 -83 9 -1 -84 83 6 -12 83 -80 -21 28 -78 
62 -44 16 87 19 28 -43 21 -70 17 0 -66 -4 -48 1 83 
-39 65 -45 -76 -28 -18 33 -36 61 -39 23 61 20 44 -32 -77 
10 -75 72 52 33 3 -15 46 -36 63 -44 -48 -37 -31 58 61 
15 75 -86 -25 -33 7 -2 -49 14 -70 60 28 45 17 -78 -32 
-43 -63 88 -14 27 -18 32 -96 -17 8 
RSSI :-110 
Input angle :230
Zaxis angle :58 
minval :0 

minval :0 



6 65 -66 0 6 -67 66 8 -13 64 -63 -18 25 -62 59 30 
8 81 -108 -29 -20 -5 15 -86 23 -29 30 46 33 23 -66 -6 
-39 -71 110 -7 21 -2 17 85 -11 35 -44 -33 -39 -7 62 -20 
65 49 -97 53 -18 12 -50 -72 -4 -37 53 12 41 -6 -49 44 
-79 -23 73 -83 14 -17 72 49 17 33 -55 6 -34 21 32 -57 
83 -4 -35 106 -6 21 -62 31 64 -3 
RSSI :-110 
Input angle :218
Zaxis angle :49 
minval :0 

minval :0 



91 5 -9 91 -89 -16 25 -87 85 34 -41 81 -77 -47 54 -73 
108 -15 -22 85 -46 43 -79 -9 -37 -28 55 -46 13 -38 -26 87 
-97 50 -10 -87 27 -57 76 -22 47 12 -31 65 2 40 -16 -89 
64 -88 48 75 -4 62 -62 50 -46 6 2 -72 -18 -37 46 78 
-29 105 -71 -52 -23 -58 36 -70 39 -24 22 69 32 26 -73 -53 
-13 -109 86 19 41 48 -58 15 -83 4 
RSSI :-110 
Input angle :188
Zaxis angle :51 
minval :0 

minval :0 



-57 -49 54 -53 45 59 -61 42 -38 -64 67 -33 26 71 -72 19 
-83 -31 72 -40 40 -34 57 73 47 48 -69 -35 -28 50 61 -43 
89 -2 -46 67 -21 47 -80 -45 -61 -29 77 8 1 -57 -35 63 
-80 38 23 -79 2 -53 92 13 67 1 -74 21 17 54 10 -73 
58 -67 10 82 16 49 -90 24 -64 23 61 -49 -35 -44 16 72 
-30 83 -41 -72 -34 -39 103 32 66 -6 
RSSI :-110 
Input angle :209
Zaxis angle :47 
minval :0 

minval :0 



-74 47 -41 -77 79 -37 31 82 -83 24 -16 -85 87 -7 0 87 
-61 63 -19 -92 -9 -29 75 -47 13 -36 -19 91 18 20 -30 -81 
36 -79 54 77 18 25 -53 71 1 39 -19 -92 -24 -11 60 63 
1 88 -79 -49 -27 -15 22 -86 -17 -35 54 76 27 0 -80 -36 
-33 -82 91 19 30 3 11 87 28 27 -78 -51 -25 9 87 2 
59 65 -93 19 -30 8 -74 111 56 -2 
RSSI :-110 
Input angle :217
Zaxis angle :49 
minval :0 

minval :0 



15 -90 89 20 -30 86 -83 -37 43 -80 76 50 -55 72 -67 -59 
26 -86 70 71 5 32 -36 75 -4 7 -17 -51 -15 -18 84 34 
7 89 -92 -41 -15 -29 3 -84 1 -8 35 39 22 10 -91 4 
-40 -81 101 -1 26 20 27 79 1 8 -48 -22 -25 -4 84 -34 
66 61 -92 39 -32 -8 -57 -61 -4 -7 53 4 22 -5 -64 64 
-85 -29 73 -71 33 -4 14 0 -97 0 
RSSI :-110 
Input angle :201
Zaxis angle :41 
minval :0 

minval :0 



-73 26 -21 -74 75 -12 4 77 -78 -2 6 -76 76 13 -20 73 
-49 61 -11 -119 -10 -58 90 -24 24 -1 -50 61 8 43 -10 -76 
21 -76 55 106 29 51 -74 56 -22 11 20 -76 -24 -36 37 67 
5 79 -92 -77 -47 -34 45 -82 16 -18 10 77 36 24 -59 -48 
-37 -69 114 37 57 12 -16 92 -8 24 -41 -67 -43 -6 73 23 
60 52 -120 5 -58 7 -4 -49 -31 -4 
RSSI :-110 
Input angle :201
Zaxis angle :49 
minval :0 

minval :0 



79 51 -60 72 -66 -65 70 -62 56 74 -80 49 -41 -84 86 -33 
77 34 -91 68 -28 9 -60 -62 -6 -4 52 -6 32 -24 -67 64 
-82 -5 59 -96 22 -20 79 37 7 3 -46 26 -20 34 36 -86 
79 -28 -18 111 -13 26 -88 -5 -8 0 33 -41 6 -39 -7 93 
-61 57 -21 -111 3 -29 82 -29 7 -2 -14 51 9 38 -27 -89 
38 -75 59 97 7 29 -12 -113 -78 0 
RSSI :-110 
Input angle :191
Zaxis angle :51 
minval :0 

minval :0 



9 -89 88 17 -23 86 -84 -29 38 -81 76 46 -53 71 -68 -57 
-9 -92 104 39 33 37 -26 89 -13 0 -15 -53 -37 -15 85 26 
39 83 -112 2 -45 -19 -13 -92 12 -5 33 44 39 1 -89 5 
-69 -59 101 -47 50 1 44 83 -9 9 -48 -27 -37 15 82 -37 
87 28 -78 80 -46 17 -74 -57 5 -13 54 10 29 -28 -58 67 
-91 8 40 -103 37 -33 1 0 -93 1 
RSSI :-110 
Input angle :184
Zaxis angle :47 
minval :0 

minval :0 



-89 -11 20 -87 85 27 -36 82 -78 -43 48 -75 71 55 -59 67 
-98 8 45 -94 38 -39 83 27 -6 24 -59 11 -22 39 32 -82 
88 -42 -7 104 -20 51 -86 5 -1 -25 49 -31 7 -44 -1 89 
-66 72 -31 -100 1 -54 77 -39 13 22 -34 48 10 44 -36 -81 
33 -92 71 76 20 51 -55 66 -20 -15 15 -57 -27 -35 62 64 
6 98 -93 -49 -39 -39 48 -96 -45 0 
RSSI :-110 
Input angle :184
Zaxis angle :44 
minval :0 

minval :0 



14 -86 85 19 -27 82 -80 -36 44 -74 70 51 -57 66 -61 -61 
3 -91 83 57 35 45 -36 76 -34 -15 6 -65 -35 -21 79 34 
33 84 -101 -16 -49 -29 1 -85 37 0 19 61 41 4 -87 0 
-60 -69 99 -20 57 7 31 79 -34 15 -40 -50 -40 11 80 -33 
82 37 -84 57 -56 14 -56 -62 26 -27 58 29 31 -27 -61 61 
-90 -2 53 -88 46 -35 -30 47 70 4 
RSSI :-110 
Input angle :184
Zaxis angle :41 
minval :0 

minval :0 



-78 36 -29 -81 82 -24 15 83 -85 6 3 -84 86 10 -16 84 
-77 44 6 -102 24 -52 86 -6 3 37 -65 25 0 39 -15 -83 
57 -68 35 99 2 58 -77 37 -17 -32 50 -48 -13 -36 43 73 
-29 85 -68 -76 -23 -51 54 -66 29 24 -28 64 27 29 -69 -48 
-5 -89 89 48 38 42 -27 81 -36 -10 -1 -70 -35 -16 83 19 
43 78 -100 -4 -52 -23 74 96 109 -1 
RSSI :-110 
Input angle :155
Zaxis angle :36 
minval :0 

minval :0 



77 31 -38 73 -70 -45 50 -66 61 57 -62 55 -50 -67 69 -45 
81 24 -80 62 -52 25 -64 -58 25 -32 67 34 29 -21 -50 67 
-85 2 53 -86 40 -41 82 28 -10 39 -75 -4 -18 30 24 -79 
77 -35 -15 101 -20 54 -86 0 -3 -40 73 -19 7 -36 12 83 
-54 64 -22 -99 -2 -57 80 -38 17 35 -56 50 8 35 -41 -71 
28 -79 61 82 26 53 -63 127 -56 -4 
RSSI :-110 
Input angle :184
Zaxis angle :44 
minval :0 

minval :0 



9 -83 82 15 -23 80 -77 -28 34 -75 71 42 -49 67 -63 -53 
-12 -79 83 52 53 33 -27 78 -46 -7 3 -77 -28 -23 77 29 
40 69 -97 -19 -61 -12 -4 -83 44 -12 28 72 35 9 -82 8 
-62 -50 96 -21 60 -11 32 77 -36 27 -52 -56 -36 3 76 -33 
77 20 -84 53 -53 33 -60 -58 24 -39 70 32 32 -16 -56 60 
-80 6 55 -83 36 -50 -13 111 -50 5 
RSSI :-110 
Input angle :196
Zaxis angle :44 
minval :0 

minval :0 



77 7 -11 78 -76 -18 24 -75 72 29 -36 69 -65 -43 48 -61 
83 -22 -43 91 -32 64 -83 -14 2 -53 86 -12 19 -24 -21 74 
-68 51 5 -101 3 -71 82 -19 16 50 -76 45 -11 29 -8 -77 
41 -76 33 95 24 66 -67 51 -35 -39 54 -69 0 -32 37 68 
-13 85 -69 -74 -48 -53 46 -70 46 24 -25 83 12 28 -59 -50 
-22 -83 90 44 63 31 -106 127 -46 -1 
RSSI :-110 
Input angle :191
Zaxis angle :47 
minval :0 

minval :0 



-32 -68 69 -26 21 71 -73 16 -10 -73 74 -4 -1 74 -73 -7 
-66 -57 103 -11 70 -7 37 85 -43 25 -55 -79 -23 -1 71 -18 
81 31 -92 47 -62 35 -63 -67 31 -39 83 49 22 -6 -58 44 
-87 1 64 -81 44 -54 86 33 -12 48 -95 -13 -18 15 37 -64 
78 -36 -24 102 -18 69 -92 0 -6 -50 93 -23 10 -20 -9 73 
-58 64 -11 -104 -4 -70 54 -80 109 5 
RSSI :-110 
Input angle :193
Zaxis angle :47 
minval :0 

minval :0 



-41 57 -53 -46 51 -49 44 55 -58 40 -34 -62 66 -27 20 68 
-24 84 -56 -94 -33 -59 67 -73 41 26 -47 91 13 11 -47 -52 
-13 -86 88 63 53 42 -33 93 -49 -6 9 -101 -15 -6 63 35 
40 78 -106 -25 -65 -18 -3 -99 48 -9 31 98 17 0 -71 -5 
-69 -54 108 -12 67 -5 41 90 -40 28 -64 -79 -15 7 66 -24 
84 23 -94 55 -59 31 55 -48 -26 -6 
RSSI :-110 
Input angle :193
Zaxis angle :44 
minval :0 

minval :0 



61 -28 22 63 -65 16 -9 -66 67 -3 -1 66 -67 -6 13 -65 
64 -65 -6 115 -11 70 -101 24 -20 -48 89 -55 -7 -10 11 66 
-37 83 -40 -108 -13 -70 87 -59 37 37 -65 82 11 7 -39 -54 
0 -90 82 80 41 58 -56 88 -47 -21 28 -101 -12 -4 55 37 
33 85 -104 -50 -60 -37 17 -103 52 0 13 104 13 -2 -65 -15 
-62 -66 115 3 70 13 -98 -49 -110 2 
RSSI :-110 
Input angle :147
Zaxis angle :39 
minval :0 

minval :0 



28 52 -55 23 -20 -56 58 -13 6 58 -59 2 1 -59 59 4 
66 62 -114 10 -85 -4 -35 -100 52 -35 67 88 12 4 -57 14 
-87 -27 99 -54 80 -26 71 77 -36 52 -93 -57 -11 0 47 -36 
92 -4 -71 88 -61 56 -94 -47 17 -61 110 18 11 -5 -30 50 
-83 39 30 -109 37 -75 105 8 10 63 -109 24 -8 9 8 -59 
62 -68 11 113 -5 84 -72 -81 100 -7 
RSSI :-110 
Input angle :201
Zaxis angle :47 
minval :0 

minval :0 



-17 -55 57 -12 8 57 -58 2 2 -57 58 7 -13 58 -57 -17 
-53 -71 110 3 82 10 16 102 -60 26 -55 -97 -12 -11 58 -4 
76 45 -106 38 -79 22 -54 -88 41 -48 88 70 16 5 -52 27 
-87 -15 79 -76 65 -50 84 59 -19 59 -108 -29 -18 0 37 -44 
86 -20 -51 99 -43 70 -100 -24 -1 -64 111 -9 15 -8 -21 55 
-73 51 7 -112 10 -82 55 -96 124 7 
RSSI :-110 
Input angle :196
Zaxis angle :47 
minval :0 

minval :0 



18 56 -57 13 -8 -58 59 -2 -3 59 -58 -7 13 -58 57 17 
49 73 -108 0 -77 -6 -22 -100 54 -30 63 94 16 13 -59 3 
-73 -50 103 -34 74 -21 53 88 -39 48 -91 -66 -19 -5 54 -24 
86 20 -84 76 -58 50 -83 -60 21 -58 111 22 21 0 -42 41 
-87 14 47 -97 36 -68 99 23 1 63 -111 14 -17 8 17 -55 
75 -47 -10 109 -7 76 -49 -81 -48 -8 
RSSI :-110 
Input angle :196
Zaxis angle :47 
minval :0 

minval :0 



-20 -55 57 -15 9 57 -57 3 0 -58 58 4 -9 58 -56 -14 
-57 -73 107 0 76 2 20 98 -55 30 -68 -93 -21 -13 57 -4 
79 48 -99 41 -70 27 -56 -83 42 -47 100 57 24 4 -51 27 
-91 -15 79 -72 54 -53 86 52 -20 60 -114 -12 -24 5 36 -45 
90 -20 -46 97 -32 68 -99 -22 -5 -64 113 -26 20 -13 -18 55 
-75 54 5 -108 5 -76 54 -112 27 7 
RSSI :-110 
Input angle :196
Zaxis angle :49 
minval :0 

minval :0 



-16 -53 55 -11 6 56 -55 1 4 -56 56 8 -14 54 -53 -18 
-66 -66 111 -9 81 0 25 98 -58 33 -76 -92 -20 -3 57 -1 
89 33 -99 48 -75 31 -60 -82 41 -53 102 61 20 -4 -52 21 
-94 1 75 -81 62 -54 86 53 -19 64 -118 -14 -17 10 39 -38 
85 -41 -35 106 -32 74 -100 -16 -5 -68 116 -29 11 -17 -20 51 
-67 66 -5 -111 3 -82 63 -48 124 7 
RSSI :-110 
Input angle :201
Zaxis angle :49 
minval :0 

minval :0 



25 54 -57 19 -12 -59 60 -8 4 61 -61 -1 7 -59 58 12 
72 47 -103 29 -78 16 -38 -91 47 -44 90 77 14 -1 -59 9 
-85 -15 84 -68 66 -45 69 71 -26 59 -113 -38 -12 5 50 -33 
84 -18 -52 94 -44 67 -92 -39 3 -64 117 -6 10 -10 -35 49 
-71 47 14 -107 16 -79 100 -2 19 61 -107 50 -5 13 12 -58 
46 -72 28 104 16 78 -88 -49 -59 -7 
RSSI :-110 
Input angle :204
Zaxis angle :49 
minval :0 

minval :0 



-20 -59 60 -15 13 62 -62 8 -2 -62 62 5 -8 62 -60 -14 
-64 -48 103 -22 78 -9 30 94 -51 39 -77 -86 -12 -1 61 -5 
77 24 -87 57 -69 39 -63 -75 30 -54 106 48 11 -2 -53 30 
-79 5 56 -88 44 -64 88 45 -5 63 -116 -8 -9 7 38 -49 
72 -36 -20 107 -22 76 -99 -14 -14 -62 111 -37 6 -9 -16 60 
-52 61 -18 -103 -10 -78 72 -16 123 6 
RSSI :-110 
Input angle :201
Zaxis angle :49 
minval :0 

minval :0 



31 53 -56 27 -20 -59 60 -14 9 61 -61 4 -1 -61 61 2 
71 38 -98 39 -75 25 -48 -86 42 -51 91 75 11 0 -58 21 
-81 -6 72 -75 59 -53 78 59 -17 63 -113 -29 -11 3 46 -41 
77 -24 -37 99 -34 72 -95 -27 -4 -66 116 -13 9 -7 -28 55 
-62 52 -3 -105 7 -79 97 -10 32 58 -100 60 -5 9 6 -61 
37 -72 40 97 26 75 -108 -97 -11 -6 
RSSI :-110 
Input angle :201
Zaxis angle :49 
minval :0 

minval :0 



-29 -55 57 -23 19 59 -60 13 -6 -61 61 -1 -2 61 -60 -8 
-73 -41 98 -42 77 -25 43 87 -46 56 -87 -76 -12 -3 60 -14 
82 12 -77 73 -65 47 -71 -67 21 -67 108 39 13 -2 -49 36 
-81 22 42 -98 41 -68 90 34 5 71 -114 11 -11 7 32 -52 
67 -50 -2 107 -12 79 -98 6 -35 -63 102 -52 8 -11 -10 61 
-44 72 -35 -101 -18 -78 110 112 -36 5 
RSSI :-110 
Input angle :201
Zaxis angle :49 
minval :0 

minval :0 



-28 -61 64 -22 15 64 -67 10 -6 -67 67 0 -6 67 -65 -10 
-63 -48 97 -37 70 -20 39 83 -41 56 -85 -68 -11 -9 66 -13 
78 16 -77 69 -60 44 -71 -60 14 -68 104 32 13 2 -56 37 
-79 11 41 -96 34 -65 87 29 11 69 -109 6 -13 2 35 -56 
69 -41 -8 104 -10 73 -92 2 -38 -58 98 -48 13 -6 -11 65 
-48 63 -34 -98 -18 -72 112 64 41 5 
RSSI :-110 
Input angle :339
Zaxis angle :72 
minval :0 

minval :0 



46 51 -55 40 -36 -58 61 -32 27 63 -65 21 -16 -66 66 -9 
74 27 -79 67 -60 38 -63 -65 18 -66 100 39 13 6 -59 33 
-79 1 49 -90 42 -58 81 41 7 68 -107 1 -14 0 41 -54 
72 -30 -15 103 -16 69 -91 -2 -33 -59 97 -44 14 -5 -15 66 
-54 57 -24 -101 -13 -69 86 -30 54 41 -74 77 -11 10 -9 -67 
31 -72 63 81 38 60 121 -1 -28 -3 
RSSI :-110 
Input angle :209
Zaxis angle :49 
minval :0 

minval :0 



64 -26 22 65 -67 17 -12 -67 69 -5 0 69 -69 -6 10 -68 
49 -61 37 95 20 68 -81 41 -57 -34 64 -86 11 -14 15 67 
-24 74 -68 -76 -42 -56 59 -69 66 9 -27 103 -4 16 -38 -57 
-7 -78 94 40 62 33 -29 85 -65 16 -13 -106 -1 -17 57 38 
36 69 -102 -4 -70 -10 -5 -90 55 -38 56 91 9 15 -67 -13 
-61 -49 97 -31 67 -21 -68 -1 57 7 
RSSI :-110 
Input angle :204
Zaxis angle :49 
minval :0 

minval :0 



-67 13 -7 -67 69 0 -4 69 -68 -9 14 -67 65 18 -24 64 
-61 51 -18 -100 -7 -71 88 -21 49 44 -78 75 -15 12 0 -68 
39 -68 54 86 32 63 -72 55 -63 -21 47 -97 9 -17 27 64 
-10 78 -84 -59 -52 -47 48 -77 66 -1 -10 108 -2 20 -47 -49 
-18 -77 99 27 66 25 -16 89 -61 26 -34 -102 -4 -19 61 30 
47 63 -101 14 -71 5 92 64 -55 -7 
RSSI :-110 
Input angle :300
Zaxis angle :72 
minval :0 

minval :0 



69 -3 -2 68 -67 -7 14 -67 66 19 -24 64 -62 -30 34 -59 
67 -41 0 102 -1 70 -90 11 -45 -48 90 -62 18 -11 -11 67 
-47 63 -43 -92 -24 -66 80 -42 60 28 -57 93 -12 18 -15 -67 
21 -76 73 69 48 50 -53 71 -66 -3 18 -107 5 -21 39 55 
7 79 -96 -36 -64 -30 26 -87 62 -21 22 107 4 21 -56 -37 
-38 -68 101 -2 70 2 -94 -49 -78 5 
RSSI :-110 
Input angle :204
Zaxis angle :49 
minval :0 

minval :0 



65 -19 13 66 -66 5 1 -67 68 6 -12 67 -64 -17 24 -63 
59 -58 26 99 14 68 -82 34 -54 -34 70 -86 16 -19 1 66 
-28 79 -62 -81 -39 -56 63 -63 64 8 -28 109 -5 24 -27 -61 
0 -83 88 54 58 38 -33 84 -62 16 -9 -112 -2 -24 49 45 
34 76 -102 -13 -68 -15 -1 -90 52 -38 49 101 12 22 -64 -22 
-59 -58 99 -25 68 -13 -70 95 -33 6 
RSSI :-110 
Input angle :204
Zaxis angle :51 
minval :0 

minval :0 



-54 40 -36 -58 59 -32 25 61 -63 20 -16 -65 66 -11 3 67 
-31 81 -60 -83 -37 -58 63 -63 63 9 -31 108 -6 25 -28 -61 
0 -86 86 53 56 39 -32 82 -61 15 -12 -111 -3 -26 49 46 
35 78 -101 -16 -67 -14 -2 -89 50 -37 56 98 12 23 -64 -22 
-62 -59 98 -21 68 -9 35 81 -34 52 -86 -73 -21 -16 67 -3 
79 34 -83 58 -58 36 22 16 53 -8 
RSSI :-110 
Input angle :209
Zaxis angle :51 
minval :0 

minval :0 



52 -42 36 56 -59 32 -27 -60 63 -21 15 65 -66 11 -5 -66 
31 -83 58 82 37 57 -60 64 -60 -7 35 -108 7 -27 28 59 
0 89 -85 -53 -56 -39 30 -82 60 -13 13 113 3 27 -52 -41 
-38 -80 99 17 67 15 2 88 -51 34 -52 -101 -13 -24 62 22 
63 63 -98 19 -68 10 -35 -80 33 -51 84 75 21 18 -66 1 
-82 -31 88 -57 59 -37 -22 -97 -62 7 
RSSI :-110 
Input angle :204
Zaxis angle :51 
minval :0 

minval :0 



-35 57 -53 -39 44 -50 46 48 -51 42 -39 -53 58 -33 28 59 
-3 90 -81 -59 -53 -45 40 -78 61 -5 -4 113 1 28 -47 -48 
-27 -86 98 25 66 22 -1 87 -52 29 -45 -103 -11 -25 60 27 
61 67 -100 11 -68 9 -31 -80 39 -47 80 79 21 19 -66 0 
-81 -40 87 -50 62 -30 55 67 -19 57 -105 -43 -26 -9 61 -23 
90 5 -61 79 -46 50 -11 -49 110 -8 
RSSI :-110 
Input angle :204
Zaxis angle :49 
minval :0 

minval :0 



34 -56 53 40 -44 48 -43 -48 52 -39 33 56 -58 29 -25 -60 
8 -92 77 63 51 46 -38 78 -61 3 5 -112 0 -27 45 46 
26 89 -95 -27 -63 -28 7 -85 54 -25 35 107 10 24 -60 -24 
-59 -70 100 -7 69 0 26 83 -40 44 -77 -82 -19 -20 64 -2 
79 46 -88 48 -65 25 -55 -66 18 -57 100 50 25 10 -60 24 
-92 -14 66 -75 49 -47 6 32 -94 7 
RSSI :-110 
Input angle :209
Zaxis angle :49 
minval :0 

minval :0 



-43 -50 53 -37 34 55 -59 28 -20 -62 64 -16 13 64 -64 7 
-83 -33 83 -54 60 -32 62 61 -17 56 -103 -38 -19 -8 55 -33 
91 1 -54 82 -43 53 -80 -32 -4 -59 111 -1 22 0 -41 49 
-84 34 19 -96 20 -64 86 -5 29 52 -100 48 -19 9 16 -62 
64 -61 19 96 5 67 -79 33 -45 -39 75 -81 15 -16 5 64 
-38 81 -50 -85 -28 -63 113 -96 -13 1 
RSSI :-110 
Input angle :204
Zaxis angle :49 
minval :0 

minval :0 



58 28 -35 54 -51 -41 45 -45 43 48 -50 42 -38 -52 55 -33 
85 0 -55 80 -44 52 -81 -35 -5 -59 109 0 17 0 -41 49 
-81 27 17 -95 18 -65 88 -1 28 53 -101 41 -16 7 17 -62 
60 -60 16 96 8 68 -81 34 -46 -37 79 -75 11 -12 7 64 
-35 78 -53 -81 -33 -59 60 -64 57 17 -46 100 -6 16 -31 -57 
4 -86 80 55 53 42 -121 63 -79 0 
RSSI :-110 
Input angle :209
Zaxis angle :41 
minval :0 

minval :0 



-63 17 -12 -64 65 -9 3 64 -64 -2 7 -64 63 12 -18 62 
-59 56 -19 -95 -6 -67 81 -38 48 38 -78 73 -8 11 -7 -64 
32 -76 55 80 32 59 -60 66 -58 -18 41 -99 3 -13 31 56 
-1 82 -80 -57 -51 -43 32 -83 61 -5 -8 107 1 14 -49 -39 
-27 -78 96 16 65 18 3 89 -53 30 -34 -102 -7 -12 62 17 
58 59 -95 21 -66 8 78 0 -2 -7 
RSSI :-110 
Input angle :209
Zaxis angle :49 
minval :0 

minval :0 



51 -40 37 53 -57 32 -26 -59 61 -20 14 63 -64 7 -4 -65 
30 -74 50 83 30 59 -66 63 -58 -21 51 -91 2 -12 26 60 
-3 81 -79 -58 -49 -44 37 -82 62 -1 -12 104 3 12 -46 -43 
-24 -77 96 21 62 23 -4 91 -57 23 -28 -101 -7 -10 59 23 
50 62 -97 12 -66 2 -30 -85 43 -43 65 83 11 6 -64 1 
-73 -35 84 -49 60 -29 -40 -65 90 7 
RSSI :-110 
Input angle :196
Zaxis angle :49 
minval :0 

minval :0 



-1 64 -64 -8 12 -63 62 17 -21 61 -58 -27 33 -55 51 38 
35 71 -97 -13 -65 -12 -4 -91 54 -29 37 97 8 8 -62 -18 
-58 -55 96 -21 65 -11 42 82 -37 49 -71 -75 -11 -3 64 -8 
75 28 -78 59 -55 36 -70 -59 15 -60 94 43 12 -1 -56 32 
-79 2 52 -83 38 -53 86 30 3 62 -104 -5 -10 5 41 -49 
74 -31 -18 97 -16 63 -62 -33 53 -7 
RSSI :-110 
Input angle :180
Zaxis angle :41 
minval :0 

minval :0 



-39 -53 55 -33 28 59 -61 21 -15 -62 64 -11 5 65 -64 1 
-71 -36 87 -48 57 -28 62 68 -24 58 -89 -52 -11 1 59 -25 
79 6 -62 77 -42 49 -83 -39 0 -61 100 17 10 -5 -46 46 
-76 23 27 -95 22 -61 92 5 20 58 -99 24 -7 8 25 -60 
61 -50 13 98 2 64 -86 30 -44 -44 83 -58 4 -11 -1 65 
-38 68 -47 -86 -26 -59 115 96 -35 2 
RSSI :-110 
Input angle :193
Zaxis angle :49 
minval :0 

minval :0 



-51 40 -36 -53 56 -33 28 59 -61 21 -15 -63 65 -10 5 65 
-22 72 -59 -77 -34 -54 62 -70 58 18 -44 91 3 8 -28 -60 
1 -76 81 54 51 39 -33 87 -62 2 9 -101 -6 -7 49 43 
28 71 -96 -15 -61 -17 -4 -93 56 -25 32 95 9 4 -60 -23 
-53 -54 96 -20 63 -8 38 84 -42 43 -69 -73 -10 0 65 -4 
70 30 -80 54 -54 33 41 -48 -54 -8 
RSSI :-110 
Input angle :196
Zaxis angle :49 
minval :0 

minval :0 



-2 -64 64 4 -11 64 -61 -17 22 -60 59 26 -30 56 -54 -35 
-33 -69 97 7 61 14 7 93 -53 26 -41 -92 -10 -1 62 12 
56 52 -94 25 -62 12 -48 -79 38 -46 72 71 10 0 -63 10 
-72 -28 80 -55 53 -34 71 59 -19 56 -94 -38 -9 4 56 -31 
77 0 -47 84 -37 52 -87 -28 -3 -59 101 6 5 -8 -37 52 
-70 32 9 -97 13 -61 53 0 -91 6 
RSSI :-110 
Input angle :193
Zaxis angle :0 
minval :0 

minval :0 



46 44 -49 41 -38 -52 54 -32 26 59 -60 21 -16 -62 62 -14 
74 31 -80 52 -57 29 -74 -63 22 -54 90 48 9 -5 -53 36 
-82 -4 53 -81 39 -49 92 30 -2 57 -101 -11 -7 8 36 -53 
74 -30 -19 94 -18 60 -98 4 -18 -55 99 -30 3 -9 -14 62 
-59 55 -18 -95 -4 -64 87 -42 39 42 -79 65 0 11 -10 -63 
35 -73 52 80 28 57 -106 79 -78 -4 
RSSI :-110 
Input angle :201
Zaxis angle :47 
minval :0 

minval :0 



-51 47 -43 -55 59 -38 33 62 -65 26 -20 -67 70 -15 10 69 
-50 69 -30 -88 -11 -64 87 -58 36 37 -73 76 6 12 -38 -59 
21 -84 62 70 37 54 -54 90 -47 -21 38 -97 -10 -10 55 44 
12 85 -83 -43 -52 -38 24 -102 51 3 1 105 13 5 -67 -20 
-41 -75 94 7 63 14 17 103 -50 17 -39 -98 -14 0 70 -10 
67 53 -90 27 -65 13 76 112 94 -5 
RSSI :-110 
Input angle :184
Zaxis angle :44 
minval :0 

minval :0 



1 -84 83 9 -16 82 -81 -22 30 -78 76 37 -42 73 -69 -47 
-10 -93 87 41 50 44 -26 108 -34 -8 2 -103 -14 0 83 18 
48 80 -95 -11 -65 -21 -11 -109 35 -5 38 96 13 -6 -83 12 
-73 -56 90 -32 68 -2 57 96 -30 19 -68 -78 -9 11 74 -40 
91 22 -76 58 -61 29 -88 -67 22 -28 94 45 4 -15 -52 66 
-92 13 43 -85 45 -49 -15 63 87 4 
RSSI :-110 
Input angle :152
Zaxis angle :32 
minval :0 

minval :0 



-48 69 -63 -56 62 -57 50 67 -71 44 -39 -74 77 -32 26 79 
-37 77 -43 -77 -16 -57 59 -57 24 0 -28 67 20 17 -55 -63 
4 -86 69 56 37 46 -31 76 -22 7 3 -73 -26 -8 74 38 
25 82 -85 -26 -50 -31 0 -83 17 -15 27 69 26 -2 -83 -7 
-52 -67 88 -8 59 6 29 78 -11 20 -49 -54 -23 12 81 -21 
75 43 -80 38 -57 14 5 64 2 -3 
RSSI :-110 
Input angle :184
Zaxis angle :47 
minval :0 

minval :0 



-80 -55 63 -75 69 70 -75 62 -57 -79 83 -51 44 88 -90 36 
-96 -33 78 -56 65 -13 47 79 -6 12 -56 -38 -8 21 70 -68 
103 -4 -48 84 -54 38 -74 -55 2 -14 67 12 -1 -23 -41 88 
-95 41 10 -96 34 -56 90 21 5 12 -66 12 10 21 2 -98 
71 -75 24 93 -13 65 -92 14 -8 -11 56 -37 -15 -16 33 92 
-39 96 -55 -79 -12 -64 26 -32 -20 0 
RSSI :-110 
Input angle :146
Zaxis angle :39 
minval :0 

minval :0 



43 -78 73 49 -57 67 -63 -63 67 -58 53 70 -75 47 -39 -78 
27 -93 44 85 32 64 -83 76 -29 -21 51 -89 -14 -8 64 61 
5 95 -73 -61 -52 -49 50 -100 35 8 -18 101 16 2 -83 -31 
-44 -85 91 28 66 25 -6 113 -36 4 -26 -101 -16 2 88 -7 
74 62 -95 9 -71 2 -35 -107 31 -19 60 83 13 -8 -80 37 
-91 -30 84 -43 64 -29 -42 47 -53 3 
RSSI :-110 
Input angle :201
Zaxis angle :44 
minval :0 

minval :0 



72 12 -17 72 -71 -19 24 -69 66 33 -39 63 -59 -44 48 -55 
87 4 -58 70 -61 65 -104 -45 31 -56 126 29 -1 -2 -26 70 
-81 32 27 -87 30 -83 114 0 -7 64 -126 25 2 0 0 -74 
66 -57 7 91 4 89 -107 39 -18 -62 108 -69 -1 0 30 67 
-37 80 -40 -81 -38 -80 82 -78 42 49 -73 106 2 0 -54 -51 
0 -86 67 62 65 61 -116 -1 47 -4 
RSSI :-110 
Input angle :125
Zaxis angle :14 
minval :0 

minval :0 



-81 -10 21 -78 76 30 -35 74 -71 -40 45 -66 61 53 -57 58 
-67 9 58 -63 53 -38 93 44 -5 34 -91 -32 0 33 32 -75 
59 -32 -36 78 -36 56 -103 -7 -6 -34 96 0 -14 -29 -1 81 
-41 54 2 -87 10 -65 99 -30 20 27 -88 38 23 23 -31 -75 
17 -65 31 80 17 63 -76 69 -29 -17 63 -72 -31 -12 57 58 
8 68 -59 -64 -39 -52 69 -32 -105 0 
RSSI :-110 
Input angle :147
Zaxis angle :32 
minval :0 

minval :0 



94 -71 63 100 -105 54 -45 -110 113 -33 24 116 -117 15 -4 -118 
41 -89 45 100 -17 75 -109 27 -8 -21 72 -48 -39 7 50 107 
-3 98 -83 -71 -17 -75 92 -67 14 17 -51 69 34 -21 -81 -85 
-32 -93 105 37 44 64 -59 94 -19 -10 24 -84 -22 32 108 47 
67 72 -110 3 -64 -43 19 -111 22 2 10 86 10 -39 -118 0 
-87 -43 102 -42 76 14 -42 -49 -63 0 
RSSI :-110 
Input angle :137
Zaxis angle :25 
minval :0 

minval :0 


