
-11 103 -101 -21 28 -99 96 38 -46 91 -86 -54 61 -83 77 66 
29 77 -109 -22 -10 -47 29 -53 -18 1 4 38 32 -69 -98 -31 
-58 -60 109 -23 29 38 -6 61 18 -7 -20 -32 -5 76 102 -8 
76 31 -91 65 -40 -26 -16 -58 -12 14 31 21 -25 -72 -92 46 
-83 -2 61 -94 49 6 38 47 6 -18 -36 -9 49 59 70 -76 
79 -29 -17 111 -47 12 4 -96 108 2 
RSSI :-110 
Input angle :189
Zaxis angle :0 
minval :0 

minval :0 



-72 -20 26 -70 66 34 -40 63 -59 -46 49 -55 51 54 -59 45 
-55 10 38 -86 2 20 32 -6 43 -32 -21 43 43 87 42 -62 
46 -29 -3 95 -10 -18 -26 19 -26 46 2 -46 -71 -63 -7 75 
-30 47 -36 -87 16 13 17 -27 8 -54 17 44 91 28 -15 -73 
9 -55 64 69 -20 -4 -5 32 13 52 -31 -34 -95 10 45 60 
9 55 -86 -40 20 -2 -66 79 -127 -6 
RSSI :-110 
Input angle :194
Zaxis angle :25 
minval :0 

minval :0 



16 -62 61 23 -26 59 -57 -31 35 -53 50 40 -43 47 -43 -47 
-20 -44 82 32 -15 -19 24 37 25 61 -60 -26 -93 27 58 27 
36 32 -88 -4 23 11 -35 -27 -45 -48 67 2 78 -58 -63 -8 
-45 -19 82 -32 -25 -4 43 10 62 24 -62 24 -48 84 63 -15 
48 -1 -63 63 24 -6 -44 7 -67 -5 48 -47 13 -98 -49 41 
-44 18 35 -81 -21 15 125 16 28 -3 
RSSI :-110 
Input angle :294
Zaxis angle :44 
minval :0 

minval :0 



57 -22 17 58 -60 12 -8 -61 61 -1 -2 61 -60 -7 14 -59 
24 -40 8 85 19 -21 -22 45 -51 45 -5 -73 -61 -74 8 60 
-6 48 -45 -71 -9 27 2 -50 26 -62 34 64 86 41 -31 -52 
-13 -46 68 50 -2 -28 16 47 0 68 -57 -45 -96 -4 47 37 
29 38 -83 -19 12 25 -34 -38 -27 -62 69 22 90 -33 -58 -16 
-41 -22 84 -10 -21 -20 98 -64 50 6 
RSSI :-110 
Input angle :283
Zaxis angle :49 
minval :0 

minval :0 



41 44 -47 37 -35 -49 51 -32 26 54 -56 21 -16 -58 59 -13 
49 6 -74 39 22 16 -52 -8 -55 -29 64 -32 42 -83 -51 31 
-48 14 50 -66 -26 -7 51 -13 63 5 -48 53 -6 93 33 -49 
39 -32 -21 80 27 -3 -43 31 -60 17 26 -67 -27 -90 -16 58 
-22 44 -10 -82 -23 14 29 -43 48 -41 4 72 62 70 -10 -59 
6 -50 40 75 14 -22 -56 -49 37 7 
RSSI :-110 
Input angle :205
Zaxis angle :49 
minval :0 

minval :0 



-64 -1 6 -63 62 12 -17 62 -60 -21 26 -58 56 31 -34 53 
-52 30 36 -75 -15 -14 59 -14 46 -2 -44 54 15 87 13 -62 
33 -51 0 84 20 7 -48 37 -42 19 20 -67 -45 -75 12 62 
-12 59 -31 -77 -20 0 31 -53 33 -31 6 69 72 50 -32 -54 
-13 -59 55 61 19 -8 -8 61 -16 42 -31 -62 -86 -20 50 40 
30 51 -75 -35 -15 14 -4 63 51 -6 
RSSI :-110 
Input angle :240
Zaxis angle :51 
minval :0 

minval :0 



-33 -56 59 -29 23 62 -64 16 -10 -64 66 -6 0 66 -66 -5 
-57 -35 84 0 15 -16 40 54 14 36 -65 -26 -68 50 64 -17 
67 9 -76 36 -6 21 -57 -34 -26 -29 69 -3 46 -71 -52 39 
-66 15 56 -61 -2 -22 67 10 34 17 -63 28 -12 84 32 -57 
53 -41 -27 79 10 18 -65 17 -39 0 47 -52 -16 -84 -10 64 
-36 57 1 -84 -16 -15 73 -112 26 -2 
RSSI :-110 
Input angle :230
Zaxis angle :44 
minval :0 

minval :0 



53 -20 16 54 -56 11 -6 -55 56 -1 -2 57 -56 -6 10 -55 
-10 -24 85 10 12 -20 -31 18 -9 -12 -36 -23 -50 -39 6 56 
19 18 -82 23 -4 24 22 -28 13 8 41 8 61 17 -30 -47 
-25 -9 66 -53 -6 -23 -10 35 -14 -2 -41 7 -64 8 47 32 
27 0 -39 75 14 20 -3 -36 14 -4 35 -24 55 -32 -54 -15 
-24 11 11 -85 -21 -13 -25 95 19 1 
RSSI :-110 
Input angle :227
Zaxis angle :56 
minval :0 

minval :0 



74 9 -15 72 -70 -20 25 -70 67 32 -37 63 -60 -42 47 -56 
4 -19 63 40 25 -41 -42 -10 0 19 -21 -7 -38 -68 -26 68 
3 19 -74 -16 -6 48 43 -6 -8 -18 22 -2 58 49 -3 -74 
-10 -17 74 -15 -11 -46 -37 21 13 13 -20 10 -73 -23 32 66 
15 10 -62 42 27 40 25 -35 -18 -7 14 -18 76 -7 -52 -51 
-19 -5 39 -64 -40 -27 38 80 -10 -1 
RSSI :-110 
Input angle :229
Zaxis angle :54 
minval :0 

minval :0 



56 35 -38 52 -50 -43 47 -45 40 50 -54 37 -32 -56 59 -27 
18 -17 45 44 42 -13 -25 -2 3 0 -37 -34 -7 -72 -45 48 
-12 21 -58 -24 -34 29 23 -8 -2 0 48 15 32 65 25 -60 
1 -24 63 0 21 -39 -18 17 2 -1 -50 4 -56 -46 2 66 
6 23 -58 22 -3 44 10 -22 -1 2 46 -21 67 24 -25 -59 
-16 -19 41 -47 -14 -42 1 112 -88 -1 
RSSI :-110 
Input angle :210
Zaxis angle :66 
minval :0 

minval :0 



-39 -67 70 -33 28 71 -75 22 -15 -76 77 -9 2 77 -76 -5 
-40 2 -6 -39 -34 13 26 13 -12 -4 31 21 0 64 73 -23 
36 -16 21 33 26 -26 -29 0 12 -1 -36 -6 -23 -59 -58 50 
-26 29 -32 -22 -13 34 27 -9 -11 5 37 -7 46 43 35 -69 
13 -38 38 6 -1 -37 -21 19 8 -9 -31 22 -60 -23 -6 77 
2 39 -38 9 13 34 -9 63 -123 1 
RSSI :-110 
Input angle :239
Zaxis angle :60 
minval :0 

minval :0 



35 -72 69 42 -48 65 -60 -53 57 -56 52 62 -65 47 -41 -69 
-38 -32 36 -21 -21 -29 4 8 -19 -5 15 44 -49 31 64 49 
46 16 -24 33 32 19 -8 -6 21 -2 -29 -35 33 -48 -79 -19 
-49 4 10 -41 -35 -6 10 2 -19 9 42 19 -11 56 80 -8 
44 -21 5 41 36 -8 -9 1 13 -15 -46 -2 -11 -57 -70 41 
-33 37 -21 -36 -30 21 -13 63 -124 2 
RSSI :-110 
Input angle :50
Zaxis angle :66 
minval :0 

minval :0 



59 47 -53 54 -48 -58 62 -42 37 65 -69 32 -27 -71 73 -20 
41 -38 30 45 53 -16 -5 -2 -31 -5 -37 -8 -18 -63 -61 46 
-22 52 -43 -29 -45 32 6 0 32 -6 37 -6 39 54 39 -66 
-1 -56 51 10 27 -48 -6 1 -26 19 -32 20 -57 -32 -10 76 
22 52 -51 12 -5 56 5 -3 18 -26 22 -30 65 7 -20 -73 
-40 -38 42 -29 -15 -53 -10 111 2 4 
RSSI :-110 
Input angle :229
Zaxis angle :62 
minval :0 

minval :0 



0 90 -89 -6 15 -88 86 23 -32 84 -81 -39 46 -77 72 54 
49 34 -21 49 50 -5 -12 -27 -1 -1 -9 -27 26 -56 -87 -23 
-58 -12 3 -52 -44 24 21 20 1 1 19 21 -3 61 88 -12 
59 -11 16 50 32 -39 -28 -9 -2 0 -27 -12 -22 -56 -79 43 
-49 33 -35 -39 -15 49 29 -1 2 0 28 1 40 46 55 -71 
34 -48 48 21 -7 -50 -5 79 38 0 
RSSI :-110 
Input angle :213
Zaxis angle :62 
minval :0 

minval :0 



-88 78 -69 -93 98 -60 53 104 -106 48 -39 -109 111 -30 22 113 
43 69 -87 0 20 36 45 -26 12 -15 -1 -18 49 -13 -60 -99 
-68 -44 78 -35 -32 -26 -31 43 -4 19 9 15 -41 31 93 71 
79 15 -61 61 40 13 12 -51 -2 -18 -14 -10 26 -44 -113 -34 
-80 14 33 -79 -41 4 7 52 9 16 18 4 -8 50 116 -18 
69 -43 0 86 37 -19 -31 31 -125 -2 
RSSI :-110 
Input angle :356
Zaxis angle :54 
minval :0 

minval :0 



-106 27 -16 -107 109 -2 -7 108 -108 -16 24 -105 103 33 -41 100 
0 71 -70 -25 19 59 39 -1 15 -25 37 -43 61 12 3 -109 
-28 -66 75 -7 -43 -45 -36 14 -5 31 -14 53 -62 12 40 102 
53 47 -68 33 56 27 26 -27 -7 -30 -6 -56 51 -35 -76 -78 
-66 -25 49 -55 -63 -3 -15 36 19 23 27 49 -33 52 101 40 
71 -2 -20 71 56 -25 -54 111 46 -2 
RSSI :-110 
Input angle :220
Zaxis angle :51 
minval :0 

minval :0 



-64 31 -26 -67 69 -21 14 70 -72 8 -1 -72 71 7 -15 69 
8 37 -39 0 26 18 22 7 3 -16 11 -46 31 -4 -16 -70 
-22 -31 36 -16 -31 -6 -24 2 3 15 9 47 -26 16 42 58 
33 19 -27 28 31 -6 20 -12 -8 -13 -25 -40 18 -25 -61 -36 
-37 -6 13 -37 -25 18 -15 18 13 9 40 26 -6 30 71 8 
37 -9 0 39 17 -27 -61 127 35 -1 
RSSI :-110 
Input angle :5
Zaxis angle :44 
minval :0 

minval :0 



-56 35 -33 -58 60 -28 22 63 -65 15 -10 -66 66 -5 0 66 
10 32 -31 9 15 4 31 1 16 -4 5 -45 22 -7 -22 -63 
-22 -25 25 -18 -15 1 -28 11 -12 10 13 43 -16 16 46 48 
31 13 -16 28 13 -7 22 -21 7 -14 -28 -35 9 -20 -61 -26 
-34 0 5 -32 -9 11 -13 28 -1 16 40 21 0 23 66 2 
31 -12 9 31 4 -15 -20 -33 3 -4 
RSSI :-110 
Input angle :341
Zaxis angle :51 
minval :0 

minval :0 



59 101 -106 50 -40 -109 113 -31 21 116 -117 10 1 -117 116 7 
58 -25 5 62 10 12 6 -64 -1 -58 -68 -9 -17 -32 -113 35 
-44 45 -26 -55 -14 -7 17 62 25 52 66 -15 27 23 89 -77 
20 -60 48 38 16 1 -42 -49 -43 -38 -55 41 -35 -10 -52 105 
3 64 -59 -17 -14 5 57 29 54 21 33 -59 36 -3 8 -117 
-28 -57 61 -8 12 -10 -117 -113 -68 0 
RSSI :-110 
Input angle :194
Zaxis angle :60 
minval :0 

minval :0 



-77 2 3 -78 77 8 -15 76 -74 -19 25 -72 69 34 -40 65 
-9 52 -27 -14 1 -15 43 -27 24 19 43 -4 47 -7 20 -75 
-8 -52 32 2 5 13 -26 44 -30 -8 -36 20 -40 25 15 76 
31 43 -28 9 -10 -11 8 -51 31 -2 25 -35 28 -39 -41 -66 
-43 -31 23 -20 13 6 9 50 -26 14 -11 40 -10 47 65 44 
53 10 -14 27 -14 -1 37 -32 -4 -4 
RSSI :-110 
Input angle :227
Zaxis angle :58 
minval :0 

minval :0 



-3 -83 83 5 -11 83 -82 -16 22 -81 79 31 -38 74 -69 -45 
-66 -9 42 -25 37 6 11 54 -40 -2 -5 25 -6 39 83 14 
64 -16 -30 37 -37 7 -29 -43 38 -11 -5 -24 -10 -37 -82 18 
-52 41 11 -47 32 -22 46 27 -30 26 14 21 25 31 68 -49 
31 -59 6 47 -19 31 -52 -8 17 -36 -21 -13 -36 -19 -43 72 
-6 67 -25 -41 5 -37 -1 -33 29 5 
RSSI :-110 
Input angle :224
Zaxis angle :44 
minval :0 

minval :0 



93 -52 43 98 -102 30 -21 -107 106 -12 3 106 -107 -5 12 -108 
18 -120 65 49 -21 71 -89 47 -7 -74 -37 -42 -111 -61 28 102 
26 117 -77 -19 -10 -72 68 -73 35 65 49 26 0 12 -66 -83 
-71 -97 80 -9 37 61 -32 96 -55 -48 -56 -4 -121 33 92 53 
101 64 -72 41 -57 -45 -2 -102 69 26 54 -18 101 -78 -108 -10 
-118 -21 48 -65 70 18 -73 127 -110 0 
RSSI :-110 
Input angle :199
Zaxis angle :54 
minval :0 

minval :0 



-31 40 -37 -34 37 -33 30 40 -42 28 -24 -44 46 -20 17 47 
32 76 -24 -13 -19 -38 4 -22 30 20 19 -4 57 -4 -32 -38 
-60 -58 28 4 32 28 4 23 -34 -7 -17 12 -50 25 44 23 
79 25 -27 7 -39 -13 -12 -20 35 -6 11 -18 39 -42 -51 -3 
-84 3 21 -17 42 -5 19 13 -28 20 -3 20 -18 54 47 -16 
76 -36 -14 24 -37 18 38 -112 55 -4 
RSSI :-110 
Input angle :207
Zaxis angle :54 
minval :0 

minval :0 



2 -52 50 6 -10 50 -49 -16 20 -47 45 24 -28 43 -39 -32 
-69 -15 33 -27 30 -2 1 22 -30 0 -22 9 -54 33 49 14 
70 -10 -21 37 -26 13 -8 -20 27 -13 17 -17 39 -51 -52 3 
-61 35 6 -43 19 -22 15 15 -21 22 -10 22 -17 62 45 -23 
42 -57 11 41 -9 28 -21 -7 10 -28 0 -24 -7 -63 -33 40 
-15 69 -26 -34 0 -29 2 -96 -52 3 
RSSI :-110 
Input angle :207
Zaxis angle :49 
minval :0 

minval :0 



-77 0 7 -76 75 13 -18 74 -73 -25 31 -70 65 40 -43 62 
17 78 -21 -38 0 -22 13 6 33 16 31 -8 59 26 15 -75 
-42 -68 35 26 6 20 -15 -2 -36 0 -25 18 -65 2 14 75 
65 45 -42 -11 -15 -16 14 -5 34 -13 13 -28 59 -27 -41 -66 
-78 -16 42 -5 19 8 -12 10 -26 24 -1 31 -44 47 65 43 
78 -17 -35 22 -21 0 29 16 -73 -5 
RSSI :-110 
Input angle :207
Zaxis angle :58 
minval :0 

minval :0 



53 -59 54 58 -62 50 -46 -66 67 -41 36 71 -73 30 -22 -75 
-72 -35 54 9 13 9 -25 5 -27 16 -12 26 -65 30 49 63 
80 7 -52 15 -16 -2 21 -13 19 -25 2 -30 49 -54 -70 -39 
-75 26 42 -33 17 -4 -13 20 -8 31 8 29 -23 70 80 12 
60 -52 -27 47 -13 11 6 -25 -4 -31 -19 -22 -4 -73 -77 20 
-34 72 5 -54 8 -15 36 64 -123 3 
RSSI :-110 
Input angle :207
Zaxis angle :56 
minval :0 

minval :0 



51 58 -63 47 -42 -66 70 -34 26 73 -76 20 -15 -76 77 -11 
50 -66 -13 54 -3 8 -4 -28 -14 -32 -25 -16 -17 -74 -68 37 
-24 79 -11 -55 -1 -9 15 23 23 24 29 7 45 61 47 -61 
-10 -81 32 45 4 7 -24 -16 -33 -12 -29 5 -67 -37 -23 74 
42 70 -48 -29 -8 -6 27 4 34 -1 25 -17 76 11 -10 -77 
-66 -49 55 9 9 2 -64 95 -31 1 
RSSI :-110 
Input angle :203
Zaxis angle :58 
minval :0 

minval :0 



-40 -61 65 -37 31 67 -70 26 -20 -71 73 -13 6 74 -74 -2 
-55 54 14 -59 0 -1 6 35 12 31 13 14 3 79 69 -25 
30 -72 8 60 1 0 -18 -28 -22 -24 -18 -7 -32 -71 -54 51 
-2 78 -29 -56 -1 0 27 20 30 15 19 0 56 56 31 -68 
-25 -73 49 36 1 0 -34 -7 -33 -1 -18 6 -73 -30 0 73 
52 57 -59 -16 -1 1 63 -80 -100 -2 
RSSI :-110 
Input angle :211
Zaxis angle :62 
minval :0 

minval :0 



66 24 -30 63 -60 -36 40 -58 55 43 -48 51 -46 -51 56 -42 
14 -78 31 51 0 5 -27 -12 -22 -22 -29 -8 -48 -54 -38 59 
18 77 -49 -34 0 -4 30 0 30 11 31 -5 66 30 11 -70 
-47 -63 58 12 3 3 -27 11 -32 0 -26 14 -74 0 19 68 
68 40 -58 11 -3 -4 22 -20 29 -14 20 -23 67 -28 -41 -57 
-78 -13 50 -32 4 0 -43 -113 17 3 
RSSI :-110 
Input angle :213
Zaxis angle :62 
minval :0 

minval :0 



-56 -42 47 -50 47 51 -55 42 -37 -58 62 -32 26 65 -65 21 
-33 74 -4 -57 0 -2 12 22 20 31 25 10 22 68 55 -42 
6 -80 25 52 1 2 -20 -15 -30 -20 -26 -1 -50 -50 -31 62 
30 74 -45 -37 -2 -1 25 4 37 4 24 -10 66 26 7 -70 
-56 -57 56 14 2 0 -24 4 -36 9 -18 19 -71 0 22 66 
74 32 -57 5 -2 1 61 32 14 -3 
RSSI :-110 
Input angle :199
Zaxis angle :56 
minval :0 

minval :0 



59 40 -46 56 -52 -49 53 -48 43 59 -61 38 -32 -64 65 -28 
34 -71 8 58 -5 1 -20 -23 -16 -27 -22 -11 -27 -66 -52 48 
-2 80 -33 -49 4 -2 27 14 25 19 24 3 49 51 30 -65 
-25 -76 49 34 -2 4 -30 0 -30 -6 -23 7 -66 -26 -1 72 
55 59 -58 -12 0 -4 29 -10 31 -6 18 -16 71 -1 -27 -66 
-73 -32 57 -10 1 5 -53 -65 40 2 
RSSI :-110 
Input angle :207
Zaxis angle :62 
minval :0 

minval :0 



70 -27 19 73 -74 14 -8 -74 75 -3 -3 75 -75 -12 18 -72 
-14 -70 50 25 -14 0 -45 8 -16 -14 -14 18 -70 -17 9 73 
40 60 -56 -4 13 -5 38 -24 22 5 6 -22 72 -6 -36 -66 
-58 -42 53 -18 -10 10 -26 37 -23 1 1 22 -63 37 59 45 
71 14 -42 36 4 -13 8 -44 20 -10 -11 -20 43 -58 -72 -20 
-71 12 25 -49 0 13 -29 -81 13 2 
RSSI :-110 
Input angle :307
Zaxis angle :62 
minval :0 

minval :0 



6 81 -80 0 4 -81 80 11 -19 79 -77 -25 32 -74 70 38 
73 10 -35 43 12 -12 -4 -60 19 -7 -3 -8 35 -57 -80 -6 
-72 15 16 -54 -6 16 29 52 -15 13 6 7 -11 66 76 -24 
58 -45 9 56 0 -17 -46 -35 7 -19 -7 -4 -14 -65 -62 51 
-38 64 -28 -48 7 16 57 15 0 20 10 1 40 54 37 -71 
11 -73 44 35 -12 -12 -17 -65 -76 -3 
RSSI :-110 
Input angle :199
Zaxis angle :64 
minval :0 

minval :0 



-2 82 -81 -11 17 -80 79 21 -28 76 -74 -36 42 -69 66 47 
53 -4 -21 59 29 8 2 1 15 -37 -1 -71 52 -68 -80 -18 
-47 26 -1 -64 -30 6 -3 0 0 39 28 65 -21 83 80 -14 
32 -44 28 56 25 -16 2 -1 -15 -36 -51 -49 -9 -87 -68 45 
-14 52 -47 -43 -17 24 -2 1 28 27 67 24 46 72 48 -67 
-5 -54 59 23 8 -29 -75 -17 13 -2 
RSSI :-110 
Input angle :341
Zaxis angle :54 
minval :0 

minval :0 



36 -79 76 40 -47 72 -67 -54 62 -61 54 67 -72 48 -41 -75 
-43 -31 58 -64 10 -16 9 22 -33 28 -11 39 -54 3 69 50 
52 12 -25 83 -2 19 -18 -16 21 -38 -4 -41 48 -26 -82 -22 
-53 8 -2 -87 -5 -19 21 10 -2 43 18 37 -35 41 86 -9 
48 -26 33 80 11 16 -24 -1 -10 -42 -30 -27 15 -52 -72 46 
-31 42 -62 -60 -16 -11 58 16 49 4 
RSSI :-110 
Input angle :185
Zaxis angle :66 
minval :0 

minval :0 



-59 83 -78 -65 70 -75 69 75 -82 61 -54 -86 91 -45 36 95 
71 3 -79 46 22 24 5 2 16 -41 22 -84 66 -20 -72 -72 
-67 25 54 -74 -31 -12 -6 0 1 43 14 85 -53 45 94 39 
50 -50 -22 89 33 0 4 -2 -16 -40 -43 -74 33 -61 -102 -1 
-30 65 -14 -91 -30 12 -4 4 31 31 68 52 -6 70 94 -40 
6 -71 43 82 23 -22 -82 -33 -28 -3 
RSSI :-110 
Input angle :336
Zaxis angle :49 
minval :0 

minval :0 



115 36 -44 112 -108 -52 63 -102 95 73 -82 89 -81 -89 95 -73 
-14 -35 35 84 -7 16 -46 -24 15 -44 -29 12 -39 -5 -63 103 
27 25 -63 -66 0 -18 51 7 2 46 23 -21 38 -11 19 -119 
-35 -13 84 33 7 17 -50 12 -19 -42 -13 29 -30 25 31 116 
37 -1 -92 1 -12 -13 41 -31 33 31 -1 -32 19 -34 -75 -94 
-34 15 83 -37 15 6 -91 79 -11 -3 
RSSI :-110 
Input angle :234
Zaxis angle :32 
minval :0 

minval :0 



-60 -8 14 -60 58 19 -25 55 -53 -30 34 -52 48 37 -41 45 
23 53 -38 -27 20 -14 0 -4 8 20 52 -16 68 18 22 -58 
-40 -40 46 11 -14 22 2 2 -15 -15 -44 34 -68 7 -1 62 
53 20 -48 4 5 -24 -3 -1 20 6 25 -49 60 -37 -28 -55 
-57 3 41 -24 6 25 3 0 -21 1 -2 55 -43 55 45 42 
52 -25 -27 39 -13 -22 38 48 -72 -2 
RSSI :-110 
Input angle :147
Zaxis angle :58 
minval :0 

minval :0 



15 100 -101 4 6 -101 101 15 -24 98 -96 -32 40 -93 88 48 
31 -27 -1 34 -9 -23 -2 -1 1 -2 -6 -8 -10 -65 -101 -11 
-20 36 -11 -32 17 18 3 0 0 4 8 5 36 56 97 -30 
4 -42 23 23 -23 -8 -2 0 0 -4 -10 -2 -55 -36 -76 67 
11 40 -31 -14 26 0 2 -1 2 1 9 -2 64 11 46 -90 
-27 -32 34 0 -22 11 -8 -33 -45 -1 
RSSI :-110 
Input angle :296
Zaxis angle :64 
minval :0 

minval :0 



65 4 -9 64 -64 -14 19 -63 60 25 -31 58 -53 -35 39 -51 
-13 -42 54 19 -1 13 -34 20 3 -11 -27 -21 -46 -36 -20 62 
29 33 -57 1 -4 -13 23 -32 1 11 33 7 56 14 -9 -64 
-39 -19 52 -26 10 10 -7 38 -5 -10 -34 6 -58 8 31 57 
44 1 -39 43 -12 -6 -7 -39 9 7 29 -18 50 -30 -52 -38 
-40 16 19 -55 14 0 -24 15 -106 -1 
RSSI :-110 
Input angle :222
Zaxis angle :36 
minval :0 

minval :0 



6 -79 78 12 -18 77 -74 -25 33 -72 68 40 -45 64 -60 -49 
-14 22 10 -68 -6 7 26 4 11 -11 -15 41 -3 63 77 21 
5 -26 17 67 2 -9 -26 4 -5 15 -1 -43 -22 -59 -78 4 
5 26 -41 -55 1 10 21 -14 0 -17 15 41 44 45 70 -38 
-15 -22 60 34 -4 -9 -14 22 7 15 -33 -28 -58 -26 -51 61 
22 13 -68 -7 8 5 -25 31 -92 -2 
RSSI :-110 
Input angle :248
Zaxis angle :44 
minval :0 

minval :0 



1 74 -74 -3 10 -73 71 16 -22 70 -68 -27 35 -65 63 38 
23 -21 11 71 -5 -14 -30 9 -11 22 26 -40 -7 -53 -73 -13 
-12 30 -37 -61 10 11 26 -18 2 -25 -8 48 29 46 73 -14 
1 -32 57 43 -13 -7 -15 27 8 23 -10 -47 -45 -31 -62 41 
13 29 -70 -15 16 1 3 -31 -17 -18 27 40 53 12 40 -63 
-23 -22 70 -12 -15 4 46 80 93 1 
RSSI :-110 
Input angle :241
Zaxis angle :36 
minval :0 

minval :0 



45 -54 51 49 -52 47 -42 -56 60 -36 30 64 -66 24 -19 -67 
-35 8 33 -64 0 13 31 20 14 -8 -34 25 -43 27 42 56 
29 -19 -8 74 -6 -12 -35 -7 -8 13 21 -36 28 -41 -63 -33 
-20 30 -23 -68 9 9 35 -8 3 -15 -6 42 -11 49 71 8 
5 -35 44 59 -12 -4 -29 21 2 15 -11 -40 -11 -50 -68 19 
7 35 -66 -35 12 0 -19 63 70 -2 
RSSI :-110 
Input angle :3
Zaxis angle :14 
minval :0 

minval :0 



0 67 -66 -6 12 -64 64 17 -22 63 -61 -27 33 -57 54 37 
38 -7 -35 84 11 -24 -25 -53 -15 13 19 -11 33 -46 -65 -12 
-31 20 0 -92 0 27 45 35 7 -18 -13 18 -14 56 64 -12 
21 -30 34 85 -9 -24 -55 -18 0 19 5 -21 -9 -57 -54 38 
-9 36 -63 -66 17 19 57 -5 -8 -18 4 21 29 49 39 -54 
-4 -37 87 30 -25 -9 29 -16 -67 1 
RSSI :-110 
Input angle :223
Zaxis angle :25 
minval :0 

minval :0 



-19 50 -48 -23 29 -45 42 34 -37 39 -35 -41 43 -32 28 46 
42 -5 -24 77 30 -24 -46 -8 -14 8 19 -51 13 -45 -44 -32 
-36 21 -7 -81 -19 34 46 -11 9 -13 4 55 5 47 53 12 
25 -35 38 71 4 -39 -38 29 -4 16 -23 -48 -22 -41 -53 9 
-11 41 -64 -49 11 37 24 -41 -1 -16 42 35 37 29 46 -29 
-6 -42 80 18 -26 -29 16 -112 -42 1 
RSSI :-110 
Input angle :227
Zaxis angle :44 
minval :0 

minval :0 



1 -49 49 6 -10 48 -47 -14 17 -46 44 21 -26 42 -39 -28 
-50 30 -14 -75 -3 8 39 7 -5 -12 19 37 -13 17 47 14 
34 -48 43 63 0 -9 -39 7 9 10 -32 -26 3 -22 -48 7 
-12 57 -65 -41 3 8 33 -22 -12 -6 40 12 5 21 42 -25 
-7 -58 75 17 -6 -6 -23 32 13 0 -41 4 -11 -18 -28 39 
29 51 -75 17 8 3 -105 15 -97 2 
RSSI :-110 
Input angle :240
Zaxis angle :49 
minval :0 

minval :0 



55 35 -40 52 -47 -45 48 -45 41 50 -55 36 -31 -58 60 -25 
12 -58 61 32 7 -1 -27 11 28 -2 -39 0 1 -27 -45 48 
12 57 -69 -4 -7 4 20 -23 -23 15 36 -16 9 25 21 -61 
-34 -48 67 -19 4 -6 -10 28 16 -23 -27 27 -17 -21 0 66 
50 31 -51 46 -1 7 0 -29 -7 27 14 -37 24 11 -26 -60 
-58 -11 34 -60 -1 -7 -8 127 120 -4 
RSSI :-110 
Input angle :72
Zaxis angle :64 
minval :0 

minval :0 



-40 -64 68 -33 26 71 -73 21 -14 -75 74 -9 4 76 -75 -4 
-63 43 -14 -56 13 13 14 3 -26 0 59 13 -14 33 72 -23 
44 -64 34 46 -18 -7 -14 3 24 -10 -60 12 -1 -37 -57 48 
-10 76 -51 -27 20 0 11 -8 -17 18 50 -35 14 33 34 -67 
-18 -75 56 6 -17 8 -7 12 9 -23 -31 52 -25 -27 -3 76 
47 61 -56 14 13 -13 1 96 39 3 
RSSI :-110 
Input angle :166
Zaxis angle :54 
minval :0 

minval :0 



-36 58 -55 -41 47 -51 44 52 -55 41 -37 -59 61 -32 26 64 
65 28 -66 58 0 17 3 -34 15 -18 0 -50 33 15 -46 -51 
-71 -4 40 -79 -7 -15 9 32 -5 23 18 47 -36 -1 63 27 
67 -24 -4 88 12 11 -22 -26 -1 -24 -34 -37 33 -12 -68 -2 
-52 47 -31 -82 -15 -6 29 17 12 20 47 18 -24 25 64 -26 
28 -65 60 65 16 -1 -40 79 40 -2 
RSSI :-110 
Input angle :241
Zaxis angle :60 
minval :0 

minval :0 



49 -46 43 51 -57 37 -30 -60 63 -25 21 64 -65 16 -12 -66 
-53 -28 84 -50 14 -13 -6 24 -31 1 -15 54 -11 -16 35 57 
61 6 -55 80 -7 17 -2 -25 30 -13 -8 -56 17 9 -55 -39 
-58 19 20 -95 1 -19 13 21 -22 22 24 50 -20 -2 66 14 
47 -39 17 96 6 17 -20 -14 11 -29 -42 -35 20 -5 -66 11 
-28 54 -54 -80 -13 -13 6 112 6 4 
RSSI :-110 
Input angle :179
Zaxis angle :56 
minval :0 

minval :0 



-44 52 -47 -47 51 -43 38 55 -57 34 -28 -59 63 -22 17 64 
54 34 -67 41 -3 9 -6 -35 29 -5 9 -47 34 3 -42 -52 
-64 -7 43 -65 0 -10 18 30 -24 16 6 48 -32 10 58 33 
62 -15 -12 78 4 9 -30 -20 14 -25 -27 -41 25 -22 -66 -6 
-50 41 -18 -77 -7 -7 34 5 -4 29 40 28 -16 30 63 -20 
30 -56 44 66 10 3 -16 127 81 -4 
RSSI :-110 
Input angle :176
Zaxis angle :64 
minval :0 

minval :0 



-5 -72 73 2 -8 71 -71 -15 20 -70 67 26 -31 64 -60 -37 
-68 0 25 -80 -1 -7 33 29 -23 18 12 49 -24 16 71 9 
63 -26 10 83 4 6 -42 -15 14 -25 -30 -41 17 -24 -70 15 
-48 47 -39 -74 -5 -5 45 -3 -5 28 44 25 -6 28 57 -43 
22 -64 66 49 7 1 -40 19 -7 -28 -51 -3 -5 -28 -37 62 
2 67 -79 -22 -7 1 35 112 -24 2 
RSSI :-110 
Input angle :18
Zaxis angle :51 
minval :0 

minval :0 



-26 59 -59 -28 32 -56 52 37 -44 47 -45 -47 50 -41 37 53 
62 19 -48 65 2 12 -21 -29 31 -19 1 -50 31 0 -55 -36 
-65 7 18 -80 -8 -11 30 18 -20 29 16 47 -27 12 64 10 
59 -29 15 80 11 7 -35 -5 7 -36 -34 -37 21 -22 -64 14 
-41 51 -42 -69 -14 -2 35 -7 5 36 44 21 -12 27 54 -34 
22 -60 65 47 13 -3 -40 -1 -4 -5 
RSSI :-110 
Input angle :172
Zaxis angle :60 
minval :0 

minval :0 



16 85 -86 8 -2 -86 86 6 -14 85 -83 -22 29 -82 79 34 
75 -10 -39 80 1 15 -11 -19 16 -17 -23 -42 26 -10 -86 -3 
-65 37 0 -90 -5 -12 19 13 -8 22 38 30 -19 20 82 -28 
44 -61 34 83 11 9 -23 -2 0 -23 -47 -11 10 -27 -65 57 
-20 73 -61 -65 -13 -4 21 -3 10 21 48 -7 0 28 37 -77 
-8 -75 82 37 14 0 -36 95 -15 -3 
RSSI :-110 
Input angle :176
Zaxis angle :62 
minval :0 

minval :0 



-20 -56 58 -15 10 60 -59 5 0 -60 59 2 -7 60 -59 -12 
-47 40 -4 -65 -20 -2 38 7 6 14 23 31 -13 45 60 -9 
26 -54 31 57 19 -6 -38 8 -11 -10 -33 -20 -8 -45 -53 29 
-4 61 -52 -38 -14 13 31 -21 15 6 39 4 24 39 33 -50 
-21 -58 62 18 8 -17 -19 33 -16 0 -38 10 -37 -27 -13 59 
39 45 -64 7 0 20 27 0 24 -1 
RSSI :-110 
Input angle :200
Zaxis angle :64 
minval :0 

minval :0 



66 -23 18 68 -68 12 -5 -70 69 0 -4 70 -68 -10 16 -68 
-40 -50 70 7 17 -22 -40 24 -25 -11 -21 19 -35 -21 8 69 
60 30 -67 21 -7 26 25 -39 28 2 12 -26 39 7 -34 -61 
-65 -6 54 -44 -1 -27 -9 46 -26 8 -1 28 -39 8 54 44 
64 -18 -33 62 12 25 -10 -46 19 -19 -9 -27 33 -22 -66 -20 
-53 39 5 -70 -21 -18 -27 -97 60 3 
RSSI :-110 
Input angle :185
Zaxis angle :58 
minval :0 

minval :0 



-48 75 -72 -54 59 -67 62 64 -70 56 -49 -74 78 -43 35 81 
78 33 -70 37 -15 8 20 -25 28 16 5 -32 41 -4 -63 -61 
-84 -2 52 -59 11 -12 -8 32 -33 -2 9 32 -35 21 83 31 
77 -32 -22 76 -6 16 -2 -32 30 -10 -20 -25 24 -32 -90 3 
-60 59 -11 -79 0 -17 15 29 -25 20 27 18 -9 40 81 -38 
33 -78 40 69 8 15 26 -16 62 -4 
RSSI :-110 
Input angle :185
Zaxis angle :47 
minval :0 

minval :0 



34 77 -79 27 -22 -80 83 -18 11 83 -83 4 5 -84 82 12 
50 -54 12 70 -7 0 -18 -5 19 -2 -33 -25 -7 -47 -83 17 
-30 68 -37 -60 7 -3 19 -2 -17 10 41 9 25 40 68 -49 
2 -74 59 40 -6 4 -17 9 12 -16 -42 5 -39 -27 -42 72 
26 69 -69 -16 4 -7 11 -14 -3 20 37 -21 47 9 10 -83 
-54 -50 70 -12 0 8 -6 63 -115 -3 
RSSI :-110 
Input angle :220
Zaxis angle :47 
minval :0 

minval :0 



-13 -87 88 -4 -2 87 -87 -9 16 -85 85 22 -27 82 -80 -33 
-66 35 7 -69 9 8 15 4 -25 0 31 29 -1 43 88 2 
47 -59 19 67 -11 -4 -15 0 23 -8 -38 -17 -11 -41 -83 27 
-20 71 -42 -55 13 0 14 -6 -17 16 42 1 30 32 63 -61 
-9 -74 60 35 -11 6 -9 11 8 -23 -39 14 -39 -17 -37 79 
38 63 -69 -5 9 -9 0 -96 19 3 
RSSI :-110 
Input angle :230
Zaxis angle :49 
minval :0 

minval :0 



64 64 -71 58 -52 -74 79 -46 39 84 -86 30 -23 -89 89 -16 
44 -67 26 64 -16 0 -9 -3 24 -15 -39 -5 -21 -36 -77 49 
-14 79 -47 -49 13 -7 10 -1 -16 24 39 -9 34 24 51 -76 
-21 -77 65 26 -9 12 -9 5 7 -29 -30 23 -41 -9 -19 90 
46 65 -69 -1 5 -14 6 -7 5 28 20 -34 41 -6 -17 -90 
-69 -39 65 -23 0 15 -32 -49 -3 -4 
RSSI :-110 
Input angle :231
Zaxis angle :49 
minval :0 

minval :0 



77 -10 3 78 -78 -3 6 -79 77 12 -17 74 -73 -27 33 -70 
-17 -68 77 0 -6 -1 -15 19 7 -15 -33 14 -35 -16 -3 77 
41 56 -71 29 7 -2 7 -23 -1 16 25 -27 38 0 -26 -74 
-60 -36 54 -54 -6 4 1 25 -4 -15 -12 35 -36 13 53 56 
70 10 -28 71 4 -7 -11 -22 9 12 -1 -37 28 -26 -69 -35 
-68 16 3 -77 0 7 -29 -81 -18 -2 
RSSI :-110 
Input angle :229
Zaxis angle :56 
minval :0 

minval :0 



-13 77 -75 -20 27 -73 70 34 -40 67 -63 -45 51 -59 55 53 
68 13 -15 72 5 -14 -18 -16 7 24 0 -43 30 -32 -70 -31 
-67 14 -14 -71 0 16 21 10 -15 -19 19 39 -14 42 78 -1 
58 -39 40 62 -6 -14 -24 0 22 11 -31 -30 -2 -44 -71 29 
-36 60 -61 -41 12 10 21 -10 -25 -2 40 14 18 40 55 -55 
13 -68 72 15 -15 -5 45 -48 -44 -2 
RSSI :-110 
Input angle :218
Zaxis angle :51 
minval :0 

minval :0 



-9 -81 83 -1 -3 82 -82 -9 18 -80 78 25 -32 76 -73 -37 
-76 13 -11 -66 5 16 19 3 -26 -25 24 49 -12 44 82 10 
68 -39 35 57 -12 -13 -20 4 34 12 -41 -38 -6 -45 -79 26 
-43 64 -55 -39 16 7 16 -11 -36 1 53 19 22 39 63 -52 
20 -74 65 12 -17 0 -12 16 33 -16 -56 2 -36 -28 -37 74 
11 76 -65 11 16 -5 -51 -49 91 3 
RSSI :-110 
Input angle :212
Zaxis angle :54 
minval :0 

minval :0 



64 56 -59 60 -57 -63 67 -51 44 72 -76 37 -29 -78 80 -23 
40 -63 42 52 -7 -5 -15 1 27 -12 -58 -10 -14 -30 -66 52 
-11 74 -60 -30 9 3 14 -7 -20 22 58 -9 23 22 41 -72 
-14 -74 66 6 -9 1 -9 12 9 -28 -50 31 -31 -10 -10 84 
45 60 -65 20 7 -5 3 -16 0 30 31 -49 33 -1 -25 -81 
-64 -40 52 -43 -6 8 -27 95 -90 -4 
RSSI :-110 
Input angle :192
Zaxis angle :36 
minval :0 

minval :0 



-34 72 -69 -40 47 -64 60 53 -55 56 -52 -60 65 -45 39 69 
58 20 -50 59 9 -4 -1 -28 14 14 4 -48 25 -13 -63 -48 
-62 4 25 -74 -7 8 13 24 -19 -8 16 46 -18 22 77 19 
55 -29 5 78 3 -11 -20 -18 20 0 -32 -36 6 -27 -79 9 
-42 47 -35 -70 0 11 26 8 -19 8 43 22 4 29 68 -40 
22 -58 58 52 -5 -11 30 112 54 -2 
RSSI :-110 
Input angle :246
Zaxis angle :64 
minval :0 

minval :0 



53 49 -55 49 -44 -60 62 -40 36 64 -66 30 -23 -69 71 -16 
42 -41 53 61 -6 -16 -37 0 21 -2 -37 -27 -7 -33 -60 44 
-23 55 -72 -35 12 11 34 -17 -17 10 43 11 18 28 39 -62 
0 -59 80 4 -16 -5 -25 28 12 -15 -43 6 -28 -18 -13 72 
22 56 -77 26 17 -1 14 -34 -6 19 37 -23 32 6 -14 -73 
-44 -41 60 -54 -15 7 -7 -65 49 -3 
RSSI :-110 
Input angle :192
Zaxis angle :36 
minval :0 

minval :0 



-64 38 -30 -68 71 -24 18 72 -73 13 -7 -74 74 -2 -1 73 
25 56 -72 34 17 -2 8 -35 -3 21 37 -26 35 4 -21 -70 
-46 -43 52 -61 -14 8 7 36 -4 -22 -24 38 -33 7 48 56 
59 19 -26 76 10 -13 -19 -31 12 18 6 -44 28 -21 -67 -33 
-62 5 -5 -80 -4 16 30 20 -18 -11 12 43 -17 29 74 4 
56 -26 35 71 -2 -16 44 64 -127 0 
RSSI :-110 
Input angle :199
Zaxis angle :58 
minval :0 

minval :0 



61 -43 38 64 -67 31 -26 -70 72 -20 13 75 -75 7 0 -74 
-31 -54 70 -40 -16 4 -6 35 3 -21 -34 28 -35 -4 29 69 
48 40 -51 62 14 -8 -7 -36 4 21 20 -40 34 -10 -52 -53 
-60 -18 22 -77 -8 13 21 29 -11 -18 -2 44 -27 22 68 31 
62 -8 11 80 3 -15 -30 -20 19 11 -15 -42 16 -30 -74 -2 
-55 28 -36 -71 2 16 -44 31 -89 -1 
RSSI :-110 
Input angle :161
Zaxis angle :58 
minval :0 

minval :0 



-33 68 -65 -37 44 -60 56 49 -54 53 -47 -58 62 -43 36 65 
53 34 -45 66 14 -9 -10 -34 6 20 18 -42 35 -10 -57 -49 
-61 -12 18 -79 -10 14 21 27 -14 -15 1 45 -26 24 72 22 
61 -13 19 79 3 -16 -33 -16 19 9 -16 -42 17 -31 -75 6 
-52 34 -45 -67 3 17 37 3 -21 -1 32 32 -1 35 66 -35 
35 -51 67 44 -10 -13 39 -80 15 -1 
RSSI :-110 
Input angle :161
Zaxis angle :60 
minval :0 

minval :0 



-67 -33 42 -64 60 47 -51 56 -52 -54 58 -48 43 63 -65 37 
-32 52 -67 -43 9 15 35 -12 -19 6 42 14 12 33 48 -59 
10 -61 80 13 -14 -10 -28 23 16 -13 -44 2 -24 -26 -20 73 
13 60 -79 17 17 3 16 -33 -9 18 41 -18 32 16 -8 -75 
-36 -49 66 -48 -17 3 -2 36 0 -21 -30 33 -35 -1 34 67 
52 31 -43 68 14 -10 14 0 102 2 
RSSI :-110 
Input angle :161
Zaxis angle :62 
minval :0 

minval :0 



-11 74 -74 -18 24 -72 70 29 -37 66 -62 -42 47 -61 56 50 
59 12 -21 78 13 -12 -19 -31 11 14 2 -45 29 -20 -69 -31 
-60 8 -7 -81 -7 15 30 20 -16 -9 15 42 -18 29 75 -3 
50 -33 41 70 0 -18 -35 -5 19 1 -32 -31 6 -36 -69 30 
-35 49 -65 -47 7 15 36 -8 -18 4 42 17 8 33 52 -56 
12 -59 79 17 -12 -11 28 80 104 -2 
RSSI :-110 
Input angle :161
Zaxis angle :60 
minval :0 

minval :0 



50 59 -63 44 -38 -67 71 -30 25 72 -74 19 -11 -76 76 -5 
48 -35 41 69 1 -15 -34 -9 17 0 -33 -27 7 -34 -69 33 
-30 50 -64 -49 4 16 34 -4 -16 7 41 13 6 35 47 -60 
6 -59 78 21 -10 -11 -29 19 12 -12 -43 4 -20 -28 -22 74 
15 58 -81 10 14 7 20 -28 -7 16 39 -17 28 21 -7 -76 
-38 -45 69 -41 -16 0 -4 -97 -52 -3 
RSSI :-110 
Input angle :226
Zaxis angle :62 
minval :0 

minval :0 



-64 -44 51 -58 54 56 -60 50 -44 -63 68 -37 33 71 -73 28 
-36 47 -57 -56 2 16 35 0 -16 4 38 18 0 33 59 -51 
16 -57 74 34 -9 -14 -33 13 13 -11 -43 -1 -14 -32 -34 69 
8 59 -80 0 13 8 23 -25 -9 15 39 -13 26 22 3 -78 
-29 -51 75 -30 -16 -3 -13 32 1 -17 -30 28 -33 -11 28 73 
47 36 -59 55 15 -2 11 -32 5 2 
RSSI :-110 
Input angle :227
Zaxis angle :62 
minval :0 

minval :0 



69 -38 31 73 -74 22 -16 -77 78 -9 3 79 -78 0 6 -77 
-26 -54 77 -18 -14 -6 -14 30 2 -16 -32 28 -31 -14 16 77 
44 40 -64 48 16 -1 2 -33 3 16 20 -37 34 3 -50 -60 
-57 -19 39 -69 -14 7 11 32 -10 -13 -4 42 -31 14 67 39 
59 -5 -11 79 11 -12 -22 -25 15 9 -13 -40 24 -23 -77 -10 
-53 27 -22 -77 -4 16 -34 47 -52 -1 
RSSI :-110 
Input angle :226
Zaxis angle :62 
minval :0 

minval :0 



-62 50 -44 -65 70 -36 30 72 -75 25 -20 -78 78 -14 8 78 
36 47 -70 36 16 1 6 -33 1 17 28 -31 33 7 -37 -69 
-52 -29 49 -62 -15 4 6 33 -8 -13 -11 41 -33 6 61 50 
60 6 -23 76 13 -9 -17 -28 12 10 -3 -41 29 -18 -75 -23 
-57 18 -6 -79 -8 13 26 20 -16 -4 20 36 -19 28 80 -7 
45 -39 35 72 0 -16 33 -48 -83 -1 
RSSI :-110 
Input angle :220
Zaxis angle :64 
minval :0 

minval :0 



78 -15 8 78 -79 1 6 -79 78 13 -20 76 -75 -24 32 -71 
-7 -58 79 1 -16 -5 -21 27 9 -15 -39 14 -27 -19 -3 79 
30 52 -73 29 17 0 10 -33 -2 18 32 -28 33 8 -27 -74 
-48 -35 55 -57 -15 5 4 34 -5 -17 -17 38 -33 5 52 59 
57 15 -27 74 13 -11 -16 -30 10 15 2 -42 28 -18 -72 -31 
-58 10 -2 -79 -5 15 -32 -97 -76 -2 
RSSI :-110 
Input angle :220
Zaxis angle :60 
minval :0 

minval :0 



-76 22 -15 -79 79 -8 1 80 -79 -7 14 -78 76 20 -25 73 
12 55 -82 5 16 3 19 -27 -11 16 37 -15 29 18 -1 -80 
-32 -46 74 -36 -16 3 -7 33 3 -19 -29 27 -34 -3 32 73 
46 32 -53 63 14 -10 -6 -34 4 19 15 -38 33 -12 -57 -55 
-55 -7 26 -78 -9 15 18 29 -11 -16 -2 40 -26 23 73 29 
55 -12 4 82 3 -18 33 -32 78 1 
RSSI :-110 
Input angle :230
Zaxis angle :58 
minval :0 

minval :0 



43 -74 70 51 -55 64 -60 -60 66 -54 49 70 -72 45 -38 -76 
-50 -22 64 -58 -12 12 0 32 -2 -16 -10 34 -32 6 63 58 
54 1 -39 76 7 -15 -13 -28 8 13 -2 -34 27 -19 -79 -32 
-51 19 6 -86 0 16 23 22 -12 -8 16 31 -17 29 85 -6 
41 -37 29 82 -6 -15 -30 -10 16 3 -28 -22 4 -33 -77 37 
-21 50 -57 -64 11 11 -32 -65 121 0 
RSSI :-110 
Input angle :196
Zaxis angle :49 
minval :0 

minval :0 



85 27 -37 82 -78 -44 50 -74 69 57 -63 64 -59 -67 71 -54 
6 -63 56 59 -9 -11 -25 0 7 -9 -37 6 -12 -27 -47 75 
20 60 -74 -33 13 6 23 -10 -3 12 32 -22 22 21 13 -88 
-40 -49 82 0 -14 0 -18 18 -1 -12 -20 32 -27 -10 25 86 
57 27 -75 32 13 -6 7 -23 5 11 8 -38 30 0 -57 -69 
-64 -3 57 -58 -10 10 -19 127 19 -1 
RSSI :-110 
Input angle :249
Zaxis angle :62 
minval :0 

minval :0 



-58 -71 74 -54 48 77 -82 40 -32 -85 88 -24 16 90 -89 10 
-46 58 -25 -61 7 0 11 1 -25 17 60 17 4 16 79 -46 
14 -73 47 47 -7 2 -11 3 15 -27 -62 6 -10 -11 -55 72 
12 72 -62 -24 6 -4 9 -8 -2 30 54 -32 15 6 22 -88 
-37 -64 65 -1 -3 6 -5 10 -8 -30 -38 51 -16 0 13 91 
62 40 -60 24 0 -7 37 64 53 3 
RSSI :-110 
Input angle :237
Zaxis angle :49 
minval :0 

minval :0 



73 -50 45 76 -80 37 -28 -83 86 -21 16 87 -87 12 -3 -87 
-49 -55 67 -33 -5 9 0 19 0 -20 -34 42 -25 6 35 81 
66 30 -46 58 0 -9 -7 -17 8 18 13 -52 21 -17 -66 -58 
-74 -2 21 -71 3 10 14 12 -15 -14 9 53 -15 23 83 29 
69 -24 7 74 -6 -8 -17 -6 18 8 -27 -46 3 -26 -88 5 
-52 51 -37 -65 9 3 -43 -33 40 0 
RSSI :-110 
Input angle :221
Zaxis angle :49 
minval :0 

minval :0 



4 -91 89 14 -25 87 -85 -31 36 -83 80 43 -49 76 -73 -54 
-76 19 20 -65 -3 13 17 5 -19 -6 8 44 -7 32 87 27 
63 -47 6 68 -2 -12 -17 0 20 -2 -23 -40 -6 -34 -90 9 
-38 68 -30 -61 7 10 16 -7 -17 10 37 25 17 29 79 -44 
9 -78 50 45 -11 -7 -11 13 11 -17 -44 -9 -28 -19 -57 70 
22 75 -67 -18 13 2 -9 15 -96 2 
RSSI :-110 
Input angle :140
Zaxis angle :56 
minval :0 

minval :0 



68 76 -81 62 -53 -86 90 -44 38 94 -96 29 -21 -99 99 -13 
46 -68 26 56 -16 -7 -13 5 33 -22 -53 -35 -25 -19 -90 46 
-17 81 -44 -42 19 2 11 -8 -24 30 63 9 31 7 60 -82 
-12 -81 58 19 -17 5 -7 13 10 -38 -62 15 -31 5 -29 98 
46 70 -61 5 14 -11 0 -15 6 39 52 -36 26 -17 -12 -100 
-67 -50 55 -26 -9 17 -39 -113 -73 -5 
RSSI :-110 
Input angle :223
Zaxis angle :49 
minval :0 

minval :0 



-73 -57 62 -67 60 70 -75 54 -48 -79 83 -40 32 87 -88 26 
-32 58 -46 -43 28 2 18 -15 -41 27 65 30 35 8 70 -61 
4 -67 59 21 -27 8 -10 23 28 -40 -71 -6 -36 5 -44 82 
18 64 -63 2 21 -19 1 -23 -10 48 67 -23 30 -18 8 -92 
-43 -51 57 -27 -11 26 8 24 -10 -48 -52 48 -20 30 28 88 
59 32 -42 48 0 -28 57 48 39 5 
RSSI :-110 
Input angle :223
Zaxis angle :39 
minval :0 

minval :0 



95 -5 -1 94 -94 -10 18 -92 91 26 -35 87 -83 -43 49 -79 
-10 -67 67 0 -28 10 -7 25 22 -44 -68 3 -44 14 -14 93 
40 54 -64 21 22 -19 -3 -26 -3 48 61 -29 33 -29 -21 -92 
-57 -38 47 -47 -11 27 12 23 -17 -46 -41 53 -19 41 56 77 
67 13 -26 62 1 -30 -20 -15 31 37 20 -64 2 -44 -82 -45 
-65 16 -1 -67 12 27 -91 -49 -124 -3 
RSSI :-110 
Input angle :223
Zaxis angle :41 
minval :0 

minval :0 



-71 -68 76 -63 57 80 -84 51 -44 -88 92 -36 26 95 -97 19 
-31 55 -42 -58 33 10 18 -8 -47 13 43 45 45 24 79 -58 
7 -62 62 38 -34 2 -14 14 39 -30 -60 -24 -50 -5 -52 84 
16 61 -71 -7 32 -15 7 -19 -24 42 63 0 47 -16 18 -97 
-41 -47 69 -19 -22 27 2 20 4 -49 -59 25 -38 33 21 97 
56 28 -56 46 9 -33 27 -48 16 6 
RSSI :-110 
Input angle :225
Zaxis angle :39 
minval :0 

minval :0 



101 -4 -5 100 -100 -14 21 -99 96 27 -37 94 -89 -47 53 -84 
-18 -59 71 14 -30 13 -12 16 27 -39 -60 -5 -48 17 -16 98 
39 49 -72 13 23 -23 3 -20 -9 46 57 -17 38 -32 -23 -98 
-53 -31 62 -39 -12 31 3 20 -8 -45 -48 35 -24 44 55 84 
61 7 -43 59 -1 -34 -11 -17 25 40 29 -52 2 -50 -86 -55 
-60 17 13 -71 14 30 -79 -33 -89 -4 
RSSI :-110 
Input angle :223
Zaxis angle :39 
minval :0 

minval :0 



-95 38 -30 -99 102 -21 13 103 -103 6 0 -104 104 9 -17 101 
37 52 -70 8 17 -23 5 -14 -9 44 50 -15 38 -27 -16 -102 
-53 -35 61 -33 -9 27 0 15 -8 -43 -43 34 -25 40 57 88 
62 11 -45 53 -3 -28 -7 -15 22 39 24 -47 8 -47 -85 -59 
-61 15 22 -66 14 26 10 12 -38 -26 -5 54 11 46 101 19 
53 -35 9 70 -23 -19 91 48 -36 0 
RSSI :-110 
Input angle :225
Zaxis angle :36 
minval :0 

minval :0 



1 -105 104 9 -17 102 -102 -25 33 -99 95 42 -51 90 -84 -60 
-62 14 18 -68 16 22 11 8 -39 -23 -3 52 9 44 103 18 
51 -37 3 70 -23 -14 -13 -4 44 5 -19 -48 -27 -37 -103 15 
-35 53 -29 -63 27 5 13 0 -44 9 36 37 38 26 86 -60 
8 -63 53 45 -27 6 -12 6 36 -26 -47 -22 -45 -8 -56 88 
17 62 -66 -21 22 -17 -45 111 -14 4 
RSSI :-110 
Input angle :225
Zaxis angle :39 
minval :0 

minval :0 



103 -19 10 105 -105 1 7 -105 105 14 -22 103 -101 -30 38 -96 
-26 -58 71 7 -17 21 -8 11 14 -43 -51 10 -42 18 -1 106 
48 43 -67 23 8 -27 2 -14 4 45 42 -30 31 -32 -40 -96 
-60 -20 52 -48 3 27 2 13 -22 -40 -28 43 -14 43 79 71 
63 -5 -32 63 -12 -24 -8 -12 35 29 6 -50 -1 -45 -98 -34 
-57 28 8 -71 21 17 -89 -97 98 -2 
RSSI :-110 
Input angle :227
Zaxis angle :39 
minval :0 

minval :0 



-75 75 -67 -81 87 -59 52 92 -95 45 -35 -100 102 -26 22 103 
55 33 -63 34 4 -27 0 -13 10 46 38 -34 28 -36 -55 -90 
-63 -9 47 -54 7 26 3 13 -27 -37 -20 47 -9 45 87 60 
62 -16 -22 68 -18 -20 -9 -10 40 24 2 -51 -7 -45 -103 -23 
-51 40 -10 -72 24 13 12 6 -46 -6 17 48 24 39 104 -17 
32 -55 32 63 -27 -2 92 -112 -83 -2 
RSSI :-110 
Input angle :227
Zaxis angle :39 
minval :0 

minval :0 



103 -25 17 105 -106 10 2 -106 106 13 -23 104 -100 -32 37 -99 
-30 -56 74 7 -17 21 -10 10 14 -46 -50 7 -44 17 3 106 
49 41 -69 22 6 -26 5 -13 4 48 42 -28 32 -33 -48 -94 
-62 -17 53 -49 4 26 0 15 -21 -43 -30 41 -18 43 77 74 
63 -8 -32 66 -13 -23 -5 -13 37 31 10 -50 1 -47 -100 -34 
-55 31 8 -73 20 16 -91 95 10 -2 
RSSI :-110 
Input angle :230
Zaxis angle :39 
minval :0 

minval :0 



-105 14 -4 -106 105 5 -10 106 -105 -18 28 -102 99 38 -45 94 
25 58 -73 -9 18 -20 11 -9 -18 45 51 -4 45 -14 5 -106 
-46 -42 71 -16 -9 26 -7 13 1 -47 -45 23 -37 29 31 102 
59 23 -61 40 -1 -27 1 -15 18 45 33 -38 21 -42 -70 -79 
-64 2 38 -63 11 25 4 14 -32 -36 -13 49 -3 46 97 46 
58 -26 -9 74 -20 -18 87 48 -110 2 
RSSI :-110 
Input angle :230
Zaxis angle :39 
minval :0 

minval :0 



58 -88 83 68 -73 77 -72 -79 84 -64 57 90 -93 50 -41 -97 
-60 -21 59 -45 1 27 -1 15 -19 -43 -30 41 -20 42 77 73 
62 -6 -34 65 -13 -23 -3 -14 35 32 13 -50 0 -47 -98 -44 
-56 30 8 -73 21 16 10 11 -45 -17 6 51 17 43 107 1 
41 -48 19 72 -26 -7 -13 -6 48 -3 -26 -43 -33 -33 -96 44 
-18 61 -48 -56 26 -3 -90 -113 125 2 
RSSI :-110 
Input angle :231
Zaxis angle :36 
minval :0 

minval :0 



85 65 -71 80 -76 -75 79 -71 63 86 -90 56 -46 -96 99 -38 
20 -60 42 61 -27 2 -14 -1 45 -18 -40 -32 -41 -20 -81 71 
-2 63 -62 -40 25 -10 14 -3 -34 32 50 16 46 3 42 -99 
-24 -59 73 11 -18 20 -12 9 20 -45 -51 4 -44 14 -7 107 
45 44 -73 16 9 -25 7 -12 -2 48 46 -23 36 -29 -35 -100 
-60 -22 60 -43 1 27 -35 -33 50 -6 
RSSI :-110 
Input angle :231
Zaxis angle :39 
minval :0 

minval :0 



-76 -73 80 -70 64 85 -90 57 -50 -95 98 -41 34 102 -102 25 
-30 56 -35 -64 27 3 14 4 -47 9 35 38 40 24 87 -60 
8 -63 59 45 -26 7 -15 1 39 -28 -48 -23 -47 -9 -61 87 
14 62 -70 -22 22 -16 14 -7 -27 40 52 6 47 -7 18 -104 
-40 -49 74 -9 -12 23 -9 12 7 -48 -49 18 -38 28 24 104 
55 34 -67 32 3 -27 20 -16 21 6 
RSSI :-110 
Input angle :231
Zaxis angle :36 
minval :0 

minval :0 



-87 -61 69 -79 74 75 -81 68 -61 -86 92 -51 43 97 -98 35 
-21 59 -46 -60 27 3 16 0 -45 15 39 36 45 19 81 -69 
-5 -63 66 36 -27 8 -15 5 35 -32 -50 -17 -49 0 -41 98 
27 57 -74 -8 23 -18 12 -11 -20 43 53 -1 46 -16 4 -106 
-47 -43 72 -19 -13 24 -7 15 1 -48 -49 21 -35 36 37 99 
59 23 -60 45 2 -28 29 -96 -77 5 
RSSI :-110 
Input angle :227
Zaxis angle :39 
minval :0 

minval :0 



91 -50 42 96 -100 31 -20 -103 105 -12 5 105 -105 -3 12 -105 
-42 -46 74 -15 -17 22 -8 14 8 -46 -51 16 -38 32 29 101 
56 27 -62 44 6 -28 0 -17 13 45 40 -37 20 -46 -69 -80 
-62 0 36 -65 6 29 6 15 -29 -37 -21 49 0 51 95 45 
56 -25 -11 74 -15 -24 -12 -13 42 22 1 -54 -18 -47 -105 -6 
-44 44 -16 -73 24 15 -98 79 -125 -1 
RSSI :-110 
Input angle :227
Zaxis angle :39 
minval :0 

minval :0 



69 78 -82 66 -60 -86 93 -50 41 97 -99 35 -25 -101 102 -17 
34 -53 36 67 -27 -11 -17 -3 46 -7 -32 -44 -44 -26 -89 56 
-10 62 -57 -49 30 1 17 -4 -42 22 47 29 50 7 62 -84 
-14 -61 70 26 -28 9 -13 10 30 -36 -54 -9 -50 11 -27 101 
36 50 -74 9 21 -20 7 -16 -13 45 54 -11 41 -29 -18 -103 
-53 -32 66 -34 -13 26 -10 -81 16 -6 
RSSI :-110 
Input angle :227
Zaxis angle :39 
minval :0 

minval :0 



-96 43 -34 -99 102 -24 14 104 -105 4 1 -105 104 6 -17 102 
38 50 -74 8 22 -21 7 -16 -12 44 54 -13 39 -34 -21 -103 
-53 -32 64 -38 -12 28 -1 18 -7 -46 -45 33 -23 47 60 86 
62 9 -45 59 1 -31 -6 -17 21 40 29 -47 5 -51 -87 -60 
-60 17 16 -72 10 29 12 13 -37 -27 -8 56 16 49 103 16 
47 -40 10 74 -22 -21 91 -112 98 1 
RSSI :-110 
Input angle :225
Zaxis angle :36 
minval :0 

minval :0 


