
-23 9 -5 -23 24 -4 3 24 -24 0 0 -25 25 1 -4 24 
-42 91 90 45 80 41 9 100 -6 98 4 -103 26 -26 -4 -24 
3 -101 -101 -7 -89 -8 -48 -89 -33 -92 39 95 -14 33 14 19 
41 92 94 -37 83 -32 80 60 69 70 -74 -71 -1 -36 -21 -12 
-73 -69 -71 72 -63 62 -98 -24 -90 -38 96 36 15 33 25 4 
96 32 39 -93 32 -83 25 -29 43 1 
RSSI :-110 
Input angle :21
Zaxis angle :39 
minval :0 

minval :0 



0 -23 23 2 -4 22 -22 -6 8 -22 20 9 -12 20 -18 -14 
-70 -70 -74 67 -66 56 -96 -29 -90 -40 94 37 13 34 23 5 
93 37 40 -92 36 -79 99 -10 98 1 -101 0 -26 -25 -23 4 
-100 5 -3 100 -1 87 -87 49 -90 40 91 -44 34 14 20 -13 
91 -40 -42 -91 -35 -79 60 -79 67 -71 -69 74 -36 0 -13 20 
-64 76 73 69 63 60 20 -97 73 47 
RSSI :-110 
Input angle :21
Zaxis angle :36 
minval :0 

minval :0 



21 7 -9 20 -19 -11 13 -18 17 14 -16 16 -15 -16 17 -13 
87 -48 -44 -90 -37 -77 56 -82 64 -74 -65 77 -36 1 -12 19 
-64 77 76 65 64 57 -21 97 -30 94 28 -97 32 -16 2 -23 
29 -96 -97 -26 -81 -28 -21 -98 -11 -98 11 101 -24 27 5 22 
16 99 100 -14 85 -11 57 82 49 85 -53 -86 9 -34 -14 -18 
-53 -85 -88 49 -74 43 116 109 -55 -29 
RSSI :-110 
Input angle :21
Zaxis angle :36 
minval :0 

minval :0 



-15 14 -13 -16 17 -11 10 18 -19 8 -6 -20 20 -4 2 20 
6 100 101 -3 85 -3 50 87 44 88 -45 -91 15 -32 -10 -18 
-43 -91 -91 43 -77 36 -79 -61 -74 -65 77 67 -1 35 16 13 
74 67 68 -74 53 -66 96 26 95 28 -97 -30 -13 -33 -20 -4 
-96 -29 -30 96 -23 82 -98 17 -98 9 101 -10 26 24 20 -3 
100 -9 -12 -100 -6 -85 -74 18 -104 -25 
RSSI :-110 
Input angle :21
Zaxis angle :36 
minval :0 

minval :0 



3 -18 17 5 -7 17 -16 -8 9 -16 15 10 -11 14 -13 -13 
-64 -77 -78 63 -66 52 -91 -42 -87 -47 90 47 3 37 17 7 
90 44 44 -90 40 -74 100 6 98 8 -101 -7 -19 -32 -18 0 
-100 -2 -7 100 -4 84 -93 37 -94 30 96 -33 30 22 17 -7 
94 -35 -34 -95 -29 -79 70 -72 73 -66 -74 69 -36 -8 -12 13 
-71 71 69 73 58 61 -75 -66 64 45 
RSSI :-110 
Input angle :24
Zaxis angle :36 
minval :0 

minval :0 



6 11 -12 5 -4 -12 13 -3 2 13 -13 1 0 -13 13 1 
100 0 0 -100 -6 -85 88 -48 92 -37 -94 38 -34 -26 -13 3 
-92 40 41 92 41 74 -59 81 -70 70 68 -75 42 9 11 -9 
67 -74 -75 -66 -66 -53 28 -96 36 -92 -33 96 -42 9 -6 13 
-34 95 96 29 82 21 12 100 6 99 -6 -101 35 -24 0 -14 
-10 -100 -100 8 -83 16 -121 -18 -78 -45 
RSSI :-110 
Input angle :13
Zaxis angle :29 
minval :0 

minval :0 



-5 -6 6 -5 4 7 -7 4 -3 -7 8 -2 2 8 -8 1 
-78 67 67 77 68 41 -46 90 -43 91 53 -88 50 4 7 -4 
52 -89 -90 -47 -79 -11 6 -101 4 -101 -11 103 -49 14 -4 7 
-9 102 102 5 77 -19 30 97 31 96 -32 -98 40 -31 1 -8 
-33 -97 -96 35 -63 49 -69 -74 -70 -74 69 77 -22 45 2 8 
73 72 75 -69 35 -71 -2 98 124 18 
RSSI :-110 
Input angle :122
Zaxis angle :20 
minval :0 

minval :0 



-9 10 -10 -10 11 -9 8 11 -12 7 -6 -12 13 -5 3 13 
23 -99 -97 -25 -27 20 -2 -102 -31 -95 3 102 -67 31 -9 -10 
18 100 99 -15 16 -29 45 91 66 75 -40 -94 50 -55 13 5 
-60 -82 -81 59 -3 33 -80 -64 -90 -44 74 70 -24 70 -14 0 
88 51 57 -83 -10 -32 98 28 100 1 -97 -33 -5 -74 12 -6 
-101 -11 -14 99 23 24 18 125 17 19 
RSSI :-110 
Input angle :134
Zaxis angle :14 
minval :0 

minval :0 



-29 -6 8 -28 28 12 -13 26 -25 -15 17 -24 22 20 -21 20 
2 42 31 1 25 31 53 44 11 26 -30 -48 -8 -36 10 -28 
-19 -38 -29 12 -36 -17 -66 -18 -21 -20 48 29 23 29 4 29 
34 25 20 -24 40 0 68 -12 28 7 -57 -6 -32 -18 -13 -26 
-41 -9 -10 30 -38 14 -59 35 -29 3 55 -15 36 4 23 19 
41 -7 -1 -32 28 -29 105 -80 -94 -4 
RSSI :-110 
Input angle :291
Zaxis angle :36 
minval :0 

minval :0 



5 -18 18 7 -8 17 -17 -10 11 -15 14 13 -14 13 -11 -15 
-6 -100 -101 -5 -82 11 -43 -91 -45 -90 36 95 -40 19 17 9 
51 87 93 -38 71 -43 75 67 78 64 -73 -70 30 -33 -19 -2 
-77 -64 -71 71 -46 69 -97 -28 -98 -20 97 32 -12 43 18 -5 
98 24 42 -92 15 -82 100 -15 99 -17 -102 5 -3 -45 -14 13 
-99 19 3 101 18 81 78 -35 30 27 
RSSI :-110 
Input angle :122
Zaxis angle :39 
minval :0 

minval :0 



-26 1 0 -26 26 1 -3 25 -25 -5 7 -24 24 10 -13 22 
47 5 11 -31 17 29 63 17 20 -3 -36 -20 -46 -26 1 -25 
-45 15 2 33 -28 -19 -64 8 -17 12 41 0 53 4 9 24 
34 -33 -16 -28 34 4 53 -37 10 -18 -38 15 -51 16 -18 -18 
-19 43 26 19 -33 9 -36 54 -1 20 29 -29 39 -36 24 9 
-1 -47 -32 -6 27 -22 -27 127 7 -5 
RSSI :-110 
Input angle :254
Zaxis angle :25 
minval :0 

minval :0 



-2 -22 22 0 -2 22 -22 -4 5 -22 21 7 -9 21 -20 -10 
-100 2 -6 100 -5 68 -93 39 -89 43 92 -40 43 29 24 1 
89 -45 -34 -94 -23 -64 65 -76 61 -78 -66 76 -51 -7 -22 8 
-63 78 70 71 47 49 -29 96 -24 96 32 -96 49 -14 17 -16 
25 -97 -94 -34 -63 -26 -12 -100 -16 -98 9 101 -41 31 -9 21 
13 100 100 -2 68 -1 -79 -95 -6 41 
RSSI :-110 
Input angle :13
Zaxis angle :29 
minval :0 

minval :0 



-1 23 -23 -3 5 -22 22 7 -9 21 -20 -10 12 -19 18 14 
96 -17 -4 -94 32 -45 89 -49 80 -42 -92 29 -70 13 -23 -5 
-82 53 42 84 -11 54 -62 81 -59 69 75 -60 58 -40 23 -4 
53 -82 -72 -61 -9 -54 22 -99 25 -87 -45 86 -38 59 -19 13 
-12 97 91 25 33 45 18 100 13 89 5 -97 11 -71 13 -20 
-24 -95 -94 10 -48 -28 117 78 25 -39 
RSSI :-110 
Input angle :286
Zaxis angle :20 
minval :0 

minval :0 



-9 -20 21 -8 7 21 -21 4 -2 -22 23 -2 -1 22 -22 -4 
15 99 87 11 45 1 55 82 59 75 -25 -92 -2 -77 22 -7 
-55 -83 -83 27 -43 18 -84 -53 -85 -44 60 75 32 70 -16 14 
81 59 65 -59 32 -33 98 15 96 7 -85 -44 -59 -49 9 -20 
-98 -20 -38 79 -16 43 -96 23 -91 28 96 8 73 25 0 22 
96 -28 4 -88 -4 -46 65 -14 104 -32 
RSSI :-110 
Input angle :291
Zaxis angle :25 
minval :0 

minval :0 



13 17 -18 11 -10 -19 20 -8 7 20 -21 4 -2 -21 21 -1 
-3 -101 -91 6 -46 -2 -50 -87 -48 -86 34 93 -37 63 -19 10 
44 91 80 -43 43 -16 80 60 80 56 -67 -73 8 -73 13 -17 
-77 -67 -56 72 -33 32 -98 -24 -97 -17 93 35 23 69 -5 21 
97 28 22 -88 15 -44 99 -18 96 -21 -99 1 -46 -57 -3 -22 
-100 13 16 89 2 46 120 -99 -7 27 
RSSI :-110 
Input angle :283
Zaxis angle :32 
minval :0 

minval :0 



-14 -26 27 -12 9 28 -29 7 -5 -30 30 -1 0 30 -30 -2 
-8 99 78 36 30 17 19 97 35 91 -10 -97 45 -71 29 -9 
-30 -94 -85 -3 -35 -3 -54 -83 -68 -69 47 84 -10 83 -22 21 
65 74 79 -32 33 -10 84 53 91 35 -77 -58 -26 -80 11 -28 
-91 -39 -60 60 -26 23 -99 -12 -97 4 95 18 54 64 0 30 
99 0 30 -80 15 -31 -60 2 117 -21 
RSSI :-110 
Input angle :286
Zaxis angle :20 
minval :0 

minval :0 



12 32 -32 10 -7 -33 34 -4 1 34 -34 -1 4 -34 33 7 
53 -83 -49 -69 -40 -45 24 -96 6 -99 -26 95 -50 34 -34 5 
-16 97 70 47 55 25 20 97 36 92 -12 -98 30 -52 28 -20 
-27 -95 -83 -12 -60 -2 -54 -83 -71 -68 53 83 -5 60 -16 30 
62 77 80 -25 55 -24 86 49 94 29 -82 -54 -17 -58 3 -34 
-88 -44 -64 55 -41 44 -30 -84 -66 1 
RSSI :-110 
Input angle :327
Zaxis angle :14 
minval :0 

minval :0 



-18 -26 28 -15 13 29 -30 11 -8 -31 31 -5 1 32 -32 0 
14 99 90 13 44 -12 44 88 60 75 -38 -90 14 -67 29 -13 
-51 -85 -89 19 -35 28 -74 -64 -86 -44 69 69 13 67 -22 24 
83 55 71 -56 21 -40 94 26 96 8 -91 -36 -37 -57 10 -31 
-98 -17 -41 81 -2 45 -96 17 -91 32 97 -8 59 35 4 32 
97 -25 4 -91 -18 -42 49 -46 -88 -34 
RSSI :-110 
Input angle :286
Zaxis angle :25 
minval :0 

minval :0 



29 -17 14 30 -31 11 -8 -32 33 -6 3 33 -34 0 2 -33 
-97 -19 -50 54 -21 33 -96 -18 -96 0 96 26 47 20 11 32 
97 -18 25 -69 8 -38 96 -23 90 -33 -99 14 -51 -2 -23 -23 
-84 52 3 74 7 38 -79 59 -64 71 85 -52 47 -19 31 13 
53 -83 -33 -66 -21 -33 47 -86 32 -91 -56 82 -34 38 -33 1 
-15 98 57 47 33 20 80 112 5 48 
RSSI :-110 
Input angle :291
Zaxis angle :14 
minval :0 

minval :0 



-22 30 -28 -25 27 -26 24 29 -30 21 -18 -33 34 -15 11 35 
98 4 45 -66 22 -37 99 -1 98 -15 -100 4 -44 -27 -25 -28 
-91 37 -11 79 -5 43 -87 45 -80 57 88 -47 51 6 35 15 
66 -73 -20 -78 -12 -41 65 -74 51 -84 -64 77 -50 14 -38 0 
-30 94 50 62 29 32 -24 96 -13 98 26 -96 40 -33 34 -16 
-3 -98 -70 -39 -39 -18 71 -81 122 -49 
RSSI :-110 
Input angle :286
Zaxis angle :14 
minval :0 

minval :0 



32 2 -5 32 -32 -7 10 -31 29 13 -15 29 -27 -18 20 -25 
-8 -95 -86 -30 -61 -24 -30 -95 -32 -94 28 96 -14 30 -8 32 
43 85 91 -10 66 -3 66 74 72 69 -66 -75 0 -33 -5 -32 
-73 -60 -80 44 -59 29 -89 -43 -93 -36 90 44 11 31 18 27 
92 25 54 -73 40 -52 100 0 99 -5 -100 -2 -23 -23 -27 -19 
-94 15 -20 89 -18 63 45 -51 -22 21 
RSSI :-110 
Input angle :294
Zaxis angle :29 
minval :0 

minval :0 



-6 -24 25 -4 1 25 -25 0 2 -25 25 4 -6 24 -23 -8 
-45 88 52 56 49 28 -27 92 -6 99 17 -98 51 -28 25 -2 
5 -99 -69 -32 -56 -4 -14 -95 -38 -92 18 97 -34 46 -22 12 
37 92 76 -3 54 -17 54 79 73 67 -62 -77 11 -57 14 -21 
-69 -70 -71 28 -41 37 -80 -53 -94 -31 87 47 9 57 -5 25 
93 33 48 -59 21 -52 31 -109 -62 -5 
RSSI :-110 
Input angle :286
Zaxis angle :25 
minval :0 

minval :0 



34 -15 12 35 -36 8 -5 -37 36 -1 0 36 -36 -3 5 -35 
-98 -1 -32 76 -8 40 -93 24 -88 38 96 -18 66 12 10 35 
89 -40 -2 -83 -8 -40 77 -58 69 -67 -84 49 -66 14 -23 -28 
-67 72 35 75 22 34 -44 85 -34 90 53 -82 54 -41 32 15 
30 -93 -61 -56 -35 -20 8 -96 -8 -96 -18 96 -35 58 -36 -2 
6 98 79 25 41 5 91 81 35 43 
RSSI :-110 
Input angle :286
Zaxis angle :20 
minval :0 

minval :0 



-31 8 -5 -32 32 -2 0 32 -32 -3 6 -32 31 9 -12 30 
97 21 33 -89 8 -42 97 -24 93 -27 -98 17 -54 -26 -3 -32 
-96 24 9 94 9 42 -81 59 -73 63 81 -58 60 2 15 28 
79 -59 -42 -84 -24 -35 49 -87 46 -85 -56 82 -56 21 -26 -19 
-51 85 73 60 36 23 -10 99 -8 97 22 -98 41 -43 32 7 
9 -99 -91 -25 -42 -6 -53 -2 24 -45 
RSSI :-110 
Input angle :291
Zaxis angle :25 
minval :0 

minval :0 



19 17 -19 18 -16 -20 22 -14 12 23 -24 10 -8 -25 25 -7 
-59 -76 -89 35 -35 22 -85 -51 -86 -45 80 58 18 48 -20 17 
85 46 71 -65 23 -33 99 11 97 6 -97 -20 -36 -36 11 -23 
-97 -8 -32 90 -6 41 -95 31 -90 35 97 -19 48 19 0 26 
90 -35 -8 -96 -8 -41 74 -67 69 -68 -80 58 -52 3 -9 -24 
-74 63 44 85 24 34 -34 -66 56 45 
RSSI :-110 
Input angle :291
Zaxis angle :25 
minval :0 

minval :0 



-31 -4 6 -30 29 9 -12 28 -27 -15 17 -25 24 18 -20 23 
91 40 76 -56 17 -28 98 21 95 3 -95 -30 -51 -42 9 -29 
-99 1 -46 83 -3 33 -98 20 -87 37 99 -15 64 18 3 31 
91 -39 7 -94 -10 -31 81 -59 67 -68 -85 52 -66 8 -15 -26 
-68 72 28 90 22 24 -50 87 -31 90 54 -83 57 -33 25 18 
34 -93 -62 -71 -30 -14 -46 31 112 -48 
RSSI :-110 
Input angle :291
Zaxis angle :20 
minval :0 

minval :0 



18 7 -10 17 -16 -11 12 -15 14 13 -15 13 -11 -16 16 -10 
-66 -73 -94 6 -33 23 -76 -65 -86 -44 72 69 13 52 -11 16 
91 38 81 -46 22 -34 95 29 96 5 -93 -34 -34 -41 2 -20 
-99 2 -56 75 -5 40 -99 15 -89 36 99 -8 48 24 5 19 
89 -43 18 -92 -11 -39 87 -49 71 -65 -90 43 -54 -3 -12 -15 
-65 73 17 92 25 32 -62 -82 75 44 
RSSI :-110 
Input angle :291
Zaxis angle :20 
minval :0 

minval :0 



-27 2 0 -27 27 2 -4 27 -26 -6 8 -25 24 11 -12 23 
92 34 77 -47 25 -34 96 28 95 -3 -94 -30 -47 -28 1 -27 
-98 4 -51 75 -11 40 -99 8 -86 39 98 -11 54 7 9 25 
88 -44 19 -89 -6 -41 86 -50 66 -68 -87 47 -53 14 -19 -19 
-60 77 17 89 22 35 -57 82 -30 90 60 -79 42 -35 25 9 
28 -94 -53 -74 -35 -21 -90 95 -112 -48 
RSSI :-110 
Input angle :291
Zaxis angle :20 
minval :0 

minval :0 



21 13 -14 19 -18 -16 18 -17 15 19 -20 13 -12 -21 21 -11 
-73 -67 -89 6 -35 24 -71 -71 -84 -43 71 72 34 46 -15 19 
94 30 77 -45 22 -36 94 35 94 4 -92 -40 -48 -31 5 -23 
-99 11 -56 69 -5 42 -100 5 -89 30 101 0 56 8 3 24 
86 -49 22 -86 -13 -40 90 -45 67 -67 -91 43 -54 17 -11 -21 
-59 79 13 88 26 33 -57 -50 118 43 
RSSI :-110 
Input angle :291
Zaxis angle :0 
minval :0 

minval :0 



-25 -12 13 -24 23 15 -16 22 -20 -18 20 -19 16 22 -23 13 
20 94 85 41 57 24 41 93 41 82 -15 -99 -22 -50 15 -22 
-53 -80 -94 -5 -62 -3 -73 -71 -68 -61 54 85 39 38 -5 27 
80 52 87 -35 58 -22 95 37 86 30 -84 -56 -51 -20 -5 -27 
-95 -14 -67 66 -44 44 -102 6 -91 8 98 23 54 -3 16 22 
92 -25 35 -88 21 -58 0 2 -46 -23 
RSSI :-110 
Input angle :291
Zaxis angle :20 
minval :0 

minval :0 



-10 32 -31 -12 15 -30 29 17 -20 27 -25 -22 24 -23 21 26 
78 -55 6 -79 8 -52 71 -71 61 -66 -80 57 -56 25 -30 -14 
-49 82 22 76 11 51 -38 93 -28 86 54 -83 41 -46 33 2 
12 -95 -55 -57 -32 -41 -7 -100 -10 -90 -12 98 -19 59 -31 12 
23 93 73 32 46 25 47 89 44 78 -28 -95 -8 -62 24 -23 
-60 -74 -79 -1 -52 -5 -83 -115 -84 -27 
RSSI :-110 
Input angle :291
Zaxis angle :25 
minval :0 

minval :0 



24 -26 23 27 -29 21 -18 -30 31 -16 13 33 -34 10 -7 -34 
-93 29 -21 69 -20 41 -88 47 -79 48 95 -27 62 4 21 28 
72 -66 -7 -72 0 -46 62 -78 53 -76 -75 64 -58 24 -30 -18 
-36 90 38 62 17 43 -23 98 -13 92 34 -93 44 -44 36 4 
2 -98 -59 -43 -33 -32 -17 -99 -21 -90 0 99 -20 58 -33 11 
41 88 70 17 44 15 -55 -31 42 37 
RSSI :-110 
Input angle :291
Zaxis angle :25 
minval :0 

minval :0 



-33 -6 10 -33 32 12 -14 31 -30 -16 20 -28 26 23 -24 25 
77 61 72 -21 43 -8 87 48 87 37 -79 -58 -33 -57 13 -31 
-95 -27 -55 50 -35 26 -99 -6 -95 1 96 22 53 39 0 35 
98 -10 32 -67 21 -39 94 -31 86 -39 -97 15 -64 -17 -14 -31 
-85 49 -3 75 -4 43 -73 67 -64 69 83 -53 65 -10 25 23 
57 -80 -29 -69 -13 -42 -49 0 -24 -47 
RSSI :-110 
Input angle :291
Zaxis angle :25 
minval :0 

minval :0 



22 24 -25 20 -17 -28 29 -14 11 31 -31 9 -6 -32 32 -3 
-34 -94 -70 -16 -42 0 -50 -84 -69 -69 41 90 -8 71 -28 17 
69 72 70 -17 38 -17 80 56 88 40 -74 -65 -24 -67 19 -26 
-92 -37 -60 40 -28 31 -96 -21 -97 0 95 27 48 52 -7 32 
100 0 39 -61 12 -40 95 -23 88 -42 -97 14 -67 -26 -6 -32 
-91 41 -7 72 4 42 -9 61 45 36 
RSSI :-110 
Input angle :296
Zaxis angle :25 
minval :0 

minval :0 



31 6 -8 30 -30 -10 13 -28 27 16 -18 26 -23 -20 22 -21 
-59 -81 -90 0 -40 17 -69 -71 -83 -54 70 72 13 59 -11 30 
88 48 83 -36 29 -33 93 35 98 7 -92 -40 -35 -49 -2 -31 
-99 -9 -60 67 -14 42 -100 3 -93 31 100 -2 54 28 15 27 
95 -30 26 -86 -4 -43 88 -46 74 -65 -91 42 -61 -5 -25 -19 
-76 65 7 90 20 39 -80 94 -20 44 
RSSI :-110 
Input angle :291
Zaxis angle :25 
minval :0 

minval :0 



-8 -39 40 -6 2 40 -40 -1 4 -40 39 8 -11 38 -36 -15 
4 99 76 46 24 -1 11 97 48 83 -11 -97 23 -75 40 0 
-44 -89 -89 -12 -20 11 -53 -82 -78 -57 50 83 9 79 -34 20 
77 62 85 -27 14 -19 81 56 94 23 -79 -56 -38 -70 24 -31 
-95 -29 -66 60 -6 23 -96 -19 -95 18 95 22 65 45 -11 38 
98 -14 38 -81 -4 -24 108 34 -23 -30 
RSSI :-110 
Input angle :286
Zaxis angle :20 
minval :0 

minval :0 



-15 18 -17 -17 18 -15 13 20 -21 11 -9 -22 23 -7 5 23 
62 -24 7 -44 6 -9 61 -22 36 -28 -61 12 -31 12 -15 -18 
-48 46 9 44 -1 11 -48 43 -21 40 51 -36 22 -25 21 10 
23 -63 -25 -37 -2 -11 25 -59 4 -45 -33 52 -11 32 -24 -1 
0 67 38 23 6 9 -2 64 14 43 10 -61 -1 -34 22 -7 
-28 -61 -45 -5 -10 -5 125 127 -38 -9 
RSSI :-110 
Input angle :283
Zaxis angle :20 
minval :0 

minval :0 



30 3 -6 30 -30 -9 11 -28 27 14 -16 26 -25 -18 20 -22 
-50 -85 -84 15 -49 14 -74 -63 -75 -61 65 74 12 32 -9 29 
78 61 69 -48 39 -32 95 25 94 22 -87 -47 -25 -23 -3 -31 
-95 -25 -43 72 -23 45 -98 9 -95 15 99 6 32 11 15 27 
97 -14 11 -84 2 -51 86 -46 84 -48 -94 32 -34 1 -25 -18 
-79 59 27 80 18 48 91 -114 -35 40 
RSSI :-110 
Input angle :291
Zaxis angle :20 
minval :0 

minval :0 



-12 10 -9 -13 13 -8 7 14 -15 5 -4 -15 16 -3 2 16 
73 64 81 -54 43 -41 98 25 101 11 -98 -30 -22 -46 -9 -13 
-94 -27 -48 84 -21 56 -101 10 -97 28 101 -14 38 33 13 9 
97 -11 13 -96 0 -60 88 -49 76 -66 -88 51 -49 -14 -16 -3 
-87 44 29 93 26 53 -63 79 -41 93 60 -83 50 -8 16 -3 
57 -79 -62 -75 -45 -39 43 32 29 -51 
RSSI :-110 
Input angle :286
Zaxis angle :29 
minval :0 

minval :0 



18 10 -12 18 -16 -14 15 -15 14 15 -16 13 -11 -18 18 -10 
-14 -97 -93 -19 -45 1 -39 -91 -61 -78 40 91 3 50 -13 16 
53 83 92 -23 41 -18 71 69 87 46 -72 -68 -19 -46 5 -21 
-82 -53 -74 59 -29 34 -92 -37 -99 -6 94 31 38 33 3 21 
97 16 44 -84 13 -43 99 -5 92 -36 -98 14 -49 -13 -12 -18 
-95 23 -10 95 6 45 -54 93 24 35 
RSSI :-110 
Input angle :286
Zaxis angle :20 
minval :0 

minval :0 



20 -18 17 21 -23 14 -13 -24 25 -10 9 26 -27 6 -4 -27 
-97 18 -14 94 6 39 -90 43 -70 70 88 -44 50 -3 15 23 
80 -57 -25 -91 -23 -31 65 -75 36 -92 -61 77 -44 23 -23 -15 
-53 83 62 72 34 19 -30 95 6 99 30 -94 32 -38 27 4 
16 -97 -85 -41 -39 -5 -6 -99 -42 -89 12 98 -14 48 -26 7 
24 96 94 7 38 -8 83 -94 -48 32 
RSSI :-110 
Input angle :286
Zaxis angle :20 
minval :0 

minval :0 



27 -11 9 28 -29 6 -4 -30 30 -1 0 30 -30 -3 4 -29 
-96 -24 -54 78 -1 43 -100 -7 -94 32 101 -5 44 20 6 29 
98 -16 21 -93 -13 -41 96 -29 76 -64 -91 44 -49 0 -17 -24 
-84 53 14 95 28 32 -71 70 -40 91 67 -77 46 -16 26 14 
55 -82 -53 -79 -40 -16 43 -90 3 -99 -28 98 -35 33 -30 -1 
-18 98 80 51 43 0 61 -47 43 46 
RSSI :-110 
Input angle :286
Zaxis angle :14 
minval :0 

minval :0 



-32 -26 29 -30 26 32 -34 23 -20 -36 38 -17 14 39 -40 11 
35 93 90 18 40 -8 36 91 63 75 -46 -90 -14 -46 33 -25 
-71 -69 -89 21 -33 25 -68 -72 -88 -43 78 65 31 36 -17 37 
94 30 72 -56 20 -36 93 32 97 7 -98 -25 -42 -20 1 -41 
-100 6 -46 80 -4 41 -99 3 -92 34 100 -13 47 2 13 39 
89 -44 9 -91 -11 -39 42 50 119 -35 
RSSI :-110 
Input angle :286
Zaxis angle :0 
minval :0 

minval :0 



-8 44 -43 -11 14 -42 40 18 -22 39 -36 -26 29 -34 32 31 
14 -101 -75 -46 -27 7 4 -97 -37 -87 -8 99 -22 72 -41 -16 
29 98 86 10 21 -17 41 88 69 65 -34 -93 -9 -74 44 -2 
-68 -76 -84 25 -13 25 -67 -70 -89 -35 67 73 39 63 -39 19 
90 50 68 -54 2 -28 91 33 95 -4 -92 -38 -63 -41 28 -33 
-103 0 -38 78 9 27 82 -99 -101 21 
RSSI :-110 
Input angle :320
Zaxis angle :29 
minval :0 

minval :0 



13 0 -1 13 -13 -2 3 -13 12 4 -5 12 -11 -6 7 -11 
-98 -28 -44 82 6 68 -99 3 -89 51 99 -24 51 53 -1 13 
101 -12 5 -94 -33 -60 87 -47 64 -80 -82 61 -68 -26 -4 -12 
-85 56 33 88 54 42 -61 78 -25 99 48 -90 73 1 9 10 
60 -82 -63 -69 -66 -20 28 -95 -14 -102 -5 102 -67 30 -12 -5 
-19 100 88 34 68 -12 -60 49 -24 42 
RSSI :-110 
Input angle :286
Zaxis angle :29 
minval :0 

minval :0 



-19 27 -25 -22 23 -24 21 25 -27 18 -16 -29 30 -13 11 31 
100 -10 38 -88 -9 -43 98 -22 80 -61 -95 34 -59 -12 -23 -24 
-88 48 0 96 25 36 -83 57 -46 89 71 -72 59 -10 31 13 
61 -80 -41 -87 -37 -22 51 -87 4 -101 -35 95 -50 33 -34 0 
-24 97 71 64 43 7 -8 101 35 94 -6 -101 31 -52 30 -14 
-23 -98 -91 -28 -42 13 -12 -67 55 -39 
RSSI :-110 
Input angle :286
Zaxis angle :20 
minval :0 

minval :0 



20 11 -14 19 -18 -15 16 -17 16 17 -19 14 -12 -19 21 -10 
-61 -43 -29 28 -8 11 -52 -23 -53 -6 63 25 27 27 -13 19 
73 12 14 -38 3 -14 57 -1 50 -17 -67 1 -35 -14 6 -22 
-73 16 1 41 1 13 -52 22 -39 36 62 -28 38 -3 3 22 
60 -44 -17 -37 -7 -12 38 -42 21 -49 -46 49 -35 16 -12 -20 
-36 65 31 27 11 8 -2 -113 -120 13 
RSSI :-110 
Input angle :291
Zaxis angle :29 
minval :0 

minval :0 



-7 -7 7 -6 6 8 -8 5 -4 -9 9 -3 2 10 -10 2 
-14 100 84 46 58 -6 12 99 43 91 -20 -100 47 -39 8 -6 
-28 -97 -95 -10 -51 28 -50 -86 -70 -73 60 83 -25 55 -5 9 
61 80 92 -26 35 -47 80 60 95 34 -89 -50 0 -61 1 -10 
-89 -48 -73 62 -14 57 -98 -19 -101 6 102 8 24 56 3 10 
101 5 39 -87 -10 -58 -50 66 -89 -24 
RSSI :-110 
Input angle :119
Zaxis angle :20 
minval :0 

minval :0 



-33 15 -13 -34 35 -10 6 36 -36 2 0 -37 37 3 -5 36 
97 14 25 -53 28 -38 97 3 90 -18 -97 -6 -57 -10 -8 -36 
-96 25 -6 58 -10 46 -92 31 -75 53 92 -33 57 -13 23 28 
79 -60 -22 -54 -10 -46 68 -70 46 -80 -71 67 -47 34 -32 -17 
-45 88 40 42 27 38 -36 91 -12 91 39 -89 28 -50 37 3 
4 -99 -54 -21 -40 -25 3 63 85 -44 
RSSI :-110 
Input angle :283
Zaxis angle :14 
minval :0 

minval :0 



12 13 -14 11 -10 -14 15 -9 7 16 -17 6 -4 -17 17 -3 
-99 -17 -40 90 14 38 -98 3 -90 46 97 -26 49 51 -14 10 
98 -26 1 -99 -28 -31 90 -41 64 -77 -80 61 -65 -29 8 -15 
-81 60 35 92 38 15 -61 77 -23 98 48 -88 71 0 -1 17 
46 -90 -70 -69 -41 2 31 -93 -11 -100 -9 100 -65 28 -5 -16 
-7 101 93 32 37 -18 -69 -63 25 42 
RSSI :-110 
Input angle :122
Zaxis angle :20 
minval :0 

minval :0 



-7 -7 7 -6 5 8 -9 4 -3 -8 9 -2 2 9 -9 1 
-65 78 55 79 55 35 -32 94 -17 98 34 -97 34 -18 8 -5 
27 -97 -82 -51 -64 -14 -4 -99 -19 -98 5 103 -22 32 -5 8 
13 100 96 11 63 -16 47 87 56 82 -46 -91 9 -37 1 -10 
-54 -85 -93 27 -53 38 -77 -63 -87 -48 81 63 7 38 2 9 
83 57 77 -59 33 -56 24 -61 18 7 
RSSI :-110 
Input angle :119
Zaxis angle :25 
minval :0 

minval :0 



-20 10 -8 -21 22 -6 5 22 -23 3 0 -23 23 1 -4 23 
71 67 83 -45 54 -28 89 43 89 32 -86 -51 -34 -21 -6 -22 
-94 -29 -55 76 -36 48 -99 -3 -95 2 99 9 40 4 15 17 
98 -9 18 -92 12 -59 91 -37 85 -41 -95 31 -39 10 -20 -10 
-88 43 14 93 9 60 -72 68 -64 70 77 -64 31 -25 23 0 
62 -76 -52 -79 -33 -51 -34 -80 92 -46 
RSSI :-110 
Input angle :286
Zaxis angle :14 
minval :0 

minval :0 



21 22 -24 19 -18 -25 27 -15 13 28 -29 10 -7 -30 31 -5 
19 -96 -75 -55 -31 -39 1 -99 -11 -88 -12 100 9 56 -25 17 
17 97 92 14 46 21 39 91 47 74 -25 -97 -30 -48 17 -26 
-54 -82 -91 18 -51 -2 -69 -70 -72 -51 62 79 47 33 -5 31 
83 53 77 -52 47 -18 91 38 86 22 -88 -47 -55 -11 -7 -30 
-98 -11 -45 81 -35 36 76 -35 -61 11 
RSSI :-110 
Input angle :286
Zaxis angle :14 
minval :0 

minval :0 



22 -24 22 23 -25 20 -18 -27 29 -15 14 30 -30 11 -8 -31 
-97 2 -39 82 -34 25 -97 11 -75 34 98 0 65 -19 20 25 
88 -41 3 -91 19 -37 85 -47 56 -61 -89 41 -54 39 -29 -15 
-65 72 30 86 -3 42 -56 80 -28 78 66 -73 29 -60 32 1 
29 -93 -66 -63 -14 -40 19 -96 -7 -82 -33 92 -2 67 -30 11 
9 97 85 31 28 30 66 -95 -84 36 
RSSI :-110 
Input angle :286
Zaxis angle :20 
minval :0 

minval :0 



-27 22 -19 -29 31 -15 13 33 -33 11 -8 -34 35 -5 2 35 
97 15 57 -68 29 -17 97 4 85 -21 -96 -18 -77 1 -17 -30 
-95 24 -23 85 -20 28 -91 35 -69 54 94 -25 73 -26 27 21 
77 -61 -11 -88 8 -33 69 -68 40 -78 -78 58 -54 55 -34 -8 
-48 85 45 76 5 33 -38 89 -9 87 52 -83 28 -72 34 -6 
10 -97 -71 -53 -18 -29 24 -49 42 -42 
RSSI :-110 
Input angle :286
Zaxis angle :20 
minval :0 

minval :0 



-3 36 -35 -4 7 -35 34 10 -14 33 -31 -17 19 -29 28 22 
83 -50 -1 -86 9 -35 76 -59 52 -73 -83 48 -55 52 -35 -6 
-53 81 35 79 6 36 -42 86 -17 88 54 -79 28 -70 35 -6 
17 -96 -65 -57 -21 -29 4 -96 -18 -88 -22 94 1 75 -29 20 
20 95 81 30 30 20 36 89 50 74 -18 -94 -31 -68 19 -30 
-59 -77 -86 8 -36 -4 -116 125 -61 -23 
RSSI :-110 
Input angle :286
Zaxis angle :14 
minval :0 

minval :0 



32 9 -12 31 -30 -14 17 -28 27 20 -22 25 -23 -23 25 -21 
-40 -89 -88 16 -52 -28 -66 -74 -49 -59 43 88 55 43 -14 29 
69 69 76 -49 59 3 89 44 68 36 -74 -63 -68 -16 0 -32 
-92 -31 -51 74 -54 23 -99 -3 -76 -7 94 25 69 -9 11 31 
97 -7 14 -89 43 -40 93 -35 73 -24 -97 13 -58 39 -22 -23 
-86 45 19 88 -22 55 56 46 124 26 
RSSI :-110 
Input angle :286
Zaxis angle :20 
minval :0 

minval :0 



-11 -27 28 -8 6 28 -29 3 0 -29 29 1 -3 29 -28 -5 
-97 -25 -60 79 -25 64 -99 8 -96 24 101 5 13 -19 28 -7 
99 -16 21 -97 -6 -69 88 -46 77 -61 -94 35 -6 22 -23 18 
-87 51 19 97 29 62 -63 76 -48 86 75 -67 -4 -23 15 -25 
61 -80 -54 -83 -52 -44 28 -95 7 -99 -40 92 12 19 -3 29 
-21 98 83 54 67 17 -13 64 0 47 
RSSI :-110 
Input angle :291
Zaxis angle :32 
minval :0 

minval :0 



-24 -26 27 -22 20 29 -31 17 -15 -32 33 -12 9 34 -35 6 
-59 79 50 72 33 56 -23 95 -15 96 33 -93 9 -28 31 -18 
26 -94 -77 -42 -53 -37 -15 -97 -23 -94 1 99 2 29 -20 29 
22 96 87 9 64 14 52 83 61 75 -43 -89 -14 -26 5 -35 
-53 -83 -83 29 -64 15 -81 -55 -87 -43 77 62 24 17 9 34 
84 51 65 -59 54 -36 6 -109 -50 5 
RSSI :-110 
Input angle :286
Zaxis angle :25 
minval :0 

minval :0 



-3 -32 32 0 -3 32 -32 -6 8 -31 30 11 -13 29 -28 -15 
41 89 97 -14 17 -5 40 91 77 61 -61 -80 34 -76 32 2 
-74 -66 -82 53 -13 12 -72 -68 -94 -26 86 52 0 83 -30 9 
94 31 48 -85 6 -16 95 27 97 -16 -100 -9 -36 -75 24 -21 
-98 13 -15 97 0 18 -99 11 -84 51 96 -30 61 57 -12 29 
89 -44 -25 -95 -7 -17 -64 -31 126 -41 
RSSI :-110 
Input angle :127
Zaxis angle :32 
minval :0 

minval :0 



-29 6 -2 -30 30 0 -2 30 -30 -4 7 -30 29 9 -11 28 
25 98 96 21 55 -40 45 84 67 76 -53 -85 0 -38 0 -31 
-66 -78 -95 24 -33 60 -75 -58 -92 -41 83 55 13 34 14 27 
90 48 78 -58 6 -68 93 23 101 -3 -99 -14 -28 -24 -24 -19 
-102 -4 -41 88 24 63 -94 18 -92 43 95 -31 35 12 30 8 
94 -39 6 -98 -45 -50 17 114 100 -39 
RSSI :-110 
Input angle :283
Zaxis angle :20 
minval :0 

minval :0 



-24 7 -6 -24 25 -3 0 25 -25 -1 3 -25 25 5 -6 24 
32 68 43 -9 29 -25 47 30 54 34 -60 -41 -23 -15 -3 -25 
-58 -47 -37 25 -18 34 -55 -8 -63 -9 71 13 27 5 13 21 
72 20 23 -38 3 -38 53 -15 62 -15 -71 15 -27 5 -20 -15 
-74 9 -6 44 11 36 -44 34 -51 39 58 -43 22 -16 25 6 
63 -40 -10 -43 -25 -29 -122 80 25 -14 
RSSI :-110 
Input angle :286
Zaxis angle :14 
minval :0 

minval :0 



-25 12 -10 -26 26 -8 5 28 -27 3 -1 -28 28 0 -2 28 
49 42 30 -24 22 -27 58 4 55 8 -69 -10 -33 -9 -7 -27 
-62 -18 -18 34 -11 34 -55 18 -53 14 67 -19 35 -4 17 21 
64 -8 1 -38 -2 -35 44 -38 44 -34 -55 43 -30 18 -24 -12 
-56 31 13 36 16 31 -24 52 -28 48 32 -61 21 -28 28 1 
39 -52 -27 -27 -29 -20 19 32 13 -14 
RSSI :-110 
Input angle :291
Zaxis angle :20 
minval :0 

minval :0 



-6 28 -28 -9 11 -27 26 12 -14 26 -23 -17 18 -22 20 20 
54 -24 -11 -36 -7 -29 31 -51 28 -41 -40 54 -31 26 -27 -11 
-42 42 24 29 16 25 -10 59 -8 49 14 -65 16 -37 29 0 
19 -56 -34 -17 -25 -15 -14 -58 -10 -49 12 66 -1 41 -26 11 
3 59 38 2 30 3 37 46 28 41 -39 -55 -16 -38 19 -22 
-27 -53 -36 13 -29 9 80 31 -43 -7 
RSSI :-110 
Input angle :291
Zaxis angle :20 
minval :0 

minval :0 



27 9 -10 27 -26 -13 14 -26 24 16 -18 22 -20 -21 22 -18 
-15 -60 -39 4 -30 3 -45 -39 -37 -35 48 45 23 32 -13 25 
37 50 33 -20 26 -15 57 17 49 16 -61 -22 -35 -18 0 -29 
-56 -26 -25 30 -17 24 -58 6 -51 3 66 -2 40 4 10 27 
62 3 9 -38 6 -30 51 -30 45 -24 -59 28 -38 11 -19 -20 
-59 20 5 39 5 30 124 95 -2 9 
RSSI :-110 
Input angle :291
Zaxis angle :20 
minval :0 

minval :0 



27 -9 7 27 -28 4 -2 -28 28 0 -2 28 -28 -4 6 -27 
-49 -43 -35 22 -23 22 -59 -10 -52 -11 63 16 36 12 4 28 
61 24 24 -33 13 -29 58 -11 53 -9 -64 8 -38 2 -16 -23 
-65 0 -10 40 -1 32 -48 35 -45 29 57 -30 34 -16 24 16 
59 -29 -9 -40 -13 -29 28 -52 29 -45 -37 53 -23 29 -28 -4 
-44 49 24 33 22 22 -37 -65 78 13 
RSSI :-110 
Input angle :291
Zaxis angle :29 
minval :0 

minval :0 



-9 -25 25 -7 5 26 -26 4 -2 -26 27 1 -2 27 -26 -5 
-58 45 13 44 23 23 -22 55 -22 54 31 -57 14 -30 26 -5 
38 -62 -29 -35 -31 -11 0 -59 0 -58 -3 65 0 33 -22 15 
-10 72 41 20 33 0 25 53 23 54 -19 -62 -11 -30 14 -23 
-20 -69 -46 -3 -30 14 -44 -38 -44 -39 43 49 23 24 -3 26 
47 56 43 -16 22 -25 -31 64 -74 4 
RSSI :-110 
Input angle :291
Zaxis angle :14 
minval :0 

minval :0 



4 -25 25 6 -8 24 -23 -11 13 -22 21 14 -17 19 -18 -18 
-75 0 -20 44 7 33 -50 29 -53 29 58 -27 27 -14 24 9 
70 -27 -1 -48 -19 -27 35 -46 35 -49 -47 45 -20 24 -26 0 
-53 54 18 45 28 18 -15 56 -14 59 23 -61 8 -29 24 -10 
29 -70 -35 -33 -33 -5 -9 -57 -10 -59 2 65 4 30 -17 19 
5 75 46 15 32 -9 -115 48 122 12 
RSSI :-110 
Input angle :286
Zaxis angle :14 
minval :0 

minval :0 



-29 -35 37 -26 24 39 -40 22 -18 -42 44 -12 9 45 -45 4 
-65 79 34 89 58 29 -24 93 -16 98 37 -91 16 -50 39 -23 
28 -98 -70 -65 -65 -4 -14 -96 -16 -98 -1 99 2 53 -27 36 
11 101 89 33 62 -21 48 83 55 82 -41 -90 -23 -47 9 -45 
-52 -88 -95 6 -47 45 -79 -55 -87 -48 73 66 41 33 8 45 
83 58 86 -41 27 -59 28 51 -87 3 
RSSI :-110 
Input angle :291
Zaxis angle :14 
minval :0 

minval :0 



-35 -16 20 -33 31 22 -25 29 -27 -27 29 -25 22 31 -33 20 
-30 96 62 74 62 2 5 96 18 97 9 -98 5 -47 22 -33 
-12 -101 -89 -39 -58 23 -44 -85 -59 -80 39 90 13 45 -7 38 
47 89 97 0 46 -43 71 65 84 52 -68 -71 -31 -35 -8 -38 
-80 -61 -88 40 -21 58 -92 -26 -99 -10 90 38 42 21 23 31 
98 25 63 -73 -3 -63 0 83 112 -14 
RSSI :-110 
Input angle :286
Zaxis angle :14 
minval :0 

minval :0 



-17 26 -25 -19 21 -23 21 23 -25 19 -17 -26 28 -15 12 28 
92 45 82 -54 9 -58 96 16 100 -5 -95 -32 -40 -19 -23 -21 
-102 -3 -56 81 17 56 -94 24 -88 47 99 -14 45 0 30 9 
95 -39 14 -98 -38 -45 76 -60 64 -76 -85 52 -41 16 -31 3 
-72 72 27 95 54 25 -44 86 -25 97 57 -82 30 -32 28 -15 
35 -96 -60 -78 -59 -2 -89 -33 -116 -51 
RSSI :-110 
Input angle :283
Zaxis angle :14 
minval :0 

minval :0 



20 14 -16 19 -17 -17 19 -16 15 20 -21 13 -11 -22 23 -8 
47 -91 -51 -85 -54 -7 24 -94 -3 -100 -33 94 -27 37 -18 17 
-8 102 80 58 53 -14 15 96 41 91 -7 -100 11 -45 9 -23 
-34 -97 -98 -17 -43 34 -53 -81 -75 -66 52 86 8 46 1 25 
71 73 96 -25 25 -48 81 54 94 32 -81 -59 -25 -39 -11 -23 
-95 -37 -80 59 -3 54 -37 -4 -20 6 
RSSI :-110 
Input angle :286
Zaxis angle :14 
minval :0 

minval :0 



21 10 -12 20 -19 -13 15 -18 17 16 -17 16 -14 -19 20 -12 
23 -98 -70 -69 -54 4 0 -97 -26 -96 -9 98 -20 45 -13 20 
19 100 94 27 46 -27 41 87 64 76 -31 -94 0 -49 4 -24 
-58 -83 -98 5 -32 43 -73 -62 -90 -42 68 71 19 45 5 24 
85 54 87 -46 12 -53 91 32 99 1 -90 -39 -36 -33 -15 -19 
-100 -15 -57 80 10 53 24 -67 -34 17 
RSSI :-110 
Input angle :286
Zaxis angle :20 
minval :0 

minval :0 



22 9 -11 21 -20 -13 15 -19 17 17 -19 15 -13 -20 20 -12 
24 -99 -71 -69 -54 4 1 -97 -27 -96 -11 99 -18 46 -14 20 
16 101 92 36 48 -25 38 89 60 79 -30 -95 0 -49 6 -24 
-57 -85 -99 7 -33 43 -74 -63 -88 -46 67 73 22 44 5 23 
86 54 88 -45 10 -53 92 31 100 4 -91 -41 -37 -33 -14 -19 
-101 -18 -61 78 9 54 23 77 -91 19 
RSSI :-110 
Input angle :286
Zaxis angle :14 
minval :0 

minval :0 



5 23 -23 3 -1 -23 23 0 -2 23 -23 -4 6 -23 22 7 
94 -40 6 -99 -38 -39 74 -63 55 -83 -85 52 -49 12 -24 1 
-66 78 32 93 50 20 -41 88 -21 97 49 -87 39 -32 21 -11 
29 -98 -69 -71 -54 1 3 -97 -20 -98 -14 99 -24 44 -15 18 
11 102 90 40 49 -24 36 90 57 82 -23 -97 5 -50 5 -23 
-48 -90 -99 0 -35 42 79 61 8 -26 
RSSI :-110 
Input angle :286
Zaxis angle :14 
minval :0 

minval :0 



21 -4 2 22 -22 1 0 -21 21 2 -4 21 -21 -5 7 -20 
-49 -89 -99 0 -36 40 -67 -70 -86 -50 61 79 13 50 2 22 
79 65 90 -41 14 -52 91 35 99 8 -89 -45 -31 -40 -10 -19 
-100 -22 -70 70 6 53 -97 0 -96 26 100 7 45 24 17 13 
100 -19 34 -93 -28 -46 90 -36 77 -63 -96 27 -51 -4 -21 -5 
-86 55 3 99 42 34 -113 -2 -126 44 
RSSI :-110 
Input angle :291
Zaxis angle :20 
minval :0 

minval :0 



17 11 -13 16 -14 -15 16 -13 12 17 -18 11 -10 -18 19 -9 
32 -96 -66 -73 -53 3 7 -97 -23 -96 -13 98 -26 44 -14 16 
11 101 88 43 47 -24 31 91 59 79 -23 -96 9 -51 6 -21 
-50 -88 -99 1 -32 42 -66 -71 -87 -47 61 77 11 50 0 22 
81 60 90 -40 15 -51 88 40 98 14 -86 -46 -32 -40 -10 -19 
-98 -23 -71 68 5 53 2 45 63 14 
RSSI :-110 
Input angle :283
Zaxis angle :14 
minval :0 

minval :0 



-1 20 -20 -2 4 -19 19 6 -8 18 -17 -9 11 -16 15 12 
99 -26 31 -94 -31 -41 88 -42 72 -69 -93 37 -52 -4 -19 -4 
-81 62 9 99 44 26 -66 72 -38 92 72 -69 49 -17 20 -3 
52 -88 -54 -83 -51 -6 24 -95 -3 -100 -34 94 -37 36 -16 11 
-7 102 83 54 49 -16 13 97 42 91 -6 -100 21 -48 10 -17 
-36 -96 -98 -17 -40 33 -107 -99 -56 -33 
RSSI :-110 
Input angle :286
Zaxis angle :14 
minval :0 

minval :0 



-9 13 -12 -10 11 -10 10 12 -13 8 -7 -14 14 -6 5 15 
99 17 67 -73 -10 -49 97 -1 94 -30 -99 -5 -44 -31 -11 -11 
-98 23 -28 95 30 40 -87 43 -72 68 94 -31 53 10 15 6 
82 -59 -12 -98 -43 -26 62 -75 43 -89 -70 69 -52 11 -16 0 
-50 87 52 84 50 7 -32 92 -3 99 40 -90 43 -32 15 -7 
11 -100 -79 -59 -48 13 -79 62 -45 -46 
RSSI :-110 
Input angle :286
Zaxis angle :14 
minval :0 

minval :0 



-4 -14 15 -2 1 15 -15 0 0 -15 14 2 -3 15 -14 -4 
29 96 98 15 34 -25 38 91 70 69 -41 -91 26 -62 15 -2 
-63 -78 -97 22 -22 37 -73 -66 -93 -32 73 67 2 68 -12 8 
91 43 79 -60 4 -43 94 30 99 -2 -94 -34 -30 -60 8 -12 
-100 -3 -50 86 12 41 -98 7 -87 45 99 -7 50 45 -3 15 
94 -34 11 -99 -28 -32 -3 33 -20 -39 
RSSI :-110 
Input angle :286
Zaxis angle :29 
minval :0 

minval :0 



38 -15 11 39 -40 9 -5 -41 41 -2 0 41 -41 -4 7 -40 
-90 44 12 94 22 30 -81 59 -57 79 74 -69 87 6 8 40 
64 -77 -50 -80 -32 -18 50 -87 23 -95 -46 90 -83 28 -23 -33 
-30 95 78 53 37 4 -7 100 18 96 -2 -101 66 -57 35 20 
-9 -100 -93 -16 -36 11 -31 -96 -58 -78 38 94 -35 80 -40 -3 
52 85 93 -20 28 -24 -90 -78 -12 24 
RSSI :-110 
Input angle :286
Zaxis angle :29 
minval :0 

minval :0 



26 29 -31 23 -20 -33 34 -17 14 36 -37 12 -8 -38 38 -5 
-79 -58 -80 51 -15 28 -86 -51 -96 -16 91 39 27 83 -32 21 
96 23 52 -80 1 -32 100 9 94 -24 -99 1 -56 -67 21 -32 
-97 17 -14 94 10 30 -95 32 -78 58 91 -40 79 38 -6 38 
82 -55 -23 -93 -21 -23 75 -66 46 -85 -67 74 -87 -2 -9 -37 
-56 81 56 77 29 13 -70 -65 -116 48 
RSSI :-110 
Input angle :288
Zaxis angle :29 
minval :0 

minval :0 



12 25 -26 10 -9 -26 27 -6 3 28 -27 1 1 -27 26 3 
-79 -61 -87 46 -8 25 -81 -60 -96 -19 90 48 10 82 -25 8 
98 22 61 -78 -2 -26 99 20 96 -23 -102 -7 -45 -68 20 -17 
-99 15 -23 96 13 23 -99 19 -81 57 98 -29 68 46 -12 24 
81 -58 -19 -97 -21 -15 83 -57 46 -87 -77 67 -81 -16 1 -26 
-54 84 56 80 26 5 -57 47 67 49 
RSSI :-110 
Input angle :288
Zaxis angle :14 
minval :0 

minval :0 



-9 6 -4 -9 9 -4 3 10 -10 2 -1 -10 11 0 0 11 
35 -95 -64 -77 -30 6 36 -94 -6 -100 -30 98 -66 20 -3 -9 
0 102 92 40 25 -17 6 100 51 86 -11 -101 52 -45 7 7 
-44 -91 -100 0 -16 26 -47 -88 -80 -60 49 89 -29 63 -9 -3 
78 65 94 -35 6 -30 74 67 96 27 -80 -64 1 -69 10 0 
-98 -29 -68 74 7 30 -24 -4 -117 8 
RSSI :-110 
Input angle :127
Zaxis angle :14 
minval :0 

minval :0 



7 -11 10 8 -8 10 -9 -9 10 -9 8 11 -11 7 -6 -11 
7 111 107 34 66 -76 13 109 66 91 -18 -111 77 -68 10 7 
-54 -98 -112 7 -24 97 -63 -90 -100 -51 63 92 -33 97 -12 -2 
98 55 100 -51 -8 -100 90 63 112 15 -96 -58 -2 -103 12 -2 
-109 -25 -72 85 46 89 -107 -25 -108 32 112 13 44 94 -10 7 
109 -25 29 -109 -82 -58 -103 50 111 -41 
RSSI :-110 
Input angle :131
Zaxis angle :14 
minval :0 

minval :0 



8 2 -3 7 -7 -4 4 -7 6 5 -6 6 -5 -6 7 -5 
-94 41 -2 101 34 9 -92 38 -62 79 88 -52 60 33 -3 7 
66 -78 -36 -94 -36 3 68 -73 22 -99 -62 81 -69 -4 0 -8 
-31 98 73 69 31 -19 -34 93 19 99 23 -99 65 -24 3 7 
-9 -102 -96 -31 -21 29 -8 -99 -58 -83 17 100 -50 47 -6 -5 
53 87 100 -6 8 -35 -80 -62 -114 26 
RSSI :-110 
Input angle :134
Zaxis angle :14 
minval :0 

minval :0 



6 7 -8 5 -4 -8 9 -4 3 9 -9 2 -2 -9 9 -1 
-100 -22 -60 80 19 27 -97 -22 -96 30 101 12 30 64 -8 5 
101 -17 23 -98 -28 -18 99 -14 77 -65 -98 29 -53 -46 5 -8 
-86 56 16 99 32 5 -84 53 -45 90 76 -68 68 19 -1 9 
52 -88 -57 -83 -32 7 57 -82 5 -101 -43 92 -70 9 -2 -9 
-15 101 85 53 25 -21 61 -127 -103 46 
RSSI :-110 
Input angle :283
Zaxis angle :0 
minval :0 

minval :0 



-2 9 -8 -3 4 -8 7 4 -5 7 -6 -6 6 -6 5 7 
0 -102 -90 -44 -24 19 1 -100 -48 -88 12 101 -52 43 -8 -3 
41 93 100 -1 14 -27 41 91 79 61 -49 -89 31 -60 8 0 
-76 -68 -92 40 -1 31 -75 -65 -97 -23 81 61 -2 68 -8 3 
96 34 72 -70 -9 -29 93 35 100 -12 -99 -22 -22 -64 6 -6 
-101 10 -36 94 21 23 94 -115 99 27 
RSSI :-110 
Input angle :122
Zaxis angle :14 
minval :0 

minval :0 



-15 1 0 -15 15 1 -2 15 -15 -3 4 -14 13 6 -7 13 
95 -32 8 -99 -17 -23 94 -33 72 -68 -93 40 -63 -35 0 -14 
-78 64 31 95 25 15 -74 67 -39 92 67 -75 72 6 5 13 
45 -90 -65 -75 -29 -2 38 -92 0 -100 -33 96 -68 22 -11 -10 
-5 101 91 39 28 -9 0 100 44 89 -5 -101 54 -48 14 5 
-35 -95 -100 0 -21 19 -106 -115 -86 -33 
RSSI :-110 
Input angle :283
Zaxis angle :20 
minval :0 

minval :0 



-11 -21 22 -8 6 21 -22 4 -2 -23 23 -1 -1 23 -22 -2 
64 77 93 -34 15 -21 69 72 91 39 -78 -64 -3 -79 22 -7 
-89 -46 -66 73 -5 26 -95 -31 -99 5 98 24 32 72 -17 15 
100 6 38 -91 -3 -27 100 -2 89 -42 -100 12 -58 -54 10 -20 
-94 35 5 99 13 23 -90 43 -66 73 88 -49 74 27 0 22 
73 -69 -41 -90 -23 -14 -10 -32 -78 -48 
RSSI :-110 
Input angle :288
Zaxis angle :20 
minval :0 

minval :0 



-22 -23 25 -20 18 27 -28 16 -13 -29 31 -10 8 31 -31 5 
78 61 78 -59 15 -16 86 50 96 18 -89 -46 -27 -81 26 -18 
-96 -28 -45 86 -6 21 -99 -13 -95 22 100 4 55 65 -17 27 
97 -20 8 -97 -2 -22 96 -26 77 -59 -93 38 -78 -35 3 -32 
-80 59 32 92 12 19 -77 63 -46 86 69 -72 86 1 7 31 
54 -83 -67 -71 -18 -12 59 112 -47 -50 
RSSI :-110 
Input angle :291
Zaxis angle :25 
minval :0 

minval :0 



11 -44 42 15 -18 41 -39 -20 25 -37 34 28 -32 31 -29 -33 
-23 95 86 35 15 16 -5 99 17 93 0 -99 55 -72 40 18 
-15 -97 -92 3 -22 -7 -36 -92 -55 -78 35 92 -24 87 -44 0 
52 83 84 -38 22 0 70 70 83 46 -75 -65 -18 -89 40 -17 
-83 -51 -59 70 -20 9 -92 -37 -94 -9 94 28 55 72 -29 33 
97 12 24 -89 12 -18 -39 -94 103 -15 
RSSI :-110 
Input angle :299
Zaxis angle :29 
minval :0 

minval :0 



31 8 -11 30 -30 -13 15 -29 28 17 -19 26 -24 -22 25 -21 
-56 -81 -80 13 -52 19 -80 -58 -84 -41 74 66 25 50 -13 30 
83 54 68 -44 40 -37 95 25 94 4 -95 -28 -42 -36 0 -33 
-98 -13 -41 70 -20 51 -97 18 -86 37 98 -16 54 15 13 30 
95 -28 14 -80 0 -55 81 -56 65 -68 -82 55 -56 8 -24 -22 
-74 66 24 77 23 50 2 15 126 44 
RSSI :-110 
Input angle :291
Zaxis angle :25 
minval :0 

minval :0 



-7 14 -14 -8 10 -13 12 10 -12 11 -10 -13 13 -9 8 14 
93 -43 4 -95 -59 -46 72 -66 56 -85 -71 73 -48 -22 -14 -10 
-66 78 32 90 72 18 -37 91 -15 101 38 -94 54 2 16 3 
29 -98 -67 -68 -74 10 -6 -98 -30 -98 8 102 -49 22 -17 3 
13 101 89 35 60 -45 38 91 66 78 -44 -92 37 -40 13 -10 
-52 -88 -95 6 -39 64 17 109 114 -22 
RSSI :-110 
Input angle :114
Zaxis angle :20 
minval :0 

minval :0 



-10 -26 27 -8 5 27 -28 3 -1 -28 28 1 -4 28 -27 -6 
70 73 87 -45 18 -38 82 55 99 18 -92 -45 10 -76 27 -5 
-93 -40 -59 78 2 42 -98 -16 -98 23 102 2 21 74 -23 16 
101 0 25 -95 -17 -39 96 -24 80 -61 -94 40 -51 -57 15 -23 
-91 44 18 96 32 28 -78 61 -49 88 73 -72 68 36 -5 28 
69 -74 -52 -83 -40 -14 88 0 79 -51 
RSSI :-110 
Input angle :296
Zaxis angle :29 
minval :0 

minval :0 



35 -15 12 36 -37 9 -7 -37 38 -4 1 38 -38 -2 4 -37 
-80 59 42 86 19 31 -61 77 -34 92 54 -85 76 -1 10 36 
50 -87 -72 -63 -29 -22 29 -94 -2 -98 -21 99 -69 31 -23 -29 
-10 99 92 25 36 8 14 97 42 89 -25 -98 48 -59 33 17 
-24 -97 -94 13 -35 7 -52 -84 -73 -66 59 82 -22 72 -37 -3 
64 76 82 -49 30 -21 -5 -78 16 14 
RSSI :-110 
Input angle :296
Zaxis angle :29 
minval :0 

minval :0 



-26 29 -27 -28 30 -25 22 33 -35 19 -16 -36 37 -14 11 37 
78 -60 -50 -75 -19 -45 45 -87 35 -90 -43 90 -61 29 -25 -30 
-45 88 75 49 35 34 -6 97 5 97 3 -100 47 -49 35 18 
10 -98 -88 -18 -46 -17 -30 -93 -40 -88 35 93 -20 64 -39 0 
32 94 87 -20 49 -4 65 73 73 64 -70 -71 -6 -67 37 -13 
-65 -75 -72 54 -44 22 23 45 -84 -15 
RSSI :-110 
Input angle :294
Zaxis angle :29 
minval :0 

minval :0 



-38 3 0 -39 38 1 -4 38 -38 -7 10 -37 36 14 -16 34 
99 4 13 -90 16 -47 92 -34 88 -41 -93 37 -64 -19 0 -37 
-92 35 24 87 4 49 -70 68 -65 72 70 -71 66 -7 14 34 
73 -66 -54 -73 -24 -43 36 -91 27 -93 -34 94 -58 33 -27 -25 
-40 90 83 38 39 30 3 98 11 96 0 -100 38 -55 35 12 
2 -99 -91 -7 -48 -14 111 -66 91 -42 
RSSI :-110 
Input angle :294
Zaxis angle :25 
minval :0 

minval :0 



-36 -4 7 -35 34 9 -13 34 -32 -16 18 -31 30 20 -23 28 
95 25 31 -87 24 -42 96 -19 93 -26 -98 21 -58 -33 9 -34 
-97 16 8 92 -5 48 -81 55 -74 62 80 -59 67 5 5 35 
82 -55 -46 -80 -15 -46 50 -84 40 -88 -49 87 -64 20 -19 -30 
-55 82 74 56 32 36 -14 97 -3 97 15 -99 50 -45 30 19 
19 -97 -90 -20 -44 -20 0 -49 -72 -47 
RSSI :-110 
Input angle :294
Zaxis angle :32 
minval :0 

minval :0 



-14 -33 34 -11 7 35 -36 4 -2 -36 36 0 -3 36 -35 -6 
24 95 91 -19 48 0 67 72 69 68 -66 -75 0 -65 35 -7 
-61 -77 -75 55 -44 20 -89 -42 -90 -36 91 42 26 59 -29 21 
87 46 48 -79 33 -35 98 0 97 0 -100 -3 -49 -43 18 -31 
-99 -6 -11 93 -16 45 -90 38 -87 42 93 -36 61 23 -4 36 
94 -31 -26 -89 -5 -48 -3 113 81 -37 
RSSI :-110 
Input angle :294
Zaxis angle :32 
minval :0 

minval :0 


