
31 6 -8 31 -30 -11 14 -29 28 16 -18 26 -25 -20 22 -23 
-79 -60 -66 63 -42 41 -97 -17 -96 -21 97 24 37 33 -11 30 
96 26 33 -85 20 -55 95 -23 97 -19 -98 19 -49 -13 -1 -31 
-98 14 4 91 2 59 -78 59 -81 57 84 -53 50 -6 13 29 
84 -52 -36 -84 -25 -53 48 -85 53 -83 -56 83 -43 25 -24 -20 
-60 79 67 61 45 38 -119 -1 19 49 
RSSI :-110 
Input angle :291
Zaxis angle :20 
minval :0 

minval :0 



25 0 -1 25 -25 -3 6 -24 24 8 -10 23 -22 -12 14 -20 
-74 -65 -79 54 -36 32 -94 -30 -96 -25 93 37 35 28 -3 25 
94 30 49 -83 20 -43 98 -9 98 -16 -100 9 -43 -14 -5 -24 
-98 10 -15 95 0 48 -86 49 -84 52 90 -44 45 -5 14 20 
85 -50 -23 -94 -17 -44 59 -79 54 -82 -62 79 -39 23 -22 -11 
-58 80 59 76 35 32 -102 -33 42 49 
RSSI :-110 
Input angle :291
Zaxis angle :20 
minval :0 

minval :0 



18 16 -18 16 -14 -19 20 -13 11 21 -22 8 -7 -23 23 -6 
-25 -95 -98 -8 -33 -7 -52 -85 -64 -71 54 84 14 48 -18 15 
61 76 94 -30 32 -7 84 54 88 38 -82 -57 -31 -38 11 -21 
-87 -44 -70 68 -28 18 -99 -16 -96 -5 98 19 44 22 -1 24 
98 2 39 -90 17 -28 97 -23 89 -35 -97 23 -49 -2 -8 -22 
-91 36 0 98 -4 33 -24 29 -3 34 
RSSI :-110 
Input angle :291
Zaxis angle :20 
minval :0 

minval :0 



-8 25 -25 -10 12 -24 22 14 -16 21 -20 -17 19 -18 17 20 
55 -80 -53 -82 -1 -27 39 -93 11 -88 -32 95 -30 44 -24 -11 
-15 96 84 51 14 24 3 100 26 84 -8 -100 7 -53 26 0 
-23 -94 -97 -12 -22 -17 -44 -90 -60 -64 48 88 15 51 -24 10 
66 71 94 -29 27 5 79 62 80 36 -80 -60 -34 -41 18 -18 
-86 -46 -75 63 -27 4 60 -19 60 -2 
RSSI :-110 
Input angle :286
Zaxis angle :25 
minval :0 

minval :0 



-15 -26 28 -12 11 29 -29 8 -5 -30 30 -3 0 31 -30 -2 
12 96 93 22 21 39 32 97 33 64 -37 -93 -13 -41 28 -11 
-55 -79 -94 21 -36 -26 -65 -78 -55 -46 71 71 29 32 -22 21 
79 55 80 -52 44 8 92 43 70 19 -93 -38 -38 -20 11 -28 
-94 -20 -55 79 -44 6 -102 -4 -73 4 100 -1 43 2 0 30 
95 -18 17 -95 38 -23 -6 -111 -20 -19 
RSSI :-110 
Input angle :283
Zaxis angle :25 
minval :0 

minval :0 



-4 -27 28 -2 0 28 -28 0 3 -27 27 6 -9 26 -25 -11 
-32 92 82 51 25 46 -7 102 9 80 1 -101 0 -36 28 0 
-6 -97 -96 -15 -40 -33 -31 -97 -38 -71 39 93 14 34 -25 10 
43 87 94 -24 50 14 68 76 64 49 -73 -70 -27 -24 19 -20 
-75 -62 -78 58 -52 5 -92 -43 -79 -19 95 32 35 11 -8 26 
93 27 45 -86 44 -27 -125 -126 68 -8 
RSSI :-110 
Input angle :286
Zaxis angle :25 
minval :0 

minval :0 



15 -31 30 17 -19 28 -26 -21 24 -24 21 26 -28 19 -16 -30 
-78 58 29 91 -10 52 -71 73 -55 63 65 -77 14 -21 27 20 
50 -84 -60 -74 -10 -51 43 -93 27 -79 -29 97 -3 25 -33 -8 
-12 97 87 40 30 43 6 102 6 84 -15 -100 -7 -25 33 -6 
-31 -92 -96 -2 -45 -26 -47 -90 -42 -73 56 84 18 18 -28 20 
69 69 88 -38 52 5 53 -14 -112 23 
RSSI :-110 
Input angle :286
Zaxis angle :20 
minval :0 

minval :0 



-38 52 -49 -43 47 -47 41 51 -54 37 -33 -55 59 -29 25 61 
-2 4 15 -31 -28 -47 75 -63 56 -49 44 -10 -41 26 -46 -48 
0 -5 0 34 46 31 -39 91 -27 67 -34 30 26 -40 62 24 
2 5 -15 -29 -54 -10 -2 -96 -3 -73 20 -41 -5 49 -65 5 
-2 -2 26 23 52 -10 42 87 35 66 -2 45 -12 -47 58 -31 
4 0 -32 -9 -44 33 -61 111 34 -3 
RSSI :-110 
Input angle :104
Zaxis angle :47 
minval :0 

minval :0 



50 56 -61 43 -38 -65 69 -32 25 71 -71 20 -16 -74 74 -10 
1 7 -27 -18 -55 3 -40 -90 -23 -61 10 -54 11 50 -65 38 
-4 -5 33 4 47 -25 74 65 49 43 12 52 -29 -42 44 -61 
7 2 -33 8 -32 43 -93 -30 -62 -21 -33 -43 45 26 -17 72 
-7 0 27 -22 12 -54 100 -13 65 -6 48 26 -50 -6 -14 -76 
6 -2 -15 30 10 56 -56 127 35 2 
RSSI :-110 
Input angle :91
Zaxis angle :44 
minval :0 

minval :0 



23 -76 74 29 -34 72 -67 -40 47 -62 59 52 -56 54 -50 -58 
0 -9 -9 34 35 45 -63 76 -50 57 -53 20 35 -28 72 32 
2 8 -3 -34 -51 -26 23 -95 21 -73 40 -41 -21 41 -79 -4 
-5 -7 16 30 58 3 23 96 9 77 -18 54 1 -43 73 -28 
6 3 -30 -22 -52 20 -57 -78 -40 -64 -3 -56 15 43 -55 57 
-8 0 35 9 40 -40 63 48 -70 2 
RSSI :-110 
Input angle :103
Zaxis angle :41 
minval :0 

minval :0 



23 72 -72 16 -11 -75 75 -5 -1 75 -73 -8 15 -74 72 19 
6 8 -12 -28 -58 -10 -3 -101 0 -81 25 -44 -6 47 -75 13 
-8 -5 25 19 58 -14 48 88 34 72 -3 51 -10 -47 63 -42 
10 1 -29 -7 -45 37 -81 -59 -64 -52 -18 -46 32 37 -37 66 
-10 3 29 -4 28 -52 97 26 77 23 36 34 -42 -23 10 -74 
7 -6 -25 17 -2 59 -81 -97 -61 0 
RSSI :-110 
Input angle :103
Zaxis angle :44 
minval :0 

minval :0 



75 -28 21 76 -78 14 -8 -81 80 0 -6 81 -80 -10 13 -78 
11 1 -16 16 -14 53 -99 14 -76 2 -55 -23 49 3 16 78 
-8 5 8 -19 -8 -53 85 -54 67 -32 59 -2 -48 15 -48 -64 
7 -6 1 23 31 46 -57 83 -49 55 -54 24 37 -32 69 41 
-3 10 -9 -20 -47 -28 17 -97 21 -70 40 -43 -19 45 -79 -6 
-1 -8 20 15 56 7 7 0 -96 4 
RSSI :-110 
Input angle :85
Zaxis angle :41 
minval :0 

minval :0 



-67 -38 43 -64 60 49 -52 55 -50 -57 64 -43 40 65 -70 33 
-9 -5 24 10 53 -17 63 75 42 63 11 50 -22 -35 48 -60 
9 1 -27 0 -41 34 -89 -40 -64 -43 -32 -41 35 22 -21 76 
-10 3 23 -12 23 -52 98 0 76 12 46 24 -40 -4 -10 -78 
9 -6 -17 21 0 55 -90 38 -74 17 -51 -5 41 -9 41 66 
-4 9 9 -26 -21 -52 60 -32 20 -3 
RSSI :-110 
Input angle :103
Zaxis angle :44 
minval :0 

minval :0 



76 -4 -2 75 -78 -7 13 -75 74 20 -25 72 -69 -30 35 -66 
10 -4 -32 5 -31 47 -96 -25 -66 -23 -35 -32 34 8 -10 74 
-6 8 28 -17 13 -53 99 -12 68 -3 44 15 -35 3 -20 -74 
1 -9 -18 30 12 53 -81 55 -62 31 -45 7 31 -19 50 56 
3 10 4 -32 -33 -41 53 -84 40 -54 40 -26 -18 31 -69 -34 
-5 -8 7 33 47 26 -17 -81 44 4 
RSSI :-110 
Input angle :106
Zaxis angle :47 
minval :0 

minval :0 



-64 33 -29 -72 71 -23 18 71 -73 11 -6 -74 75 0 -5 73 
-9 8 31 -15 12 -56 94 -15 68 -4 46 14 -38 2 -23 -71 
3 -12 -22 27 12 54 -79 54 -64 30 -47 4 34 -19 50 55 
1 12 9 -34 -35 -43 53 -79 42 -55 40 -25 -25 29 -68 -30 
-6 -9 5 35 49 24 -18 93 -19 66 -27 38 11 -37 74 -4 
8 6 -17 -31 -54 -4 -11 -65 -90 -5 
RSSI :-110 
Input angle :103
Zaxis angle :44 
minval :0 

minval :0 



69 10 -15 69 -67 -22 27 -64 60 34 -40 56 -54 -43 45 -51 
12 -10 -33 -4 -38 46 -84 -40 -66 -36 -26 -39 32 24 -20 68 
-5 14 31 -10 20 -58 95 6 75 3 40 25 -37 -13 -4 -70 
0 -16 -24 21 8 60 -88 35 -72 27 -46 -5 39 -5 32 62 
6 13 14 -30 -31 -51 65 -68 54 -53 45 -13 -33 23 -54 -45 
-12 -10 0 33 51 31 -29 15 110 4 
RSSI :-110 
Input angle :103
Zaxis angle :36 
minval :0 

minval :0 



-68 -22 26 -65 62 33 -37 60 -57 -43 47 -53 48 54 -56 43 
-10 11 32 9 44 -39 75 55 66 43 18 42 -31 -30 35 -63 
6 -17 -35 3 -23 54 -91 -19 -76 -15 -33 -32 40 17 -1 72 
0 15 28 -19 -1 -60 92 -18 75 -20 44 13 -42 3 -23 -66 
-7 -14 -19 27 24 55 -77 54 -60 49 -44 3 38 -18 49 52 
13 11 4 -32 -46 -37 37 -64 -92 -5 
RSSI :-110 
Input angle :103
Zaxis angle :39 
minval :0 

minval :0 



-71 36 -32 -74 74 -29 20 75 -77 12 -5 -79 77 0 -5 78 
-3 12 28 -20 6 -56 91 -18 72 -8 41 18 -38 4 -25 -74 
-2 -10 -18 29 17 53 -76 53 -62 39 -47 0 34 -20 54 56 
7 10 5 -36 -39 -42 46 -81 38 -61 42 -19 -23 30 -73 -28 
-9 -6 8 34 50 22 -11 95 -10 73 -29 35 7 -38 78 -3 
11 0 -22 -27 -57 0 -24 47 -109 -5 
RSSI :-110 
Input angle :106
Zaxis angle :44 
minval :0 

minval :0 



15 -77 74 22 -26 74 -69 -34 40 -67 63 45 -50 61 -55 -56 
-1 -6 -10 34 35 41 -53 78 -42 58 -39 20 24 -31 74 30 
6 5 -8 -35 -49 -22 14 -95 8 -72 27 -39 -8 39 -79 3 
-6 -3 20 27 54 0 23 92 20 70 -10 46 -7 -39 72 -35 
8 0 -29 -19 -50 22 -58 -74 -45 -57 -9 -45 22 32 -48 60 
-6 3 36 2 36 -39 67 96 -26 1 
RSSI :-110 
Input angle :103
Zaxis angle :49 
minval :0 

minval :0 



51 61 -65 44 -42 -69 73 -31 28 75 -78 21 -15 -78 79 -10 
6 8 -20 -30 -54 0 -21 -95 -14 -72 5 -46 14 39 -69 37 
-7 -4 30 19 49 -19 62 78 46 57 11 43 -30 -28 47 -63 
9 0 -37 -7 -32 41 -88 -44 -65 -33 -31 -32 40 14 -14 77 
-9 2 35 -10 17 -49 98 1 72 5 42 18 -42 3 -19 -76 
7 -7 -26 24 4 53 -68 95 125 1 
RSSI :-110 
Input angle :103
Zaxis angle :47 
minval :0 

minval :0 



-1 -76 76 5 -8 77 -75 -16 21 -73 73 27 -34 70 -66 -37 
-5 -10 -1 35 47 34 -29 93 -31 69 -33 28 11 -38 77 6 
8 7 -13 -31 -56 -10 -10 -97 0 -76 17 -39 4 40 -75 20 
-10 -4 27 23 56 -13 49 85 31 69 2 45 -21 -35 60 -48 
12 1 -33 -11 -46 36 -78 -60 -57 -52 -18 -39 32 22 -37 68 
-12 6 34 -2 27 -50 74 -96 115 1 
RSSI :-110 
Input angle :103
Zaxis angle :47 
minval :0 

minval :0 



48 -59 55 53 -57 51 -46 -60 64 -40 35 68 -69 29 -23 -71 
3 -8 -24 23 19 51 -82 50 -60 37 -44 7 36 -25 49 56 
0 10 13 -31 -37 -37 54 -80 40 -59 37 -24 -21 37 -69 -30 
-4 -10 1 34 49 21 -19 92 -15 70 -27 35 6 -43 75 0 
7 7 -13 -32 -55 3 -21 -95 -16 -69 8 -44 13 41 -68 30 
-9 -2 26 21 49 -24 43 112 -108 3 
RSSI :-110 
Input angle :98
Zaxis angle :44 
minval :0 

minval :0 



-74 -3 10 -73 72 17 -23 70 -69 -29 34 -66 63 38 -45 59 
-15 6 32 5 37 -45 85 40 67 34 23 38 -36 -14 16 -72 
11 -11 -31 5 -17 56 -96 0 -75 -3 -35 -23 40 0 13 72 
-7 13 28 -18 -9 -56 86 -38 71 -26 42 4 -37 16 -40 -63 
-1 -15 -17 28 33 47 -66 68 -54 52 -42 10 28 -30 62 39 
8 13 2 -34 -49 -33 23 0 -124 -5 
RSSI :-110 
Input angle :94
Zaxis angle :44 
minval :0 

minval :0 



70 17 -24 71 -66 -29 34 -63 61 40 -43 58 -53 -49 53 -50 
15 -6 -28 -10 -45 40 -75 -55 -59 -49 -16 -41 32 28 -28 65 
-12 11 31 -3 27 -53 90 18 75 15 34 31 -40 -10 2 -71 
7 -14 -27 13 -2 60 -91 19 -76 11 -42 -13 41 -5 28 66 
0 16 19 -25 -22 -54 72 -59 63 -44 46 -3 -34 20 -55 -48 
-7 -16 -8 30 43 41 -39 -17 17 4 
RSSI :-110 
Input angle :103
Zaxis angle :44 
minval :0 

minval :0 



52 -51 44 56 -59 38 -34 -62 66 -29 22 67 -69 18 -12 -68 
1 -15 -23 23 15 54 -86 46 -62 33 -48 -4 41 -17 35 59 
3 13 12 -29 -33 -44 62 -73 42 -58 43 -19 -29 34 -61 -38 
-8 -11 0 32 49 27 -26 95 -12 69 -32 36 8 -44 70 8 
12 6 -14 -30 -58 -2 -15 -96 -15 -70 16 -45 7 43 -69 18 
-15 0 25 21 52 -21 41 -80 -108 3 
RSSI :-110 
Input angle :103
Zaxis angle :44 
minval :0 

minval :0 



-47 59 -54 -50 57 -51 44 61 -63 41 -35 -65 67 -32 25 70 
0 12 18 -28 -21 -51 75 -61 55 -42 47 -8 -33 27 -50 -55 
-6 -11 -6 31 41 37 -41 88 -32 63 -39 27 19 -39 70 28 
10 9 -7 -32 -51 -14 5 -97 3 -69 28 -38 -2 43 -75 2 
-13 -4 21 24 54 -6 37 91 22 65 -9 46 -17 -39 66 -33 
13 0 -30 -13 -48 28 -51 -49 -32 -4 
RSSI :-110 
Input angle :103
Zaxis angle :47 
minval :0 

minval :0 



16 -74 73 22 -25 72 -71 -30 36 -67 62 42 -50 57 -53 -52 
-2 -10 -2 34 38 34 -40 87 -32 55 -37 29 16 -42 71 28 
7 8 -12 -31 -48 -15 2 -98 4 -64 21 -41 1 44 -75 7 
-9 -4 22 24 52 -2 38 88 24 59 -3 46 -19 -41 68 -35 
12 2 -31 -10 -42 29 -73 -63 -46 -45 -16 -45 36 28 -44 62 
-9 2 35 -3 29 -41 62 16 85 1 
RSSI :-110 
Input angle :103
Zaxis angle :47 
minval :0 

minval :0 



-27 70 -66 -34 38 -62 59 45 -50 56 -49 -55 60 -45 39 62 
-5 18 12 -31 -26 -52 66 -69 56 -49 38 -10 -24 25 -60 -41 
-4 -18 1 32 45 35 -28 91 -30 66 -30 28 9 -32 72 11 
12 14 -13 -29 -53 -18 -10 -94 1 -72 18 -36 0 35 -72 19 
-17 -8 24 21 57 -9 50 82 30 67 -2 41 -17 -29 57 -45 
19 0 -31 -9 -49 30 -55 31 -33 -4 
RSSI :-110 
Input angle :103
Zaxis angle :44 
minval :0 

minval :0 



38 -62 58 42 -46 54 -51 -53 57 -44 40 60 -64 33 -28 -65 
-1 -13 -14 29 26 52 -68 60 -53 51 -42 6 31 -22 55 46 
10 11 0 -31 -43 -35 34 -85 30 -66 36 -23 -18 35 -69 -20 
-13 -6 12 28 57 13 3 90 2 71 -21 37 1 -39 72 -12 
14 0 -21 -22 -59 8 -42 -81 -30 -66 3 -43 16 36 -61 37 
-12 5 29 11 48 -30 55 80 -2 2 
RSSI :-110 
Input angle :103
Zaxis angle :44 
minval :0 

minval :0 



37 65 -69 32 -24 -72 74 -18 14 74 -76 9 -2 -78 75 4 
7 8 -14 -27 -52 -2 -19 -93 -18 -67 11 -44 13 41 -70 22 
-11 -3 23 20 49 -17 56 75 41 53 8 44 -28 -32 55 -52 
11 0 -31 -6 -37 36 -79 -47 -60 -31 -24 -37 40 17 -26 71 
-10 6 29 -4 18 -50 94 9 68 5 38 21 -45 0 -1 -77 
7 -9 -25 19 3 54 -67 -17 106 1 
RSSI :-110 
Input angle :101
Zaxis angle :47 
minval :0 

minval :0 



68 25 -32 67 -61 -39 42 -59 56 48 -52 50 -43 -57 60 -38 
13 0 -28 -9 -49 29 -70 -60 -55 -47 -16 -38 31 27 -38 60 
-14 6 31 0 33 -46 89 30 71 21 31 29 -39 -13 10 -71 
7 -8 -28 15 -9 56 -92 9 -72 7 -38 -12 42 -3 20 68 
-4 13 19 -26 -15 -53 78 -46 62 -37 44 -7 -35 22 -49 -55 
-1 -13 -10 30 36 42 -39 -97 -51 3 
RSSI :-110 
Input angle :103
Zaxis angle :47 
minval :0 

minval :0 



-65 31 -26 -69 70 -19 14 73 -73 6 -2 -73 74 4 -8 74 
-12 9 26 -13 12 -55 90 -13 72 -4 39 14 -40 4 -18 -71 
8 -11 -20 24 9 55 -79 47 -62 32 -41 4 33 -21 49 54 
-1 14 8 -27 -30 -48 52 -75 43 -55 36 -19 -20 34 -68 -29 
-6 -12 6 30 47 30 -14 91 -20 68 -25 32 7 -38 71 0 
9 11 -15 -25 -55 -9 -14 -97 -85 -5 
RSSI :-110 
Input angle :103
Zaxis angle :44 
minval :0 

minval :0 



71 -18 12 71 -74 5 2 -73 73 8 -11 71 -70 -14 20 -70 
13 -9 -30 6 -22 53 -88 -7 -70 -10 -35 -22 38 1 6 73 
-8 12 22 -18 1 -56 81 -32 67 -19 41 6 -38 12 -35 -63 
4 -16 -13 26 25 50 -62 65 -54 46 -41 14 24 -25 59 45 
3 16 1 -29 -43 -36 28 -84 30 -64 31 -27 -13 35 -71 -12 
-9 -11 11 28 52 16 -4 -49 -126 4 
RSSI :-110 
Input angle :103
Zaxis angle :44 
minval :0 

minval :0 



-67 23 -16 -70 72 -9 3 73 -72 -2 10 -71 70 16 -23 68 
-12 8 28 -10 20 -52 89 2 72 6 35 22 -37 -1 -6 -71 
6 -13 -21 21 4 54 -81 36 -67 25 -40 -5 34 -14 37 62 
0 16 12 -27 -28 -50 60 -62 54 -49 40 -11 -25 27 -60 -39 
-6 -15 1 31 44 35 -26 83 -26 66 -32 25 13 -35 70 11 
12 11 -12 -28 -55 -13 -4 63 124 -5 
RSSI :-110 
Input angle :103
Zaxis angle :44 
minval :0 

minval :0 



-58 -41 45 -55 52 50 -53 47 -44 -57 61 -37 32 64 -65 25 
-16 -2 25 14 52 -16 50 70 36 61 2 41 -21 -33 53 -50 
15 -2 -31 -1 -41 37 -76 -43 -62 -37 -19 -35 35 20 -23 67 
-12 7 27 -11 21 -49 87 8 71 11 32 24 -39 -3 -3 -72 
6 -14 -21 21 0 54 -82 28 -68 18 -40 -10 37 -11 31 64 
0 15 11 -28 -22 -49 56 -64 24 -3 
RSSI :-110 
Input angle :106
Zaxis angle :47 
minval :0 

minval :0 



67 21 -28 65 -62 -35 39 -58 54 45 -48 53 -48 -51 54 -43 
15 -3 -31 -3 -48 32 -72 -50 -57 -45 -17 -35 29 25 -34 60 
-13 7 28 -6 28 -46 86 18 69 16 32 26 -38 -6 4 -70 
7 -11 -22 20 -6 54 -87 14 -71 13 -38 -12 35 -5 24 67 
-2 14 15 -25 -17 -53 70 -50 60 -40 40 -3 -30 23 -49 -50 
-3 -14 0 31 36 41 -39 63 -45 3 
RSSI :-110 
Input angle :106
Zaxis angle :47 
minval :0 

minval :0 



-45 -55 57 -45 37 61 -63 34 -26 -68 69 -18 13 69 -72 10 
-13 -5 23 21 55 0 31 84 23 68 -3 40 -13 -37 65 -32 
16 1 -30 -11 -50 24 -61 -65 -48 -53 -10 -39 27 27 -42 56 
-12 6 30 -2 34 -44 84 31 66 25 26 29 -36 -13 15 -70 
10 -10 -26 14 -15 52 -90 4 -72 3 -36 -18 39 -1 15 70 
-4 14 19 -25 -9 -54 63 112 -18 -3 
RSSI :-110 
Input angle :106
Zaxis angle :47 
minval :0 

minval :0 



55 47 -51 50 -46 -54 59 -40 36 62 -64 30 -23 -66 68 -21 
14 5 -25 -16 -52 13 -49 -74 -39 -58 -2 -41 19 35 -54 46 
-13 2 29 3 44 -36 78 46 61 38 19 38 -31 -21 27 -68 
12 -7 -28 9 -23 50 -87 -12 -71 -9 -33 -26 39 7 0 71 
-6 11 21 -23 0 -54 85 -25 70 -19 40 8 -38 8 -27 -65 
1 -15 -13 28 20 52 -55 95 -5 2 
RSSI :-110 
Input angle :106
Zaxis angle :47 
minval :0 

minval :0 



-66 31 -25 -68 69 -20 14 72 -72 6 -1 -71 71 4 -8 71 
-6 9 24 -18 6 -56 88 -15 72 -10 41 12 -39 3 -19 -68 
1 -13 -15 24 16 53 -73 49 -62 39 -41 2 35 -19 46 54 
0 12 4 -27 -37 -40 48 -74 38 -64 37 -20 -26 31 -64 -31 
-8 -11 9 26 48 25 -12 89 -9 71 -26 33 9 -38 72 2 
12 4 -19 -22 -55 -1 -21 79 -127 -5 
RSSI :-110 
Input angle :106
Zaxis angle :44 
minval :0 

minval :0 



-12 71 -71 -17 23 -67 65 30 -38 62 -57 -42 46 -54 50 49 
4 12 2 -30 -40 -39 43 -79 37 -65 35 -24 -20 32 -67 -22 
-9 -8 9 27 56 17 -3 89 -2 75 -22 36 5 -38 71 -9 
11 3 -19 -21 -56 7 -31 -82 -26 -70 8 -40 10 38 -62 34 
-13 0 26 11 49 -27 63 61 51 53 11 40 -26 -28 44 -57 
12 -6 -30 2 -34 45 -70 -97 54 -2 
RSSI :-110 
Input angle :103
Zaxis angle :41 
minval :0 

minval :0 



-73 3 3 -73 72 8 -14 71 -69 -19 24 -68 65 31 -35 61 
-11 6 31 -2 32 -50 88 25 69 21 29 26 -36 -13 7 -72 
7 -10 -28 12 -5 57 -88 13 -73 13 -40 -10 38 -4 23 68 
-2 13 19 -23 -17 -55 73 -52 60 -43 41 -6 -33 22 -48 -52 
-2 -13 -8 30 39 44 -46 76 -36 65 -35 21 22 -31 68 28 
9 9 -5 -30 -56 -25 11 -32 103 -5 
RSSI :-110 
Input angle :103
Zaxis angle :44 
minval :0 

minval :0 



13 -71 69 20 -25 68 -67 -30 35 -64 62 42 -44 57 -53 -47 
-2 -14 -6 28 41 43 -43 79 -34 65 -34 23 17 -35 68 27 
7 12 -6 -29 -55 -19 4 -89 6 -73 20 -35 -3 41 -72 7 
-12 -9 16 25 60 -3 30 85 23 67 -4 41 -12 -38 62 -35 
14 1 -26 -15 -52 27 -63 -66 -51 -52 -13 -39 27 27 -42 59 
-14 4 31 3 35 -46 67 -80 -114 1 
RSSI :-110 
Input angle :103
Zaxis angle :41 
minval :0 

minval :0 



72 -15 8 72 -72 4 0 -72 72 9 -15 71 -68 -20 26 -66 
10 -4 -27 3 -27 52 -87 -14 -71 -13 -35 -20 40 6 0 74 
-6 11 25 -15 0 -59 84 -25 68 -20 42 6 -39 12 -31 -65 
2 -12 -17 24 21 53 -70 52 -56 44 -41 11 31 -26 55 49 
3 12 5 -29 -43 -41 41 -78 31 -64 33 -28 -17 37 -71 -19 
-7 -10 4 28 56 19 -2 79 -103 4 
RSSI :-110 
Input angle :103
Zaxis angle :44 
minval :0 

minval :0 



-51 56 -51 -56 60 -48 45 62 -67 38 -33 -69 70 -28 23 72 
-7 8 21 -19 -10 -55 80 -41 64 -32 43 -6 -33 21 -48 -57 
3 -10 -13 28 34 47 -57 68 -41 58 -35 24 21 -36 69 31 
2 10 3 -31 -48 -29 23 -86 18 -69 21 -37 -4 41 -74 -1 
-5 -9 10 28 57 5 17 88 17 70 -3 44 -12 -39 69 -31 
10 5 -22 -19 -55 17 -42 15 74 -4 
RSSI :-110 
Input angle :94
Zaxis angle :44 
minval :0 

minval :0 



36 68 -71 27 -21 -73 75 -15 8 75 -76 3 3 -76 74 10 
9 10 -12 -28 -55 -13 -14 -89 -7 -70 10 -43 8 41 -73 24 
-12 -4 22 19 54 -12 49 75 34 64 8 44 -25 -33 58 -51 
13 0 -28 -9 -44 32 -75 -48 -60 -40 -24 -36 35 20 -28 70 
-10 5 31 -3 28 -47 88 15 69 16 39 24 -41 -3 1 -76 
8 -10 -26 16 -6 55 -73 111 -76 0 
RSSI :-110 
Input angle :103
Zaxis angle :44 
minval :0 

minval :0 



-22 -76 76 -18 13 76 -78 5 3 -79 78 10 -15 76 -76 -19 
-6 -9 9 28 49 18 0 90 0 67 -16 45 -5 -45 77 -9 
10 8 -19 -22 -52 -1 -39 -80 -23 -62 -3 -49 24 37 -65 42 
-13 -3 27 13 47 -23 66 58 46 49 24 42 -36 -26 43 -65 
13 -1 -30 0 -32 41 -86 -25 -63 -23 -38 -29 45 9 -13 76 
-10 7 29 -11 12 -50 67 -80 -115 -1 
RSSI :-110 
Input angle :103
Zaxis angle :47 
minval :0 

minval :0 



57 55 -58 52 -47 -64 66 -41 36 67 -71 31 -26 -74 76 -17 
10 7 -22 -20 -52 8 -42 -78 -30 -61 -7 -47 23 38 -62 48 
-11 0 27 10 43 -29 75 47 53 43 24 41 -36 -23 41 -66 
14 -2 -28 0 -29 43 -87 -19 -66 -18 -39 -27 42 6 -10 78 
-10 7 25 -12 9 -51 87 -15 67 -9 47 5 -40 13 -27 -73 
6 -12 -19 23 14 51 -56 -97 120 2 
RSSI :-110 
Input angle :98
Zaxis angle :47 
minval :0 

minval :0 



-74 3 0 -74 75 4 -10 73 -71 -15 21 -71 67 26 -35 65 
-16 8 29 -1 29 -47 91 13 68 13 35 24 -38 -7 4 -74 
8 -10 -24 14 -6 56 -88 22 -69 12 -43 -10 38 -11 24 71 
-3 14 15 -22 -14 -56 73 -52 59 -38 42 -7 -30 24 -50 -55 
-4 -15 -4 28 38 44 -41 79 -36 60 -35 26 18 -34 69 25 
8 12 -6 -27 -51 -22 11 96 -90 -5 
RSSI :-110 
Input angle :103
Zaxis angle :47 
minval :0 

minval :0 



64 26 -30 60 -58 -35 38 -56 51 44 -48 47 -43 -52 54 -37 
17 0 -28 -10 -53 32 -71 -58 -57 -48 -17 -37 29 26 -35 58 
-16 7 28 0 33 -50 90 19 70 23 29 27 -36 -12 5 -68 
11 -12 -26 15 -9 61 -90 15 -74 10 -39 -12 38 -5 19 65 
-2 17 19 -23 -14 -60 75 -51 62 -40 39 -8 -32 19 -48 -48 
-2 -17 -5 29 38 48 -41 31 9 4 
RSSI :-110 
Input angle :103
Zaxis angle :44 
minval :0 

minval :0 



-59 39 -34 -62 64 -26 19 66 -67 14 -10 -70 70 -4 -1 68 
-9 14 26 -17 6 -60 91 -30 73 -15 38 11 -38 7 -28 -64 
4 -17 -17 26 17 59 -72 61 -60 44 -41 7 31 -21 50 46 
4 16 2 -31 -39 -46 41 -84 36 -65 33 -23 -18 31 -65 -21 
-10 -11 9 30 56 23 -1 93 -6 74 -22 36 3 -37 68 -6 
15 6 -20 -25 -61 1 -29 -81 -106 -5 
RSSI :-110 
Input angle :103
Zaxis angle :44 
minval :0 

minval :0 



3 70 -71 -3 13 -69 68 16 -20 67 -65 -28 33 -62 59 38 
6 10 2 -30 -46 -33 30 -83 20 -70 28 -32 -13 39 -68 -10 
-12 -7 10 29 56 10 4 90 10 73 -15 41 -4 -41 67 -15 
13 2 -21 -21 -53 14 -45 -76 -37 -62 -4 -43 19 36 -53 43 
-11 4 30 11 44 -32 71 54 59 44 21 38 -35 -24 32 -61 
9 -8 -28 0 -26 49 -73 79 76 -1 
RSSI :-110 
Input angle :103
Zaxis angle :44 
minval :0 

minval :0 



46 -55 53 48 -52 49 -44 -54 60 -39 33 62 -66 27 -22 -67 
0 -16 -19 22 18 55 -73 50 -60 40 -41 9 34 -23 47 52 
4 12 7 -26 -39 -42 47 -73 36 -63 32 -27 -24 35 -63 -26 
-10 -9 1 28 54 21 -7 85 -8 71 -20 39 5 -42 70 0 
14 4 -15 -24 -58 3 -27 -84 -18 -69 1 -43 12 40 -63 29 
-15 2 25 14 52 -24 48 64 60 3 
RSSI :-110 
Input angle :101
Zaxis angle :44 
minval :0 

minval :0 



-29 66 -64 -33 40 -60 55 46 -51 53 -48 -57 59 -43 38 61 
2 12 13 -27 -32 -48 56 -69 47 -52 37 -22 -23 33 -60 -42 
-5 -11 -2 30 47 30 -23 88 -22 65 -26 33 11 -39 70 15 
12 6 -8 -26 -56 -7 -12 -87 -9 -71 9 -42 8 39 -70 17 
-14 -2 22 20 55 -16 52 74 35 61 9 43 -24 -31 56 -46 
12 -3 -29 -10 -44 37 -61 95 114 -3 
RSSI :-110 
Input angle :94
Zaxis angle :44 
minval :0 

minval :0 



72 20 -26 70 -66 -32 40 -63 59 43 -49 54 -49 -53 55 -46 
9 -1 -30 -9 -43 35 -78 -45 -54 -43 -25 -35 35 19 -37 64 
-7 7 32 -3 25 -49 90 15 65 17 37 24 -40 -5 5 -75 
4 -10 -26 13 -2 55 -85 26 -67 14 -45 -5 39 -11 24 69 
0 11 19 -24 -18 -52 72 -55 53 -40 41 -12 -28 27 -50 -52 
-3 -9 -7 28 40 39 -34 -97 -53 3 
RSSI :-110 
Input angle :212
Zaxis angle :51 
minval :0 

minval :0 



-63 -32 38 -58 53 45 -51 49 -46 -54 57 -43 37 60 -62 32 
-12 4 28 11 44 -32 74 61 49 45 14 42 -33 -24 42 -57 
8 -9 -31 0 -31 46 -92 -26 -63 -22 -30 -30 40 11 -14 69 
-5 10 27 -14 4 -54 93 -19 66 -6 42 14 -40 6 -12 -69 
0 -12 -18 24 15 51 -81 51 -59 33 -44 1 35 -22 43 56 
6 11 7 -30 -35 -40 38 32 123 -4 
RSSI :-110 
Input angle :103
Zaxis angle :47 
minval :0 

minval :0 



66 34 -38 63 -59 -44 49 -54 49 53 -57 46 -38 -62 63 -33 
10 2 -31 -20 -49 25 -59 -73 -44 -53 -12 -36 30 25 -45 57 
-9 2 35 5 35 -43 85 44 61 32 24 27 -38 -11 17 -70 
10 -5 -34 10 -15 54 -96 0 -69 0 -33 -13 38 -7 19 69 
-4 8 25 -22 -10 -55 86 -41 62 -27 36 -2 -32 21 -42 -59 
0 -9 -13 32 31 48 -49 -65 24 3 
RSSI :-110 
Input angle :103
Zaxis angle :47 
minval :0 

minval :0 



16 -73 71 24 -27 69 -65 -35 42 -64 59 47 -51 55 -51 -56 
-8 -4 -8 26 40 34 -40 78 -28 59 -34 35 21 -43 68 30 
7 0 -7 -28 -51 -13 4 -86 0 -66 18 -46 -1 49 -75 1 
-8 4 16 23 52 -5 34 80 28 57 6 50 -19 -44 68 -32 
6 -6 -25 -14 -44 29 -65 -56 -50 -43 -24 -43 37 33 -48 56 
-3 7 29 2 28 -45 64 80 54 1 
RSSI :-110 
Input angle :94
Zaxis angle :39 
minval :0 

minval :0 



36 -68 68 44 -51 60 -56 -55 61 -51 47 66 -66 42 -35 -70 
-1 -6 -17 26 27 45 -60 62 -45 46 -37 20 30 -32 61 50 
2 4 5 -32 -40 -34 34 -80 27 -59 29 -31 -12 41 -76 -21 
-5 -4 6 32 51 13 2 86 0 66 -9 39 -7 -44 78 -15 
8 1 -20 -24 -51 11 -36 -79 -27 -61 -8 -39 26 37 -64 47 
-5 1 28 13 43 -31 50 -16 -71 2 
RSSI :-110 
Input angle :94
Zaxis angle :44 
minval :0 

minval :0 



-68 7 2 -68 69 7 -14 67 -66 -18 24 -64 62 31 -34 57 
-9 12 29 -5 24 -54 90 16 72 10 36 32 -39 -15 9 -68 
4 -14 -24 18 0 59 -87 22 -70 19 -45 -14 43 -2 23 65 
5 15 14 -23 -24 -55 69 -60 57 -46 45 -6 -38 20 -46 -51 
-9 -12 -2 29 45 37 -36 84 -32 67 -41 23 27 -34 60 28 
13 6 -10 -27 -57 -13 1 -48 90 -5 
RSSI :-110 
Input angle :103
Zaxis angle :41 
minval :0 

minval :0 



60 37 -42 59 -55 -45 49 -51 46 54 -59 39 -33 -63 64 -28 
16 -1 -25 -20 -52 29 -58 -76 -48 -52 -11 -36 28 25 -48 52 
-13 7 31 8 38 -46 85 42 63 29 26 27 -37 -11 23 -68 
7 -11 -32 3 -13 60 -96 -6 -71 2 -34 -14 39 -3 8 69 
-2 13 29 -17 -12 -58 88 -35 64 -28 37 0 -33 20 -36 -62 
-3 -13 -18 27 35 50 -48 15 93 3 
RSSI :-110 
Input angle :94
Zaxis angle :47 
minval :0 

minval :0 



-3 -78 76 3 -10 77 -76 -17 25 -74 71 31 -37 68 -65 -38 
0 -12 0 30 41 36 -25 87 -30 64 -28 33 13 -38 76 10 
5 11 -12 -30 -50 -18 -10 -89 3 -69 12 -44 3 39 -76 19 
-10 -10 23 19 54 -5 45 76 29 64 5 44 -21 -33 61 -47 
13 2 -30 -10 -48 27 -75 -49 -51 -48 -23 -39 30 21 -34 70 
-12 1 31 -3 30 -44 65 -48 108 1 
RSSI :-110 
Input angle :103
Zaxis angle :44 
minval :0 

minval :0 



0 73 -73 -6 12 -71 71 18 -21 69 -68 -27 34 -66 60 40 
9 4 -3 -30 -49 -18 16 -88 9 -69 28 -40 -13 47 -71 -12 
-10 -1 14 24 52 -3 18 86 20 67 -11 46 -7 -48 70 -17 
10 -4 -24 -18 -47 23 -54 -72 -44 -55 -8 -47 24 41 -54 46 
-6 8 28 4 33 -42 79 43 62 32 26 43 -42 -25 32 -64 
4 -9 -28 6 -12 52 -71 111 -27 -1 
RSSI :-110 
Input angle :103
Zaxis angle :41 
minval :0 

minval :0 



50 -47 43 54 -59 39 -32 -60 62 -28 22 65 -68 16 -11 -69 
0 -13 -20 23 18 56 -82 49 -63 39 -47 -1 41 -15 37 59 
6 13 10 -29 -38 -44 56 -78 44 -63 43 -16 -29 31 -58 -39 
-10 -9 1 31 53 26 -17 93 -15 74 -32 31 13 -41 68 12 
12 4 -15 -28 -58 5 -21 -94 -21 -72 16 -43 3 43 -67 18 
-15 0 27 19 54 -24 49 -48 -89 3 
RSSI :-110 
Input angle :103
Zaxis angle :44 
minval :0 

minval :0 



-43 -55 59 -39 32 63 -67 27 -22 -68 70 -15 8 71 -71 2 
-12 -3 21 25 57 -8 35 88 26 69 -8 43 -8 -39 63 -35 
10 -2 -31 -11 -48 31 -69 -64 -54 -52 -10 -42 23 31 -42 58 
-8 6 32 0 29 -49 90 32 70 27 26 34 -33 -16 17 -68 
7 -10 -32 13 -9 57 -96 13 -74 3 -38 -19 37 3 12 69 
0 11 22 -25 -12 -55 66 0 -20 -3 
RSSI :-110 
Input angle :103
Zaxis angle :44 
minval :0 

minval :0 



-49 53 -48 -55 56 -47 41 61 -63 33 -26 -67 71 -21 16 70 
2 11 22 -25 -21 -53 82 -53 58 -36 42 0 -30 22 -43 -56 
-4 -11 -10 32 41 39 -51 83 -38 58 -36 17 19 -31 64 33 
9 7 -2 -35 -55 -19 16 -95 14 -68 24 -29 -6 35 -72 -6 
-12 -2 18 29 57 -6 29 94 18 67 -10 38 -11 -32 68 -23 
12 -2 -27 -19 -49 29 -41 -97 123 -4 
RSSI :-110 
Input angle :101
Zaxis angle :44 
minval :0 

minval :0 



67 -6 1 70 -69 -4 9 -69 68 16 -21 66 -64 -28 32 -60 
8 -12 -30 3 -15 58 -96 -16 -66 -10 -31 -23 40 1 -5 68 
-1 14 24 -14 -6 -61 93 -25 63 -20 38 9 -37 13 -24 -62 
-4 -13 -16 25 33 51 -74 64 -51 46 -36 8 29 -28 48 48 
8 9 6 -30 -51 -33 44 -87 24 -61 29 -24 -13 39 -64 -21 
-11 -6 7 30 60 10 0 32 54 4 
RSSI :-110 
Input angle :103
Zaxis angle :44 
minval :0 

minval :0 



-67 -14 22 -64 61 28 -34 59 -56 -37 44 -53 50 47 -50 46 
-12 8 26 7 38 -47 78 47 66 30 24 30 -39 -20 23 -63 
5 -13 -28 2 -15 57 -92 -9 -72 2 -34 -20 43 3 3 67 
0 16 23 -13 -10 -61 89 -27 68 -28 39 3 -39 15 -30 -60 
-5 -16 -13 22 31 50 -70 59 -50 53 -37 10 30 -30 51 45 
9 9 6 -27 -50 -33 22 -32 -118 -5 
RSSI :-110 
Input angle :103
Zaxis angle :44 
minval :0 

minval :0 



3 69 -69 0 6 -69 69 13 -18 67 -66 -22 29 -64 60 33 
11 2 5 -24 -53 -17 17 -85 7 -71 20 -33 -2 41 -69 -5 
-13 4 10 25 55 -6 18 84 26 64 -5 38 -13 -37 67 -22 
10 -8 -17 -21 -46 28 -54 -71 -49 -49 -11 -38 30 29 -49 46 
-5 11 23 11 30 -44 78 41 64 27 26 29 -37 -16 27 -64 
2 -13 -26 0 -11 55 -71 -1 30 0 
RSSI :-110 
Input angle :94
Zaxis angle :39 
minval :0 

minval :0 



64 37 -43 57 -53 -44 51 -50 44 55 -59 40 -36 -62 64 -27 
3 -9 -18 -19 -39 34 -59 -63 -49 -43 -17 -33 33 19 -45 56 
0 11 25 11 19 -47 81 36 62 20 30 23 -40 -4 22 -67 
-5 -8 -28 0 -2 51 -85 8 -64 9 -37 -10 36 -12 11 70 
7 4 24 -12 -19 -46 76 -40 55 -35 37 -7 -29 25 -36 -61 
-9 -3 -17 21 38 34 -37 -113 63 3 
RSSI :-110 
Input angle :132
Zaxis angle :25 
minval :0 

minval :0 



28 -72 71 33 -37 67 -65 -43 45 -61 58 52 -56 53 -47 -61 
-8 0 -17 26 37 29 -46 75 -34 51 -32 21 8 -32 66 35 
6 -3 3 -31 -47 -11 12 -86 10 -62 20 -33 3 32 -76 -6 
-5 4 9 32 46 -7 26 83 12 60 -5 38 -19 -29 73 -23 
2 -6 -21 -25 -38 26 -59 -65 -39 -50 -11 -38 29 19 -57 53 
0 6 28 14 25 -40 57 48 -25 1 
RSSI :-110 
Input angle :96
Zaxis angle :29 
minval :0 

minval :0 



63 50 -54 58 -54 -58 62 -50 47 64 -70 41 -33 -72 73 -25 
4 7 -26 -21 -48 12 -51 -70 -38 -72 -4 -38 16 32 -58 53 
-8 -3 33 11 41 -33 75 43 62 47 20 34 -27 -21 29 -74 
9 1 -35 3 -25 44 -87 -8 -78 -21 -33 -21 35 9 1 79 
-8 2 31 -18 2 -50 81 -27 80 -15 38 6 -35 4 -32 -74 
7 -6 -18 28 17 49 -68 79 -36 2 
RSSI :-110 
Input angle :94
Zaxis angle :49 
minval :0 

minval :0 



17 -73 72 23 -29 70 -67 -35 39 -64 61 43 -51 55 -51 -51 
2 -14 -13 29 33 46 -48 71 -45 69 -32 18 24 -31 70 30 
4 14 -1 -32 -49 -26 11 -85 12 -83 21 -31 -8 40 -76 0 
-10 -12 13 28 55 6 19 83 19 80 -9 36 -6 -38 68 -31 
13 6 -23 -21 -53 16 -56 -62 -49 -67 -8 -38 23 34 -47 58 
-16 0 31 7 41 -36 76 16 51 2 
RSSI :-110 
Input angle :98
Zaxis angle :44 
minval :0 

minval :0 



-72 0 6 -72 71 14 -20 69 -68 -27 30 -64 63 38 -43 58 
-15 5 30 4 35 -40 80 34 70 24 26 23 -37 -13 13 -70 
10 -11 -30 9 -12 52 -85 1 -75 7 -37 -12 42 0 16 69 
-6 16 23 -20 -12 -53 77 -39 63 -36 38 -4 -36 18 -41 -60 
-1 -17 -14 27 32 44 -56 66 -44 59 -31 17 24 -33 62 36 
8 15 1 -32 -45 -29 15 -112 111 -5 
RSSI :-110 
Input angle :101
Zaxis angle :44 
minval :0 

minval :0 



-54 45 -41 -57 63 -37 30 64 -67 23 -19 -68 70 -14 9 72 
-7 15 23 -19 1 -54 82 -31 67 -20 40 3 -38 16 -36 -61 
2 -16 -14 26 20 50 -63 60 -56 43 -36 12 27 -27 60 40 
7 15 0 -30 -40 -33 29 -81 32 -64 28 -25 -14 37 -70 -15 
-12 -12 11 29 49 15 0 86 -4 70 -14 36 -2 -40 69 -14 
15 4 -21 -20 -54 5 -27 -81 -17 -5 
RSSI :-110 
Input angle :103
Zaxis angle :44 
minval :0 

minval :0 



31 57 -60 27 -21 -60 62 -19 15 63 -66 9 -2 -64 66 3 
16 9 -12 -18 -58 -7 -12 -85 -11 -71 5 -37 9 39 -61 21 
-17 0 16 13 57 -14 46 70 37 60 10 36 -27 -32 46 -46 
17 -6 -22 -4 -43 37 -70 -48 -61 -39 -27 -29 37 16 -24 60 
-13 13 21 -4 24 -52 83 13 70 10 34 17 -42 0 -2 -65 
5 -16 -16 13 0 57 -71 -49 42 1 
RSSI :-110 
Input angle :103
Zaxis angle :47 
minval :0 

minval :0 



11 -63 62 15 -21 60 -59 -26 32 -56 53 36 -40 50 -45 -43 
-15 -2 -10 17 47 23 -29 86 -27 60 -22 27 4 -36 59 21 
16 -5 1 -20 -51 0 -9 -94 1 -66 10 -33 12 34 -62 8 
-12 8 6 17 49 -20 48 80 26 60 5 35 -24 -25 56 -31 
7 -12 -14 -14 -36 37 -75 -55 -46 -45 -17 -29 32 12 -38 51 
0 15 19 7 17 -50 64 -32 4 1 
RSSI :-110 
Input angle :91
Zaxis angle :39 
minval :0 

minval :0 



-65 0 3 -65 65 9 -16 64 -60 -21 28 -59 58 33 -35 56 
2 15 20 7 12 -50 91 8 65 20 29 15 -33 4 11 -62 
-5 -11 -21 1 7 50 -89 24 -67 5 -34 -3 29 -16 13 64 
11 9 19 -10 -27 -43 70 -60 58 -33 32 -8 -19 27 -40 -49 
-12 -3 -12 17 41 29 -39 83 -38 54 -25 24 7 -34 59 26 
12 -2 4 -22 -51 -6 9 112 -52 -5 
RSSI :-110 
Input angle :128
Zaxis angle :25 
minval :0 

minval :0 



-65 6 -1 -66 65 5 -11 65 -64 -16 21 -63 61 26 -31 58 
1 11 21 4 6 -50 92 2 67 14 31 12 -32 7 3 -66 
-5 -10 -23 5 13 49 -82 37 -68 14 -36 0 26 -19 21 63 
12 7 16 -13 -29 -41 62 -67 57 -39 32 -14 -16 26 -45 -47 
-11 -2 -14 20 44 23 -31 86 -35 58 -23 25 4 -31 60 26 
10 -3 2 -24 -49 -6 5 0 -80 -5 
RSSI :-110 
Input angle :274
Zaxis angle :32 
minval :0 

minval :0 



-57 33 -27 -61 63 -22 19 65 -66 9 -5 -67 67 -2 -3 68 
5 6 23 -4 -11 -49 84 -35 68 -16 33 0 -25 20 -24 -61 
-10 -5 -19 11 27 40 -60 66 -57 39 -29 16 16 -28 46 48 
9 0 12 -19 -44 -23 24 -87 35 -59 21 -26 -2 32 -62 -23 
-11 4 -1 21 50 3 13 89 -4 68 -8 32 -11 -29 67 -5 
7 -8 -6 -21 -46 14 -23 95 -25 -5 
RSSI :-110 
Input angle :91
Zaxis angle :29 
minval :0 

minval :0 



0 68 -67 -6 13 -66 66 18 -24 64 -60 -32 36 -55 54 38 
11 0 9 -21 -49 -17 12 -90 22 -66 17 -28 3 32 -66 -14 
-10 5 0 23 52 -4 21 86 6 69 -1 33 -15 -28 65 -14 
6 -9 -8 -20 -43 24 -59 -69 -34 -60 -11 -31 25 18 -53 39 
-2 10 16 14 30 -39 82 39 58 40 24 24 -32 -8 33 -59 
-2 -10 -22 -6 -11 49 -69 127 23 -1 
RSSI :-110 
Input angle :91
Zaxis angle :29 
minval :0 

minval :0 



-17 65 -62 -23 29 -60 57 34 -38 54 -52 -43 45 -48 45 51 
10 2 13 -16 -43 -31 36 -81 34 -60 25 -24 -4 33 -60 -28 
-11 1 -2 21 50 10 2 90 -8 69 -10 34 -6 -31 66 0 
10 -5 -3 -21 -50 10 -38 -81 -21 -67 -4 -34 21 25 -60 28 
-5 9 11 16 42 -32 69 55 47 52 17 29 -29 -15 44 -49 
0 -12 -19 -9 -24 45 -66 95 88 -2 
RSSI :-110 
Input angle :91
Zaxis angle :32 
minval :0 

minval :0 



56 34 -40 52 -50 -42 47 -48 45 49 -51 43 -36 -56 58 -30 
6 -10 -12 -14 -43 32 -71 -57 -48 -49 -18 -28 31 16 -40 52 
0 12 17 7 24 -46 86 25 62 26 29 19 -34 -4 18 -61 
-4 -11 -19 0 -3 54 -89 12 -69 2 -34 -6 32 -13 7 63 
7 10 18 -6 -17 -50 75 -50 64 -29 34 -8 -25 24 -35 -56 
-10 -4 -12 13 38 37 -46 47 95 3 
RSSI :-110 
Input angle :94
Zaxis angle :29 
minval :0 

minval :0 



61 26 -28 59 -56 -32 37 -53 49 41 -45 45 -41 -51 53 -32 
5 -11 -12 -12 -40 39 -77 -47 -54 -44 -22 -26 33 12 -34 54 
-1 12 17 4 21 -49 89 13 66 18 31 13 -34 1 7 -65 
-3 -11 -16 4 1 55 -85 26 -70 10 -33 -1 30 -15 18 63 
8 8 16 -10 -24 -49 67 -58 59 -41 32 -13 -22 30 -42 -46 
-12 -4 -8 14 43 34 -35 95 -43 3 
RSSI :-110 
Input angle :91
Zaxis angle :39 
minval :0 

minval :0 



63 13 -20 61 -60 -24 31 -59 55 34 -38 50 -50 -42 45 -46 
5 -12 -15 -5 -39 41 -79 -38 -55 -38 -25 -24 35 11 -26 58 
-2 15 15 0 17 -53 87 7 70 9 32 11 -36 5 -1 -64 
-5 -13 -15 7 5 56 -84 26 -65 16 -35 0 33 -19 22 58 
8 10 10 -13 -27 -48 63 -63 53 -43 30 -18 -19 30 -48 -42 
-11 -7 -5 16 46 32 -33 -113 -62 3 
RSSI :-110 
Input angle :94
Zaxis angle :41 
minval :0 

minval :0 



53 -36 33 54 -56 27 -24 -59 60 -19 14 61 -63 9 -4 -63 
-2 -15 -14 10 5 57 -83 28 -67 20 -35 4 32 -21 28 56 
10 12 8 -12 -28 -51 62 -61 53 -44 29 -18 -21 30 -48 -41 
-11 -7 -2 16 44 35 -32 79 -30 63 -21 29 6 -37 61 13 
13 2 -4 -15 -55 -13 -8 -87 0 -68 7 -34 10 36 -63 9 
-12 5 10 11 55 -10 27 16 23 4 
RSSI :-110 
Input angle :94
Zaxis angle :41 
minval :0 

minval :0 



0 -67 66 4 -10 65 -63 -18 20 -61 60 28 -32 57 -54 -35 
-9 -9 0 19 44 38 -31 79 -25 70 -22 28 8 -41 65 12 
15 5 -9 -16 -56 -14 -6 -85 -3 -73 5 -35 6 39 -64 16 
-15 0 14 11 56 -10 40 77 32 65 11 34 -21 -31 51 -40 
13 -5 -18 -4 -48 30 -65 -55 -57 -46 -20 -29 34 20 -30 58 
-9 10 18 -1 31 -49 71 16 61 1 
RSSI :-110 
Input angle :106
Zaxis angle :44 
minval :0 

minval :0 



21 -63 61 28 -35 57 -54 -39 43 -53 48 48 -53 43 -41 -53 
-4 -15 -7 19 27 49 -57 62 -52 53 -32 20 24 -31 57 31 
11 11 -2 -21 -45 -34 27 -81 26 -70 20 -32 -8 37 -66 -4 
-14 -5 11 19 56 11 8 86 4 74 -6 38 -9 -39 63 -21 
15 0 -14 -12 -56 11 -43 -73 -37 -64 -8 -35 24 32 -51 42 
-13 5 20 3 48 -34 60 -32 -81 2 
RSSI :-110 
Input angle :106
Zaxis angle :41 
minval :0 

minval :0 



16 -67 64 20 -24 63 -60 -33 38 -56 55 42 -45 52 -46 -49 
-5 -14 -5 21 33 47 -53 67 -47 59 -30 22 18 -34 62 29 
11 12 -3 -20 -47 -31 21 -81 17 -72 18 -32 -5 39 -68 0 
-14 -7 12 18 56 7 16 83 15 75 -3 37 -11 -38 63 -27 
16 0 -19 -10 -55 16 -51 -68 -44 -61 -13 -37 25 30 -45 51 
-14 7 21 1 45 -37 65 16 87 2 
RSSI :-110 
Input angle :106
Zaxis angle :44 
minval :0 

minval :0 



5 -70 70 10 -15 70 -66 -22 30 -64 61 37 -38 57 -57 -40 
-7 -15 -1 26 38 42 -39 75 -33 70 -27 27 18 -37 67 18 
12 11 -9 -24 -53 -21 5 -84 4 -78 14 -38 0 41 -70 13 
-14 -6 17 18 57 1 31 81 27 72 2 38 -15 -36 59 -39 
17 -1 -22 -9 -52 22 -59 -61 -54 -55 -17 -34 29 28 -36 60 
-14 9 25 -1 35 -43 74 48 127 1 
RSSI :-110 
Input angle :106
Zaxis angle :44 
minval :0 

minval :0 



34 -62 58 40 -46 54 -51 -50 53 -48 44 56 -61 38 -33 -63 
2 -16 -13 23 16 55 -64 53 -60 48 -37 13 33 -23 56 45 
6 17 0 -25 -38 -42 35 -78 34 -70 26 -28 -19 37 -68 -20 
-12 -11 8 27 53 22 -4 85 1 78 -15 36 0 -42 70 -9 
16 8 -17 -20 -55 0 -30 -79 -30 -72 0 -39 14 37 -59 38 
-17 0 23 11 52 -24 56 0 89 3 
RSSI :-110 
Input angle :103
Zaxis angle :44 
minval :0 

minval :0 



59 -38 35 63 -64 28 -26 -67 69 -18 12 71 -73 7 0 -72 
8 -13 -22 16 -7 58 -85 17 -73 15 -39 -5 40 -8 29 65 
-2 18 15 -22 -15 -55 70 -49 64 -45 39 -11 -35 22 -53 -46 
-6 -18 -4 29 35 46 -43 74 -37 66 -32 25 19 -36 69 22 
11 14 -8 -25 -51 -25 6 -86 5 -76 17 -36 0 39 -70 10 
-16 -8 17 23 57 0 27 -32 122 4 
RSSI :-110 
Input angle :106
Zaxis angle :44 
minval :0 

minval :0 



57 44 -47 53 -48 -52 58 -43 38 60 -63 34 -27 -66 66 -23 
16 3 -20 -19 -56 10 -43 -73 -40 -66 -5 -41 20 35 -52 48 
-16 3 29 8 46 -34 70 47 63 42 23 32 -32 -23 29 -64 
14 -10 -28 3 -32 47 -86 -15 -75 -13 -33 -22 40 8 0 71 
-8 14 24 -16 9 -57 84 -15 72 -20 40 5 -38 7 -29 -63 
1 -17 -16 23 17 55 -59 63 14 3 
RSSI :-110 
Input angle :103
Zaxis angle :39 
minval :0 

minval :0 



21 69 -70 14 -7 -72 73 -1 -2 72 -72 -9 13 -70 68 16 
14 10 -6 -27 -55 -19 2 -85 -3 -73 16 -38 1 40 -71 7 
-15 0 17 22 55 -4 32 76 30 67 3 43 -17 -37 59 -39 
18 -3 -25 -11 -50 27 -64 -57 -58 -49 -17 -37 31 27 -41 59 
-13 10 28 1 33 -45 79 26 72 21 30 26 -39 -12 14 -70 
8 -15 -27 9 -11 55 -73 -17 -64 0 
RSSI :-110 
Input angle :103
Zaxis angle :44 
minval :0 

minval :0 



-69 26 -21 -71 73 -14 5 73 -74 -1 6 -73 73 10 -18 71 
-7 13 29 -8 15 -54 84 -5 71 -7 41 11 -42 4 -12 -73 
0 -14 -23 17 8 53 -75 39 -63 35 -40 4 35 -21 41 60 
4 13 14 -25 -30 -44 51 -64 41 -57 36 -21 -24 31 -64 -38 
-10 -10 0 29 46 27 -21 81 -14 70 -20 34 5 -40 73 10 
12 4 -10 -27 -53 -7 -14 127 -114 -5 
RSSI :-110 
Input angle :98
Zaxis angle :44 
minval :0 

minval :0 



-38 -69 72 -31 27 74 -75 22 -17 -75 78 -8 3 78 -78 -3 
-11 -4 14 30 52 0 26 81 18 70 -2 38 -14 -37 73 -26 
10 -1 -25 -20 -47 21 -49 -65 -43 -53 -11 -35 26 30 -56 52 
-9 4 29 9 35 -38 75 35 62 30 26 29 -37 -15 27 -75 
5 -7 -33 3 -17 48 -84 0 -69 -2 -36 -16 40 -2 3 78 
-2 7 28 -15 0 -49 64 -16 87 -2 
RSSI :-110 
Input angle :94
Zaxis angle :44 
minval :0 

minval :0 



82 6 -14 80 -80 -18 26 -78 73 34 -41 70 -66 -46 52 -62 
9 7 -31 -3 -39 28 -75 -31 -65 -36 -25 -28 32 17 -20 77 
-11 -1 30 -9 26 -41 80 0 77 9 35 16 -35 0 -16 -79 
8 -5 -24 19 -5 49 -73 32 -72 20 -38 0 34 -12 42 69 
-9 7 15 -29 -16 -45 52 -61 55 -51 33 -16 -26 26 -69 -43 
6 -11 0 31 34 38 -31 95 76 4 
RSSI :-110 
Input angle :94
Zaxis angle :41 
minval :0 

minval :0 



13 76 -78 6 0 -77 75 6 -14 76 -75 -19 24 -72 73 28 
-1 14 -4 -25 -41 -31 9 -78 16 -79 19 -37 -9 35 -77 1 
-4 -12 14 23 50 13 23 75 14 79 -4 40 -4 -36 69 -35 
6 9 -24 -15 -52 9 -53 -59 -44 -67 -13 -39 19 31 -49 59 
-11 -5 27 3 43 -30 73 29 67 44 26 32 -30 -19 20 -76 
13 0 -26 7 -27 44 -81 31 122 -1 
RSSI :-110 
Input angle :94
Zaxis angle :39 
minval :0 

minval :0 



-44 61 -53 -48 54 -50 47 59 -60 39 -37 -62 66 -31 26 67 
-3 11 18 -19 -14 -51 63 -50 68 -38 41 -14 -31 21 -53 -49 
0 -12 -8 27 33 41 -40 68 -48 63 -32 31 21 -31 67 28 
6 12 0 -28 -45 -23 6 -80 14 -77 17 -39 -6 38 -73 4 
-10 -7 15 24 53 3 29 75 21 76 1 44 -10 -38 66 -30 
13 3 -22 -16 -49 16 -50 79 15 -4 
RSSI :-110 
Input angle :98
Zaxis angle :41 
minval :0 

minval :0 



-13 -72 73 -6 3 74 -72 -4 10 -73 73 17 -23 69 -66 -28 
-4 -10 4 32 45 24 -7 87 -18 67 -19 37 2 -37 75 0 
10 8 -17 -27 -50 -3 -25 -83 -12 -66 3 -42 14 35 -66 31 
-12 -2 26 16 48 -17 56 66 40 54 13 39 -26 -28 50 -55 
12 0 -33 -4 -34 37 -79 -36 -58 -36 -28 -31 36 13 -23 71 
-10 6 32 -8 20 -45 68 64 -112 0 
RSSI :-110 
Input angle :117
Zaxis angle :49 
minval :0 

minval :0 



47 -56 52 50 -54 49 -42 -59 63 -35 31 63 -66 27 -21 -67 
6 -15 -22 21 14 56 -78 44 -59 41 -39 10 36 -26 45 57 
2 16 11 -29 -34 -47 53 -72 41 -60 32 -23 -21 37 -63 -31 
-6 -14 0 33 50 29 -24 85 -14 73 -18 34 5 -41 70 3 
13 8 -14 -28 -58 -6 -15 -89 -19 -71 4 -39 13 41 -68 26 
-15 -3 23 20 55 -18 44 0 -71 3 
RSSI :-110 
Input angle :103
Zaxis angle :44 
minval :0 

minval :0 


