
51 48 -52 47 -43 -56 59 -38 31 63 -65 24 -19 -68 67 -14 
11 -2 -19 -22 -52 13 -41 -75 -36 -59 -6 -41 22 37 -56 43 
-10 5 28 10 41 -36 70 47 56 40 24 35 -36 -24 33 -61 
5 -9 -28 0 -23 50 -85 -16 -67 -13 -35 -20 43 4 -3 69 
-1 12 28 -13 1 -54 86 -18 68 -12 39 5 -41 11 -23 -66 
0 -11 -18 24 19 51 -57 -33 -103 2 
RSSI :-110 
Input angle :98
Zaxis angle :44 
minval :0 

minval :0 



0 76 -74 -4 12 -73 71 20 -28 69 -68 -34 38 -63 59 44 
1 9 1 -32 -43 -28 28 -87 28 -65 32 -30 -9 39 -72 -13 
-7 -7 12 29 49 11 12 92 2 70 -15 42 -4 -39 71 -16 
8 3 -20 -24 -52 10 -45 -80 -28 -61 -1 -44 21 34 -59 44 
-12 0 30 12 43 -30 75 54 54 44 19 39 -32 -22 34 -66 
10 -4 -32 1 -26 45 -68 -65 -82 -2 
RSSI :-110 
Input angle :94
Zaxis angle :44 
minval :0 

minval :0 



-68 -26 30 -65 61 35 -40 60 -54 -47 49 -49 47 54 -57 41 
-13 0 26 9 43 -33 72 55 52 47 21 37 -32 -24 38 -60 
11 -4 -28 2 -30 45 -89 -23 -67 -22 -33 -27 39 8 -9 70 
-7 8 24 -14 6 -54 91 -14 70 -10 43 9 -39 6 -18 -67 
5 -13 -18 22 15 52 -76 49 -60 39 -44 7 32 -23 45 56 
1 12 8 -27 -34 -43 41 112 106 -4 
RSSI :-110 
Input angle :103
Zaxis angle :49 
minval :0 

minval :0 



73 2 -11 72 -71 -18 23 -69 68 30 -34 65 -61 -38 43 -58 
11 -4 -31 2 -34 47 -89 -26 -68 -24 -30 -30 38 10 -14 72 
-7 9 28 -14 12 -56 91 -16 73 -7 41 16 -39 2 -16 -70 
3 -12 -21 26 8 59 -79 46 -63 33 -43 1 36 -18 44 57 
2 12 9 -30 -31 -48 52 -76 46 -56 39 -20 -24 31 -62 -35 
-6 -10 4 31 49 29 -23 -81 104 4 
RSSI :-110 
Input angle :103
Zaxis angle :47 
minval :0 

minval :0 



-36 66 -64 -41 45 -58 57 50 -55 52 -47 -58 63 -40 35 65 
0 13 14 -27 -23 -51 65 -63 52 -49 40 -13 -29 26 -56 -46 
-3 -11 -3 30 43 37 -30 86 -29 65 -32 27 14 -36 72 18 
8 10 -10 -29 -53 -15 -4 -91 0 -70 16 -39 0 40 -72 16 
-11 -4 21 23 57 -8 40 81 30 65 -1 45 -18 -35 60 -42 
13 1 -28 -12 -48 30 -55 47 -8 -4 
RSSI :-110 
Input angle :103
Zaxis angle :44 
minval :0 

minval :0 



-43 -63 66 -37 31 68 -70 25 -19 -73 74 -12 8 75 -76 3 
-10 -5 16 25 54 0 25 86 22 67 -8 44 -10 -42 68 -30 
10 1 -26 -15 -51 21 -61 -65 -45 -54 -11 -46 28 32 -50 56 
-10 3 29 6 37 -41 82 32 63 31 28 37 -39 -19 24 -70 
7 -7 -29 7 -18 52 -91 -1 -70 -3 -41 -23 43 3 8 75 
-4 8 23 -20 -7 -54 61 -48 45 -2 
RSSI :-110 
Input angle :94
Zaxis angle :44 
minval :0 

minval :0 



40 -62 59 45 -52 53 -50 -55 60 -43 40 61 -67 34 -28 -67 
0 -11 -18 27 26 49 -64 62 -54 48 -44 8 33 -23 55 49 
5 9 1 -32 -41 -35 39 -81 30 -66 38 -25 -22 36 -70 -22 
-6 -6 9 30 53 16 2 90 0 70 -25 39 6 -40 74 -6 
11 2 -19 -25 -54 4 -35 -83 -27 -66 8 -44 10 41 -65 34 
-10 1 29 15 44 -29 53 -16 12 3 
RSSI :-110 
Input angle :103
Zaxis angle :44 
minval :0 

minval :0 



32 26 -30 29 -26 -32 34 -23 20 37 -38 17 -13 -39 40 -10 
5 -50 -16 63 -11 60 71 24 -1 86 84 -81 -85 22 -34 26 
17 48 -12 -63 -17 -58 -75 5 -31 -80 -42 109 67 -56 18 -38 
-32 -38 37 53 36 48 64 -39 63 58 -3 -117 -42 78 -4 42 
46 20 -55 -34 -54 -27 -44 61 -81 -28 50 106 2 -88 -15 -40 
-50 1 64 7 61 4 90 17 81 -2 
RSSI :-110 
Input angle :317
Zaxis angle :29 
minval :0 

minval :0 



-28 -29 31 -24 21 34 -36 18 -16 -37 38 -13 10 39 -39 6 
-3 53 17 -63 4 -63 -71 -24 -4 -84 -76 91 88 -31 35 -22 
-18 -50 10 65 16 60 75 -6 36 76 39 -111 -69 63 -23 34 
36 39 -36 -54 -42 -46 -66 37 -66 -53 14 117 33 -87 5 -41 
-50 -18 56 33 57 25 43 -62 81 21 -55 -105 1 93 10 40 
54 -1 -64 -7 -63 0 -79 -98 106 4 
RSSI :-110 
Input angle :317
Zaxis angle :29 
minval :0 

minval :0 



43 3 -6 43 -42 -10 14 -41 40 17 -21 38 -36 -24 27 -34 
-31 -39 28 54 38 49 69 -32 62 59 -2 -120 -43 84 -10 43 
45 21 -48 -37 -56 -29 -50 58 -82 -29 52 109 7 -95 -7 -44 
-50 0 59 14 62 4 20 -74 86 -5 -93 -76 34 88 25 36 
46 -19 -60 11 -59 21 6 76 -76 42 116 32 -65 -69 -37 -25 
-36 35 51 -32 44 -43 -52 -32 57 -18 
RSSI :-110 
Input angle :317
Zaxis angle :29 
minval :0 

minval :0 



0 -43 43 2 -6 42 -41 -11 14 -40 39 17 -21 37 -35 -24 
-44 33 60 -31 54 -41 -34 -69 59 -61 -122 5 83 44 43 6 
27 -48 -47 49 -34 59 57 51 -30 79 111 -49 -94 -5 -42 10 
-4 56 19 -65 7 -68 -73 -22 -4 -85 -78 94 88 -35 35 -27 
-19 -52 8 67 21 65 76 -10 44 73 33 -117 -64 68 -19 39 
38 40 -36 -57 -44 -51 -31 94 12 -12 
RSSI :-110 
Input angle :317
Zaxis angle :25 
minval :0 

minval :0 



24 39 -40 22 -19 -42 43 -16 12 44 -45 8 -3 -45 45 0 
13 -54 -29 60 -16 68 70 39 -11 85 92 -82 -95 17 -42 19 
10 55 -1 -67 -10 -69 -80 -5 -24 -82 -54 111 80 -52 32 -34 
-29 -47 24 63 37 58 76 -25 56 64 2 -123 -51 81 -13 45 
48 28 -51 -43 -58 -37 -59 54 -78 -35 41 117 12 -95 -7 -46 
-56 -7 63 22 69 10 88 33 49 0 
RSSI :-110 
Input angle :317
Zaxis angle :25 
minval :0 

minval :0 



-36 28 -25 -38 41 -22 18 42 -44 14 -11 -45 46 -8 4 46 
52 10 -59 -25 -63 -18 -42 73 -88 -9 78 92 -19 -93 -22 -41 
-52 8 65 1 65 -8 8 -83 86 -23 -106 -59 52 79 38 29 
42 -31 -58 28 -54 38 29 79 -68 56 121 7 -81 -49 -46 -13 
-26 46 42 -48 36 -55 -54 -64 34 -82 -113 44 95 11 47 -7 
4 -53 -20 61 -10 64 8 0 -125 22 
RSSI :-110 
Input angle :317
Zaxis angle :29 
minval :0 

minval :0 



-16 -42 43 -13 10 43 -44 6 -1 -45 45 3 -7 44 -43 -10 
-26 43 42 -48 32 -54 -56 -60 32 -82 -110 45 93 8 45 -8 
3 -51 -20 60 -7 63 76 31 0 87 80 -87 -89 26 -38 26 
15 48 -5 -64 -17 -61 -83 0 -40 -78 -39 112 70 -60 25 -39 
-35 -37 32 54 42 47 75 -35 67 56 -7 -118 -43 82 -7 45 
46 20 -52 -37 -57 -27 -87 -82 76 -6 
RSSI :-110 
Input angle :317
Zaxis angle :29 
minval :0 

minval :0 



39 19 -22 37 -35 -25 27 -33 30 30 -34 27 -24 -36 37 -20 
-13 -47 0 63 11 63 84 2 31 84 49 -106 -73 53 -26 36 
31 37 -29 -56 -37 -53 -78 30 -62 -64 0 116 44 -79 7 -44 
-44 -21 49 39 57 30 58 -61 85 28 -51 -105 -7 90 11 42 
49 0 -61 -15 -64 -7 -29 79 -90 3 87 77 -29 -85 -26 -35 
-45 19 62 -10 61 -21 62 33 72 -11 
RSSI :-110 
Input angle :317
Zaxis angle :25 
minval :0 

minval :0 



-17 40 -39 -20 23 -37 35 26 -30 32 -30 -32 34 -28 24 37 
47 -16 -62 7 -62 19 5 85 -84 33 110 45 -61 -68 -38 -25 
-36 35 55 -31 47 -44 -39 -75 59 -68 -119 11 83 37 44 9 
21 -45 -37 51 -28 58 67 52 -25 87 104 -56 -92 0 -43 12 
1 50 15 -61 1 -64 -82 -23 -11 -89 -76 91 83 -37 35 -29 
-21 -46 14 61 24 59 -70 32 2 20 
RSSI :-110 
Input angle :316
Zaxis angle :25 
minval :0 

minval :0 



-35 -29 32 -33 29 35 -38 25 -23 -39 41 -20 16 43 -44 12 
1 50 10 -61 -2 -63 -84 -20 -13 -89 -72 94 82 -40 37 -28 
-21 -45 15 60 26 57 86 -16 49 76 23 -116 -60 68 -20 42 
37 33 -38 -49 -45 -43 -71 49 -77 -47 23 116 27 -86 1 -47 
-47 -15 54 30 59 22 47 -72 89 15 -71 -95 12 90 16 44 
50 -7 -62 -3 -62 7 -91 14 -73 6 
RSSI :-110 
Input angle :317
Zaxis angle :25 
minval :0 

minval :0 



-21 -39 41 -18 14 42 -43 11 -7 -44 44 -4 0 44 -44 -4 
-18 50 37 -54 25 -60 -68 -48 22 -88 -102 59 89 -2 43 -14 
-2 -53 -11 65 0 65 83 14 14 90 66 -98 -80 38 -32 32 
24 47 -16 -64 -27 -59 -81 21 -54 -72 -23 116 59 -67 19 -41 
-39 -35 41 51 48 42 66 -51 75 50 -32 -114 -21 86 1 45 
51 14 -58 -31 -63 -16 -106 78 -113 -5 
RSSI :-110 
Input angle :317
Zaxis angle :25 
minval :0 

minval :0 



-8 -45 46 -4 0 46 -45 -4 8 -46 44 12 -15 43 -42 -19 
-31 42 50 -42 41 -50 -52 -68 48 -78 -116 26 86 24 47 -1 
10 -51 -24 60 -19 62 75 37 -12 91 91 -75 -88 14 -42 20 
8 51 2 -65 -6 -64 -85 -6 -26 -88 -57 103 75 -49 32 -34 
-29 -43 22 61 33 56 79 -30 59 70 12 -117 -50 75 -13 45 
45 26 -47 -45 -53 -37 -78 -114 -44 -11 
RSSI :-110 
Input angle :317
Zaxis angle :25 
minval :0 

minval :0 



-19 -45 47 -16 12 47 -48 7 -4 -48 49 0 -3 49 -48 -6 
-20 46 44 -50 32 -56 -60 -61 36 -84 -111 46 90 9 48 -11 
-1 -50 -15 65 -4 64 81 27 2 91 80 -90 -85 31 -39 31 
21 46 -13 -65 -20 -61 -85 8 -41 -82 -38 115 65 -63 24 -43 
-38 -33 35 57 45 46 73 -44 69 61 -10 -120 -34 84 -4 49 
47 17 -56 -37 -60 -24 -100 -66 112 -7 
RSSI :-110 
Input angle :317
Zaxis angle :25 
minval :0 

minval :0 



31 -38 36 33 -36 33 -30 -39 41 -27 22 44 -45 19 -15 -47 
-51 7 67 12 66 -1 23 -84 92 -11 -97 -74 37 83 34 37 
43 -27 -66 16 -60 29 15 86 -80 46 120 29 -72 -56 -47 -19 
-27 43 53 -42 43 -51 -48 -72 57 -73 -121 17 87 27 50 -1 
11 -50 -31 60 -19 63 74 47 -19 90 102 -68 -91 13 -45 22 
13 49 3 -68 -10 -65 -99 79 -123 -23 
RSSI :-110 
Input angle :315
Zaxis angle :32 
minval :0 

minval :0 



27 -42 38 31 -34 36 -32 -36 39 -29 26 41 -44 22 -19 -45 
-51 7 68 5 69 -2 23 -87 90 -14 -102 -72 41 84 36 35 
43 -27 -66 19 -61 31 17 87 -78 46 122 27 -71 -61 -48 -17 
-29 43 51 -44 42 -55 -49 -76 53 -74 -121 32 90 26 50 -3 
8 -50 -29 61 -19 67 76 47 -19 89 100 -75 -93 11 -42 27 
13 50 0 -68 -12 -68 -93 -65 -36 -23 
RSSI :-110 
Input angle :316
Zaxis angle :29 
minval :0 

minval :0 



-53 7 -2 -53 54 2 -7 53 -52 -11 14 -52 50 19 -23 48 
29 38 -23 -64 -38 -59 -84 20 -45 -66 -20 124 50 -78 3 -55 
-41 -24 43 54 55 43 70 -49 69 39 -26 -123 -16 90 18 51 
48 3 -62 -28 -70 -11 -41 76 -79 -10 75 101 -23 -89 -38 -39 
-45 15 69 -1 69 -14 5 -87 76 -23 -112 -57 57 72 51 20 
35 -33 -62 30 -56 42 16 15 110 13 
RSSI :-110 
Input angle :315
Zaxis angle :32 
minval :0 

minval :0 



27 -33 31 30 -33 28 -25 -35 37 -22 18 39 -41 15 -12 -41 
-32 -20 45 41 53 25 53 -50 50 29 -36 -105 -6 76 28 33 
38 5 -58 -20 -58 0 -29 67 -58 -6 76 81 -25 -72 -39 -19 
-37 10 62 -3 54 -21 0 -73 55 -17 -102 -43 52 56 44 0 
31 -23 -55 28 -40 43 31 66 -44 38 111 -2 -72 -27 -39 19 
-16 35 35 -50 19 -55 94 -96 -98 -14 
RSSI :-110 
Input angle :314
Zaxis angle :32 
minval :0 

minval :0 



16 -28 26 19 -21 24 -22 -23 25 -20 18 27 -28 16 -13 -29 
-59 -33 82 40 81 24 51 -84 74 59 -65 -79 8 97 24 23 
68 6 -91 -2 -84 15 -15 96 -93 -19 93 42 -52 -82 -32 -11 
-64 22 84 -37 70 -47 -28 -94 93 -16 -103 -2 82 53 33 -2 
48 -47 -63 67 -45 72 64 75 -80 49 94 -40 -96 -15 -30 15 
-28 62 30 -86 13 -84 124 49 -5 -42 
RSSI :-110 
Input angle :311
Zaxis angle :39 
minval :0 

minval :0 



9 -30 28 13 -14 28 -26 -17 19 -24 22 21 -24 20 -18 -25 
-37 11 50 -5 51 -17 -6 -71 76 -14 -94 -32 44 52 27 16 
31 -24 -44 24 -40 36 33 61 -63 44 99 -8 -63 -26 -32 -1 
-17 35 28 -41 20 -49 -56 -44 37 -69 -87 48 68 -1 30 -11 
0 -39 -6 49 3 53 70 15 -10 78 57 -81 -61 30 -23 23 
15 36 -13 -48 -23 -48 -94 79 73 -19 
RSSI :-110 
Input angle :312
Zaxis angle :36 
minval :0 

minval :0 



38 -30 26 41 -43 24 -20 -45 47 -15 11 48 -49 8 -4 -49 
-34 -14 45 38 64 35 51 -69 78 39 -44 -112 -4 80 25 43 
37 1 -57 -18 -73 -4 -21 83 -88 -3 86 86 -31 -74 -39 -31 
-33 17 59 -6 68 -26 -16 -84 82 -31 -113 -43 57 56 49 12 
24 -28 -52 27 -53 50 47 71 -60 64 122 -8 -76 -24 -49 8 
-11 35 34 -48 29 -67 117 0 28 -21 
RSSI :-110 
Input angle :324
Zaxis angle :36 
minval :0 

minval :0 



31 14 -16 30 -28 -19 21 -27 24 24 -26 22 -19 -28 30 -16 
9 -40 -10 47 -8 66 80 18 -9 85 82 -80 -69 19 -20 29 
7 41 -7 -48 -18 -64 -81 14 -24 -82 -39 107 52 -49 6 -35 
-23 -33 26 40 43 50 67 -47 55 64 -9 -114 -33 64 6 35 
35 20 -40 -25 -60 -29 -45 69 -78 -35 52 102 1 -72 -20 -28 
-41 -5 48 7 67 3 88 -63 42 0 
RSSI :-110 
Input angle :313
Zaxis angle :25 
minval :0 

minval :0 



10 -23 22 12 -14 21 -19 -15 17 -18 17 18 -19 15 -13 -20 
-39 -5 49 14 65 -14 6 -72 84 -24 -95 -61 43 65 22 13 
38 -10 -50 6 -53 39 27 67 -65 59 111 15 -66 -42 -25 -3 
-29 26 43 -26 30 -59 -51 -51 36 -80 -108 32 77 13 25 -7 
17 -35 -30 40 -6 66 67 27 -3 88 86 -72 -76 19 -20 17 
0 39 10 -50 -24 -62 117 63 -103 -21 
RSSI :-110 
Input angle :315
Zaxis angle :29 
minval :0 

minval :0 



24 7 -9 23 -22 -10 12 -22 21 14 -16 20 -18 -18 19 -16 
5 -51 -19 57 15 59 71 5 25 78 60 -91 -59 35 -12 23 
15 49 -8 -60 -36 -48 -67 24 -52 -62 -14 107 37 -57 1 -26 
-34 -38 33 50 53 29 52 -49 75 32 -30 -105 -13 68 8 25 
47 21 -50 -34 -60 -5 -26 66 -82 -2 68 85 -17 -66 -19 -18 
-52 0 60 9 57 -22 48 1 110 -9 
RSSI :-110 
Input angle :315
Zaxis angle :29 
minval :0 

minval :0 



-15 33 -31 -17 20 -29 27 23 -26 25 -23 -27 28 -20 18 30 
53 14 -60 -24 -56 -4 -18 71 -82 5 81 75 -20 -71 -30 -21 
-54 10 65 -1 54 -16 -10 -72 72 -39 -105 -34 48 56 36 7 
46 -30 -58 28 -40 39 40 61 -49 66 109 -16 -67 -30 -36 8 
-29 47 41 -49 20 -53 -62 -40 14 -81 -93 58 73 -1 29 -23 
7 -55 -16 62 3 55 70 80 80 20 
RSSI :-110 
Input angle :315
Zaxis angle :25 
minval :0 

minval :0 



19 -33 31 23 -25 28 -27 -28 30 -24 21 31 -33 19 -15 -35 
-36 -21 41 31 59 33 49 -63 75 23 -47 -102 5 73 30 24 
42 3 -50 -10 -67 -5 -17 79 -77 10 87 71 -31 -67 -37 -11 
-40 12 50 -12 65 -20 -13 -80 68 -38 -107 -32 56 47 39 -4 
32 -27 -42 30 -49 46 45 67 -44 63 111 -16 -71 -19 -33 19 
-16 39 23 -46 28 -62 57 -48 -84 -20 
RSSI :-110 
Input angle :317
Zaxis angle :29 
minval :0 

minval :0 



23 15 -16 21 -19 -19 21 -18 16 22 -23 15 -13 -24 25 -11 
27 -40 -31 43 -17 63 70 37 -21 78 96 -58 -72 0 -20 20 
-7 48 9 -53 -6 -65 -79 -8 -10 -80 -67 91 66 -31 8 -27 
-12 -47 15 52 33 56 74 -28 40 70 23 -110 -46 56 2 28 
29 38 -33 -42 -54 -37 -57 56 -66 -46 27 109 17 -70 -13 -25 
-44 -20 48 25 64 14 66 1 119 3 
RSSI :-110 
Input angle :315
Zaxis angle :32 
minval :0 

minval :0 



2 34 -34 0 3 -34 34 6 -9 33 -32 -12 15 -31 29 17 
49 -15 -61 13 -63 29 23 81 -73 45 124 31 -62 -57 -35 -4 
-38 34 47 -40 46 -52 -56 -62 46 -72 -126 22 81 25 34 -10 
21 -47 -28 56 -18 67 77 33 -12 85 106 -71 -84 10 -27 23 
-4 51 6 -62 -8 -70 -80 -2 -19 -84 -71 107 76 -39 15 -31 
-20 -47 24 57 39 58 -36 0 -6 16 
RSSI :-110 
Input angle :315
Zaxis angle :29 
minval :0 

minval :0 



-32 -9 11 -32 30 15 -17 29 -27 -19 21 -26 23 24 -25 21 
-17 41 19 -57 9 -67 -74 -22 -1 -75 -82 86 77 -20 16 -30 
-2 -45 7 59 18 65 76 -11 30 68 43 -111 -61 51 -3 34 
20 40 -31 -51 -43 -52 -63 44 -59 -46 7 119 32 -73 -11 -32 
-36 -27 47 36 60 31 42 -66 71 21 -58 -104 0 80 24 23 
44 10 -58 -12 -67 -2 -43 110 -87 2 
RSSI :-110 
Input angle :317
Zaxis angle :29 
minval :0 

minval :0 



0 -29 28 2 -5 28 -27 -7 9 -27 26 12 -13 25 -23 -15 
-36 -18 53 14 66 0 15 -66 69 -6 -88 -70 28 71 29 4 
42 0 -54 8 -60 26 13 67 -62 31 107 34 -54 -54 -28 8 
-38 16 47 -28 44 -48 -37 -57 44 -53 -111 13 72 26 23 -18 
27 -31 -30 46 -19 62 58 34 -14 67 94 -61 -76 6 -13 26 
-10 40 7 -54 -7 -64 -54 111 -74 -18 
RSSI :-110 
Input angle :315
Zaxis angle :32 
minval :0 

minval :0 



-28 20 -17 -29 31 -15 12 32 -32 10 -7 -33 34 -4 2 34 
41 76 -52 -75 -79 -60 -83 56 -79 -61 22 103 25 -98 -15 -32 
-68 -53 79 45 97 22 54 -84 97 26 -65 -83 15 100 27 22 
84 18 -91 -9 -98 18 -17 99 -99 18 94 48 -58 -83 -34 -9 
-85 15 87 -27 80 -59 -25 -97 85 -54 -106 -5 85 55 34 -6 
71 -50 -68 60 -52 85 85 78 125 43 
RSSI :-110 
Input angle :315
Zaxis angle :36 
minval :0 

minval :0 



27 -25 23 29 -31 19 -17 -33 34 -15 11 35 -36 8 -5 -36 
-71 -56 73 56 95 30 46 -88 98 25 -62 -83 13 100 21 32 
89 20 -89 -24 -99 9 -9 99 -99 19 90 52 -53 -85 -32 -20 
-88 21 91 -14 87 -48 -29 -95 80 -61 -104 -6 83 56 38 4 
75 -51 -77 51 -59 80 65 75 -53 85 98 -36 -99 -17 -36 11 
-44 79 46 -80 19 -98 100 -96 104 -51 
RSSI :-110 
Input angle :317
Zaxis angle :32 
minval :0 

minval :0 



0 25 -24 -3 5 -25 24 7 -9 24 -23 -10 11 -22 21 13 
47 -14 -53 13 -60 34 22 60 -71 53 125 10 -73 -47 -26 -4 
-37 31 44 -32 40 -57 -46 -44 44 -77 -121 38 86 12 25 -6 
20 -45 -27 48 -13 68 60 23 -9 88 93 -84 -84 22 -21 15 
0 49 3 -55 -17 -68 -64 4 -30 -83 -49 116 67 -55 11 -23 
-18 -45 16 53 39 58 -6 -64 21 16 
RSSI :-110 
Input angle :315
Zaxis angle :29 
minval :0 

minval :0 



-7 -26 27 -4 2 27 -27 0 0 -27 27 3 -6 26 -25 -8 
-41 20 50 -19 50 -46 -33 -50 52 -70 -122 16 81 31 28 -2 
27 -36 -38 38 -27 62 52 31 -20 85 105 -65 -86 5 -25 13 
-12 44 19 -51 0 -69 -61 -6 -17 -86 -69 102 77 -40 15 -23 
-9 -45 3 55 31 60 59 -16 48 73 20 -122 -53 68 -4 28 
27 36 -26 -47 -53 -43 -49 -50 -25 -12 
RSSI :-110 
Input angle :317
Zaxis angle :29 
minval :0 

minval :0 



-23 0 1 -24 23 3 -6 23 -21 -9 10 -21 21 11 -13 19 
-16 37 18 -46 -14 -66 -49 -10 -29 -68 -53 99 56 -38 4 -24 
-1 -41 2 50 40 54 49 -11 55 50 4 -112 -37 57 6 23 
18 37 -21 -44 -58 -33 -41 29 -71 -22 40 105 6 -68 -15 -19 
-30 -27 38 31 67 1 24 -44 74 -8 -77 -82 19 64 21 11 
40 9 -48 -12 -63 23 -5 -98 55 9 
RSSI :-110 
Input angle :315
Zaxis angle :29 
minval :0 

minval :0 



32 0 -2 32 -32 -4 7 -31 31 9 -11 30 -29 -14 16 -27 
18 -92 1 92 44 87 96 -13 65 75 15 -103 -63 76 -3 33 
17 92 -39 -83 -79 -57 -84 48 -90 -42 27 101 24 -96 -11 -31 
-57 -74 70 59 95 20 55 -80 99 1 -66 -81 18 97 23 24 
83 42 -88 -27 -95 19 -14 96 -92 39 94 44 -57 -81 -31 -12 
-93 -6 92 -11 80 -55 45 82 82 -36 
RSSI :-110 
Input angle :315
Zaxis angle :32 
minval :0 

minval :0 



-5 13 -12 -6 8 -12 11 9 -9 11 -9 -10 11 -8 7 12 
24 9 -23 -6 -28 1 -4 35 -41 10 56 34 -17 -38 -12 -8 
-25 2 24 -3 24 -12 -9 -34 34 -25 -66 -6 33 26 15 1 
22 -13 -20 13 -16 22 22 27 -21 37 63 -19 -40 -11 -14 3 
-15 20 13 -20 5 -27 -32 -14 3 -42 -49 44 41 -5 11 -10 
5 -25 -3 24 5 27 109 80 53 20 
RSSI :-110 
Input angle :315
Zaxis angle :29 
minval :0 

minval :0 



-23 -19 20 -22 20 22 -24 18 -16 -26 27 -13 10 28 -28 8 
-35 22 46 -24 39 -48 -35 -52 41 -69 -107 33 76 25 25 -18 
22 -35 -32 41 -16 59 52 35 -6 81 85 -73 -81 9 -13 28 
-5 42 11 -51 -11 -60 -63 -9 -27 -76 -45 102 68 -43 1 -32 
-12 -40 11 51 34 51 61 -16 58 55 0 -112 -47 66 11 29 
26 32 -29 -42 -51 -33 -49 -34 115 -8 
RSSI :-110 
Input angle :315
Zaxis angle :25 
minval :0 

minval :0 



17 6 -8 16 -15 -10 11 -14 13 12 -13 12 -11 -15 15 -9 
5 -18 -13 29 4 34 36 10 11 47 45 -48 -38 15 -10 16 
2 19 0 -32 -18 -29 -36 6 -29 -38 -20 62 28 -29 3 -18 
-10 -16 13 29 28 21 30 -21 41 25 -7 -65 -13 38 4 18 
16 10 -23 -22 -34 -7 -19 31 -48 -5 33 56 -3 -40 -11 -15 
-19 -3 30 10 34 -8 109 -63 -1 -10 
RSSI :-110 
Input angle :315
Zaxis angle :29 
minval :0 

minval :0 



23 -23 20 25 -27 19 -18 -28 29 -15 13 30 -32 8 -5 -32 
-31 -24 40 40 64 27 52 -46 75 36 -48 -114 -9 82 20 27 
38 9 -53 -20 -70 0 -30 62 -84 -1 90 85 -27 -78 -29 -17 
-39 8 56 -4 63 -29 -1 -70 77 -34 -117 -38 54 62 33 3 
32 -23 -49 27 -46 52 27 64 -56 61 123 -14 -76 -32 -32 10 
-20 33 36 -43 22 -66 100 80 -33 -21 
RSSI :-110 
Input angle :317
Zaxis angle :20 
minval :0 

minval :0 



9 32 -32 5 -3 -33 33 -1 -2 33 -33 -5 7 -33 31 10 
17 20 -45 -1 -54 7 -13 61 -68 16 106 70 -38 -66 -34 3 
-23 -11 41 -18 45 -31 -13 -61 54 -43 -125 -22 64 41 29 -17 
26 1 -32 31 -28 47 36 51 -33 61 121 -34 -75 -12 -21 27 
-24 10 16 -42 8 -54 -54 -31 5 -69 -99 79 74 -19 7 -33 
18 -18 3 44 15 53 81 80 21 17 
RSSI :-110 
Input angle :315
Zaxis angle :41 
minval :0 

minval :0 



12 -27 27 15 -16 26 -24 -18 20 -22 21 22 -23 19 -17 -25 
-45 0 51 11 62 -12 12 -63 86 -21 -97 -54 39 62 26 17 
43 -17 -51 9 -51 37 16 62 -69 55 111 2 -62 -39 -31 -4 
-31 33 43 -29 33 -54 -41 -50 40 -79 -105 38 73 13 30 -8 
15 -43 -25 45 -8 63 56 31 -2 88 77 -80 -72 17 -24 19 
3 45 6 -52 -20 -60 115 -81 91 -21 
RSSI :-110 
Input angle :316
Zaxis angle :29 
minval :0 

minval :0 



-20 -7 8 -20 19 10 -12 18 -17 -13 14 -16 14 16 -18 12 
-14 29 19 -40 3 -50 -60 -28 6 -79 -80 75 72 -22 11 -20 
0 -32 -1 45 16 47 66 1 27 73 43 -100 -57 49 -1 23 
13 29 -19 -40 -35 -35 -60 28 -55 -55 2 110 34 -67 -7 -22 
-23 -22 33 29 47 17 45 -47 72 30 -46 -100 -2 76 16 16 
31 9 -43 -12 -50 2 -60 126 7 1 
RSSI :-110 
Input angle :315
Zaxis angle :32 
minval :0 

minval :0 



26 0 -1 26 -26 -3 5 -26 25 7 -9 24 -24 -12 14 -22 
0 -35 0 46 19 51 65 -1 29 79 41 -105 -59 50 -5 27 
11 33 -14 -43 -38 -38 -57 29 -63 -57 9 112 32 -71 -6 -27 
-26 -24 32 32 51 17 40 -50 80 27 -54 -99 -1 78 18 20 
33 11 -42 -17 -54 3 -20 61 -85 5 88 70 -31 -71 -24 -13 
-35 1 45 -3 49 -25 35 -79 -124 -12 
RSSI :-110 
Input angle :315
Zaxis angle :36 
minval :0 

minval :0 



-22 0 1 -22 22 3 -5 22 -21 -6 8 -21 20 10 -10 19 
15 45 -5 -37 -33 -43 -58 24 -52 -65 -2 98 35 -53 3 -23 
-30 -37 19 32 48 26 44 -45 74 38 -33 -92 -12 63 7 23 
43 20 -30 -22 -54 -5 -22 59 -83 -7 71 67 -15 -62 -15 -18 
-47 -2 37 7 52 -18 -4 -63 78 -27 -91 -35 39 51 21 10 
44 -17 -36 10 -39 38 19 127 17 15 
RSSI :-110 
Input angle :315
Zaxis angle :36 
minval :0 

minval :0 



27 -23 21 29 -30 17 -14 -32 33 -12 10 34 -35 7 -3 -35 
-25 -63 42 63 75 55 72 -68 87 47 -41 -94 -19 96 17 32 
47 48 -64 -40 -91 -18 -35 92 -99 -4 74 71 -19 -96 -30 -21 
-63 -20 75 10 91 -19 -6 -99 93 -33 -98 -30 58 80 36 7 
67 -3 -73 18 -73 57 40 90 -74 65 103 -7 -85 -49 -36 7 
-60 30 58 -49 45 -82 27 -31 -97 -47 
RSSI :-110 
Input angle :315
Zaxis angle :32 
minval :0 

minval :0 



8 -29 29 11 -14 27 -26 -16 18 -25 23 20 -21 21 -18 -24 
-41 1 44 12 55 -13 2 -67 86 -15 -91 -53 31 65 28 15 
38 -17 -45 7 -45 34 24 63 -68 54 104 18 -55 -47 -31 -2 
-28 30 40 -22 26 -50 -47 -48 42 -76 -102 29 69 21 30 -9 
13 -39 -26 37 -7 56 63 24 -10 86 81 -68 -72 11 -21 23 
4 41 8 -44 -18 -53 -118 31 37 -21 
RSSI :-110 
Input angle :313
Zaxis angle :25 
minval :0 

minval :0 



-21 19 -17 -22 23 -16 13 25 -26 11 -9 -27 28 -6 4 28 
36 19 -29 -31 -52 -17 -31 55 -89 -21 57 82 0 -69 -16 -25 
-41 -1 39 16 55 -8 2 -64 88 -23 -86 -52 29 63 25 15 
38 -15 -43 0 -45 31 21 60 -75 53 99 16 -53 -45 -29 -4 
-28 30 39 -18 32 -44 -46 -44 45 -80 -96 27 66 19 28 -9 
15 -38 -27 32 -11 54 -38 127 11 23 
RSSI :-110 
Input angle :315
Zaxis angle :29 
minval :0 

minval :0 



16 -14 13 17 -18 11 -8 -20 20 -7 5 21 -21 4 -2 -21 
-38 -31 26 31 52 11 32 -61 91 23 -54 -89 2 67 11 19 
48 10 -37 -15 -53 13 -3 65 -93 20 84 61 -26 -61 -18 -13 
-49 9 40 -1 44 -32 -23 -64 76 -55 -102 -24 50 45 22 5 
40 -28 -37 16 -28 46 45 51 -48 80 102 -22 -62 -24 -22 3 
-27 41 27 -29 6 -54 39 -96 47 -24 
RSSI :-110 
Input angle :313
Zaxis angle :29 
minval :0 

minval :0 



-22 18 -16 -23 25 -14 11 25 -26 9 -6 -27 27 -4 2 28 
14 30 -21 -41 -46 -28 -50 46 -77 -38 22 108 19 -72 -13 -26 
-25 -22 37 27 53 3 24 -64 86 1 -66 -88 10 74 23 17 
32 8 -45 -10 -51 15 0 68 -80 32 98 52 -41 -63 -28 -6 
-33 2 45 -7 42 -34 -31 -61 61 -61 -110 -12 62 42 29 -5 
28 -16 -38 25 -21 49 -121 95 80 20 
RSSI :-110 
Input angle :315
Zaxis angle :32 
minval :0 

minval :0 



24 -5 3 24 -25 1 1 -25 24 3 -6 24 -24 -8 9 -22 
-16 -38 6 44 31 44 59 -27 56 60 10 -106 -44 59 0 26 
30 28 -24 -37 -47 -26 -43 49 -75 -32 36 100 18 -71 -11 -23 
-40 -13 37 24 54 4 18 -63 82 -2 -70 -79 13 72 19 17 
41 -5 -43 -9 -51 16 8 64 -75 32 96 46 -40 -61 -25 -6 
-36 21 42 -11 39 -37 -42 0 42 -16 
RSSI :-110 
Input angle :315
Zaxis angle :25 
minval :0 

minval :0 



7 24 -25 5 -3 -26 26 -1 0 26 -26 -3 5 -25 25 7 
41 -18 -45 8 -39 39 33 57 -53 65 102 -3 -65 -32 -26 4 
-30 34 37 -27 21 -51 -52 -40 26 -79 -93 41 73 5 22 -14 
16 -43 -24 39 2 55 64 15 9 83 67 -77 -68 25 -15 22 
3 45 4 -45 -26 -48 -65 13 -44 -71 -30 97 50 -53 3 -27 
-22 -40 14 43 44 32 12 1 -95 12 
RSSI :-110 
Input angle :315
Zaxis angle :29 
minval :0 

minval :0 



22 14 -16 20 -19 -17 19 -17 15 21 -22 13 -12 -23 24 -10 
18 -44 -25 37 0 52 63 13 7 79 64 -76 -67 27 -18 19 
1 48 7 -45 -21 -48 -63 13 -43 -66 -25 97 51 -51 7 -26 
-19 -44 11 44 39 34 52 -38 66 44 -16 -99 -23 69 2 27 
36 31 -27 -36 -50 -15 -30 57 -78 -13 58 81 -2 -73 -12 -23 
-45 -15 40 21 52 -8 55 113 64 -5 
RSSI :-110 
Input angle :315
Zaxis angle :25 
minval :0 

minval :0 



7 -31 31 10 -12 30 -29 -13 16 -27 26 19 -21 24 -22 -23 
-83 -28 62 26 93 -22 -12 -98 95 -32 -99 -25 52 84 31 12 
88 -5 -67 1 -73 62 48 86 -75 66 102 -11 -84 -53 -33 2 
-77 42 59 -32 42 -86 -81 -56 38 -93 -88 53 98 15 30 -15 
53 -70 -45 50 -2 96 97 21 0 100 61 -83 -96 26 -22 25 
-22 85 21 -64 -32 -90 -92 -18 102 -46 
RSSI :-110 
Input angle :315
Zaxis angle :32 
minval :0 

minval :0 



-38 16 -12 -39 40 -10 7 40 -41 3 0 -41 41 3 -6 40 
39 69 -24 -75 -76 -57 -71 70 -87 -52 33 99 27 -97 -11 -40 
-63 -48 52 59 94 19 36 -93 101 11 -71 -77 15 100 27 32 
76 21 -71 -33 -94 18 4 100 -96 34 97 41 -55 -83 -38 -18 
-77 19 79 0 78 -55 -46 -88 76 -68 -105 3 83 57 42 0 
65 -45 -72 32 -46 84 -65 62 56 47 
RSSI :-110 
Input angle :315
Zaxis angle :25 
minval :0 

minval :0 



17 21 -22 15 -12 -23 24 -11 10 25 -26 7 -4 -26 26 -2 
50 -68 -49 55 -14 88 90 37 2 98 63 -80 -93 21 -24 13 
-18 82 21 -71 -25 -85 -98 3 -34 -92 -28 98 77 -56 16 -22 
-16 -83 9 73 55 69 86 -45 72 66 -21 -100 -44 85 -4 28 
51 66 -37 -64 -80 -39 -65 73 -92 -33 54 86 7 -96 -6 -27 
-72 -42 61 42 89 1 15 83 -107 -6 
RSSI :-110 
Input angle :315
Zaxis angle :25 
minval :0 

minval :0 



-21 12 -10 -22 23 -8 6 24 -24 3 -1 -25 24 0 -1 24 
29 31 -18 -36 -50 -32 -38 50 -75 -37 36 96 10 -67 -6 -25 
-41 -16 31 26 59 8 14 -62 84 -1 -76 -68 18 65 17 19 
44 0 -39 -11 -57 16 10 62 -77 33 96 36 -46 -50 -23 -9 
-39 18 41 -6 45 -39 -36 -51 57 -62 -102 14 61 30 26 0 
29 -32 -33 23 -26 53 -110 -49 -12 19 
RSSI :-110 
Input angle :316
Zaxis angle :25 
minval :0 

minval :0 



23 1 -3 23 -23 -4 6 -22 21 8 -10 21 -19 -12 14 -18 
-12 -44 -1 39 26 52 57 -28 46 67 12 -102 -39 56 -4 24 
28 35 -14 -36 -45 -37 -39 50 -69 -43 35 96 13 -68 -5 -23 
-40 -20 29 26 56 13 18 -61 81 7 -71 -74 18 66 14 19 
45 1 -37 -12 -58 8 9 63 -78 25 96 36 -42 -53 -21 -10 
-41 17 39 -4 48 -32 -7 -32 0 -14 
RSSI :-110 
Input angle :317
Zaxis angle :32 
minval :0 

minval :0 



-21 -13 15 -20 19 17 -19 17 -15 -20 21 -14 12 22 -22 10 
-11 40 22 -34 4 -59 -65 -6 -1 -85 -67 81 68 -23 18 -19 
-3 -41 -7 40 20 56 63 -18 38 75 27 -102 -50 50 -8 25 
20 36 -11 -39 -41 -43 -52 41 -66 -53 14 105 29 -66 -1 -27 
-33 -25 25 33 56 23 31 -57 82 23 -55 -90 2 72 12 23 
40 10 -35 -20 -60 0 -84 94 22 3 
RSSI :-110 
Input angle :317
Zaxis angle :29 
minval :0 

minval :0 



12 20 -22 10 -8 -23 23 -6 5 23 -24 3 -1 -24 24 0 
33 -23 -37 18 -35 49 51 46 -39 77 104 -36 -71 -15 -23 10 
-19 34 27 -31 13 -60 -66 -16 5 -86 -80 77 70 -16 17 -17 
4 -40 -10 39 14 59 68 -7 30 81 43 -102 -58 42 -9 23 
11 38 -3 -41 -35 -49 -59 34 -60 -62 0 110 35 -63 -1 -25 
-26 -30 21 35 53 31 70 -95 17 8 
RSSI :-110 
Input angle :317
Zaxis angle :25 
minval :0 

minval :0 



-33 -15 19 -31 29 22 -25 26 -25 -26 28 -24 21 30 -30 19 
-36 74 36 -69 -2 -95 -99 -7 -24 -96 -49 90 86 -45 21 -31 
0 -82 -6 78 41 85 92 -35 58 80 7 -102 -60 76 -6 37 
31 76 -24 -74 -72 -61 -73 66 -85 -50 35 96 26 -94 -7 -37 
-56 -59 51 59 91 27 38 -91 99 7 -71 -73 16 96 23 30 
77 30 -73 -27 -94 12 2 -99 55 14 
RSSI :-110 
Input angle :317
Zaxis angle :25 
minval :0 

minval :0 



-3 35 -34 -6 9 -33 32 13 -16 31 -30 -18 20 -29 27 22 
85 10 -76 -9 -88 33 29 95 -84 51 103 16 -69 -70 -34 -10 
-81 27 74 -21 67 -65 -66 -74 57 -81 -101 25 91 35 35 -4 
63 -58 -56 52 -33 87 93 35 -17 97 80 -67 -98 10 -30 19 
-34 79 30 -71 -4 -94 -99 0 -23 -96 -46 93 86 -47 20 -29 
0 -86 0 77 44 82 -23 113 -117 39 
RSSI :-110 
Input angle :317
Zaxis angle :25 
minval :0 

minval :0 



33 -5 3 33 -33 0 3 -33 32 6 -9 32 -31 -12 15 -29 
-19 -84 12 73 56 74 82 -54 72 67 -18 -100 -43 86 0 34 
50 70 -41 -62 -82 -44 -51 84 -92 -35 56 86 5 -96 -13 -32 
-74 -43 62 41 93 8 17 -97 98 -5 -85 -55 33 91 24 24 
85 9 -73 -12 -89 27 27 94 -87 46 101 15 -68 -68 -32 -12 
-82 26 72 -19 69 -62 -27 -15 -13 -40 
RSSI :-110 
Input angle :317
Zaxis angle :25 
minval :0 

minval :0 



-18 28 -26 -20 23 -24 22 25 -26 20 -19 -27 29 -16 14 30 
77 36 -61 -40 -94 -5 -16 97 -98 8 88 51 -40 -88 -25 -24 
-86 1 72 11 87 -36 -27 -94 85 -50 -102 -8 70 67 33 11 
79 -32 -70 21 -63 69 64 74 -56 81 96 -34 -92 -29 -35 3 
-57 63 58 -45 33 -88 -87 -46 20 -96 -76 68 97 -5 30 -17 
29 -80 -33 66 5 94 -90 -112 -119 48 
RSSI :-110 
Input angle :316
Zaxis angle :25 
minval :0 

minval :0 



33 0 -2 33 -33 -5 8 -32 31 11 -13 30 -28 -16 18 -27 
-12 -85 2 74 50 80 89 -43 62 78 -3 -104 -51 84 -4 34 
46 72 -33 -65 -77 -55 -64 76 -90 -43 49 92 13 -97 -7 -33 
-73 -45 56 47 93 15 25 -96 100 3 -82 -63 28 94 20 26 
84 14 -71 -19 -92 23 17 98 -92 37 101 24 -65 -73 -30 -15 
-82 25 72 -11 74 -59 55 2 23 -36 
RSSI :-110 
Input angle :315
Zaxis angle :25 
minval :0 

minval :0 



-4 -34 34 -1 -1 35 -34 -4 6 -33 33 10 -13 31 -30 -16 
-82 22 73 -15 73 -60 -54 -82 69 -71 -101 16 89 38 36 1 
67 -52 -62 41 -41 85 84 52 -29 94 84 -59 -97 3 -33 14 
-35 78 39 -63 2 -94 -97 -15 -8 -98 -51 88 90 -36 24 -26 
5 -85 -10 74 33 88 95 -26 46 87 11 -102 -61 75 -12 34 
34 78 -19 -72 -69 -64 102 61 34 -28 
RSSI :-110 
Input angle :317
Zaxis angle :32 
minval :0 

minval :0 



-29 21 -19 -31 32 -16 13 34 -35 11 -8 -36 36 -5 2 36 
60 60 -47 -60 -88 -38 -48 87 -96 -26 66 80 -6 -99 -19 -32 
-81 -26 68 34 96 0 5 -100 98 -18 -93 -48 46 87 30 22 
85 -3 -76 -5 -87 38 33 94 -82 56 104 12 -76 -62 -36 -9 
-76 39 71 -26 62 -72 -70 -71 56 -82 -99 32 95 26 37 -6 
53 -67 -54 53 -29 91 -122 -65 40 50 
RSSI :-110 
Input angle :317
Zaxis angle :25 
minval :0 

minval :0 



23 -31 29 25 -28 27 -23 -31 33 -20 17 35 -36 14 -11 -36 
-74 -40 63 46 96 10 18 -97 99 -3 -83 -59 32 92 27 29 
84 6 -76 -17 -91 31 22 96 -89 44 100 19 -68 -70 -37 -14 
-79 29 77 -10 71 -65 -58 -80 64 -76 -101 19 91 35 40 0 
59 -60 -65 43 -38 88 86 49 -28 95 82 -62 -98 4 -36 17 
-26 80 39 -68 1 -96 -120 31 100 -50 
RSSI :-110 
Input angle :315
Zaxis angle :25 
minval :0 

minval :0 



-32 -22 25 -31 28 27 -30 26 -23 -31 33 -20 17 35 -36 14 
-27 80 43 -66 0 -96 -98 -10 -14 -99 -54 87 87 -43 27 -30 
-4 -84 -13 77 37 89 93 -32 49 86 11 -102 -63 74 -13 38 
40 74 -22 -75 -70 -66 -73 67 -83 -54 32 97 23 -95 -3 -40 
-67 -51 50 60 91 29 45 -88 98 17 -67 -78 11 97 20 35 
82 21 -69 -36 -96 5 -15 -4 5 12 
RSSI :-110 
Input angle :317
Zaxis angle :25 
minval :0 

minval :0 



-40 -5 9 -39 38 13 -16 37 -36 -18 21 -34 32 24 -26 30 
4 85 15 -77 -33 -91 -96 29 -49 -88 -17 103 68 -72 13 -39 
-34 -77 14 77 67 70 76 -65 79 62 -26 -101 -36 92 3 41 
64 56 -47 -63 -91 -34 -44 90 -97 -25 67 81 -8 -99 -22 -35 
-82 -21 68 39 97 -1 2 -100 99 -15 -92 -50 45 88 32 25 
84 -11 -78 -9 -85 47 111 109 90 30 
RSSI :-110 
Input angle :315
Zaxis angle :25 
minval :0 

minval :0 



-23 33 -31 -26 29 -28 25 32 -34 22 -20 -35 37 -17 14 38 
75 37 -59 -53 -96 -12 -20 98 -100 -4 82 64 -32 -94 -28 -30 
-84 -1 76 22 93 -27 -17 -99 90 -44 -102 -26 69 72 38 14 
77 -33 -78 12 -73 64 59 81 -66 76 103 -20 -91 -38 -41 2 
-59 60 68 -41 41 -88 -87 -50 31 -96 -86 60 99 -4 36 -18 
26 -80 -45 66 -3 97 100 -112 75 50 
RSSI :-110 
Input angle :315
Zaxis angle :25 
minval :0 

minval :0 



18 36 -37 15 -12 -38 39 -8 5 40 -40 2 1 -40 39 5 
66 -50 -72 30 -53 81 80 58 -43 90 91 -48 -97 -14 -39 13 
-41 72 52 -59 13 -96 -96 -23 0 -100 -62 82 93 -31 29 -29 
5 -83 -25 75 28 92 96 -22 45 89 24 -100 -71 67 -15 38 
31 76 -10 -78 -61 -74 -79 59 -77 -63 17 101 38 -90 -1 -41 
-58 -58 39 68 87 41 -1 -62 2 14 
RSSI :-110 
Input angle :317
Zaxis angle :25 
minval :0 

minval :0 



31 -28 25 33 -35 22 -18 -37 39 -16 12 40 -41 8 -5 -41 
-61 -54 47 62 89 36 39 -91 98 17 -64 -81 10 97 23 36 
79 22 -68 -38 -96 5 0 98 -98 19 92 44 -44 -87 -36 -23 
-81 10 78 7 85 -46 -38 -91 80 -59 -103 -7 77 59 43 7 
69 -44 -75 21 -61 75 74 65 -49 87 96 -37 -95 -21 -42 10 
-44 69 57 -53 21 -94 58 -32 19 -50 
RSSI :-110 
Input angle :317
Zaxis angle :29 
minval :0 

minval :0 



-14 -16 16 -12 10 17 -19 9 -7 -20 20 -5 4 20 -21 2 
-29 31 34 -22 25 -51 -58 -28 24 -75 -89 50 66 -1 19 -10 
11 -40 -20 35 0 56 65 2 8 79 59 -83 -60 26 -12 19 
4 42 6 -40 -22 -52 -60 23 -39 -68 -18 101 44 -48 5 -21 
-21 -36 10 39 41 39 47 -44 64 46 -26 -98 -19 63 4 21 
33 25 -24 -32 -53 -21 -58 62 -33 -5 
RSSI :-110 
Input angle :317
Zaxis angle :29 
minval :0 

minval :0 



-38 17 -13 -39 40 -8 5 41 -41 2 1 -41 41 4 -8 40 
40 72 -19 -76 -71 -65 -67 72 -85 -52 32 98 25 -94 -9 -41 
-67 -47 51 60 91 31 34 -92 98 17 -68 -77 11 97 25 34 
81 17 -70 -36 -96 9 7 98 -96 26 94 41 -52 -83 -36 -22 
-81 17 79 6 83 -49 -46 -87 78 -61 -103 -3 82 53 42 4 
66 -49 -75 26 -59 76 -73 126 -87 45 
RSSI :-110 
Input angle :317
Zaxis angle :25 
minval :0 

minval :0 



-5 20 -20 -7 9 -19 19 10 -12 17 -16 -13 15 -15 14 16 
42 6 -37 -15 -56 7 8 62 -75 22 90 47 -34 -56 -19 -9 
-41 11 40 0 49 -29 -30 -55 60 -49 -101 -6 54 37 22 1 
34 -25 -37 16 -31 48 52 34 -35 70 94 -38 -65 -12 -20 9 
-18 38 26 -31 9 -57 -62 -11 1 -78 -71 72 64 -17 15 -15 
2 -42 -13 39 14 55 122 -16 95 18 
RSSI :-110 
Input angle :284
Zaxis angle :25 
minval :0 

minval :0 



41 0 -2 41 -41 -6 10 -40 39 14 -18 37 -35 -20 23 -34 
-8 -83 -10 79 44 87 89 -44 59 81 7 -104 -62 78 -5 42 
46 70 -24 -76 -76 -60 -64 75 -86 -52 36 98 27 -96 -11 -40 
-68 -48 51 61 93 27 25 -96 100 9 -73 -75 16 98 27 32 
83 14 -73 -33 -96 14 12 98 -95 33 97 40 -53 -84 -37 -20 
-82 17 78 4 82 -51 113 18 124 -33 
RSSI :-110 
Input angle :317
Zaxis angle :25 
minval :0 

minval :0 



7 -40 39 10 -15 38 -37 -17 20 -35 34 23 -25 31 -29 -28 
-82 -7 72 29 93 -25 -23 -95 92 -38 -99 -26 63 74 39 14 
78 -27 -78 6 -75 60 61 77 -66 74 102 -14 -89 -41 -42 1 
-60 57 69 -36 45 -85 -89 -42 26 -96 -85 57 97 3 37 -19 
32 -76 -48 61 -8 96 98 7 11 99 55 -86 -91 35 -25 33 
0 82 19 -76 -33 -91 91 -2 56 -43 
RSSI :-110 
Input angle :317
Zaxis angle :25 
minval :0 

minval :0 



-40 0 4 -40 39 7 -10 38 -37 -13 16 -36 34 20 -22 32 
4 83 16 -76 -37 -89 -93 35 -57 -83 -10 104 62 -77 8 -40 
-38 -73 15 76 71 65 71 -69 88 49 -33 -99 -25 96 7 40 
64 52 -45 -63 -92 -29 -32 94 -100 -12 70 77 -11 -99 -24 -32 
-79 -22 68 39 96 -7 -7 -99 96 -27 -94 -46 51 85 34 21 
81 -15 -78 -8 -84 48 -93 -83 71 34 
RSSI :-110 
Input angle :317
Zaxis angle :20 
minval :0 

minval :0 



14 37 -38 11 -9 -39 39 -6 2 39 -40 0 3 -40 39 6 
71 -39 -73 20 -62 74 75 66 -52 86 97 -38 -96 -24 -39 10 
-47 66 59 -49 27 -92 -93 -36 11 -100 -77 71 97 -18 32 -24 
18 -79 -34 68 14 95 99 -10 30 96 39 -97 -82 56 -19 36 
16 80 4 -77 -51 -81 -87 48 -67 -75 3 104 50 -86 2 -41 
-48 -65 29 70 79 54 -30 -30 -53 21 
RSSI :-110 
Input angle :317
Zaxis angle :29 
minval :0 

minval :0 



39 0 -4 39 -38 -7 10 -38 37 13 -17 35 -34 -20 23 -32 
-9 -80 -10 75 43 85 92 -37 61 79 4 -102 -56 79 -7 40 
41 69 -24 -72 -75 -60 -64 75 -88 -47 38 95 21 -95 -10 -39 
-66 -47 49 58 93 23 32 -93 100 4 -71 -74 18 96 25 32 
80 14 -70 -28 -94 16 9 99 -94 35 96 36 -57 -79 -36 -19 
-78 21 75 0 80 -52 73 -94 90 -35 
RSSI :-110 
Input angle :317
Zaxis angle :25 
minval :0 

minval :0 



8 -37 36 12 -16 35 -33 -19 21 -32 30 23 -26 28 -26 -27 
-81 -9 71 25 93 -24 -13 -99 93 -39 -100 -28 64 76 36 16 
78 -23 -75 6 -74 61 54 84 -71 71 104 -11 -90 -39 -39 -1 
-61 53 67 -35 45 -85 -83 -55 33 -95 -90 53 99 3 35 -15 
33 -74 -46 60 -4 96 98 17 10 100 59 -87 -91 38 -26 28 
-3 82 17 -74 -33 -90 120 -114 105 -45 
RSSI :-110 
Input angle :317
Zaxis angle :29 
minval :0 

minval :0 



-21 -31 33 -18 15 34 -36 12 -9 -37 37 -7 3 38 -38 0 
-62 54 63 -40 40 -87 -83 -53 28 -95 -85 57 98 0 35 -16 
30 -76 -42 62 1 95 98 15 13 99 51 -89 -88 43 -26 29 
-2 82 14 -73 -41 -86 -95 27 -52 -85 -9 102 60 -77 10 -38 
-34 -74 19 72 69 65 77 -61 82 56 -30 -98 -28 94 4 39 
61 54 -46 -59 -90 -31 -23 108 -102 -10 
RSSI :-110 
Input angle :316
Zaxis angle :25 
minval :0 

minval :0 



-1 37 -36 -5 9 -36 35 12 -14 34 -33 -17 19 -31 29 22 
85 -12 -78 -3 -86 44 31 96 -84 55 105 6 -79 -61 -37 -9 
-73 44 74 -25 61 -75 -66 -75 53 -85 -99 35 98 21 37 -7 
50 -70 -56 54 -25 93 91 41 -15 99 76 -72 -98 19 -31 20 
-17 84 26 -73 -18 -95 -100 -1 -27 -97 -38 97 81 -58 20 -31 
-17 -85 3 78 51 82 13 -94 76 38 
RSSI :-110 
Input angle :315
Zaxis angle :29 
minval :0 

minval :0 



35 9 -12 34 -33 -15 17 -32 30 20 -23 28 -27 -25 27 -24 
6 -87 -18 78 25 94 100 -10 37 93 26 -102 -74 67 -17 33 
30 82 -14 -78 -63 -74 -87 49 -72 -70 14 104 36 -93 0 -37 
-63 -61 43 66 87 43 60 -80 92 39 -55 -89 2 100 13 35 
82 31 -68 -41 -98 1 -18 99 -100 7 89 56 -43 -90 -28 -24 
-87 5 79 10 90 -38 -46 -46 126 -24 
RSSI :-110 
Input angle :316
Zaxis angle :25 
minval :0 

minval :0 



33 -17 14 34 -36 12 -9 -36 37 -5 1 37 -37 -1 4 -37 
-61 -65 43 68 85 46 60 -78 92 39 -52 -88 -1 99 13 36 
82 34 -68 -44 -97 -6 -25 96 -100 1 85 57 -39 -90 -25 -29 
-89 0 80 13 91 -34 -17 -97 89 -44 -102 -10 74 65 36 15 
80 -38 -78 21 -71 66 56 82 -64 76 100 -24 -94 -29 -39 0 
-57 68 63 -50 35 -91 -26 -112 -74 -49 
RSSI :-110 
Input angle :318
Zaxis angle :25 
minval :0 

minval :0 



40 -4 1 40 -41 0 6 -40 39 9 -12 38 -37 -16 19 -35 
-38 -82 18 81 64 73 85 -50 75 65 -23 -100 -31 93 -1 41 
69 59 -50 -66 -91 -35 -56 81 -94 -32 58 85 -7 -99 -15 -39 
-87 -25 74 38 97 0 17 -98 100 -8 -88 -53 48 86 30 29 
89 -18 -83 -3 -88 42 21 97 -84 53 103 9 -77 -61 -39 -15 
-76 49 78 -29 66 -72 -49 81 43 -41 
RSSI :-110 
Input angle :316
Zaxis angle :29 
minval :0 

minval :0 



-9 -41 41 -5 1 42 -42 -2 4 -42 42 7 -11 41 -39 -14 
-77 48 81 -26 70 -69 -60 -80 58 -82 -101 29 98 22 43 -4 
49 -77 -59 60 -29 93 89 46 -19 99 77 -71 -98 20 -37 21 
-14 90 30 -80 -14 -97 -99 -11 -22 -98 -43 96 81 -59 26 -34 
-23 -88 3 85 49 85 93 -35 59 81 2 -105 -49 88 -9 42 
60 69 -36 -77 -81 -55 56 -67 88 -25 
RSSI :-110 
Input angle :317
Zaxis angle :32 
minval :0 

minval :0 



-39 -13 17 -37 36 20 -23 34 -32 -25 28 -30 28 30 -31 25 
0 90 16 -83 -33 -92 -98 12 -43 -90 -19 101 66 -73 17 -38 
-42 -80 20 82 65 72 85 -50 72 69 -27 -99 -35 92 -2 42 
70 57 -49 -69 -90 -37 -55 81 -95 -28 60 83 -7 -98 -15 -39 
-87 -25 74 41 97 -2 20 -97 99 -12 -88 -54 42 89 30 29 
89 -15 -84 -8 -89 40 65 61 -91 24 
RSSI :-110 
Input angle :316
Zaxis angle :25 
minval :0 

minval :0 



27 24 -26 25 -23 -28 30 -21 18 32 -33 15 -12 -34 35 -9 
37 -81 -45 68 -8 96 94 31 -1 100 62 -81 -92 34 -29 24 
0 90 14 -81 -27 -93 -98 15 -38 -92 -22 100 69 -70 17 -34 
-36 -82 19 80 67 70 82 -54 75 66 -22 -101 -32 93 0 38 
67 59 -55 -61 -90 -34 -52 84 -94 -31 60 83 -4 -98 -13 -35 
-84 -29 72 38 97 -2 28 -93 17 -6 
RSSI :-110 
Input angle :283
Zaxis angle :20 
minval :0 

minval :0 



23 -26 23 27 -28 20 -18 -29 31 -15 13 32 -33 11 -9 -33 
-80 -40 68 45 96 13 25 -96 100 1 -84 -62 34 94 22 28 
89 3 -81 -14 -92 29 11 99 -92 38 102 22 -68 -73 -32 -16 
-83 34 79 -19 70 -67 -55 -83 70 -72 -103 20 93 36 36 1 
61 -65 -65 49 -40 88 82 57 -34 94 83 -63 -100 8 -33 14 
-25 86 34 -74 -3 -97 -74 -97 -2 -51 
RSSI :-110 
Input angle :316
Zaxis angle :29 
minval :0 

minval :0 



-11 -32 33 -9 6 34 -34 3 0 -34 34 3 -6 34 -33 -8 
-72 51 71 -36 56 -78 -68 -71 47 -87 -92 44 97 14 35 -6 
45 -76 -51 61 -19 94 93 31 -10 99 67 -77 -95 24 -30 19 
-14 87 23 -77 -18 -95 -98 6 -32 -94 -29 98 77 -60 19 -30 
-25 -84 13 79 61 74 85 -49 68 71 -17 -101 -45 87 -4 35 
59 66 -43 -68 -85 -45 40 29 119 -21 
RSSI :-110 
Input angle :315
Zaxis angle :25 
minval :0 

minval :0 



-33 10 -7 -33 34 -4 0 34 -34 -1 4 -34 33 8 -10 32 
48 75 -33 -74 -77 -57 -73 67 -84 -54 37 97 17 -98 -4 -34 
-74 -49 61 53 94 18 39 -91 99 14 -74 -73 26 96 18 29 
87 15 -77 -23 -95 17 5 99 -97 24 98 36 -60 -80 -28 -19 
-86 19 81 -7 80 -53 -45 -88 75 -65 -104 7 87 49 34 7 
68 -56 -69 43 -53 80 -95 30 -88 45 
RSSI :-110 
Input angle :317
Zaxis angle :29 
minval :0 

minval :0 



-5 33 -33 -8 10 -32 31 13 -16 29 -28 -18 21 -26 24 23 
87 -11 -80 -1 -85 43 29 94 -85 51 102 8 -78 -60 -33 -11 
-76 43 74 -30 62 -73 -64 -74 56 -82 -96 36 95 26 35 -3 
50 -72 -54 58 -26 92 88 43 -16 98 74 -72 -96 18 -30 17 
-18 86 27 -75 -12 -95 -98 1 -24 -96 -37 95 79 -59 20 -28 
-19 -86 9 79 52 80 -5 113 127 38 
RSSI :-110 
Input angle :315
Zaxis angle :25 
minval :0 

minval :0 


