
-29 -50 52 -28 23 54 -56 20 -18 -57 58 -16 11 58 -58 7 
42 -54 12 -20 4 -50 30 58 43 1 35 9 -13 -11 1 -58 
46 52 17 14 48 10 -63 18 -8 42 -15 33 12 -10 56 11 
-60 32 -16 14 -20 47 -9 -62 -41 -16 -33 -17 9 13 -20 53 
-24 -64 -10 -19 -41 -28 64 4 22 -38 26 -25 -14 4 -51 -30 
68 -10 20 -9 33 -35 34 96 -84 1 Input angle :273
Zaxis angle :0 
minval :0 

minval :0 



-84 89 -82 -88 95 -78 70 100 -104 62 -59 -104 109 -55 51 108 
-102 -65 -63 -29 -101 24 90 -52 7 -82 12 -89 -15 22 -118 29 
82 -90 40 -57 0 -100 33 103 78 19 79 26 -24 -16 1 -122 
73 99 48 50 98 20 -102 10 -33 76 -40 75 21 -18 120 22 
-110 52 -58 41 -31 95 -1 -104 -67 -44 -70 -51 16 25 -44 111 
-32 -120 -27 -63 -87 -47 28 -64 41 -2 Input angle :269
Zaxis angle :0 
minval :0 

minval :0 



79 -28 23 81 -82 20 -16 -83 84 -11 4 84 -85 0 2 -84 
34 95 57 45 58 36 -76 -23 -51 71 -34 37 48 -11 83 16 
-99 19 -55 48 -45 51 35 -72 -62 -62 -31 -39 6 48 -31 78 
1 -102 -36 -64 -43 -53 63 48 74 -46 45 -23 -48 -3 -72 -43 
100 18 68 -26 60 -33 -57 54 37 79 16 47 8 -48 54 -64 
-32 96 12 72 22 65 -84 78 66 6 Input angle :273
Zaxis angle :0 
minval :0 

minval :0 



0 -65 66 4 -6 65 -67 -9 12 -63 63 14 -20 64 -60 -21 
53 -29 20 -11 10 -36 -3 54 42 40 23 31 0 -20 33 -56 
19 57 8 22 35 18 -54 -12 -47 31 -31 20 20 3 51 41 
-59 8 -23 5 -23 32 21 -50 -20 -52 -12 -36 -5 21 -48 46 
1 -59 0 -22 -26 -28 44 31 56 -13 35 -8 -20 -7 -36 -52 
59 12 24 1 30 -22 2 -32 -93 3 Input angle :262
Zaxis angle :0 
minval :0 

minval :0 



-122 9 -3 -123 122 3 -10 119 -121 -15 23 -121 120 25 -28 116 
-22 -115 -12 -75 -66 -35 77 9 95 -63 32 -43 -56 -13 -110 -54 
114 -4 76 4 47 -62 -23 80 47 104 36 42 20 -55 71 -100 
-9 116 -15 75 55 52 -75 -37 -114 29 -47 27 51 31 85 88 
-113 -31 -75 -26 -63 42 49 -67 -9 -120 -22 -53 -43 45 -101 66 
49 -104 39 -66 -31 -70 57 16 -124 0 Input angle :266
Zaxis angle :0 
minval :0 

minval :0 



13 78 -81 7 -4 -80 81 -3 0 81 -80 -5 9 -79 80 13 
-85 46 -55 46 -14 57 16 -82 -78 -81 -37 -39 8 48 -27 77 
-32 -90 -36 -63 -52 -26 78 30 90 -67 44 -28 -47 -1 -70 -42 
95 -18 67 -26 28 -50 -44 70 46 102 23 50 8 -47 53 -60 
0 95 15 71 41 39 -64 -52 -108 30 -52 12 45 18 52 63 
-94 -15 -72 2 -47 32 -65 95 10 -28 Input angle :266
Zaxis angle :0 
minval :0 

minval :0 



66 38 -42 65 -62 -45 49 -60 57 52 -54 54 -51 -57 59 -47 
-34 104 8 74 23 66 -49 -68 -88 22 -46 7 39 18 35 68 
-96 -54 -75 -6 -70 10 76 -39 -4 -90 0 -46 -24 36 -73 23 
71 -83 19 -71 2 -70 23 82 89 13 46 7 -31 -30 -11 -76 
70 84 68 32 69 12 -84 5 -24 87 -14 44 35 -26 76 2 
-95 53 -39 62 -26 65 -70 -82 63 -10 Input angle :269
Zaxis angle :0 
minval :0 

minval :0 



-23 61 -60 -26 29 -58 57 31 -33 55 -53 -38 42 -50 48 43 
-80 -27 -60 30 -55 27 56 -59 -43 -82 -22 -42 -5 30 -52 39 
42 -73 -19 -65 -17 -60 50 65 88 -29 44 -16 -30 -10 -32 -57 
65 54 67 -7 61 -9 -74 37 13 92 5 48 15 -26 62 -20 
-65 54 -3 67 -5 61 -25 -79 -93 -6 -48 0 24 20 7 65 
-40 -75 -66 -14 -60 -15 70 112 -32 -24 Input angle :273
Zaxis angle :0 
minval :0 

minval :0 



79 31 -36 77 -76 -39 44 -73 69 50 -56 65 -61 -58 62 -58 
-40 95 7 70 23 72 -58 -70 -62 39 -61 4 35 -2 45 71 
-85 -58 -70 -2 -75 9 78 -46 -24 -69 6 -61 -1 35 -77 36 
67 -78 13 -69 0 -76 29 85 71 -14 57 18 -34 -8 -22 -82 
62 82 66 25 75 13 -89 14 -2 74 -27 55 12 -33 85 -6 
-93 47 -37 60 -26 71 -35 62 -44 -4 Input angle :269
Zaxis angle :0 
minval :0 

minval :0 



-2 59 -48 -3 9 -46 57 17 -10 53 -48 -12 14 -48 44 20 
-47 6 -34 0 -22 36 10 -42 -28 -36 -27 -29 -3 10 -23 40 
15 -67 -5 -37 -27 -41 45 36 47 -23 33 -19 -8 -5 -37 -45 
46 7 37 1 47 -13 -30 21 15 42 13 40 6 -8 46 -36 
-37 56 -16 34 17 30 -33 -30 -45 -4 -40 1 6 8 22 49 
-37 -38 -28 -19 -42 1 12 64 35 -3 Input angle :269
Zaxis angle :0 
minval :0 

minval :0 



-57 -84 89 -52 48 90 -93 42 -33 -99 102 -32 25 102 -102 21 
99 -56 53 -56 29 -96 -5 86 93 28 49 35 -29 -28 -7 -102 
34 107 46 64 90 44 -88 -16 -46 86 -43 45 29 -22 102 13 
-113 15 -71 31 -62 79 29 -86 -78 -57 -35 -48 17 36 -32 100 
-1 -111 -18 -75 -67 -73 78 48 69 -65 55 -28 -38 10 -88 -55 
106 21 79 -6 84 -51 26 64 -117 2 Input angle :275
Zaxis angle :0 
minval :0 

minval :0 



-120 -16 25 -117 117 31 -39 111 -112 -49 53 -109 106 53 -60 103 
1 -113 -18 -65 -56 -66 85 36 79 -53 60 -26 -40 0 -93 -77 
114 18 67 -4 72 -45 -53 73 41 85 18 68 4 -40 90 -76 
-39 107 -7 68 33 80 -72 -63 -90 17 -68 2 40 9 60 102 
-97 -57 -61 -22 -83 16 76 -54 -6 -94 8 -66 -18 37 -112 40 
69 -89 34 -58 0 -83 47 -80 72 0 Input angle :269
Zaxis angle :0 
minval :0 

minval :0 



104 46 -47 110 -101 -53 61 -100 100 64 -68 94 -93 -72 79 -85 
-18 116 8 72 45 70 -75 -63 -91 45 -59 9 39 1 73 90 
-110 -39 -74 -5 -74 30 76 -63 -13 -97 5 -61 -9 37 -102 53 
56 -102 16 -71 -15 -84 46 87 103 -2 61 9 -37 -13 -35 -112 
89 75 72 33 83 0 -90 34 -15 99 -25 55 21 -33 115 -14 
-85 78 -37 61 -7 81 -47 -81 32 -1 Input angle :269
Zaxis angle :0 
minval :0 

minval :0 



-107 33 -26 -107 107 -25 24 110 -111 16 -7 -109 111 -4 -4 109 
-52 -97 -53 -41 -84 -36 97 -1 56 -82 41 -48 -39 23 -107 -25 
105 -36 50 -49 53 -78 -16 97 69 69 45 49 -14 -43 43 -102 
14 110 34 61 66 61 -94 -37 -82 56 -57 29 45 -7 91 62 
-112 -10 -61 20 -76 58 52 -80 -43 -84 -22 -58 -4 41 -77 79 
33 -102 -9 -69 -34 -86 47 64 49 -1 Input angle :269
Zaxis angle :0 
minval :0 

minval :0 



-55 67 -64 -61 63 -60 59 64 -68 56 -51 -72 74 -47 42 75 
-91 -57 -54 -14 -71 11 82 -38 3 -93 5 -50 -21 31 -84 25 
74 -77 24 -51 4 -71 24 87 92 18 49 15 -27 -25 -11 -87 
63 86 48 30 71 15 -90 8 -33 86 -24 44 29 -22 88 2 
-94 50 -40 39 -25 66 8 -91 -78 -52 -39 -30 15 33 -17 86 
-31 -103 -28 -50 -60 -38 10 97 77 -17 Input angle :269
Zaxis angle :0 
minval :0 

minval :0 



94 -45 35 98 -99 30 -22 -99 103 -20 14 104 -103 6 0 -100 
67 92 49 43 81 22 -91 17 -30 98 -31 48 30 -25 101 14 
-101 51 -50 37 -35 78 2 -87 -87 -49 -41 -39 18 37 -32 95 
-34 -108 -32 -58 -72 -43 93 13 61 -78 44 -34 -39 16 -90 -49 
116 -12 66 -18 60 -61 -33 87 67 78 27 51 -11 -41 67 -78 
-4 113 11 68 51 68 -42 15 -74 1 Input angle :269
Zaxis angle :0 
minval :0 

minval :0 



6 -116 117 8 -17 113 -117 -20 30 -112 111 33 -38 112 -109 -43 
114 -19 64 -27 57 -65 -36 96 74 81 31 55 1 -44 65 -101 
-5 117 19 64 49 66 -93 -49 -96 57 -61 18 42 6 83 82 
-115 -23 -65 7 -75 43 63 -85 -34 -104 -9 -62 -15 40 -92 76 
37 -111 1 -68 -25 -77 71 80 105 -19 63 2 -38 -22 -57 -104 
101 64 68 13 85 -11 0 80 112 3 Input angle :269
Zaxis angle :0 
minval :0 

minval :0 



-98 31 -29 -98 101 -25 18 102 -103 12 -10 -103 103 -1 -2 102 
-62 -95 -50 -52 -72 -26 101 0 54 -90 44 -47 -34 20 -100 -22 
104 -43 62 -37 40 -68 -20 96 80 66 34 51 -9 -39 43 -94 
18 108 29 65 61 52 -86 -37 -79 67 -51 28 39 -2 85 58 
-111 4 -70 15 -58 47 50 -83 -54 -92 -17 -56 -4 40 -72 76 
21 -110 -2 -70 -35 -69 49 96 -11 -2 Input angle :269
Zaxis angle :0 
minval :0 

minval :0 



-107 29 -19 -110 108 -17 12 110 -111 4 1 -113 111 9 -9 109 
-45 -101 -44 -53 -77 -38 97 4 60 -81 44 -42 -39 11 -107 -36 
108 -23 63 -30 52 -67 -27 99 66 74 33 54 -3 -39 56 -95 
9 113 20 66 59 65 -88 -42 -84 54 -53 24 42 2 90 69 
-109 -16 -66 6 -76 41 59 -83 -37 -91 -17 -58 -12 42 -84 75 
29 -107 4 -66 -37 -74 48 -64 77 -1 Input angle :269
Zaxis angle :0 
minval :0 

minval :0 



92 64 -71 88 -84 -79 83 -75 69 86 -91 63 -62 -91 95 -61 
-58 93 -13 69 8 88 -47 -90 -107 -1 -66 -9 37 20 33 102 
-89 -67 -62 -25 -89 -6 93 -38 14 -108 15 -63 -27 36 -109 23 
84 -67 35 -57 20 -89 16 97 100 34 57 33 -26 -33 0 -109 
55 99 48 46 82 32 -102 0 -55 92 -42 51 39 -23 108 22 
-104 35 -57 42 -49 69 -42 -113 -48 -3 Input angle :269
Zaxis angle :0 
minval :0 

minval :0 



-31 -104 109 -26 22 106 -109 15 -9 -109 111 -6 -2 113 -109 -6 
108 -47 59 -44 39 -83 2 97 96 44 49 31 -15 -38 21 -108 
32 112 37 63 74 56 -92 -17 -60 91 -46 41 44 -8 97 45 
-117 16 -70 19 -69 65 36 -88 -71 -74 -32 -52 0 41 -60 91 
9 -116 -7 -70 -53 -74 82 45 89 -59 51 -26 -38 -4 -76 -76 
115 24 71 0 85 -35 24 112 17 3 Input angle :269
Zaxis angle :0 
minval :0 

minval :0 



-112 18 -8 -117 114 -1 -6 114 -110 -9 17 -111 107 24 -28 109 
-37 -111 -39 -53 -67 -33 101 5 58 -86 42 -36 -32 5 -105 -41 
116 -24 62 -25 46 -62 -22 96 74 72 30 45 0 -28 61 -95 
0 120 11 68 50 55 -91 -36 -87 55 -50 17 32 8 81 77 
-118 -20 -69 1 -63 36 53 -83 -38 -96 -6 -52 -13 31 -92 65 
38 -110 10 -66 -28 -70 51 -16 62 -1 Input angle :269
Zaxis angle :0 
minval :0 

minval :0 



74 33 -36 73 -71 -41 45 -68 65 48 -52 64 -63 -54 55 -59 
-14 99 -10 55 39 63 -65 -55 -86 33 -53 15 32 9 45 68 
-94 -34 -51 -21 -69 25 68 -52 -15 -90 -2 -56 -13 30 -74 35 
48 -87 30 -47 -15 -72 42 75 92 0 54 7 -26 -20 -19 -79 
78 63 41 38 74 -2 -81 29 -16 91 -20 53 24 -22 81 -5 
-76 64 -45 33 -11 73 -97 -114 88 -8 Input angle :269
Zaxis angle :0 
minval :0 

minval :0 



-18 83 -83 -23 28 -81 80 32 -35 78 -76 -39 45 -72 71 47 
-98 -3 -60 5 -60 46 46 -75 -41 -88 -16 -58 -7 37 -60 61 
23 -96 4 -61 -35 -67 63 60 92 -31 60 -6 -35 -14 -49 -70 
91 37 59 14 72 -21 -70 52 18 95 -3 59 19 -32 77 -37 
-54 83 -25 55 11 75 -40 -77 -97 0 -58 -11 29 23 24 82 
-75 -64 -49 -34 -76 -2 72 96 -50 -25 Input angle :269
Zaxis angle :0 
minval :0 

minval :0 



78 32 -39 75 -72 -43 47 -70 68 50 -53 67 -65 -56 59 -61 
-24 98 -4 59 35 67 -59 -64 -86 23 -54 -3 32 19 47 70 
-92 -44 -57 -11 -72 20 73 -46 -8 -89 13 -53 -23 30 -77 36 
57 -85 22 -54 -8 -75 31 81 89 7 48 21 -25 -29 -21 -83 
71 71 49 32 75 4 -85 15 -24 86 -33 46 33 -18 85 -1 
-84 56 -43 39 -21 73 -78 46 97 -9 Input angle :269
Zaxis angle :0 
minval :0 

minval :0 



-13 108 -107 -22 24 -106 105 31 -34 104 -104 -40 44 -99 97 48 
-115 7 -70 16 -58 65 34 -82 -57 -90 -26 -55 2 43 -65 84 
16 -114 -4 -71 -54 -73 74 48 95 -50 54 -15 -43 -7 -72 -82 
115 34 72 10 79 -37 -57 64 27 106 8 59 12 -35 92 -58 
-58 104 -25 68 24 85 -56 -72 -105 9 -61 0 36 20 46 96 
-93 -73 -63 -34 -86 11 4 -80 -67 -4 Input angle :269
Zaxis angle :0 
minval :0 

minval :0 



-98 -31 42 -95 91 44 -51 88 -84 -55 62 -80 78 68 -66 73 
26 -117 0 -73 -50 -72 74 57 100 -36 57 -11 -42 -10 -64 -80 
114 41 72 14 79 -35 -68 61 20 105 -2 57 18 -39 88 -50 
-55 105 -23 69 21 89 -52 -76 -107 6 -58 -10 36 24 31 98 
-89 -78 -60 -36 -92 4 86 -34 19 -106 19 -54 -32 31 -97 14 
92 -74 46 -53 8 -87 51 -112 36 1 Input angle :269
Zaxis angle :0 
minval :0 

minval :0 



-32 102 -99 -36 41 -96 92 52 -57 88 -85 -64 63 -84 79 68 
-118 -18 -74 0 -71 49 61 -72 -42 -93 -8 -64 -9 43 -82 71 
41 -110 12 -77 -37 -79 59 74 101 -22 60 2 -40 -18 -56 -92 
103 62 73 24 86 -20 -83 41 1 100 -12 61 25 -39 97 -31 
-78 92 -36 66 12 84 -29 -91 -101 -16 -59 -20 35 28 14 104 
-73 -96 -61 -45 -89 -8 15 0 -26 -4 Input angle :269
Zaxis angle :0 
minval :0 

minval :0 



-109 21 -19 -112 109 -12 4 109 -107 1 4 -111 110 13 -18 109 
-39 -120 -37 -64 -80 -47 79 9 61 -72 46 -25 -44 12 -102 -40 
125 -19 66 -23 63 -70 -19 78 64 73 18 48 -7 -45 58 -96 
-4 126 8 73 60 73 -72 -42 -83 54 -50 12 44 1 82 75 
-123 -21 -71 3 -84 45 58 -62 -33 -90 -5 -51 -8 44 -84 71 
47 -117 18 -71 -28 -87 47 80 113 -1 Input angle :269
Zaxis angle :0 
minval :0 

minval :0 



106 21 -25 102 -101 -29 34 -100 99 41 -47 97 -95 -51 54 -89 
-1 120 12 69 54 69 -78 -41 -94 49 -53 17 38 5 77 71 
-119 -31 -69 -3 -77 43 54 -72 -32 -103 -9 -54 -13 37 -85 64 
48 -110 16 -69 -32 -83 59 69 107 -11 57 3 -36 -18 -47 -97 
96 70 68 29 86 -17 -77 47 -8 107 -11 57 22 -31 103 -29 
-86 87 -40 58 -4 92 -53 15 46 -1 Input angle :269
Zaxis angle :0 
minval :0 

minval :0 



-41 -106 104 -34 32 107 -110 25 -18 -112 111 -12 5 109 -108 0 
102 -62 53 -46 35 -88 -3 100 109 60 58 40 -24 -47 22 -110 
38 108 38 62 84 47 -104 -15 -81 96 -52 52 46 -13 103 39 
-118 24 -68 25 -60 72 34 -99 -80 -90 -35 -59 8 50 -57 94 
0 -116 -12 -70 -60 -78 88 49 109 -61 72 -25 -49 -2 -82 -78 
112 22 71 -3 82 -44 22 -32 -102 3 Input angle :269
Zaxis angle :0 
minval :0 

minval :0 



-56 21 -16 -55 57 -12 10 59 -57 7 -4 -58 59 -3 0 59 
-32 -64 -21 -34 -36 -19 67 -6 25 -44 23 -27 -27 -1 -56 -11 
70 -22 38 -14 25 -30 -8 65 38 36 22 28 8 -26 20 -54 
9 73 7 41 27 30 -61 -20 -39 31 -31 18 24 12 48 32 
-72 -5 -41 0 -35 22 30 -59 -23 -46 -11 -30 -15 21 -39 44 
19 -69 8 -40 -14 -37 49 96 26 -1 Input angle :269
Zaxis angle :14 
minval :0 

minval :0 



45 31 -31 43 -42 -34 37 -38 36 40 -42 33 -31 -43 44 -28 
3 72 11 22 21 36 -36 -48 -38 23 -24 21 28 5 21 49 
-72 -10 -24 6 -39 14 51 -30 -13 -42 -19 -25 -11 27 -52 12 
20 -69 -2 -24 -7 -41 20 56 43 -7 28 -12 -24 -15 -3 -54 
65 32 25 2 41 -2 -58 12 0 44 9 31 19 -21 53 7 
-44 58 -6 24 -6 41 79 -113 56 -2 Input angle :273
Zaxis angle :0 
minval :0 

minval :0 



17 -61 60 20 -23 60 -58 -26 28 -57 54 33 -37 52 -50 -38 
80 -4 33 -6 36 -31 -30 62 37 38 21 23 9 -27 47 -42 
-8 80 0 34 25 41 -57 -39 -43 31 -25 18 26 13 34 53 
-76 -24 -33 -5 -46 15 52 -46 -21 -49 -11 -28 -18 22 -59 22 
40 -69 12 -31 -7 -47 37 58 52 -14 30 -6 -18 -22 -11 -62 
62 50 29 17 48 0 10 -16 116 13 Input angle :273
Zaxis angle :20 
minval :0 

minval :0 



0 -77 77 5 -7 77 -77 -11 16 -75 74 21 -22 74 -73 -23 
96 22 56 8 51 -29 -21 75 56 32 8 46 29 -18 42 -64 
-42 90 -19 53 18 56 -70 -35 -42 49 -48 0 13 32 55 54 
-82 -54 -49 -27 -57 12 47 -62 -39 -50 9 -46 -33 7 -63 44 
68 -71 35 -43 0 -58 52 58 56 -30 44 16 -1 -34 -32 -70 
59 79 37 42 58 9 87 80 20 15 Input angle :282
Zaxis angle :25 
minval :0 

minval :0 



63 -76 74 70 -75 70 -65 -76 81 -62 55 86 -88 51 -47 -90 
73 99 55 47 82 12 -71 50 17 90 -31 61 38 -1 97 -31 
-108 55 -57 43 -29 75 -37 -74 -93 0 -53 -42 -4 43 14 100 
-38 -117 -29 -64 -68 -46 80 -23 20 -89 51 -46 -38 -9 -104 -10 
123 -13 70 -19 51 -64 8 83 87 37 37 58 17 -35 23 -100 
-10 121 9 72 48 64 -23 111 119 2 Input angle :282
Zaxis angle :29 
minval :0 

minval :0 



44 50 -52 43 -41 -55 56 -38 35 57 -60 31 -28 -62 61 -28 
-78 53 -38 32 -14 53 -35 -53 -63 5 -31 -32 -2 28 12 65 
-41 -86 -26 -43 -49 -24 60 -24 8 -63 35 -24 -28 -8 -68 -1 
92 -23 47 -19 32 -44 15 63 62 17 18 42 12 -25 10 -67 
6 94 9 51 37 40 -63 6 -29 55 -42 13 22 17 62 26 
-94 -13 -52 -2 -46 30 57 -97 113 -10 Input angle :282
Zaxis angle :29 
minval :0 

minval :0 



46 62 -64 43 -38 -67 69 -34 31 71 -72 29 -26 -73 74 -20 
-84 42 -52 41 -27 52 -26 -59 -75 -14 -29 -44 -6 30 5 78 
-27 -90 -29 -60 -47 -36 63 -16 31 -71 49 -20 -28 -11 -77 -8 
93 -11 64 -20 44 -40 2 65 65 40 11 52 17 -25 25 -74 
-10 94 10 66 31 50 -64 -8 -48 59 -53 0 22 20 69 34 
-90 -26 -67 -3 -56 20 59 -33 28 -15 Input angle :276
Zaxis angle :25 
minval :0 

minval :0 



-86 60 -54 -87 90 -53 45 93 -95 45 -37 -95 97 -33 26 99 
-82 -75 -47 -47 -68 -5 87 -37 4 -82 37 -40 -33 3 -102 1 
88 -70 54 -37 18 -64 28 95 82 19 33 42 -1 -30 14 -103 
53 100 31 59 62 31 -97 4 -29 80 -51 26 34 7 98 30 
-106 33 -65 16 -38 58 10 -98 -68 -44 -12 -55 -10 31 -44 92 
-13 -113 -4 -66 -48 -46 27 -64 1 -2 Input angle :269
Zaxis angle :25 
minval :0 

minval :0 



-43 -66 68 -39 36 70 -71 33 -30 -72 74 -25 19 76 -77 15 
75 -51 30 -34 17 -45 14 77 57 22 20 33 5 -24 -4 -78 
37 83 29 35 41 25 -79 0 -31 52 -36 13 22 8 78 12 
-89 20 -40 23 -31 36 12 -77 -47 -39 -7 -37 -13 20 -23 75 
-5 -90 -14 -44 -30 -38 72 29 47 -39 39 0 -18 -16 -69 -36 
91 10 45 -8 43 -22 126 48 50 13 Input angle :269
Zaxis angle :20 
minval :0 

minval :0 



-32 81 -79 -36 40 -78 75 43 -48 72 -67 -53 58 -65 59 62 
-89 -44 -60 -3 -57 15 60 -59 -23 -72 16 -37 -26 13 -70 51 
61 -78 17 -58 -3 -59 45 71 75 -10 34 24 -9 -28 -34 -81 
69 73 54 29 60 6 -78 33 -5 76 -26 29 29 -2 84 -24 
-83 53 -36 47 -16 57 -16 -82 -74 -16 -22 -32 -3 29 1 87 
-38 -93 -39 -46 -50 -29 119 0 -90 -18 Input angle :269
Zaxis angle :20 
minval :0 

minval :0 



-36 65 -63 -39 43 -60 58 46 -49 56 -54 -51 53 -52 50 55 
-85 -38 -40 -13 -52 8 68 -56 -16 -62 28 -49 -34 10 -64 37 
50 -78 22 -36 1 -53 45 76 64 -6 44 35 -5 -36 -23 -71 
67 65 32 27 52 10 -83 28 -7 63 -43 36 36 1 74 -9 
-78 51 -32 27 -19 49 -13 -87 -61 -18 -29 -49 -7 35 -1 75 
-40 -84 -21 -36 -46 -26 112 112 34 -15 Input angle :285
Zaxis angle :36 
minval :0 

minval :0 



32 -71 70 34 -37 69 -67 -40 45 -64 60 49 -52 59 -55 -53 
87 31 50 10 48 -11 -63 56 18 63 -26 45 31 -13 66 -42 
-51 78 -18 48 1 50 -42 -74 -65 8 -40 -31 7 33 28 73 
-67 -64 -41 -28 -49 -7 79 -30 3 -66 41 -32 -33 0 -76 15 
76 -54 33 -38 13 -46 15 83 64 16 25 45 5 -33 -2 -79 
42 84 30 41 45 21 -95 127 109 15 Input angle :273
Zaxis angle :25 
minval :0 

minval :0 



-31 105 -100 -35 45 -103 99 50 -52 98 -92 -57 63 -88 87 63 
-103 -41 -79 -6 -61 38 59 -79 -46 -80 19 -58 -36 23 -82 78 
58 -94 18 -77 -19 -69 69 72 90 -25 50 24 -13 -35 -57 -92 
81 75 74 31 71 -7 -86 52 12 94 -37 43 41 -10 103 -36 
-89 70 -42 66 -3 69 -35 -93 -94 -7 -37 -42 -4 40 21 108 
-49 -99 -62 -58 -68 -16 10 -96 24 -3 Input angle :273
Zaxis angle :20 
minval :0 

minval :0 



-44 -102 102 -38 32 104 -103 26 -20 -108 105 -14 8 104 -109 0 
101 -44 62 -38 27 -61 2 107 73 35 37 56 15 -42 16 -106 
20 108 26 73 52 29 -103 -16 -49 65 -63 22 39 23 100 44 
-108 2 -73 15 -44 43 31 -100 -55 -59 -7 -65 -28 35 -56 93 
21 -110 -3 -76 -35 -51 98 49 68 -46 69 1 -27 -35 -77 -70 
107 39 74 11 57 -27 15 80 63 2 Input angle :269
Zaxis angle :20 
minval :0 

minval :0 



-49 95 -94 -56 56 -87 85 65 -71 81 -76 -72 81 -73 67 81 
-107 -55 -76 -36 -64 23 71 -73 -30 -78 31 -49 -38 18 -90 56 
69 -95 44 -67 -7 -67 56 87 80 -16 43 37 -9 -41 -37 -101 
80 89 56 57 66 1 -98 38 1 86 -47 34 44 -3 108 -15 
-102 60 -64 50 -17 65 -21 -99 -82 -10 -27 -49 -1 45 1 109 
-47 -111 -34 -71 -62 -29 14 0 114 -3 Input angle :275
Zaxis angle :20 
minval :0 

minval :0 



-79 -34 37 -77 75 42 -48 71 -68 -52 57 -64 61 61 -62 59 
43 -76 27 -48 -6 -57 65 66 70 -8 51 35 -3 -36 -48 -72 
68 53 44 34 57 5 -77 52 -5 71 -43 45 36 6 80 -32 
-67 55 -43 35 -17 54 -39 -84 -67 -21 -34 -52 -12 35 15 84 
-38 -78 -25 -50 -49 -27 92 -16 32 -63 57 -23 -32 -16 -87 -4 
82 -26 52 -18 35 -44 -25 0 -126 10 Input angle :269
Zaxis angle :20 
minval :0 

minval :0 



93 49 -51 96 -88 -57 63 -90 82 65 -69 78 -75 -77 78 -72 
-53 88 -29 72 13 84 -85 -62 -101 15 -53 -16 13 42 57 89 
-82 -64 -65 -45 -82 0 76 -76 -1 -101 28 -54 -39 2 -97 37 
85 -65 49 -58 19 -76 59 93 103 19 47 39 0 -39 -19 -106 
53 90 44 64 72 30 -98 42 -41 96 -45 40 40 9 104 0 
-98 31 -68 32 -46 68 -44 63 81 -2 Input angle :269
Zaxis angle :25 
minval :0 

minval :0 



-64 87 -82 -72 80 -77 74 77 -84 68 -62 -85 92 -59 53 93 
-82 -62 -60 -48 -76 1 87 -64 -12 -94 37 -53 -54 1 -104 36 
78 -67 58 -53 13 -74 48 98 95 4 47 48 7 -53 -16 -108 
52 89 42 68 74 29 -102 30 -24 91 -53 37 52 19 108 4 
-97 35 -74 26 -40 66 -5 -110 -87 -40 -20 -62 -25 44 -26 104 
-14 -103 -9 -76 -60 -53 28 80 -115 -3 Input angle :269
Zaxis angle :25 
minval :0 

minval :0 



-51 71 -69 -54 59 -63 59 64 -66 56 -54 -69 71 -50 46 72 
-69 -47 -52 -41 -67 7 71 -56 -18 -73 36 -54 -48 3 -81 32 
59 -59 50 -43 3 -67 40 80 75 -1 45 47 5 -47 -14 -86 
43 71 31 58 64 20 -85 27 -13 74 -54 37 46 13 87 0 
-78 30 -63 21 -29 60 -9 -89 -71 -24 -27 -59 -21 42 -19 86 
-18 -82 -12 -66 -55 -37 127 -64 -26 -18 Input angle :269
Zaxis angle :36 
minval :0 

minval :0 



78 16 -18 77 -76 -22 27 -75 73 31 -34 72 -70 -39 41 -67 
-22 86 -14 58 32 57 -83 -43 -70 45 -63 -8 23 41 59 53 
-81 -36 -54 -25 -63 20 57 -74 -34 -76 22 -59 -45 13 -65 45 
51 -72 34 -48 -8 -65 60 71 81 -21 55 31 -5 -47 -36 -71 
63 63 42 42 66 0 -78 49 8 83 -42 47 47 1 76 -23 
-71 52 -47 36 -14 64 -79 94 -6 -3 Input angle :269
Zaxis angle :25 
minval :0 

minval :0 



-77 19 -16 -77 78 -11 8 79 -79 3 1 -79 79 4 -7 78 
-16 -91 -13 -60 -49 -42 92 -1 52 -65 61 -13 -37 -30 -75 -23 
92 -7 61 -4 49 -42 -15 91 56 62 2 63 36 -31 37 -69 
-12 91 -8 61 29 57 -86 -34 -72 42 -63 -8 24 40 62 48 
-87 -31 -60 -16 -61 20 48 -79 -30 -77 17 -60 -45 15 -60 51 
45 -80 29 -54 -8 -64 71 -31 67 -4 Input angle :273
Zaxis angle :25 
minval :0 

minval :0 



46 63 -66 42 -38 -68 70 -36 32 71 -72 29 -26 -74 74 -21 
-75 44 -48 33 -24 60 -36 -80 -75 -24 -35 -55 -13 43 2 78 
-27 -84 -24 -53 -54 -35 88 -17 39 -69 60 -24 -39 -22 -77 -12 
87 -11 56 -13 45 -46 1 89 62 49 14 63 27 -35 24 -75 
-5 87 3 59 39 51 -88 -16 -62 50 -65 1 29 33 68 39 
-84 -25 -58 -7 -58 28 98 15 -91 -18 Input angle :273
Zaxis angle :25 
minval :0 

minval :0 



67 -41 38 70 -72 33 -30 -74 76 -24 21 78 -78 16 -11 -78 
37 84 22 54 55 32 -92 27 -33 75 -53 38 47 17 80 1 
-90 21 -57 13 -40 51 -13 -94 -68 -45 -28 -59 -23 44 -15 79 
-6 -91 -1 -58 -41 -48 94 3 57 -59 63 -18 -38 -32 -75 -29 
91 9 58 6 57 -30 -16 93 49 64 6 64 38 -32 44 -68 
-25 89 -18 56 21 60 -36 -82 77 9 Input angle :269
Zaxis angle :25 
minval :0 

minval :0 



-82 -19 22 -81 79 27 -32 78 -76 -35 39 -74 72 42 -46 69 
25 -89 23 -60 -20 -59 91 38 74 -36 65 1 -26 -41 -60 -59 
83 41 56 32 63 -8 -56 82 23 79 -12 64 45 -18 69 -47 
-58 72 -43 49 -1 63 -71 -67 -83 8 -60 -26 10 47 33 77 
-63 -67 -42 -49 -62 -12 80 -57 6 -83 35 -55 -48 0 -82 18 
78 -50 57 -30 24 -58 68 -95 121 5 Input angle :269
Zaxis angle :25 
minval :0 

minval :0 



-49 -68 71 -45 41 74 -75 37 -32 -77 80 -27 20 82 -82 16 
87 -48 51 -34 17 -62 23 77 75 8 21 51 16 -38 -1 -84 
28 96 24 56 59 26 -81 10 -23 71 -52 11 36 21 84 10 
-98 14 -58 17 -35 53 5 -80 -68 -32 -3 -54 -26 31 -25 80 
1 -99 -3 -62 -47 -45 79 20 43 -63 53 6 -27 -31 -74 -40 
98 20 60 4 51 -38 -50 48 -4 13 Input angle :269
Zaxis angle :20 
minval :0 

minval :0 



52 -59 57 54 -56 54 -51 -60 63 -47 44 65 -67 39 -37 -68 
64 76 44 35 60 -1 -71 33 10 69 -49 29 39 5 75 -21 
-87 49 -42 37 -10 59 -19 -75 -70 1 -18 -54 -12 37 10 78 
-36 -93 -30 -48 -56 -23 77 -7 12 -68 56 -11 -35 -18 -78 -5 
98 -16 52 -22 30 -51 -6 77 64 27 -1 57 25 -30 20 -76 
-3 100 8 56 45 41 107 -65 -44 14 Input angle :269
Zaxis angle :0 
minval :0 

minval :0 



-4 -88 88 1 -5 87 -87 -9 15 -86 86 21 -25 85 -82 -28 
99 22 70 -6 46 -35 -26 73 53 50 -14 48 37 -23 42 -77 
-43 93 -6 69 27 51 -66 -39 -58 45 -45 -23 17 41 64 59 
-84 -55 -69 -17 -55 16 53 -59 -29 -63 30 -39 -43 8 -69 54 
73 -71 31 -63 -4 -58 48 60 71 -20 35 38 -1 -44 -40 -78 
60 81 56 43 58 5 22 80 105 18 Input angle :275
Zaxis angle :20 
minval :0 

minval :0 



43 74 -77 37 -30 -81 83 -23 19 84 -85 16 -12 -86 84 -10 
-98 24 -59 36 -25 53 -10 -76 -68 -23 -6 -52 -22 37 -4 86 
-9 -100 -24 -65 -49 -32 76 7 31 -65 52 1 -34 -26 -82 -24 
101 10 69 -12 42 -41 -20 74 55 45 -11 51 34 -27 38 -78 
-27 97 -1 70 33 49 -68 -34 -53 48 -48 -21 19 39 67 53 
-88 -48 -68 -12 -56 21 109 -65 115 -16 Input angle :269
Zaxis angle :14 
minval :0 

minval :0 



-69 44 -40 -72 73 -36 29 77 -78 24 -19 -80 81 -16 13 80 
-32 -93 -41 -48 -52 -18 74 -9 17 -63 56 -2 -36 -22 -82 0 
98 -13 56 -30 32 -45 -2 75 61 25 -2 56 29 -31 14 -81 
-4 99 21 60 41 38 -72 -20 -36 55 -55 -12 26 34 78 26 
-97 -22 -63 10 -44 34 29 -69 -46 -46 21 -51 -39 20 -40 71 
36 -91 2 -63 -25 -49 -47 0 -70 -11 Input angle :273
Zaxis angle :14 
minval :0 

minval :0 



82 62 -70 77 -75 -69 77 -72 65 75 -80 62 -57 -82 82 -56 
-93 68 -37 65 -3 64 -45 -74 -70 8 -26 -47 -6 41 36 95 
-51 -105 -63 -42 -63 -15 80 -34 10 -72 49 -16 -41 -13 -104 15 
112 -34 58 -49 27 -62 18 86 69 20 11 53 25 -33 1 -100 
10 116 35 71 58 36 -87 0 -30 66 -52 -2 32 28 99 13 
-116 -7 -70 24 -47 45 -29 95 -81 -2 Input angle :276
Zaxis angle :14 
minval :0 

minval :0 



-46 -99 101 -42 38 100 -104 30 -26 -105 107 -21 16 109 -107 7 
120 -15 75 -39 37 -59 9 90 77 31 3 51 25 -39 13 -110 
-2 123 30 81 51 51 -92 -10 -50 69 -51 -8 28 36 102 38 
-118 -25 -85 11 -57 42 27 -86 -57 -55 16 -52 -37 24 -48 95 
45 -115 4 -85 -34 -63 81 38 69 -46 45 28 -16 -40 -84 -66 
102 64 82 22 67 -22 16 -48 110 2 Input angle :276
Zaxis angle :14 
minval :0 

minval :0 



62 61 -67 56 -51 -70 74 -47 42 77 -77 41 -39 -78 80 -35 
-82 58 -45 49 -8 63 -41 -74 -72 0 -27 -52 -6 40 17 86 
-38 -93 -38 -55 -61 -18 81 -25 9 -71 56 -17 -38 -15 -88 -2 
97 -24 60 -29 29 -56 11 83 68 22 7 58 21 -34 16 -87 
6 100 19 64 49 39 -84 -5 -35 62 -58 -4 30 26 82 30 
-100 -15 -67 4 -48 41 32 15 93 -12 Input angle :273
Zaxis angle :20 
minval :0 

minval :0 



35 -68 67 36 -40 65 -62 -44 49 -58 56 52 -54 54 -51 -56 
72 49 45 32 56 3 -56 69 11 66 -34 57 41 -1 64 -42 
-61 63 -40 39 -14 55 -60 -65 -66 1 -51 -42 -7 40 26 73 
-48 -72 -30 -47 -51 -23 76 -45 14 -66 50 -44 -39 -12 -75 15 
80 -34 51 -21 31 -47 30 84 63 21 31 57 21 -35 -1 -76 
21 84 10 54 42 37 119 63 -69 14 Input angle :269
Zaxis angle :29 
minval :0 

minval :0 



-82 33 -27 -84 85 -23 17 86 -87 12 -6 -88 88 -3 -1 88 
-4 -94 -19 -65 -41 -41 84 -5 39 -62 55 -12 -33 -34 -87 -14 
93 9 68 -7 46 -35 -9 84 55 50 1 56 40 -27 32 -83 
-28 89 -5 68 25 52 -80 -26 -61 42 -55 -7 20 43 76 45 
-83 -43 -65 -18 -56 15 41 -73 -34 -65 16 -53 -47 9 -56 68 
57 -74 29 -61 -4 -58 29 17 117 -6 Input angle :275
Zaxis angle :25 
minval :0 

minval :0 



61 61 -63 59 -56 -65 69 -51 45 73 -77 41 -37 -77 78 -35 
-73 45 -45 37 -12 58 -51 -70 -67 0 -55 -38 -6 43 16 85 
-34 -77 -28 -52 -55 -24 78 -36 13 -66 50 -46 -40 -14 -87 2 
81 -21 57 -18 32 -51 17 86 63 25 40 55 22 -36 16 -85 
1 84 9 59 44 40 -85 4 -37 57 -60 26 31 28 82 27 
-84 -9 -59 -1 -49 36 49 -65 60 -11 Input angle :269
Zaxis angle :29 
minval :0 

minval :0 



-100 -52 55 -96 92 59 -62 87 -85 -70 75 -80 76 81 -86 71 
75 -81 43 -64 0 -71 70 65 80 -19 60 23 -6 -55 -56 -96 
67 89 58 52 72 7 -76 61 8 80 -34 56 54 1 106 -35 
-100 42 -61 45 -19 68 -44 -87 -80 -9 -50 -46 -13 48 22 108 
-32 -107 -35 -68 -61 -29 90 -26 24 -76 52 -38 -47 -22 -111 -2 
109 -9 77 -19 44 -56 35 0 41 1 Input angle :269
Zaxis angle :25 
minval :0 

minval :0 



-47 97 -91 -53 58 -90 89 60 -61 85 -84 -68 74 -78 72 77 
-70 -75 -76 -43 -76 6 61 -69 -20 -84 36 -50 -49 4 -95 54 
86 -56 57 -64 9 -73 62 73 86 0 52 42 6 -47 -36 -103 
43 92 48 68 72 18 -81 47 -12 86 -50 43 45 14 109 -15 
-100 20 -76 40 -39 65 -29 -89 -80 -27 -29 -56 -22 44 -3 107 
-4 -105 -25 -79 -57 -48 21 -16 -98 -3 Input angle :275
Zaxis angle :25 
minval :0 

minval :0 



86 7 -14 86 -85 -18 21 -85 82 27 -33 81 -79 -36 39 -78 
-41 84 -12 65 19 59 -71 -34 -67 34 -56 -14 15 40 66 57 
-75 -56 -62 -23 -62 10 43 -66 -17 -73 25 -51 -43 7 -70 53 
67 -63 35 -56 0 -62 56 55 75 -5 46 35 0 -44 -45 -74 
48 80 50 44 61 13 -65 43 -7 74 -44 37 43 7 84 -25 
-85 35 -54 38 -25 58 -36 -50 -24 -6 Input angle :275
Zaxis angle :20 
minval :0 

minval :0 



89 -53 46 93 -93 44 -37 -97 97 -33 31 97 -101 25 -22 -97 
30 103 30 78 66 31 -100 31 -28 81 -51 44 48 18 101 -1 
-101 7 -79 15 -40 59 -14 -99 -75 -37 -34 -55 -25 44 -16 102 
11 -103 -3 -83 -52 -48 98 5 50 -66 64 -25 -37 -36 -96 -37 
100 32 80 16 59 -40 -24 100 56 62 13 68 41 -28 51 -90 
-47 95 -35 74 26 69 -38 -1 112 1 Input angle :269
Zaxis angle :25 
minval :0 

minval :0 



22 102 -101 13 -7 -106 104 -4 0 102 -103 -5 11 -104 103 16 
-96 -13 -80 3 -54 50 6 -97 -61 -55 -15 -66 -38 32 -40 96 
28 -96 13 -78 -34 -55 97 25 64 -54 69 -2 -20 -39 -88 -51 
85 44 75 28 63 -25 -37 93 41 69 -4 66 44 -17 67 -83 
-54 78 -36 68 12 67 -73 -55 -76 30 -63 -15 7 48 66 83 
-66 -75 -64 -53 -69 -1 -8 95 124 -3 Input angle :282
Zaxis angle :32 
minval :0 

minval :0 



-56 82 -77 -64 66 -77 75 70 -75 65 -60 -78 83 -58 57 82 
-58 -81 -49 -54 -68 -5 77 -58 -6 -84 40 -56 -48 -12 -96 40 
92 -42 66 -35 17 -64 42 87 84 10 44 46 18 -49 -18 -99 
26 97 22 68 61 31 -91 22 -25 79 -55 32 43 26 102 -5 
-98 3 -74 12 -40 55 -10 -96 -74 -43 -27 -59 -34 34 -16 101 
10 -100 4 -71 -45 -48 26 80 14 -2 Input angle :273
Zaxis angle :25 
minval :0 

minval :0 



93 42 -44 92 -91 -48 60 -83 85 63 -68 78 -74 -70 71 -67 
-69 75 -41 55 8 69 -69 -64 -85 18 -58 -29 0 49 56 85 
-62 -79 -51 -52 -68 -9 75 -56 -6 -81 34 -52 -49 -11 -95 43 
93 -44 58 -38 19 -63 39 86 84 13 45 45 19 -47 -28 -96 
24 97 25 62 58 24 -96 23 -28 81 -54 39 44 30 101 -3 
-102 11 -66 16 -39 55 -38 -33 -67 -2 Input angle :269
Zaxis angle :25 
minval :0 

minval :0 



36 80 -81 33 -27 -83 84 -23 18 86 -87 12 -6 -88 87 -2 
-90 9 -63 17 -36 46 -8 -82 -67 -37 -27 -56 -29 36 -9 87 
10 -88 -1 -65 -38 -46 82 7 51 -56 59 -15 -31 -35 -83 -32 
87 22 65 8 51 -29 -20 80 47 60 7 60 39 -25 42 -77 
-38 81 -19 63 20 55 -74 -35 -66 37 -62 -4 17 44 68 56 
-71 -53 -56 -32 -58 10 -96 63 -63 -19 Input angle :269
Zaxis angle :25 
minval :0 

minval :0 



-50 72 -70 -54 57 -66 61 62 -65 57 -53 -68 71 -53 48 71 
-59 -65 -51 -48 -63 -5 61 -61 -5 -74 26 -55 -45 3 -82 33 
78 -41 57 -41 19 -60 49 73 76 8 51 34 3 -44 -20 -85 
26 83 30 62 57 29 -79 35 -21 72 -43 42 43 14 87 0 
-87 13 -68 16 -39 47 -19 -81 -66 -34 -33 -49 -20 40 -15 85 
3 -87 -4 -69 -43 -46 -74 0 -67 -16 Input angle :276
Zaxis angle :25 
minval :0 

minval :0 



-77 -71 78 -67 61 86 -89 54 -53 -89 92 -47 40 100 -98 33 
89 -45 68 -44 19 -60 54 89 80 12 58 44 9 -51 -20 -103 
30 95 35 76 58 28 -99 37 -25 77 -52 52 50 17 102 4 
-100 13 -78 15 -42 50 -18 -102 -73 -35 -38 -63 -31 42 -22 103 
1 -100 -7 -81 -43 -49 103 0 51 -67 71 -23 -38 -38 -95 -42 
97 27 79 9 52 -31 27 -80 -38 1 Input angle :273
Zaxis angle :25 
minval :0 

minval :0 



-44 -91 90 -38 33 97 -99 25 -22 -97 99 -18 10 101 -99 9 
93 -21 69 -22 34 -57 29 97 77 28 40 61 26 -43 10 -101 
2 98 9 74 50 45 -100 6 -45 72 -69 31 39 33 95 32 
-97 -14 -76 -2 -57 38 12 -99 -63 -51 -23 -74 -39 32 -45 89 
30 -90 15 -74 -34 -62 95 28 61 -51 75 -2 -24 -44 -78 -61 
86 45 69 28 64 -19 18 16 85 2 Input angle :275
Zaxis angle :29 
minval :0 

minval :0 



-57 -64 68 -52 47 71 -74 44 -41 -75 76 -40 35 78 -79 29 
72 -38 55 -34 11 -60 42 75 73 5 54 44 10 -43 -12 -85 
23 78 23 61 55 25 -82 27 -17 71 -52 44 40 17 86 4 
-82 5 -64 8 -35 49 -9 -85 -65 -33 -35 -59 -25 37 -20 84 
5 -82 1 -65 -42 -43 87 4 44 -59 65 -21 -30 -32 -78 -35 
79 19 63 12 50 -33 -44 -16 -42 12 Input angle :273
Zaxis angle :25 
minval :0 

minval :0 



82 20 -25 81 -80 -29 33 -78 76 37 -41 73 -70 -46 50 -68 
-41 75 -26 56 11 55 -77 -42 -62 32 -66 -7 17 45 58 62 
-65 -55 -50 -36 -57 0 57 -66 -20 -67 22 -63 -48 7 -73 43 
66 -54 45 -43 8 -56 56 67 70 -7 58 31 0 -48 -29 -80 
41 75 35 52 53 18 -76 42 -5 70 -41 52 47 9 84 -13 
-81 27 -57 24 -28 49 -19 110 -102 -5 Input angle :282
Zaxis angle :25 
minval :0 

minval :0 



-86 -4 10 -86 85 15 -21 84 -83 -25 27 -82 80 32 -36 77 
20 -83 12 -61 -24 -51 83 24 55 -44 64 -5 -24 -40 -68 -52 
78 36 57 23 55 -14 -36 78 34 61 -3 64 42 -19 61 -61 
-51 69 -33 52 4 57 -68 -53 -67 21 -62 -16 8 46 44 74 
-56 -65 -43 -44 -56 -7 63 -58 -7 -70 27 -58 -47 0 -81 31 
71 -46 52 -34 16 -55 26 -31 109 1 Input angle :275
Zaxis angle :29 
minval :0 

minval :0 



-84 -61 69 -79 72 73 -77 66 -64 -82 84 -57 56 87 -92 54 
81 -64 53 -46 6 -64 64 80 80 -2 65 36 7 -49 -28 -101 
49 89 41 64 65 17 -85 45 -12 80 -50 58 50 15 104 -11 
-100 26 -68 26 -34 58 -30 -94 -72 -25 -48 -57 -20 47 -7 104 
-12 -99 -11 -69 -54 -40 95 -10 45 -67 65 -36 -40 -31 -100 -23 
102 12 68 5 53 -40 30 64 -97 1 Input angle :269
Zaxis angle :25 
minval :0 

minval :0 



105 -4 -4 103 -101 -8 12 -103 102 13 -22 101 -97 -28 31 -96 
-23 104 -15 75 42 52 -97 -19 -57 59 -74 12 29 41 87 56 
-94 -43 -75 -26 -58 31 40 -92 -50 -61 1 -75 -48 20 -68 78 
58 -85 39 -68 -22 -64 84 54 73 -35 71 12 -9 -50 -68 -82 
73 67 58 49 68 -6 -70 71 22 78 -27 65 50 -3 89 -51 
-81 59 -62 45 -2 68 -41 111 48 0 Input angle :269
Zaxis angle :25 
minval :0 

minval :0 



-51 89 -88 -55 62 -83 79 64 -69 77 -74 -70 72 -74 68 74 
-65 -72 -56 -49 -65 4 69 -75 -21 -75 30 -64 -48 0 -89 47 
86 -55 58 -49 9 -62 56 82 78 -4 56 42 12 -51 -31 -97 
34 95 30 67 63 17 -89 42 -8 76 -50 52 44 21 101 -12 
-104 16 -71 18 -29 57 -21 -97 -73 -24 -37 -61 -26 39 -9 103 
3 -100 -1 -77 -52 -38 17 32 -37 -3 Input angle :269
Zaxis angle :25 
minval :0 

minval :0 



68 -77 74 75 -76 69 -64 -79 82 -60 54 87 -91 47 -45 -91 
46 91 38 56 63 14 -81 53 -2 80 -42 55 51 9 99 -27 
-94 32 -67 27 -26 59 -33 -92 -78 -14 -47 -52 -18 47 8 103 
-16 -101 -19 -68 -53 -36 97 -22 33 -73 58 -38 -38 -28 -102 -9 
103 5 70 -5 45 -50 2 100 65 46 29 65 33 -34 29 -98 
-19 102 -9 69 39 56 -30 127 -72 1 Input angle :269
Zaxis angle :25 
minval :0 

minval :0 



98 -41 34 100 -102 30 -24 -101 103 -21 17 104 -105 8 -5 -107 
15 106 22 73 51 34 -101 18 -26 69 -67 34 42 28 103 14 
-104 -3 -79 5 -40 47 4 -101 -65 -39 -22 -66 -38 37 -36 100 
20 -104 9 -78 -36 -52 101 19 52 -56 73 -13 -31 -46 -96 -50 
95 41 75 19 54 -25 -37 98 42 56 -1 70 49 -20 66 -80 
-57 88 -33 70 16 62 -33 111 9 1 Input angle :269
Zaxis angle :29 
minval :0 

minval :0 



-28 -97 101 -24 16 103 -102 12 -6 -102 104 -1 -6 104 -102 -12 
104 -2 78 -8 41 -47 0 103 69 36 24 64 36 -33 27 -100 
-15 101 -7 77 37 53 -97 -21 -48 55 -70 6 26 44 92 46 
-93 -36 -76 -22 -55 29 37 -94 -45 -55 2 -70 -46 18 -65 82 
53 -87 32 -69 -17 -61 85 52 65 -36 70 13 -9 -49 -73 -76 
76 69 60 47 61 -5 11 -48 53 2 Input angle :275
Zaxis angle :29 
minval :0 

minval :0 



56 -86 83 61 -64 81 -77 -70 73 -73 68 78 -80 64 -60 -85 
68 77 53 47 63 3 -78 64 15 73 -36 58 47 0 92 -46 
-89 54 -64 43 -15 61 -51 -89 -79 -2 -54 -42 -15 46 23 101 
-36 -99 -30 -68 -57 -26 95 -35 11 -75 51 -42 -45 -19 -103 -2 
101 -13 75 -19 34 -52 14 99 70 23 36 60 30 -40 10 -102 
0 105 7 74 44 44 -20 -17 16 2 Input angle :275
Zaxis angle :29 
minval :0 

minval :0 



48 90 -97 43 -38 -100 98 -29 19 100 -101 15 -7 -102 103 -9 
-104 16 -73 22 -36 58 -17 -100 -74 -34 -30 -59 -25 40 -13 105 
4 -104 -4 -74 -51 -45 100 -1 44 -68 70 -20 -33 -32 -99 -34 
102 22 76 4 52 -45 -14 102 59 56 8 70 41 -30 49 -90 
-37 97 -23 72 32 63 -91 -36 -64 48 -66 0 22 43 78 66 
-84 -57 -67 -40 -67 18 -18 79 -60 -3 Input angle :269
Zaxis angle :25 
minval :0 

minval :0 



47 -94 90 52 -60 87 -81 -64 66 -80 76 71 -77 69 -63 -80 
73 65 55 52 65 -7 -72 72 29 68 -25 64 49 3 94 -44 
-79 62 -53 49 -3 64 -52 -79 -72 17 -56 -39 -12 46 35 100 
-47 -86 -38 -65 -62 -16 91 -40 -3 -72 48 -50 -41 -17 -106 13 
98 -26 73 -26 26 -57 24 98 74 12 47 59 27 -40 5 -103 
9 103 12 71 56 36 -11 -49 80 2 Input angle :269
Zaxis angle :32 
minval :0 

minval :0 



4 88 -88 0 3 -88 88 8 -11 88 -87 -15 22 -85 84 26 
-89 -20 -66 -1 -44 32 26 -81 -46 -43 4 -55 -39 19 -41 78 
36 -83 16 -63 -22 -50 76 38 50 -38 54 11 -11 -42 -68 -56 
74 52 60 26 53 -12 -53 66 26 58 -23 50 43 -3 68 -56 
-66 62 -39 53 4 54 -59 -61 -60 18 -45 -31 -3 43 43 76 
-51 -75 -46 -47 -54 -7 -36 -113 22 -16 Input angle :269
Zaxis angle :25 
minval :0 

minval :0 



-42 59 -56 -46 49 -55 52 52 -53 51 -49 -54 57 -45 41 60 
-59 -70 -36 -47 -66 -4 57 -50 -6 -64 38 -43 -47 -5 -68 28 
80 -45 52 -28 16 -64 41 66 63 7 35 47 16 -44 -12 -73 
29 87 17 57 59 28 -72 28 -17 62 -52 27 42 21 74 -3 
-91 9 -59 6 -36 55 -16 -75 -57 -29 -15 -56 -30 36 -12 73 
5 -92 5 -59 -46 -48 -101 96 -12 -14 Input angle :275
Zaxis angle :25 
minval :0 

minval :0 



-33 -67 68 -28 24 71 -72 20 -17 -73 73 -13 10 74 -74 7 
82 -26 49 -11 22 -44 12 80 48 11 24 73 22 -37 7 -75 
11 86 3 51 39 31 -80 -1 -20 44 -76 9 31 29 71 24 
-86 -6 -50 -6 -37 33 13 -80 -39 -29 7 -76 -35 26 -32 68 
19 -84 14 -48 -26 -42 75 31 36 -33 74 20 -18 -39 -59 -46 
79 33 45 24 46 -17 110 -48 38 10 Input angle :273
Zaxis angle :25 
minval :0 

minval :0 



73 -22 17 74 -76 12 -10 -76 76 -6 0 76 -77 -2 4 -75 
12 87 -1 51 38 28 -79 -8 -21 48 -76 12 28 33 73 21 
-87 -4 -49 -12 -34 33 23 -76 -43 -31 1 -77 -36 23 -35 68 
19 -85 19 -46 -27 -38 72 34 39 -35 75 16 -14 -41 -60 -48 
81 35 42 28 44 -17 -48 63 28 45 -31 70 42 -8 57 -50 
-49 73 -35 36 11 46 62 -33 -65 5 Input angle :269
Zaxis angle :25 
minval :0 

minval :0 



8 -80 79 14 -18 77 -78 -23 26 -76 74 30 -34 72 -70 -35 
82 28 50 20 40 -27 -38 71 36 38 -16 74 38 -14 53 -61 
-42 75 -30 44 16 44 -62 -51 -45 26 -71 -26 9 40 53 60 
-68 -53 -39 -37 -47 8 61 -51 -19 -48 46 -59 -41 1 -71 38 
65 -56 44 -33 0 -49 38 70 50 -5 53 54 6 -40 -25 -76 
42 76 25 48 47 9 3 -96 29 13 Input angle :273
Zaxis angle :25 
minval :0 

minval :0 



78 4 -9 77 -76 -14 19 -75 74 22 -26 74 -72 -29 32 -70 
-23 86 -11 50 27 36 -72 -33 -28 43 -67 -25 19 42 64 45 
-81 -39 -46 -19 -41 20 46 -65 -35 -36 37 -61 -46 8 -55 55 
53 -72 27 -43 -14 -43 54 57 41 -29 54 46 0 -47 -45 -63 
64 63 37 35 45 -5 -66 45 21 45 -56 44 47 5 70 -33 
-72 51 -40 31 -3 45 54 47 25 3 Input angle :282
Zaxis angle :32 
minval :0 

minval :0 



-60 -49 50 -58 55 52 -57 50 -47 -60 61 -46 42 63 -66 39 
74 -52 35 -36 -5 -49 38 64 51 -18 32 56 10 -43 -25 -72 
43 80 27 42 49 6 -72 26 8 54 -60 20 39 18 76 -10 
-86 29 -46 20 -12 47 -10 -74 -54 0 -10 -65 -25 36 -5 75 
-8 -90 -11 -49 -44 -23 75 2 10 -53 65 4 -30 -31 -75 -13 
89 6 51 -4 31 -38 -51 0 -94 4 Input angle :282
Zaxis angle :20 
minval :0 

minval :0 



-32 76 -73 -36 41 -71 69 46 -49 65 -62 -53 56 -59 57 57 
-73 -59 -54 -31 -58 14 53 -54 -29 -58 37 -47 -43 6 -71 42 
71 -63 40 -48 0 -61 43 63 63 -16 38 47 0 -43 -32 -76 
49 82 39 49 60 9 -70 32 4 65 -52 31 42 7 80 -18 
-88 35 -55 29 -21 57 -16 -76 -64 -7 -21 -56 -15 40 3 81 
-13 -94 -17 -59 -52 -31 74 112 -120 -16 Input angle :279
Zaxis angle :20 
minval :0 

minval :0 



69 33 -37 68 -66 -39 44 -63 59 48 -51 58 -55 -54 55 -53 
-61 68 -25 48 15 55 -47 -56 -55 25 -42 -45 0 41 42 64 
-57 -72 -41 -34 -57 1 64 -35 -15 -59 52 -34 -40 -8 -71 29 
81 -42 41 -35 6 -57 22 70 61 -4 23 57 15 -38 -16 -75 
32 86 27 47 54 19 -72 7 -6 61 -61 11 35 21 77 0 
-91 12 -51 19 -28 50 15 -49 44 -4 Input angle :273
Zaxis angle :20 
minval :0 

minval :0 



-45 66 -62 -51 54 -61 55 58 -61 53 -50 -63 66 -46 43 68 
-60 -76 -45 -36 -61 -1 66 -30 -11 -68 53 -32 -42 -6 -74 34 
87 -44 44 -38 8 -61 17 72 68 1 20 58 15 -43 -17 -80 
28 95 28 50 57 22 -73 8 -14 65 -59 11 37 24 83 0 
-97 13 -54 18 -31 53 8 -73 -62 -28 0 -61 -30 31 -13 80 
8 -98 -8 -57 -46 -41 -106 80 -91 -15 Input angle :269
Zaxis angle :14 
minval :0 

minval :0 



57 -57 53 60 -64 50 -46 -66 68 -44 40 69 -73 34 -28 -74 
48 83 37 43 58 11 -71 24 2 66 -56 22 40 13 79 -15 
-91 30 -50 27 -24 55 -11 -74 -65 -9 -13 -60 -24 37 -2 81 
-9 -95 -18 -54 -49 -34 75 1 22 -62 62 0 -33 -27 -80 -11 
95 3 56 -7 41 -44 -14 73 56 34 -12 60 34 -27 28 -76 
-22 93 -3 57 34 49 84 -49 -70 12 Input angle :282
Zaxis angle :20 
minval :0 

minval :0 


