
42 13 -16 42 -40 -19 21 -40 39 23 -25 38 -36 -26 27 -35 
-46 -22 -31 3 42 -17 22 -23 -16 12 58 57 7 -37 28 35 
28 -42 3 -31 11 45 18 25 -8 -18 -67 46 35 14 -38 22 
34 38 30 10 -47 0 -29 13 20 -4 -30 -75 -22 30 -11 -43 
-43 26 -14 28 10 -45 -8 -31 0 20 79 -19 -27 -27 45 -3 
-17 -48 -24 -20 43 17 -82 111 57 -1 Input angle :243
Zaxis angle :0 
minval :0 

minval :0 



-11 -43 43 -8 5 44 -45 2 0 -45 44 0 -3 44 -44 -5 
10 49 9 19 -33 -29 -29 -2 16 5 19 -75 -36 10 14 -41 
-50 0 -20 6 35 -26 8 -27 -8 14 70 34 -3 -37 38 22 
9 -49 -1 -21 18 40 26 13 -12 -10 -48 61 37 5 -29 33 
45 20 21 1 -43 10 -19 22 13 -9 -52 -58 -12 35 -25 -37 
-28 42 -6 20 -1 -44 31 -16 -78 3 Input angle :243
Zaxis angle :14 
minval :0 

minval :0 



-21 39 -38 -22 24 -37 35 26 -28 33 -32 -31 32 -30 29 33 
18 -42 2 -31 8 42 17 26 -10 -10 -68 48 34 11 -39 19 
37 26 29 9 -42 0 -28 12 12 -8 -34 -76 -18 31 -13 -42 
-33 30 -13 28 9 -41 -6 -30 5 13 81 -17 -27 -24 43 -4 
-23 -39 -24 -19 39 16 31 1 -15 2 0 83 29 -21 -3 43 
43 -15 24 -19 -24 34 1 0 64 -4 Input angle :243
Zaxis angle :14 
minval :0 

minval :0 



36 28 -30 35 -33 -33 34 -31 29 36 -38 26 -24 -40 41 -22 
-36 -24 -45 -6 50 -10 27 -2 -10 24 40 70 18 -41 12 44 
28 -32 14 -43 1 51 -4 26 -21 -14 -77 24 37 25 -45 4 
25 35 39 22 -50 -7 -26 -9 18 -19 -11 -80 -31 32 3 -45 
-39 17 -30 35 18 -47 14 -22 14 21 80 6 -25 -38 44 12 
-9 -41 -28 -35 41 28 -96 31 -69 2 Input angle :243
Zaxis angle :0 
minval :0 

minval :0 



28 -13 11 30 -30 9 -8 -30 31 -7 4 31 -31 2 0 -31 
-50 22 -15 39 18 -42 13 -39 18 14 82 5 -25 -31 31 3 
-12 -54 -36 -22 40 23 35 19 -17 14 -26 78 36 -17 -10 29 
55 0 29 -31 -32 33 -26 32 -12 -19 -72 -41 12 38 -26 -15 
-10 54 24 35 -26 -37 -25 -32 22 -6 52 -64 -40 2 20 -23 
-52 -19 -38 18 43 -16 15 -48 -84 5 Input angle :225
Zaxis angle :0 
minval :0 

minval :0 



-8 43 -43 -9 12 -43 42 15 -17 41 -39 -20 23 -38 37 24 
-10 -47 -7 -36 40 43 22 15 -9 -2 -49 70 32 -6 -30 30 
48 0 37 -1 -50 31 -19 19 4 -8 -58 -62 0 33 -25 -36 
-8 48 -6 36 -23 -54 -15 -22 7 6 73 -44 -32 -6 40 -17 
-44 -19 -34 -13 58 -12 25 -10 -7 6 35 79 11 -30 9 42 
25 -41 19 -31 -1 59 -18 -49 -50 -3 Input angle :251
Zaxis angle :0 
minval :0 

minval :0 



-5 33 -34 -8 10 -32 31 12 -15 31 -30 -16 19 -29 27 19 
1 -53 -24 -24 29 35 25 25 -20 -6 -42 70 38 -2 -24 22 
52 12 28 -19 -41 23 -29 19 10 -19 -60 -51 -5 37 -18 -29 
-23 48 13 31 -13 -43 -11 -33 19 15 63 -47 -36 -11 32 -10 
-42 -32 -33 5 46 -5 35 -7 -16 14 37 71 18 -33 4 34 
39 -36 0 -35 -5 45 -52 79 -50 -6 Input angle :227
Zaxis angle :0 
minval :0 

minval :0 



-48 -11 14 -47 46 16 -19 45 -44 -21 24 -43 41 26 -28 40 
83 -2 47 -6 -13 37 -51 -16 -9 -14 -62 -31 23 78 -33 -35 
-12 82 0 48 -33 -20 26 -47 15 -6 42 -56 -81 7 40 -26 
-78 -28 -45 -11 25 -29 42 33 2 16 46 53 13 -80 17 44 
42 -72 19 -43 23 31 -43 33 -16 0 -61 35 78 24 -47 7 
62 55 38 27 -35 17 10 0 -17 -5 Input angle :243
Zaxis angle :0 
minval :0 

minval :0 



20 25 -26 19 -17 -27 28 -15 13 29 -30 12 -11 -30 31 -10 
-61 -69 -31 -15 22 -9 27 49 3 12 20 68 42 -71 3 31 
81 -45 20 -27 5 23 -53 18 -13 1 -71 3 61 54 -31 -3 
28 88 22 27 -24 0 -7 -55 1 -12 7 -71 -65 50 9 -29 
-92 12 -30 17 3 -24 55 2 12 3 68 22 -34 -74 27 15 
5 -92 -11 -32 22 9 -23 -81 9 3 Input angle :243
Zaxis angle :0 
minval :0 

minval :0 



-8 -41 41 -6 4 42 -42 1 0 -42 42 1 -4 42 -41 -7 
25 62 28 55 -33 7 -2 -80 9 1 3 -67 -52 51 15 -38 
-66 10 -60 15 1 -35 78 13 -3 9 66 18 -38 -62 35 21 
2 -67 -4 -62 34 5 -30 73 -8 -4 -29 61 68 -28 -28 29 
65 13 62 6 -11 32 -68 -41 6 -7 -55 -39 15 72 -23 -33 
-29 60 -18 59 -28 -19 22 -96 -32 1 Input angle :238
Zaxis angle :0 
minval :0 

minval :0 



24 31 -31 23 -21 -33 34 -20 17 36 -37 14 -12 -37 38 -10 
-3 -65 -58 -49 30 -25 8 85 -13 23 -4 64 52 -36 2 39 
65 7 61 -45 20 33 -86 -8 -20 -18 -62 -16 23 59 -38 -4 
-23 61 35 67 -37 11 23 -83 22 -16 27 -58 -62 13 12 -37 
-56 -33 -72 23 -4 -38 76 39 12 24 51 40 0 -63 33 20 
45 -47 -4 -76 38 3 -106 47 -67 1 Input angle :239
Zaxis angle :0 
minval :0 

minval :0 



-22 26 -25 -23 24 -24 22 25 -27 21 -20 -27 28 -19 17 29 
53 -35 34 -64 38 27 -73 37 -17 -3 -63 18 45 28 -32 9 
25 59 57 45 -33 32 -23 -78 6 -16 -7 -65 -34 41 -3 -33 
-63 10 -55 47 -24 -39 82 -3 14 9 66 5 -33 -42 33 2 
1 -64 -37 -63 43 -17 -10 82 -11 12 -17 63 47 -26 -8 32 
63 11 68 -24 10 45 -42 -97 83 -4 Input angle :240
Zaxis angle :0 
minval :0 

minval :0 



19 -35 34 21 -23 33 -32 -24 26 -31 29 27 -30 27 -24 -31 
-46 54 -11 61 -34 -20 52 -60 18 24 70 -45 -59 -26 35 -18 
-42 -56 -58 -22 27 -28 47 64 -27 12 30 77 37 -54 11 37 
64 -29 36 -51 24 32 -72 32 -8 -29 -82 14 44 48 -39 2 
16 69 45 43 -36 16 -18 -77 30 -1 1 -83 -54 36 3 -39 
-71 5 -51 35 -9 -38 -10 -81 -125 7 Input angle :233
Zaxis angle :0 
minval :0 

minval :0 



11 36 -36 10 -8 -37 38 -5 3 38 -37 0 1 -38 38 2 
-7 -75 -39 -52 28 -10 15 90 -26 0 -10 76 62 -24 -10 35 
74 9 59 -28 4 30 -92 -1 5 -25 -72 -22 11 65 -32 -17 
-25 71 16 64 -30 -3 22 -89 24 10 40 -64 -67 -1 24 -28 
-64 -40 -66 3 8 -29 83 39 -14 22 58 48 13 -65 24 28 
48 -57 6 -66 27 13 -75 -17 83 -5 Input angle :238
Zaxis angle :0 
minval :0 

minval :0 



-41 9 -6 -42 41 -4 2 42 -42 0 3 -42 42 5 -7 41 
74 -8 55 -35 8 27 -85 1 -8 -33 -71 2 28 66 -38 -15 
-4 74 25 61 -28 3 13 -85 34 -1 12 -70 -71 11 22 -35 
-72 -16 -64 13 2 -28 80 32 -4 34 66 25 -2 -72 29 28 
34 -66 0 -66 28 7 -43 73 -32 -11 -38 59 71 12 -33 24 
60 44 64 13 -12 26 68 96 -110 -8 Input angle :238
Zaxis angle :0 
minval :0 

minval :0 



39 -26 24 41 -41 22 -20 -42 44 -18 15 45 -45 14 -11 -45 
-73 36 -48 46 -13 -52 66 -12 16 34 72 -23 -31 -56 46 -1 
-23 -78 -35 -57 54 -2 1 67 -37 10 7 76 61 -19 -8 45 
82 -6 63 -23 -4 54 -66 -12 -3 -38 -76 -4 7 63 -43 -17 
-8 81 13 66 -51 -18 22 -64 38 2 21 -73 -64 -4 23 -40 
-78 -23 -67 0 25 -48 -45 -65 53 9 Input angle :243
Zaxis angle :0 
minval :0 

minval :0 



-9 -41 41 -6 4 41 -42 2 0 -42 42 3 -6 41 -40 -8 
30 68 30 52 -35 12 -8 -75 14 -7 -3 -62 -41 37 15 -38 
-72 17 -57 19 -5 -36 75 4 5 15 62 7 -28 -46 33 24 
-3 -74 -10 -59 37 3 -17 73 -16 1 -20 59 53 -17 -28 30 
73 10 60 2 -7 36 -68 -31 1 -17 -53 -32 7 55 -23 -33 
-21 71 -14 59 -33 -16 65 0 21 1 Input angle :243
Zaxis angle :0 
minval :0 

minval :0 



25 13 -14 25 -24 -15 16 -23 23 17 -18 21 -20 -20 20 -19 
-84 6 -39 -3 9 -36 57 28 10 19 59 16 -18 -58 13 24 
7 -84 10 -38 33 16 -40 49 -21 6 -27 54 61 -3 -25 9 
80 26 35 18 -23 29 -40 -48 -2 -21 -48 -36 -7 61 -5 -27 
-36 75 -24 32 -25 -27 53 -34 21 1 44 -41 -59 -17 27 0 
-68 -50 -28 -28 31 -20 -23 -17 88 5 Input angle :247
Zaxis angle :0 
minval :0 

minval :0 



-16 32 -31 -17 19 -29 28 21 -22 27 -26 -23 26 -24 22 26 
19 -85 3 -42 35 33 -29 49 -27 -11 -32 63 65 1 -30 16 
79 35 41 11 -40 27 -41 -40 15 -24 -57 -42 -15 63 -11 -32 
-52 70 -17 38 -19 -43 47 -33 21 20 52 -47 -59 -26 34 -4 
-61 -61 -34 -25 46 -12 21 53 -24 16 37 60 37 -52 -2 34 
71 -50 31 -28 1 48 -49 63 76 -7 Input angle :246
Zaxis angle :0 
minval :0 

minval :0 



-26 -21 23 -24 22 25 -26 22 -21 -27 28 -19 17 28 -29 16 
75 33 39 12 -29 27 -40 -46 14 -22 -53 -42 -20 63 -9 -31 
-46 68 -21 36 -22 -33 54 -29 18 18 52 -43 -57 -32 33 -2 
-57 -59 -32 -27 37 -14 19 58 -21 15 34 58 42 -50 -3 32 
68 -45 32 -25 7 39 -61 5 -10 -24 -63 24 40 52 -31 -8 
31 76 20 36 -40 -1 103 -32 -83 -2 Input angle :246
Zaxis angle :0 
minval :0 

minval :0 



36 -2 0 37 -36 -2 4 -36 36 6 -9 35 -34 -10 12 -34 
-87 16 -41 15 19 -42 58 6 -6 29 62 -3 -13 -58 30 17 
4 -89 -7 -43 37 27 -17 55 -26 -11 -9 62 59 -3 -24 25 
87 20 43 1 -35 29 -50 -28 17 -23 -59 -22 -9 57 -20 -29 
-38 80 -10 42 -24 -39 37 -45 21 21 32 -54 -55 -20 31 -15 
-72 -51 -40 -17 42 -16 -100 15 34 4 Input angle :246
Zaxis angle :0 
minval :0 

minval :0 



25 23 -24 24 -23 -26 27 -22 20 28 -30 18 -16 -30 31 -15 
-42 -87 -39 -36 44 -9 27 71 -39 22 17 56 52 -49 8 33 
94 -25 43 -32 1 46 -75 16 -14 -43 -58 5 37 61 -34 3 
5 98 24 48 -45 -8 -1 -77 44 -6 4 -58 -67 27 3 -33 
-97 -11 -52 12 17 -42 75 16 -2 45 56 16 -14 -70 32 11 
32 -92 0 -54 38 26 79 47 -117 -4 Input angle :236
Zaxis angle :0 
minval :0 

minval :0 



-9 26 -25 -11 12 -25 24 13 -15 23 -22 -17 18 -21 20 18 
-15 -84 0 -42 38 27 -14 60 -21 -5 -5 61 61 -19 -22 15 
86 3 41 7 -34 31 -55 -28 9 -19 -60 -14 4 63 -11 -24 
-19 84 -17 38 -26 -38 38 -48 17 13 26 -56 -63 -5 26 -6 
-79 -33 -36 -23 43 -18 39 47 -16 14 49 37 17 -61 2 26 
48 -71 29 -30 9 45 -51 -49 84 -5 Input angle :246
Zaxis angle :0 
minval :0 

minval :0 



-7 -27 28 -5 3 28 -27 3 -2 -28 28 0 -1 28 -28 -2 
32 65 36 37 -23 15 -19 -81 20 -10 -2 -52 -52 43 9 -25 
-70 17 -44 26 -9 -26 83 -1 6 22 51 7 -33 -59 24 13 
-4 -72 -18 -48 27 -4 -11 82 -23 1 -16 49 65 -20 -18 20 
71 11 51 -8 -1 28 -79 -27 2 -23 -45 -26 10 67 -17 -21 
-23 69 -3 52 -27 -6 88 80 -47 1 Input angle :238
Zaxis angle :0 
minval :0 

minval :0 



36 7 -9 36 -36 -10 12 -35 35 13 -15 34 -33 -18 20 -31 
-72 29 -45 20 12 -17 79 -22 -1 12 67 10 -34 -49 26 24 
-8 -78 -13 -47 15 14 5 82 -11 -3 -20 64 54 -24 -29 21 
78 6 49 -2 -17 12 -82 -9 6 -10 -60 -33 13 58 -13 -34 
-21 76 -6 49 -7 -20 25 -78 9 8 45 -50 -59 2 35 -6 
-71 -34 -46 -16 21 -4 -40 63 -59 1 Input angle :234
Zaxis angle :0 
minval :0 

minval :0 



31 28 -30 28 -27 -30 32 -25 24 34 -34 21 -20 -36 36 -19 
-100 12 -74 -10 24 -32 93 27 1 20 89 38 -17 -94 11 37 
4 -101 25 -69 26 31 -45 85 -21 -2 -58 78 96 4 -39 0 
98 24 61 37 -37 19 -74 -61 5 -20 -67 -70 -24 93 4 -39 
-43 91 -48 53 -14 -39 76 -60 18 11 83 -50 -86 -41 37 14 
-79 -61 -45 -58 41 -4 -102 -1 -119 7 Input angle :243
Zaxis angle :0 
minval :0 

minval :0 



18 -20 20 19 -19 19 -18 -20 21 -17 15 23 -24 14 -12 -24 
-21 90 -22 38 -20 -34 44 -47 16 15 40 -48 -63 -12 25 -8 
-85 -36 -33 -29 36 -14 36 53 -19 12 41 48 23 -60 2 27 
54 -75 35 -27 7 39 -58 27 -7 -21 -55 30 53 36 -27 -2 
62 68 17 41 -40 -1 -15 -63 22 -4 -16 -61 -46 45 7 -25 
-78 49 -43 10 9 -38 3 16 -75 5 Input angle :243
Zaxis angle :0 
minval :0 

minval :0 



33 -19 17 34 -34 17 -14 -35 36 -12 10 37 -37 6 -3 -38 
-76 54 -37 27 8 -46 60 -19 0 29 59 -17 -43 -52 37 4 
-35 -87 -20 -41 44 16 5 63 -28 -3 7 62 59 -33 -10 36 
92 -18 44 -12 -25 39 -63 -2 10 -28 -61 -9 19 64 -33 -17 
1 94 4 46 -32 -33 17 -61 25 15 17 -59 -67 6 23 -29 
-92 -19 -45 -5 38 -27 -84 -81 106 5 Input angle :243
Zaxis angle :0 
minval :0 

minval :0 



17 -27 26 19 -20 25 -24 -22 22 -23 22 24 -25 21 -19 -25 
-40 65 -25 60 -3 -42 44 -72 11 19 46 -34 -60 -28 29 -11 
-58 -50 -58 -31 42 4 62 57 -21 8 27 51 39 -54 6 31 
62 -46 45 -47 -13 40 -71 48 -4 -21 -56 16 46 48 -31 0 
31 70 37 53 -37 -19 -36 -77 22 0 -4 -57 -55 37 4 -31 
-74 18 -59 26 27 -32 -19 -81 -78 5 Input angle :238
Zaxis angle :0 
minval :0 

minval :0 



-12 21 -19 -13 14 -19 18 16 -16 17 -17 -17 18 -16 14 19 
7 -93 -7 -55 11 30 -2 90 0 -1 -36 54 55 -9 -21 10 
89 25 56 2 -32 5 -87 -17 2 0 -47 -45 0 56 -5 -22 
-42 83 -14 54 1 -32 36 -81 0 1 55 -36 -55 -13 23 0 
-74 -55 -51 -23 31 8 74 49 -2 0 24 61 23 -51 -2 23 
68 -62 33 -45 -13 29 6 -32 -110 -1 Input angle :227
Zaxis angle :0 
minval :0 

minval :0 



5 36 -38 2 -1 -36 35 1 -3 36 -36 -6 10 -34 33 10 
9 -92 -27 -64 47 15 16 87 -25 -18 -25 72 50 -10 -18 32 
87 26 67 -18 -23 41 -92 0 22 -23 -64 -41 -1 51 -27 -24 
-45 80 5 68 -35 -32 20 -89 14 26 49 -53 -50 -10 26 -22 
-69 -60 -68 -8 37 -30 83 31 -27 11 43 58 19 -47 15 32 
72 -56 19 -66 21 44 -20 -113 89 -8 Input angle :229
Zaxis angle :0 
minval :0 

minval :0 



-39 -13 16 -39 38 18 -18 38 -36 -21 23 -35 33 26 -27 31 
81 -13 50 -16 -12 51 -69 22 3 -30 -59 -19 34 61 -24 -33 
-1 82 6 52 -48 -22 -7 -72 28 10 31 -53 -66 23 37 -17 
-79 -19 -52 -2 31 -42 72 7 -15 25 47 40 -11 -70 8 40 
34 -74 13 -50 36 39 -22 68 -22 -20 -49 38 70 3 -41 3 
67 46 46 24 -45 26 94 32 114 -5 Input angle :234
Zaxis angle :0 
minval :0 

minval :0 



-3 39 -39 -4 8 -39 39 10 -12 38 -37 -13 16 -36 35 17 
-33 -66 -48 -50 51 6 51 71 -29 -12 12 66 39 -38 -25 29 
71 -20 59 -37 -16 48 -79 37 18 -26 -68 -2 30 46 -23 -31 
7 74 23 66 -44 -25 -17 -85 20 24 16 -66 -51 18 35 -17 
-74 -7 -69 9 34 -38 87 0 -27 16 61 28 -6 -55 11 37 
20 -72 0 -70 29 42 -43 15 106 -8 Input angle :227
Zaxis angle :0 
minval :0 

minval :0 



13 -27 26 14 -16 25 -24 -17 18 -23 22 20 -21 21 -21 -21 
13 82 43 35 -37 -6 -50 -85 23 0 10 -44 -48 28 25 -15 
-83 0 -42 37 12 -35 93 -31 -4 23 42 17 -18 -53 10 27 
17 -81 -26 -49 31 19 12 97 -21 -8 -25 38 54 -10 -29 4 
77 31 54 -16 -24 29 -98 -6 12 -20 -31 -33 -1 56 0 -29 
-49 66 7 55 -23 -30 66 96 24 4 Input angle :227
Zaxis angle :14 
minval :0 

minval :0 



-20 14 -13 -21 22 -12 10 22 -23 9 -8 -23 24 -6 5 24 
67 -62 12 -59 -8 40 -47 93 -6 -22 -61 29 49 30 -24 0 
48 78 56 23 -38 -15 -82 -65 23 0 -15 -66 -39 42 3 -23 
-85 34 -34 50 23 -34 76 -69 -2 23 68 -3 -33 -47 22 8 
-17 -90 -42 -43 30 29 53 89 -22 -6 -10 67 52 -24 -11 21 
92 -1 49 -36 -33 24 44 -64 -14 -6 Input angle :227
Zaxis angle :0 
minval :0 

minval :0 



2 -47 47 5 -9 47 -46 -11 13 -45 45 15 -17 44 -43 -19 
-1 91 48 40 -40 -26 -41 -86 34 16 14 -66 -63 16 29 -36 
-89 -18 -51 36 35 -32 91 -25 -21 31 62 26 -4 -64 30 34 
37 -83 -27 -56 25 40 4 95 -26 -27 -35 57 64 7 -40 22 
73 53 61 -17 -45 17 -93 -12 32 -20 -46 -49 -20 60 -16 -43 
-66 61 2 62 -8 -47 50 112 55 9 Input angle :234
Zaxis angle :0 
minval :0 

minval :0 



-7 -41 41 -5 2 41 -42 0 1 -42 41 4 -7 41 -40 -9 
26 75 35 44 -44 -27 -37 -76 22 -2 10 -52 -54 39 16 -37 
-78 10 -49 28 36 -37 82 -21 -1 23 49 19 -28 -60 33 23 
4 -79 -16 -54 30 42 2 84 -22 -6 -28 44 65 -15 -30 27 
76 19 56 -5 -48 21 -83 -15 9 -20 -36 -37 2 67 -22 -34 
-33 71 -6 56 -10 -51 72 0 -82 3 Input angle :236
Zaxis angle :0 
minval :0 

minval :0 



1 39 -40 0 2 -39 39 4 -6 39 -38 -8 12 -38 37 13 
-49 -60 -45 -24 55 7 63 53 -41 8 9 43 51 -26 -20 32 
69 -34 33 -39 -18 52 -64 51 0 -42 -44 2 15 55 -28 -26 
19 75 33 39 -47 -29 -35 -74 41 7 4 -43 -57 4 31 -23 
-77 7 -45 25 37 -41 79 -22 -15 39 41 14 3 -57 15 35 
8 -77 -14 -50 34 43 115 79 49 -6 Input angle :234
Zaxis angle :0 
minval :0 

minval :0 



31 11 -14 29 -29 -16 16 -28 27 18 -19 26 -25 -21 21 -24 
-75 39 -16 54 -4 -43 73 -71 20 54 46 -17 -26 -71 19 24 
-24 -81 -49 -27 43 3 52 87 -57 7 6 49 76 -10 -29 13 
84 -8 36 -43 -11 41 -95 35 2 -58 -50 0 -2 76 -8 -30 
-11 84 35 44 -38 -19 -22 -99 56 14 10 -48 -74 -16 31 -1 
-80 -25 -49 28 25 -35 -97 95 54 13 Input angle :237
Zaxis angle :0 
minval :0 

minval :0 



55 -13 9 57 -57 4 -1 -57 57 0 -3 57 -57 -6 9 -56 
-73 26 -41 55 1 -51 47 -43 0 32 46 -2 -34 -41 52 21 
-14 -76 -48 -49 51 11 36 54 -32 -5 -5 46 48 -24 -31 47 
78 3 57 -37 -20 47 -60 21 12 -30 -44 -14 16 51 -40 -39 
-17 76 22 65 -42 -29 -9 -63 28 16 22 -41 -53 7 47 -30 
-71 -32 -68 8 37 -35 -94 79 -42 5 Input angle :227
Zaxis angle :0 
minval :0 

minval :0 



-12 42 -42 -14 17 -41 39 21 -23 37 -36 -26 27 -35 33 28 
7 -79 -27 -53 41 33 13 70 -38 -18 -10 50 45 -5 -34 27 
76 21 58 -13 -38 34 -71 -3 25 -34 -47 -18 -1 46 -20 -38 
-37 70 2 59 -24 -46 16 -69 28 31 28 -42 -45 -12 42 -12 
-62 -50 -59 -8 49 -17 64 29 -36 22 36 36 20 -41 4 43 
60 -52 19 -56 8 51 -62 15 -2 -11 Input angle :236
Zaxis angle :0 
minval :0 

minval :0 



-2 -43 43 0 -2 43 -43 -4 6 -43 42 9 -12 42 -41 -14 
40 59 44 44 -66 -6 -50 -47 39 -5 -16 -40 -38 30 22 -36 
-67 27 -50 37 21 -63 55 -40 -2 39 42 -9 -23 -43 32 28 
-13 -71 -25 -57 58 32 27 63 -38 -9 -1 43 47 -14 -35 24 
72 0 61 -13 -42 50 -66 18 15 -36 -42 -9 6 49 -19 -38 
-14 71 2 62 -42 -51 -127 0 -125 5 Input angle :234
Zaxis angle :0 
minval :0 

minval :0 



-18 42 -40 -20 22 -39 38 24 -26 37 -36 -28 30 -33 31 31 
-9 -65 -19 -69 59 17 19 62 -35 -1 -7 38 41 -17 -37 24 
65 4 71 -5 -27 55 -65 6 9 -33 -36 -15 8 43 -16 -42 
-18 63 -11 70 -48 -39 6 -64 31 15 20 -32 -45 2 43 -8 
-60 -26 -68 -21 48 -39 63 17 -20 29 27 27 8 -43 0 45 
40 -51 33 -62 27 55 -94 -1 83 -7 Input angle :234
Zaxis angle :0 
minval :0 

minval :0 



27 25 -27 25 -24 -29 29 -23 22 31 -32 20 -18 -33 34 -16 
-76 0 -48 9 48 -45 51 -12 -11 42 46 6 0 -56 8 36 
14 -75 0 -49 31 58 1 53 -40 -19 -12 45 56 8 -37 0 
71 29 48 9 -61 25 -52 -7 26 -35 -41 -22 -18 53 4 -36 
-37 67 -17 45 -14 -65 17 -49 30 32 31 -35 -49 -28 35 11 
-57 -51 -41 -25 66 3 102 111 -92 5 Input angle :236
Zaxis angle :0 
minval :0 

minval :0 



-37 -6 8 -38 37 9 -11 36 -35 -14 16 -34 34 17 -19 32 
63 -39 41 -34 -15 66 -42 36 -13 -47 -43 17 30 46 -26 -25 
23 70 28 45 -61 -29 -28 -47 48 -6 -8 -46 -53 15 30 -22 
-74 8 -49 20 41 -54 52 -18 -5 48 46 0 -9 -54 16 33 
6 -74 -6 -52 42 53 7 54 -46 -15 -10 45 55 2 -36 9 
71 20 53 2 -58 35 87 -16 -14 -12 Input angle :236
Zaxis angle :0 
minval :0 

minval :0 



-10 -38 38 -9 7 39 -39 5 -4 -39 39 -1 0 39 -39 -2 
65 56 55 8 -61 0 -62 -25 40 -27 -38 -37 -40 39 12 -37 
-67 54 -18 53 11 -60 36 -55 18 45 43 -31 -29 -49 34 17 
-40 -76 -49 -26 56 24 47 47 -47 10 21 48 53 -21 -24 30 
82 -24 37 -42 -35 49 -55 37 0 -48 -52 11 11 56 -25 -28 
11 85 35 44 -42 -44 -64 0 40 2 Input angle :236
Zaxis angle :0 
minval :0 

minval :0 



-37 27 -25 -40 41 -21 19 42 -43 17 -13 -44 45 -11 10 44 
46 -54 4 -67 24 40 -28 67 -25 -29 -27 32 38 18 -45 0 
43 55 65 14 -44 15 -61 -40 34 -19 -27 -33 -24 35 9 -45 
-64 31 -28 60 -7 -47 52 -51 12 38 37 -19 -27 -32 42 17 
-19 -68 -52 -41 47 0 41 60 -39 4 14 39 37 -22 -25 39 
70 -7 50 -43 -11 45 8 -112 35 -10 Input angle :236
Zaxis angle :14 
minval :0 

minval :0 



-41 2 -1 -41 40 1 -3 41 -40 -6 8 -40 39 10 -12 39 
40 -55 37 -63 6 56 -36 62 -19 -36 -41 25 27 31 -34 -20 
42 52 55 49 -57 -2 -51 -50 38 -12 -17 -45 -36 20 25 -31 
-59 33 -56 46 14 -55 56 -44 5 40 47 -11 -15 -39 26 30 
-22 -64 -36 -64 51 24 33 63 -41 -3 -1 48 40 -6 -35 19 
67 -7 70 -20 -34 45 41 48 38 -10 Input angle :236
Zaxis angle :0 
minval :0 

minval :0 



-18 46 -44 -19 24 -41 41 27 -30 38 -39 -30 31 -37 35 32 
2 -53 -28 -57 39 35 29 61 -30 -22 -9 53 38 -11 -39 28 
53 9 62 -16 -40 36 -65 14 30 -25 -49 -21 2 39 -20 -44 
-20 49 4 64 -26 -48 -2 -69 22 31 29 -46 -39 -5 47 -10 
-43 -29 -64 -7 52 -15 66 12 -36 12 38 36 11 -38 1 48 
36 -38 19 -61 4 54 -27 95 80 -10 Input angle :227
Zaxis angle :14 
minval :0 

minval :0 



-61 0 3 -61 61 6 -9 61 -60 -11 15 -59 58 19 -22 57 
61 -28 37 -61 -11 45 -46 72 12 -42 -48 13 11 42 -49 -35 
14 65 53 49 -41 -21 -63 -59 38 22 -4 -50 -44 2 45 -39 
-67 0 -60 40 28 -37 71 -49 -27 35 50 5 6 -44 32 51 
11 -66 -28 -66 31 33 36 78 -28 -33 -13 48 42 11 -55 24 
62 23 69 -17 -39 24 -105 112 45 -6 Input angle :227
Zaxis angle :14 
minval :0 

minval :0 



39 -42 38 42 -45 35 -33 -47 48 -31 28 49 -51 26 -22 -52 
-15 29 0 79 -45 -46 -11 -66 25 36 28 -25 -32 -3 55 -11 
-25 -21 -79 -12 51 -38 67 0 -40 18 19 33 8 -31 0 57 
25 -20 29 -74 26 58 -13 66 -9 -43 -36 12 28 15 -56 -12 
15 29 66 43 -62 15 -61 -27 44 -1 -4 -38 -19 26 22 -52 
-31 9 -54 58 -2 -64 -30 31 21 11 Input angle :227
Zaxis angle :0 
minval :0 

minval :0 



24 -62 60 27 -31 58 -57 -34 37 -55 52 40 -44 50 -48 -45 
22 49 29 49 -47 -27 -54 -37 41 19 2 -42 -34 2 52 -39 
-53 11 -54 18 35 -42 46 -46 -26 36 41 9 4 -34 24 61 
-4 -53 -6 -57 34 43 37 53 -30 -33 -19 38 32 11 -65 14 
53 6 57 3 -48 26 -59 27 38 -24 -34 -26 -17 29 -3 -65 
-17 51 -16 55 -15 -53 70 16 101 10 Input angle :234
Zaxis angle :14 
minval :0 

minval :0 



-7 -34 33 -5 4 34 -35 2 0 -35 34 1 -3 34 -34 -5 
23 64 53 28 -41 13 -75 -43 55 -22 -4 -38 -28 17 11 -32 
-68 8 -37 47 -5 -43 57 -64 10 60 39 3 -9 -31 28 20 
4 -68 -38 -46 43 6 55 67 -61 0 -10 37 32 -4 -23 24 
66 15 53 -28 -12 41 -77 40 13 -59 -35 -16 -2 33 -18 -28 
-30 61 17 57 -38 -20 -35 0 -4 5 Input angle :225
Zaxis angle :0 
minval :0 

minval :0 



-42 20 -18 -43 44 -16 13 44 -45 11 -8 -46 46 -5 2 46 
18 -72 -12 -46 16 40 46 72 -35 -17 -27 42 38 6 -45 -6 
66 32 48 -2 -42 10 -79 32 23 -32 -37 -33 -12 37 13 -43 
-42 60 -7 47 -1 -43 -15 -84 26 29 40 -29 -33 -21 40 22 
-49 -55 -45 -15 43 6 86 1 -33 22 20 45 27 -29 -30 34 
63 -37 23 -42 -14 41 -56 47 -112 -10 Input angle :237
Zaxis angle :0 
minval :0 

minval :0 



-21 38 -37 -23 25 -35 33 28 -29 32 -30 -31 32 -28 26 34 
-30 -51 -38 -27 38 12 70 32 -40 9 9 41 35 -16 -38 19 
57 -17 34 -31 -18 36 -46 62 -1 -41 -42 2 8 38 -10 -41 
6 59 23 40 -31 -26 -52 -57 41 6 6 -41 -39 0 42 -3 
-60 -2 -44 15 30 -26 66 -41 -13 39 39 15 6 -38 -5 43 
14 -57 -6 -46 19 35 114 -1 117 -6 Input angle :238
Zaxis angle :0 
minval :0 

minval :0 



-38 -44 46 -36 32 49 -51 28 -27 -52 52 -26 22 54 -55 19 
51 -3 47 -19 -36 31 -53 52 18 -33 -43 -7 -2 34 -7 -57 
-3 51 9 50 -25 -41 -43 -61 29 24 15 -41 -33 -8 58 4 
-49 -13 -51 -3 46 -15 70 -26 -29 23 36 24 14 -31 -15 55 
22 -46 11 -50 5 49 14 74 -16 -35 -31 29 26 21 -52 -26 
39 32 46 22 -48 -3 -112 96 27 -3 Input angle :234
Zaxis angle :14 
minval :0 

minval :0 



-45 -12 14 -44 43 17 -20 42 -41 -22 24 -40 38 27 -28 36 
53 -38 27 -41 -10 44 -21 76 -18 -39 -41 8 14 32 -29 -35 
24 60 32 36 -42 -17 -71 -35 42 -10 1 -42 -34 6 41 -21 
-64 11 -41 26 27 -36 51 -61 0 43 41 8 0 -36 10 45 
-2 -66 -17 -47 32 33 54 58 -43 -8 -16 39 34 7 -46 1 
64 12 48 -9 -39 25 52 -112 -24 -11 Input angle :243
Zaxis angle :0 
minval :0 

minval :0 



33 40 -42 31 -28 -43 44 -27 23 46 -47 21 -18 -49 48 -16 
-62 0 -51 15 31 -35 62 -50 -7 44 34 21 1 -29 7 50 
14 -61 -6 -53 28 37 33 72 -40 -19 -28 29 28 7 -51 -3 
58 22 53 3 -42 21 -76 19 25 -37 -21 -34 -13 26 14 -49 
-35 52 -13 51 -12 -45 -5 -80 30 33 37 -14 -22 -19 45 24 
-44 -45 -49 -22 47 -2 104 -49 44 6 Input angle :243
Zaxis angle :0 
minval :0 

minval :0 



-31 -42 44 -29 27 45 -46 25 -22 -48 49 -21 19 49 -49 16 
49 31 55 -6 -52 29 -69 24 25 -37 -18 -30 -10 33 -3 -52 
-41 40 -6 55 -20 -56 -11 -73 31 32 33 -11 -30 -16 52 5 
-34 -46 -52 -19 59 -11 74 6 -37 24 5 35 21 -26 -15 50 
53 -25 26 -48 -1 59 -16 72 -17 -41 -35 -1 22 26 -45 -24 
11 57 42 35 -58 -13 -80 96 -75 -3 Input angle :237
Zaxis angle :0 
minval :0 

minval :0 



1 -52 52 4 -7 52 -51 -10 13 -51 50 15 -17 50 -48 -19 
26 51 44 46 -65 -15 -69 -24 30 -3 8 -43 -20 28 29 -42 
-56 15 -52 36 27 -61 36 -63 -3 30 40 17 -24 -25 37 36 
-2 -58 -22 -60 53 40 53 49 -29 -8 -26 35 29 -18 -42 30 
57 6 63 -12 -50 43 -58 43 14 -26 -31 -32 13 32 -20 -48 
-17 55 0 64 -36 -56 95 -80 -101 4 Input angle :243
Zaxis angle :0 
minval :0 

minval :0 



54 -19 18 54 -55 15 -11 -56 56 -8 5 57 -57 1 1 -57 
-20 57 -10 52 -12 -51 -31 -76 28 13 30 -24 -40 -9 54 12 
-51 -31 -50 -19 53 0 81 -16 -20 24 18 34 18 -38 -23 51 
40 -44 31 -43 -10 52 -1 83 -20 -24 -37 10 33 25 -47 -30 
36 47 38 37 -49 -18 -80 -15 28 -15 -3 -38 -31 28 40 -39 
-54 26 -45 29 27 -45 41 0 -102 7 Input angle :243
Zaxis angle :0 
minval :0 

minval :0 



19 -50 49 21 -23 48 -47 -26 30 -44 41 33 -35 40 -40 -35 
31 70 41 26 -42 -35 -82 -23 59 -12 -9 -48 -49 15 43 -29 
-74 21 -33 35 41 -37 39 -76 0 61 49 -2 -5 -52 21 48 
-1 -77 -27 -39 25 49 66 55 -60 -11 -8 48 51 5 -51 11 
76 13 44 -19 -51 19 -64 56 23 -56 -46 -17 -14 49 -3 -53 
-29 71 10 47 -5 -55 -52 16 -86 8 Input angle :237
Zaxis angle :0 
minval :0 

minval :0 



3 49 -48 0 1 -49 48 3 -6 48 -47 -10 12 -47 45 16 
-18 -78 -57 -34 54 31 78 28 -51 -3 -5 61 37 -10 -24 41 
80 -1 43 -49 -41 47 -41 72 11 -49 -59 -16 5 38 -36 -31 
-11 79 42 51 -39 -50 -62 -55 46 21 26 -55 -38 -2 37 -29 
-76 -25 -58 30 55 -30 65 -52 -29 42 49 37 8 -37 23 42 
39 -70 -17 -64 17 60 117 15 98 -10 Input angle :223
Zaxis angle :14 
minval :0 

minval :0 



-39 43 -40 -41 43 -38 35 46 -48 32 -30 -50 51 -27 24 52 
26 -44 -12 -78 32 59 28 65 -24 -39 -42 31 27 10 -55 14 
38 35 78 0 -64 19 -70 16 44 -15 -22 -47 -16 24 -2 -57 
-41 31 -17 76 -7 -66 -2 -71 7 46 50 -12 -22 -19 57 7 
-21 -47 -70 -34 67 6 70 12 -46 -1 2 52 23 -17 -19 54 
50 -14 45 -64 -17 65 48 96 -96 -12 Input angle :223
Zaxis angle :14 
minval :0 

minval :0 



52 -5 3 52 -52 1 1 -52 52 4 -7 51 -51 -10 12 -50 
-56 17 -39 63 25 -61 25 -74 -3 46 59 2 -21 -32 46 22 
-5 -58 -52 -52 55 35 66 41 -46 -10 -11 58 35 -14 -31 40 
58 2 61 -42 -45 47 -52 58 18 -43 -54 -23 9 37 -34 -38 
-13 56 29 69 -37 -54 -44 -65 38 26 34 -47 -38 1 45 -24 
-53 -24 -72 15 59 -28 116 -49 4 8 Input angle :223
Zaxis angle :14 
minval :0 

minval :0 



47 17 -20 46 -45 -22 24 -43 42 26 -28 41 -39 -30 32 -37 
-57 -5 -57 42 34 -49 56 -53 -16 45 51 14 0 -33 29 39 
15 -55 -29 -65 43 42 42 64 -42 -22 -23 48 33 6 -45 20 
50 26 70 -15 -51 32 -72 28 32 -35 -41 -33 -13 31 -11 -47 
-36 43 2 71 -20 -57 -16 -75 29 38 40 -34 -28 -17 49 -3 
-39 -41 -71 -11 58 -11 82 -1 124 5 Input angle :223
Zaxis angle :0 
minval :0 

minval :0 



71 -6 1 71 -71 -4 10 -71 70 13 -16 69 -69 -18 22 -67 
-48 23 -48 52 27 -54 14 -63 0 32 54 3 -27 -27 60 37 
-13 -51 -39 -61 48 36 58 26 -32 -3 -13 53 32 -21 -47 52 
53 -3 65 -30 -44 40 -39 51 10 -30 -49 -24 14 35 -42 -57 
-7 53 18 69 -31 -51 -44 -47 28 16 31 -44 -37 8 62 -33 
-51 -16 -72 1 56 -22 -86 79 17 6 Input angle :243
Zaxis angle :14 
minval :0 

minval :0 



-22 -41 44 -20 18 43 -46 15 -12 -46 47 -10 10 46 -46 7 
68 43 69 -5 -39 11 -81 25 23 -51 -31 -37 -20 44 2 -46 
-55 60 -10 69 -1 -40 -11 -83 45 32 42 -23 -39 -28 45 13 
-48 -65 -65 -22 41 5 84 5 -39 39 14 46 35 -33 -20 43 
73 -36 33 -60 -11 39 -18 81 -30 -48 -48 5 26 40 -37 -28 
20 78 52 44 -35 -20 -45 -32 -86 -6 Input angle :243
Zaxis angle :0 
minval :0 

minval :0 



-27 -59 60 -24 22 61 -62 19 -15 -63 63 -12 8 64 -64 4 
33 62 88 40 -47 2 -65 -28 50 -23 -17 -47 -28 22 7 -63 
-68 19 -58 77 6 -47 39 -60 12 54 49 -8 -18 -32 60 19 
-7 -70 -67 -69 45 15 50 50 -55 4 0 50 34 -11 -32 55 
70 3 81 -51 -23 40 -59 40 7 -55 -50 -8 3 36 -49 -41 
-19 68 37 88 -35 -30 -46 -96 -99 4 Input angle :234
Zaxis angle :0 
minval :0 

minval :0 



47 -46 44 49 -52 41 -38 -54 56 -35 31 58 -60 28 -24 -61 
-31 58 -12 92 -7 -54 -14 -66 13 29 43 -34 -22 -9 64 -12 
-51 -42 -88 -29 55 3 68 -1 -32 6 25 48 13 -20 1 65 
50 -42 45 -81 -14 54 -12 67 -1 -32 -53 14 17 17 -64 -13 
31 58 72 58 -49 -24 -63 -27 32 6 -4 -55 -19 14 26 -60 
-63 20 -72 59 33 -44 -48 -113 -56 7 Input angle :237
Zaxis angle :0 
minval :0 

minval :0 



45 -36 33 47 -49 29 -26 -52 53 -23 21 54 -55 17 -14 -55 
-30 71 -3 72 -10 -72 -19 -61 11 32 48 -33 -22 -13 58 -2 
-63 -45 -70 -17 73 1 64 -10 -34 6 24 53 16 -21 -7 57 
51 -57 31 -64 -19 71 -4 64 1 -34 -57 13 16 20 -54 -19 
42 65 55 45 -65 -34 -62 -16 33 9 -2 -58 -23 12 28 -49 
-70 33 -52 49 44 -58 -60 47 -8 7 Input angle :243
Zaxis angle :14 
minval :0 

minval :0 



-25 -53 55 -23 18 55 -56 15 -13 -57 58 -11 8 59 -58 3 
56 19 73 25 -60 17 -60 0 35 1 -22 -52 -13 12 8 -58 
-29 52 -38 66 -5 -63 9 -60 -6 34 55 -10 -8 -16 56 20 
-45 -39 -58 -52 62 7 57 22 -33 -14 2 56 16 -6 -32 49 
47 -36 60 -48 -18 59 -31 52 19 -30 -56 -6 1 17 -45 -38 
28 53 37 68 -54 -31 101 -16 107 6 Input angle :223
Zaxis angle :0 
minval :0 

minval :0 



52 -13 10 52 -53 6 -5 -53 54 -2 -1 53 -54 -3 6 -52 
-40 44 -51 64 -2 -59 20 -58 -2 32 34 -7 -15 -11 50 18 
-36 -47 -51 -63 57 11 52 33 -31 -9 0 35 14 -12 -28 45 
54 -26 73 -37 -22 54 -41 45 16 -28 -34 -6 9 16 -39 -35 
14 58 24 78 -49 -30 -36 -50 25 21 12 -32 -17 6 41 -33 
-59 3 -81 8 40 -43 -99 -49 -117 5 Input angle :243
Zaxis angle :0 
minval :0 

minval :0 



30 41 -44 26 -25 -45 47 -22 18 48 -49 15 -14 -50 49 -12 
-50 -24 -72 -18 49 -14 61 -8 -44 1 23 37 15 -11 0 51 
34 -44 35 -66 1 51 0 61 8 -43 -41 14 8 17 -50 -9 
36 42 59 46 -51 -8 -59 -16 41 16 -5 -44 -18 4 17 -48 
-48 27 -57 48 17 -48 28 -55 -24 37 44 4 0 -19 43 28 
-15 -53 -38 -64 44 26 123 -49 98 -8 Input angle :225
Zaxis angle :0 
minval :0 

minval :0 



-11 54 -53 -15 20 -52 51 23 -25 50 -49 -27 29 -48 46 30 
-8 -55 -30 -75 36 28 43 45 -33 -33 -11 41 22 6 -38 40 
55 3 79 -18 -35 30 -54 31 39 -27 -37 -19 -10 21 -32 -45 
-12 54 2 82 -24 -38 -21 -59 19 43 26 -33 -18 -13 51 -21 
-50 -24 -80 -15 43 -14 62 -11 -47 10 26 33 17 -15 12 54 
32 -45 28 -76 6 45 -9 -49 2 -12 Input angle :234
Zaxis angle :0 
minval :0 

minval :0 



-53 2 0 -53 53 2 -5 53 -52 -8 10 -52 51 14 -16 50 
46 -28 56 -56 -11 47 -32 60 22 -41 -45 0 1 22 -45 -28 
16 51 43 67 -44 -20 -53 -42 37 29 9 -45 -22 -2 34 -39 
-53 8 -73 30 28 -40 52 -44 -35 30 42 17 6 -21 32 42 
0 -53 -14 -78 34 35 32 60 -20 -42 -24 38 19 10 -48 22 
51 12 80 0 -41 27 -77 -80 115 -4 Input angle :223
Zaxis angle :0 
minval :0 

minval :0 



47 -17 15 47 -47 14 -12 -48 49 -9 6 49 -48 3 -1 -49 
-45 46 -41 66 1 -43 15 -69 -6 36 44 -6 -11 -15 48 8 
-38 -52 -58 -51 44 9 63 27 -34 -14 -4 40 18 -8 -18 46 
58 -28 60 -46 -16 42 -38 57 23 -30 -43 -12 4 18 -41 -26 
17 62 33 70 -36 -26 -50 -48 27 25 20 -40 -19 0 33 -35 
-64 3 -74 20 33 -29 125 127 -76 4 Input angle :234
Zaxis angle :0 
minval :0 

minval :0 



-8 56 -56 -12 16 -55 54 20 -24 52 -51 -26 29 -49 48 30 
-10 -59 -35 -78 41 19 52 44 -27 -24 -12 42 17 -2 -37 43 
59 0 83 -19 -26 38 -53 42 30 -21 -38 -21 0 18 -32 -46 
-13 58 -1 85 -30 -34 -26 -63 15 34 27 -34 -16 -4 51 -24 
-54 -23 -84 -13 39 -24 66 -15 -36 10 26 34 7 -16 12 55 
34 -48 30 -80 15 44 -4 -17 -96 -10 Input angle :223
Zaxis angle :0 
minval :0 

minval :0 



-30 48 -47 -32 35 -44 43 37 -40 40 -38 -43 45 -35 32 47 
10 -73 0 -75 32 41 27 53 -25 -28 -15 40 27 0 -53 20 
68 28 73 19 -48 22 -58 15 32 -20 -35 -24 -3 27 -12 -54 
-40 63 -29 69 -13 -51 -5 -60 13 36 31 -29 -25 -9 57 3 
-55 -50 -61 -43 53 -5 59 8 -37 7 23 35 14 -23 -10 55 
59 -44 54 -52 -8 52 -3 -17 -124 -10 Input angle :243
Zaxis angle :0 
minval :0 

minval :0 



52 41 -43 50 -47 -47 50 -44 41 52 -54 38 -36 -56 56 -34 
-55 -12 -80 -4 21 -39 65 -15 -20 15 22 31 -1 -18 22 62 
21 -53 19 -79 34 28 3 67 -9 -23 -35 15 19 2 -65 10 
47 31 74 33 -34 28 -67 -8 24 -5 -10 -37 -6 18 2 -66 
-40 40 -48 64 -21 -38 24 -63 1 25 38 -1 -16 -9 64 16 
-32 -47 -54 -60 42 -13 -100 63 -74 -2 Input angle :227
Zaxis angle :14 
minval :0 

minval :0 



-71 -8 11 -71 70 14 -19 68 -66 -25 28 -66 64 31 -34 62 
41 -25 54 -48 -6 60 -28 62 26 -39 -51 5 0 22 -54 -46 
18 45 36 62 -56 -21 -55 -40 34 32 4 -51 -21 -4 56 -43 
-48 8 -68 24 32 -52 48 -48 -39 26 49 13 7 -20 31 63 
2 -48 -9 -71 45 41 36 59 -18 -43 -24 45 18 12 -68 19 
47 11 72 3 -47 38 -72 -96 -35 -4 Input angle :254
Zaxis angle :49 
minval :0 

minval :0 



-54 26 -23 -55 57 -20 18 57 -58 16 -13 -59 60 -8 5 59 
14 -58 19 -62 36 59 11 74 -18 -35 -47 21 25 6 -59 -8 
53 29 56 33 -66 22 -75 -1 38 -10 -14 -50 -11 24 18 -57 
-37 47 -43 50 -11 -69 17 -73 2 40 51 -3 -21 -15 51 31 
-37 -47 -39 -53 69 4 67 34 -39 -6 -8 51 19 -18 -39 44 
53 -27 58 -30 -17 68 53 16 120 -10 Input angle :223
Zaxis angle :14 
minval :0 

minval :0 



56 -22 20 57 -58 16 -13 -59 60 -10 7 60 -61 4 0 -60 
-48 37 -21 65 -17 -58 2 -81 -5 50 58 -22 -14 -12 58 12 
-30 -53 -59 -35 60 -4 78 19 -48 -15 10 61 14 -10 -21 55 
59 -17 44 -52 -7 60 -31 74 23 -45 -62 -3 8 17 -50 -32 
2 61 41 54 -58 -18 -67 -45 39 31 11 -61 -18 4 41 -43 
-61 -5 -61 30 30 -53 97 -49 -14 7 Input angle :227
Zaxis angle :0 
minval :0 

minval :0 



35 -31 29 37 -39 26 -25 -41 41 -23 20 42 -43 18 -14 -45 
-1 65 -10 57 -39 -52 -17 -41 32 34 16 -46 -31 -20 46 -5 
-64 -15 -54 -21 60 -26 44 -7 -41 24 42 24 26 -27 -3 46 
25 -60 29 -50 13 64 0 44 -16 -45 -31 37 22 29 -45 -12 
54 38 41 40 -65 5 -43 -10 47 -8 -30 -38 -33 15 20 -41 
-48 44 -48 33 10 -65 -6 111 13 12 Input angle :243
Zaxis angle :0 
minval :0 

minval :0 



89 57 -62 87 -83 -66 70 -80 75 75 -79 71 -67 -83 85 -63 
-106 5 -122 -3 68 -102 86 -42 -62 84 106 22 18 -56 42 97 
12 -106 24 -119 87 85 23 93 -68 -78 -43 98 51 29 -102 22 
102 31 110 53 -101 69 -96 4 92 -48 -87 -65 -40 43 -1 -105 
-52 93 -69 100 -48 -113 10 -95 35 98 74 -78 -35 -46 104 16 
-76 -75 -84 -88 120 -24 50 -97 -78 1 Input angle :237
Zaxis angle :0 
minval :0 

minval :0 



-83 7 -4 -85 85 1 -5 84 -83 -9 12 -83 83 18 -23 80 
103 -43 102 -63 -49 114 -73 72 44 -87 -81 31 15 59 -75 -35 
22 110 43 111 -103 -71 -59 -83 78 58 -14 -87 -61 3 52 -64 
-112 2 -119 17 88 -89 93 -41 -73 66 87 2 9 -60 55 62 
21 -110 7 -120 69 105 24 98 -48 -86 -22 85 58 21 -72 40 
102 46 117 27 -116 48 -71 0 -105 -5 Input angle :237
Zaxis angle :0 
minval :0 

minval :0 



54 -4 1 55 -54 0 2 -54 54 5 -9 53 -53 -11 13 -52 
-34 28 -38 44 -3 -66 22 -43 -4 51 39 -19 -13 -22 48 24 
-22 -38 -37 -44 65 8 38 28 -49 -13 13 41 24 -9 -31 43 
42 -14 50 -28 -19 63 -35 32 22 -46 -43 4 4 25 -35 -40 
7 43 17 56 -56 -34 -22 -42 40 32 4 -43 -26 -1 47 -26 
-43 -4 -57 4 44 -48 102 -1 -94 8 Input angle :234
Zaxis angle :0 
minval :0 

minval :0 



62 -40 38 64 -64 36 -33 -66 68 -28 25 70 -71 21 -17 -71 
-49 39 -26 61 -38 -45 10 -62 28 67 37 -26 -20 -28 73 1 
-26 -57 -54 -40 54 -25 57 23 -72 11 15 42 32 -13 -15 72 
61 -13 51 -44 15 56 -33 52 0 -73 -45 8 8 34 -68 -27 
0 63 35 57 -59 5 -43 -44 71 15 0 -46 -35 2 42 -60 
-62 -11 -63 23 6 -58 -103 79 24 17 Input angle :269
Zaxis angle :36 
minval :0 

minval :0 



20 61 -61 17 -14 -62 62 -11 8 63 -63 3 0 -63 63 3 
-26 -65 -64 -33 56 -19 75 21 -68 -8 6 43 37 -14 -16 61 
69 -12 44 -57 4 60 -31 71 21 -65 -43 -1 9 38 -56 -28 
2 70 45 55 -60 -7 -63 -44 59 33 10 -42 -39 1 37 -50 
-70 -12 -63 34 18 -57 56 -53 -45 52 39 17 5 -38 42 47 
24 -66 -22 -68 53 27 83 111 59 -14 Input angle :234
Zaxis angle :0 
minval :0 

minval :0 



-59 -4 10 -58 57 14 -17 56 -56 -20 24 -54 53 26 -27 51 
51 -28 52 -33 0 67 -28 57 7 -54 -43 2 18 30 -44 -39 
17 56 25 56 -66 -14 -49 -41 51 18 6 -44 -32 13 45 -38 
-58 5 -60 11 26 -62 50 -39 -29 46 41 14 -7 -34 27 52 
5 -58 0 -62 55 38 30 57 -41 -36 -21 38 35 1 -57 14 
56 17 60 13 -50 45 -83 112 -38 -9 Input angle :234
Zaxis angle :0 
minval :0 

minval :0 



-59 -7 10 -58 57 13 -17 56 -56 -20 23 -54 53 26 -28 51 
60 8 51 -36 -41 51 -42 45 31 -23 -33 -25 10 30 -42 -40 
-21 57 22 58 -43 -50 -37 -50 18 34 30 -28 -32 4 45 -37 
-53 -29 -61 14 58 -31 57 -23 -36 11 21 35 2 -32 25 53 
40 -45 -2 -62 19 63 13 60 -3 -38 -39 15 31 9 -56 14 
36 48 62 9 -66 8 -104 -112 -4 0 Input angle :225
Zaxis angle :0 
minval :0 

minval :0 



-43 -15 17 -42 40 21 -23 39 -38 -26 28 -36 35 29 -31 33 
64 9 38 -36 -20 58 -47 47 38 -28 -34 -18 -2 39 -25 -37 
-18 62 27 44 -54 -30 -36 -55 22 41 25 -30 -38 -10 41 -19 
-57 -31 -47 20 41 -46 62 -23 -46 13 24 30 19 -35 8 45 
43 -48 -8 -51 37 50 9 66 -4 -47 -34 17 31 24 -45 1 
41 51 52 0 -55 28 -64 -112 -71 1 Input angle :227
Zaxis angle :0 
minval :0 

minval :0 



28 -46 44 32 -33 43 -42 -35 37 -40 37 39 -41 35 -34 -42 
0 72 11 66 -50 -60 -25 -53 28 36 27 -53 -28 -15 48 -24 
-71 -13 -68 0 67 -38 56 -16 -40 21 49 35 20 -25 15 52 
27 -67 14 -66 22 75 4 58 -12 -43 -43 42 19 25 -53 6 
61 38 64 23 -78 8 -58 -6 45 -3 -32 -50 -29 14 5 -54 
-48 53 -33 59 3 -78 -16 31 105 11 Input angle :237
Zaxis angle :0 
minval :0 

minval :0 



-10 -53 53 -8 5 54 -54 1 2 -54 53 5 -9 54 -53 -11 
30 53 56 22 -59 2 -74 -10 49 4 -8 -49 -45 4 20 -49 
-58 20 -34 50 11 -58 27 -70 -15 46 50 0 4 -44 44 30 
-7 -61 -43 -43 54 22 64 40 -42 -25 -11 48 43 11 -37 38 
61 3 49 -35 -30 50 -51 55 31 -38 -45 -21 -20 40 -29 -45 
-15 60 21 57 -41 -41 122 80 -32 9 Input angle :234
Zaxis angle :0 
minval :0 

minval :0 



-28 -58 59 -23 19 61 -62 15 -11 -62 63 -9 6 64 -64 4 
42 25 64 13 -46 27 -70 6 37 -15 -18 -27 -40 18 10 -62 
-31 37 -24 63 -19 -50 6 -73 10 38 31 -13 -12 -43 58 21 
-30 -38 -54 -36 53 -8 68 19 -40 1 10 36 44 -2 -33 54 
44 -21 47 -47 -2 54 -32 66 7 -39 -34 2 -4 45 -46 -42 
14 47 36 54 -52 -11 -111 64 -3 3 Input angle :237
Zaxis angle :0 
minval :0 

minval :0 



-79 19 -14 -80 80 -9 3 81 -81 0 2 -82 81 4 -10 80 
21 -34 47 -51 15 63 -17 52 0 -40 -29 -5 21 36 -76 -28 
28 28 42 55 -65 0 -48 -27 40 8 10 -27 -40 13 41 -69 
-33 22 -62 29 7 -65 35 -43 -15 37 25 15 -5 -41 59 55 
-17 -36 -16 -68 61 22 34 43 -34 -22 -20 21 42 2 -65 48 
39 -8 69 -3 -34 55 109 0 91 -8 Input angle :223
Zaxis angle :0 
minval :0 

minval :0 



-52 36 -33 -54 56 -30 28 57 -59 25 -20 -60 62 -17 14 61 
35 -56 1 -50 26 44 36 61 -27 -41 -46 20 31 26 -63 0 
48 45 48 12 -47 17 -68 22 46 -19 -11 -49 -31 26 11 -62 
-54 39 -22 45 -8 -50 -10 -71 9 49 50 -2 -19 -36 57 25 
-29 -60 -40 -30 51 2 72 5 -50 0 -6 50 39 -11 -34 53 
65 -15 36 -33 -10 50 45 32 -29 -13 Input angle :234
Zaxis angle :0 
minval :0 

minval :0 



36 46 -48 34 -32 -50 52 -29 26 53 -54 23 -21 -55 56 -18 
-60 -4 -57 -1 32 -58 50 -28 -30 35 18 19 3 -33 3 58 
17 -58 12 -55 50 44 20 54 -28 -35 -22 15 33 10 -58 -8 
53 29 51 23 -52 42 -57 7 41 -21 -10 -25 -16 29 19 -55 
-38 47 -34 45 -29 -60 4 -57 11 44 26 -4 -25 -22 51 28 
-37 -48 -38 -41 64 -18 71 -49 22 1 Input angle :225
Zaxis angle :0 
minval :0 

minval :0 



65 48 -52 62 -60 -54 56 -58 54 60 -63 51 -47 -66 67 -43 
-48 -38 -80 -5 42 -40 46 -17 -38 19 28 37 24 -20 27 75 
47 -38 21 -77 31 48 6 49 -13 -41 -41 22 15 27 -80 12 
30 54 72 34 -54 21 -49 -2 43 -4 -12 -45 -30 9 6 -80 
-58 19 -48 63 -9 -56 12 -48 -4 43 46 -2 -4 -31 78 18 
-7 -61 -54 -59 57 3 88 111 -73 -4 Input angle :237
Zaxis angle :0 
minval :0 

minval :0 



-19 -64 65 -18 15 66 -66 11 -7 -67 68 -3 0 67 -67 -3 
39 40 53 25 -64 24 -66 6 53 -1 -20 -34 -21 20 18 -64 
-46 31 -34 47 -12 -67 1 -66 -7 53 38 -12 -15 -25 59 30 
-21 -51 -41 -42 68 0 64 18 -50 -18 5 39 28 -10 -40 53 
54 -11 49 -33 -12 67 -27 60 24 -47 -40 -1 4 29 -45 -50 
1 55 23 54 -62 -26 -97 96 47 9 Input angle :227
Zaxis angle :0 
minval :0 

minval :0 


