
79 74 -77 77 -74 -82 85 -69 65 90 -90 57 -55 -93 97 -48 
-44 -54 -58 37 31 -68 9 32 -6 -73 58 36 -43 -17 22 105 
62 -29 -32 -62 62 40 -34 3 67 8 -47 51 27 -36 -111 6 
19 69 69 -16 -56 51 4 -33 -19 70 -42 -58 32 32 14 -106 
-68 5 2 69 -43 -61 36 9 -64 -30 63 -29 -40 21 101 31 
7 -68 -73 -13 73 -28 22 -80 56 -2 Input angle :74
Zaxis angle :39 
minval :0 

minval :0 



75 47 -52 72 -70 -54 57 -68 64 60 -65 60 -55 -69 71 -52 
-40 -32 -36 42 13 -63 9 33 -14 -63 49 22 -33 -12 36 81 
39 -33 -32 -45 57 27 -34 3 64 -3 -30 44 19 -30 -86 19 
23 46 50 -23 -38 52 2 -34 -6 64 -36 -39 26 23 -2 -88 
-49 13 12 54 -44 -46 33 9 -60 -21 46 -28 -29 20 87 15 
-2 -51 -55 3 54 -34 -125 96 -30 -15 Input angle :74
Zaxis angle :39 
minval :0 

minval :0 



102 -11 8 106 -106 3 5 -106 105 12 -17 107 -102 -20 21 -99 
-64 2 -6 59 -36 -69 26 20 -49 -37 61 -20 -50 12 91 46 
10 -65 -62 -17 75 -23 -26 20 46 -39 6 64 0 -45 -62 85 
58 23 24 -55 9 78 -18 -24 31 52 -65 -7 52 6 -71 -77 
-32 60 45 38 -83 -4 29 -10 -55 21 14 -63 -17 50 86 -57 
-50 -42 -46 40 20 -77 -7 -49 25 -2 Input angle :317
Zaxis angle :36 
minval :0 

minval :0 



-89 54 -46 -93 91 -42 39 97 -102 35 -29 -101 103 -21 14 101 
60 -28 -24 -62 58 55 -32 -2 64 11 -50 42 35 -27 -104 -4 
15 65 64 -11 -62 47 10 -32 -23 64 -32 -54 19 37 19 -101 
-65 0 0 66 -31 -73 31 16 -55 -38 61 -17 -40 11 92 41 
7 -64 -65 -13 77 -21 -22 25 50 -50 6 61 -5 -42 -65 84 
58 25 22 -58 8 78 19 112 -85 1 Input angle :86
Zaxis angle :51 
minval :0 

minval :0 



26 -71 69 31 -36 65 -65 -40 40 -63 61 44 -48 57 -55 -51 
-32 40 40 26 -65 -6 31 -19 -51 18 20 -56 -17 35 63 -42 
-32 -39 -36 33 20 -61 13 35 -7 -54 51 31 -30 -24 27 69 
45 -24 -27 -40 58 30 -36 5 55 1 -39 44 28 -26 -74 13 
15 48 46 -16 -41 50 2 -38 -11 53 -35 -48 19 33 2 -75 
-51 5 5 48 -42 -49 53 95 116 -6 Input angle :74
Zaxis angle :41 
minval :0 

minval :0 



64 -51 45 67 -70 40 -37 -73 75 -33 29 75 -77 24 -20 -78 
-49 17 19 47 -53 -36 35 -6 -61 -4 41 -40 -26 26 81 -2 
-12 -52 -51 8 43 -48 -1 38 13 -59 27 46 -20 -29 -13 80 
52 0 0 -52 35 53 -36 -10 54 25 -54 21 33 -13 -76 -28 
-10 51 51 9 -58 28 14 -33 -37 48 -8 -54 9 35 38 -71 
-48 -19 -18 48 -15 -61 82 79 5 -11 Input angle :47
Zaxis angle :0 
minval :0 

minval :0 



-83 17 -12 -85 84 -7 3 86 -85 1 2 -85 84 9 -15 83 
55 3 2 -54 35 55 -34 -14 54 36 -53 12 31 -12 -77 -35 
-17 52 52 15 -61 23 23 -29 -48 44 -1 -55 7 33 50 -68 
-48 -26 -24 49 -8 -65 25 27 -34 -55 55 7 -33 1 59 61 
33 -44 -43 -32 66 2 -32 19 60 -25 -18 51 4 -33 -69 49 
35 41 40 -36 -13 64 58 -96 44 16 Input angle :71
Zaxis angle :41 
minval :0 

minval :0 



-31 -2 3 -31 31 4 -5 31 -31 -7 9 -30 29 11 -13 28 
39 -33 42 -9 -7 17 -14 24 -23 -28 -73 -24 16 35 -24 -18 
24 43 0 43 -15 -11 -21 -19 31 -17 40 -66 -37 10 22 -21 
-48 15 -42 -5 14 -12 22 -17 10 34 58 50 -1 -39 15 26 
-6 -50 14 -40 10 16 11 25 -36 3 -61 46 38 6 -29 10 
50 4 36 22 -18 6 16 -64 -11 -10 Input angle :109
Zaxis angle :0 
minval :0 

minval :0 



-22 -27 28 -21 19 29 -30 17 -15 -31 32 -14 11 33 -33 8 
61 5 29 35 -25 4 -21 6 10 -38 -29 -69 -17 38 -2 -34 
-17 57 -40 22 0 -25 -3 -22 35 18 72 -17 -34 -24 34 4 
-54 -26 -14 -43 25 5 23 1 -24 31 0 75 31 -29 -11 32 
39 -46 45 -5 -10 22 -7 21 -25 -30 -73 -16 21 37 -29 -16 
37 47 -5 45 -20 -14 -113 -96 108 -5 Input angle :109
Zaxis angle :0 
minval :0 

minval :0 



-2 -40 40 0 -1 40 -40 -4 5 -39 39 8 -11 38 -38 -13 
50 25 15 50 -31 -1 -12 -14 33 -31 0 -68 -35 30 20 -33 
-35 44 -52 4 8 -30 16 -9 24 39 66 16 -24 -40 28 27 
-37 -43 7 -52 28 13 6 17 -42 16 -28 62 44 -14 -31 24 
49 -27 50 16 -18 26 -19 1 -8 -44 -55 -40 6 46 -16 -36 
15 54 -27 45 -22 -22 -74 0 123 0 Input angle :243
Zaxis angle :0 
minval :0 

minval :0 



51 -57 56 53 -56 52 -49 -59 61 -46 42 64 -67 40 -36 -67 
20 114 -35 85 -32 -34 -10 -50 113 9 97 -81 -106 -25 73 -21 
-116 0 -78 -51 39 -27 52 0 -34 109 56 113 46 -99 3 77 
24 -112 67 -62 16 44 -12 50 -99 -56 -122 34 87 65 -75 -8 
105 48 50 79 -46 6 -48 -20 76 -86 -11 -127 -79 74 23 -73 
-69 94 -86 32 1 -47 -112 -32 55 11 Input angle :1
Zaxis angle :0 
minval :0 

minval :0 



-29 33 -31 -31 33 -29 27 34 -36 25 -24 -37 38 -22 20 38 
-8 -54 18 -42 21 24 0 25 -56 -11 -53 41 56 15 -41 12 
55 2 37 27 -28 15 -24 -6 22 -53 -27 -60 -27 52 -1 -42 
-13 53 -36 29 -8 -31 11 -22 48 31 64 -16 -47 -36 43 3 
-50 -23 -24 -40 32 -3 20 14 -41 40 4 67 44 -38 -13 41 
32 -44 44 -15 -2 32 -127 -1 -15 -13 Input angle :243
Zaxis angle :0 
minval :0 

minval :0 



7 39 -40 4 -1 -40 40 0 -1 41 -40 -3 5 -40 39 9 
-46 -33 -17 -37 27 4 25 3 -31 27 -7 75 48 -29 -16 36 
43 -38 40 -8 -9 26 -8 24 -20 -36 -73 -22 18 54 -31 -24 
30 48 1 40 -22 -16 -21 -13 39 -12 35 -67 -56 5 29 -27 
-55 17 -40 -9 20 -20 17 -17 5 41 59 48 2 -57 20 34 
-9 -56 15 -38 16 23 87 15 -90 -1 Input angle :109
Zaxis angle :0 
minval :0 

minval :0 



26 -33 31 28 -29 30 -29 -30 32 -28 27 33 -34 23 -22 -36 
61 52 -9 27 -35 -3 -24 7 46 -25 8 -77 -48 27 40 -11 
-64 48 -24 -15 9 -34 -1 -26 15 50 75 21 -18 -52 3 42 
-34 -72 19 -20 31 16 26 3 -52 6 -35 69 54 -6 -41 -4 
77 -21 16 23 -23 26 -8 24 5 -51 -60 -50 -3 55 12 -39 
5 80 -26 12 -22 -27 -54 96 -57 3 Input angle :0
Zaxis angle :0 
minval :0 

minval :0 



38 23 -25 36 -35 -26 27 -34 33 29 -32 30 -28 -34 35 -26 
-72 -9 -29 -13 28 -13 26 -8 -26 50 51 78 19 -64 19 39 
22 -68 20 -24 6 30 3 28 -43 -34 -85 37 57 35 -42 12 
63 35 21 24 -31 0 -28 -3 43 -35 -15 -92 -43 51 -1 -43 
-47 55 -27 16 5 -31 7 -26 25 50 93 1 -42 -52 43 6 
-44 -57 -10 -30 28 11 40 -49 -7 3 Input angle :251
Zaxis angle :0 
minval :0 

minval :0 



24 -31 29 26 -29 28 -26 -29 31 -25 23 32 -32 22 -20 -33 
-5 75 -9 32 -15 -24 -21 -38 58 3 61 -51 -67 -18 37 -10 
-73 -20 -30 -14 26 -11 42 -14 -15 56 41 67 28 -64 2 38 
34 -67 20 -26 6 28 4 43 -52 -25 -76 24 56 42 -38 -3 
58 47 22 25 -29 0 -44 -3 35 -46 -7 -78 -52 46 12 -36 
-58 48 -29 16 6 -29 -107 112 57 11 Input angle :251
Zaxis angle :0 
minval :0 

minval :0 



41 21 -23 40 -39 -24 27 -38 35 30 -33 32 -30 -34 36 -29 
-70 69 -79 19 15 -77 61 -59 55 82 101 1 -31 -93 20 40 
-55 -82 -2 -82 74 26 46 72 -92 37 -24 98 97 -12 -43 12 
92 -35 80 17 -41 66 -80 29 -17 -98 -90 -45 -5 98 -4 -45 
13 98 -30 76 -56 -54 -14 -84 99 2 64 -78 -94 -27 45 5 
-99 -3 -69 -44 65 -43 80 -33 60 48 Input angle :243
Zaxis angle :0 
minval :0 

minval :0 



15 36 -38 12 -10 -39 39 -9 7 39 -40 3 -1 -40 40 0 
-57 -52 -25 -27 32 -16 56 4 -31 36 2 98 42 -25 -7 38 
65 -43 32 -19 9 34 -14 54 -30 -37 -96 -17 16 46 -36 -15 
31 71 10 36 -36 1 -50 -26 44 -20 39 -90 -48 7 22 -32 
-77 11 -37 4 4 -36 34 -44 12 46 81 54 4 -49 26 28 
2 -78 3 -37 33 13 60 63 33 1 Input angle :251
Zaxis angle :0 
minval :0 

minval :0 



-33 -38 39 -30 27 41 -43 24 -23 -44 45 -22 20 46 -46 17 
58 -22 51 26 -25 40 -41 8 -12 -48 -56 -66 3 57 -5 -49 
8 62 -33 46 -35 -31 0 -42 49 -1 74 -45 -56 -8 49 3 
-62 -4 -37 -44 38 -28 41 9 -7 49 29 81 16 -54 -12 47 
13 -61 49 -29 19 43 -16 39 -46 -17 -86 7 49 28 -42 -23 
56 27 18 54 -46 9 101 48 106 -11 Input angle :251
Zaxis angle :0 
minval :0 

minval :0 



8 37 -37 5 -2 -37 38 -1 -1 38 -38 -2 5 -37 36 7 
-62 -51 -19 -26 40 -2 33 0 -61 36 28 87 50 -23 -14 33 
61 -52 29 -13 -5 40 -6 32 -24 -67 -91 8 11 54 -31 -20 
39 71 7 31 -39 -12 -31 -11 70 -11 9 -91 -55 2 25 -26 
-75 28 -32 0 20 -35 17 -29 -2 71 89 23 8 -55 21 30 
-13 -79 5 -32 29 27 -25 46 38 -4 Input angle :251
Zaxis angle :0 
minval :0 

minval :0 



-34 4 -3 -35 34 -2 0 35 -35 -2 4 -35 34 6 -7 34 
12 -76 5 -29 13 38 17 47 -68 -32 -75 61 56 36 -30 -14 
71 30 26 12 -39 6 -49 8 45 -60 -41 -88 -45 49 20 -27 
-42 65 -16 23 2 -40 4 -50 50 56 95 -20 -37 -56 22 25 
-56 -53 -20 -20 39 9 49 12 -67 34 7 97 62 -26 -29 17 
64 -42 25 -15 -18 36 -104 111 100 -18 Input angle :243
Zaxis angle :0 
minval :0 

minval :0 



-2 -37 37 -1 0 37 -37 -3 4 -37 36 7 -8 36 -35 -10 
40 42 36 26 -38 -13 -47 -13 54 -40 -1 -88 -61 28 16 -32 
-50 29 -33 30 20 -34 25 -42 29 61 87 18 -18 -65 27 23 
-19 -55 -22 -39 31 26 37 32 -67 13 -34 82 68 -1 -27 23 
57 -9 42 -15 -32 25 -38 30 -1 -68 -73 -48 -9 67 -16 -32 
-5 58 6 45 -17 -35 13 -111 5 3 Input angle :243
Zaxis angle :0 
minval :0 

minval :0 



0 -45 46 2 -4 45 -45 -7 10 -45 43 12 -14 43 -42 -17 
41 45 29 25 -35 -13 -38 -18 48 -30 21 -90 -54 22 25 -37 
-52 29 -29 24 21 -31 25 -34 17 54 84 38 -13 -57 31 32 
-20 -57 -17 -34 27 26 28 31 -56 5 -55 74 58 1 -38 23 
60 -6 37 -10 -31 20 -37 21 2 -56 -61 -69 -9 58 -16 -42 
-5 60 2 38 -13 -35 -39 0 54 4 Input angle :243
Zaxis angle :0 
minval :0 

minval :0 



22 37 -38 19 -16 -39 41 -14 11 41 -42 9 -7 -42 43 -5 
-61 -24 -38 -6 45 -9 43 -2 -35 51 35 83 36 -53 -3 42 
38 -54 11 -37 1 47 -5 43 -40 -46 -89 15 45 45 -40 -12 
46 47 32 21 -46 -9 -40 -13 52 -33 1 -90 -54 33 21 -37 
-55 36 -25 28 18 -43 22 -37 21 58 88 19 -24 -59 32 27 
-26 -60 -23 -31 38 26 9 79 46 2 Input angle :243
Zaxis angle :0 
minval :0 

minval :0 



-33 0 1 -33 33 4 -6 32 -32 -7 8 -32 31 11 -13 30 
72 -19 28 -14 -28 35 -25 34 3 -69 -84 -58 -1 53 -27 -17 
9 74 8 30 -28 -33 -27 -32 68 18 74 -69 -51 -14 24 -22 
-73 -8 -31 1 39 -20 37 -21 -29 63 56 85 23 -48 15 28 
20 -71 6 -30 11 43 13 40 -57 -40 -95 36 43 32 -30 12 
64 38 29 11 -44 3 -50 112 -3 -13 Input angle :243
Zaxis angle :0 
minval :0 

minval :0 



7 36 -35 6 -4 -36 35 -2 0 36 -36 -2 3 -36 35 5 
-46 -35 -30 -31 28 8 45 18 -29 39 -8 98 53 -29 -11 33 
43 -38 36 -23 -13 26 -28 42 -34 -35 -95 -24 16 59 -30 -18 
29 50 15 40 -22 -19 -33 -36 41 -26 46 -86 -61 5 24 -25 
-55 19 -43 5 23 -18 42 -26 18 45 76 61 6 -61 20 28 
-10 -57 2 -43 13 26 63 95 -50 1 Input angle :243
Zaxis angle :0 
minval :0 

minval :0 



37 -14 12 37 -39 10 -9 -39 39 -8 7 39 -40 3 0 -39 
-73 55 -23 4 9 -30 5 -28 19 57 86 8 -13 -65 39 5 
-37 -83 0 -23 28 15 27 11 -59 6 -22 83 66 0 -15 36 
89 -17 23 4 -21 23 -17 23 4 -60 -76 -38 -11 65 -32 -22 
6 91 -8 22 -18 -25 -20 -21 58 14 52 -67 -61 -27 27 -28 
-90 -14 -20 -12 28 -14 -97 95 -27 13 Input angle :251
Zaxis angle :0 
minval :0 

minval :0 



-45 24 -19 -47 48 -18 16 49 -50 13 -11 -52 52 -6 4 52 
57 -50 26 -31 -7 24 -19 53 -25 -50 -92 -11 30 48 -51 -6 
37 67 24 32 -23 -12 -48 -30 55 -12 29 -88 -54 19 18 -48 
-74 21 -37 17 16 -21 38 -41 1 57 82 43 -7 -56 44 24 
-10 -75 -12 -39 15 21 32 46 -56 -7 -61 70 56 3 -35 38 
76 7 40 -3 -23 11 75 -32 124 -14 Input angle :243
Zaxis angle :0 
minval :0 

minval :0 



-26 -48 50 -24 20 51 -52 16 -15 -53 53 -12 9 54 -54 7 
57 44 19 26 -29 10 -50 -4 43 -23 8 -104 -46 34 6 -53 
-54 46 -30 12 -5 -30 13 -48 17 46 101 24 -26 -52 51 18 
-35 -62 -7 -32 30 0 44 23 -49 5 -46 94 55 -16 -27 46 
68 -23 33 0 -7 29 -31 39 2 -49 -83 -63 2 58 -40 -35 
8 71 -5 32 -28 -12 -68 -80 93 3 Input angle :243
Zaxis angle :0 
minval :0 

minval :0 



8 -22 21 8 -9 21 -21 -11 12 -20 19 13 -13 19 -18 -14 
70 82 62 64 0 11 -77 57 -79 68 35 -99 -24 0 18 -14 
-93 54 -75 48 -10 -4 -38 -88 -49 -91 89 55 3 -24 10 20 
-37 -101 -34 -83 6 -9 94 -18 100 -28 -73 74 23 9 -22 6 
107 -13 88 -17 8 7 4 96 13 103 -59 -86 -13 20 -1 -22 
-3 108 -2 89 -9 6 -59 44 92 -7 Input angle :292
Zaxis angle :25 
minval :0 

minval :0 



0 -68 69 2 -4 67 -66 -8 12 -66 65 16 -22 63 -61 -25 
63 88 55 27 -16 -31 -112 18 65 -6 5 -93 -103 22 37 -54 
-98 42 -37 48 34 -9 3 -113 -6 65 91 24 -1 -106 46 45 
-20 -105 -41 -45 5 35 111 23 -61 -18 -42 84 105 18 -54 35 
107 -3 54 -30 -35 -2 -49 102 33 -56 -74 -58 -38 100 -23 -61 
-22 104 19 59 11 -33 97 -64 -115 5 Input angle :251
Zaxis angle :0 
minval :0 

minval :0 



-84 -82 86 -79 74 91 -95 68 -63 -98 102 -58 54 104 -105 49 
116 62 96 0 -20 -19 -96 67 52 -55 -58 -108 -53 59 -25 -114 
-85 101 -15 96 23 -15 -43 -108 43 61 118 -30 -46 -64 116 -1 
-85 -101 -91 -32 10 25 115 -25 -69 30 7 121 72 -32 -20 114 
119 -59 51 -81 -27 5 3 118 -18 -73 -122 -15 20 78 -108 -41 
41 125 71 65 1 -28 -103 32 -53 -1 Input angle :243
Zaxis angle :0 
minval :0 

minval :0 



55 8 -11 54 -54 -14 17 -53 51 19 -22 50 -50 -24 28 -47 
-73 14 -44 24 20 -1 33 -41 0 34 43 33 7 -41 41 35 
4 -74 -15 -48 -3 20 33 41 -34 -7 -40 36 38 16 -43 33 
72 16 50 -7 -19 -7 -48 23 13 -32 -27 -47 -23 34 -23 -50 
-30 67 -3 50 10 -17 -17 -50 28 20 52 -15 -28 -30 53 -13 
-60 -44 -48 -13 15 13 -100 -17 30 6 Input angle :243
Zaxis angle :0 
minval :0 

minval :0 



31 -51 50 34 -37 48 -46 -40 43 -43 40 45 -47 38 -36 -49 
28 59 10 40 -12 -26 -40 -22 44 0 25 -34 -46 -4 55 -25 
-64 16 -41 3 28 -8 30 -34 -7 43 28 31 15 -44 11 59 
-1 -66 5 -41 0 29 28 36 -40 -17 -37 21 38 25 -60 1 
65 10 39 14 -29 -4 -42 20 24 -36 -13 -39 -31 34 11 -60 
-22 62 -21 35 11 -26 117 0 86 8 Input angle :117
Zaxis angle :0 
minval :0 

minval :0 



-1 -43 43 0 -4 43 -42 -5 6 -42 42 8 -11 41 -41 -13 
47 50 24 6 -22 -16 -46 15 38 -18 13 -57 -42 12 21 -37 
-57 39 -11 23 20 -19 -6 -48 8 41 53 26 0 -44 31 28 
-25 -65 -19 -15 14 23 49 3 -42 0 -34 48 44 6 -34 25 
69 -10 19 -16 -26 10 -13 47 7 -41 -38 -44 -14 41 -16 -39 
-1 69 11 22 -2 -28 -101 -16 81 4 Input angle :251
Zaxis angle :0 
minval :0 

minval :0 



-13 46 -45 -16 19 -45 44 20 -23 42 -41 -25 28 -39 38 29 
-17 -81 -17 -23 6 31 44 14 -40 -5 -34 43 49 5 -37 30 
83 -1 26 -11 -32 0 -24 40 11 -38 -35 -42 -12 48 -23 -41 
-15 83 7 28 5 -31 -35 -31 35 19 48 -25 -44 -22 46 -12 
-77 -33 -28 1 29 11 38 -27 -26 30 16 53 33 -37 3 48 
47 -69 3 -28 -17 26 -97 -17 -15 -9 Input angle :251
Zaxis angle :0 
minval :0 

minval :0 



-25 -34 34 -23 21 36 -37 20 -17 -39 39 -15 12 39 -40 10 
73 29 34 -1 -32 -7 -40 21 30 -25 -13 -50 -35 32 0 -41 
-43 66 -6 34 13 -29 -11 -44 19 34 52 -3 -26 -41 40 6 
-58 -55 -33 -11 26 17 44 -3 -37 11 -7 52 45 -17 -15 38 
66 -43 19 -29 -24 21 -6 45 -4 -40 -49 -17 8 48 -35 -22 
27 74 24 24 -17 -27 -99 96 -124 1 Input angle :243
Zaxis angle :0 
minval :0 

minval :0 



-35 -7 9 -35 34 11 -14 33 -32 -15 16 -31 31 19 -20 28 
75 -30 25 -9 -26 17 -8 37 -1 -57 -49 -13 -2 44 -26 -24 
15 78 3 26 -11 -29 -33 -18 56 8 23 -44 -43 -11 28 -20 
-80 2 -26 -2 31 -5 22 -30 -20 52 39 32 18 -40 13 32 
17 -78 8 -26 0 32 25 29 -48 -29 -38 33 35 27 -34 5 
74 30 24 12 -31 -7 -97 0 -54 -11 Input angle :251
Zaxis angle :0 
minval :0 

minval :0 



-3 -37 38 -1 -1 38 -38 -2 5 -37 37 7 -10 37 -36 -11 
57 58 17 21 -19 -28 -47 4 51 -13 9 -50 -51 16 18 -32 
-67 45 -24 12 31 -13 5 -47 5 53 47 18 -6 -53 28 23 
-31 -76 -7 -26 6 33 45 13 -53 -4 -27 43 53 4 -29 22 
80 -14 27 -2 -34 0 -23 41 19 -49 -37 -35 -15 52 -16 -32 
0 82 -2 28 6 -33 -70 16 0 6 Input angle :117
Zaxis angle :0 
minval :0 

minval :0 



26 -6 3 27 -27 2 0 -27 27 0 -1 27 -27 -3 4 -26 
-70 58 -9 25 31 -27 -10 -44 26 45 55 -1 -19 -46 25 9 
-46 -79 -23 -14 19 36 45 0 -50 15 -10 55 48 -11 -13 22 
86 -29 18 -20 -40 10 -8 44 -5 -52 -51 -22 0 49 -19 -18 
10 91 15 22 -5 -41 -42 -17 52 5 31 -47 -48 -9 22 -15 
-92 -7 -24 12 42 2 -60 -65 -109 12 Input angle :243
Zaxis angle :0 
minval :0 

minval :0 



-5 -36 36 -5 4 36 -36 1 0 -37 36 3 -4 36 -36 -5 
51 57 28 19 -21 -25 -50 13 45 4 7 -66 -45 9 14 -33 
-67 38 -25 23 29 -16 -6 -49 -10 43 65 21 0 -47 28 22 
-25 -73 -18 -28 10 32 51 6 -41 -19 -35 59 46 8 -26 24 
77 -8 32 -11 -33 3 -17 49 27 -36 -50 -46 -16 44 -19 -29 
-7 77 4 34 5 -33 121 -112 -115 8 Input angle :251
Zaxis angle :14 
minval :0 

minval :0 



33 30 -32 30 -29 -34 35 -26 25 37 -39 23 -22 -39 39 -19 
-80 9 -36 8 29 5 35 -38 -16 22 27 58 28 -34 8 44 
9 -80 0 -37 -11 27 31 40 -20 -19 -61 19 27 34 -44 0 
75 25 35 6 -24 -16 -45 21 23 -13 -4 -65 -39 20 9 -44 
-41 68 -15 32 21 -20 -10 -50 8 26 64 9 -13 -43 42 16 
-57 -55 -30 -20 15 25 -110 -49 -15 0 Input angle :123
Zaxis angle :0 
minval :0 

minval :0 



-42 3 -1 -42 42 0 -3 42 -42 -6 8 -41 40 10 -12 40 
43 -60 12 -30 -25 27 22 52 -4 -46 -66 8 17 45 -36 -19 
49 55 26 19 -20 -31 -55 13 46 6 4 -66 -47 8 27 -31 
-64 36 -24 21 34 -14 -1 -57 -14 44 63 19 3 -48 25 33 
-22 -70 -17 -27 8 36 56 11 -40 -23 -31 58 47 11 -37 18 
73 -8 30 -11 -38 0 126 -32 48 -9 Input angle :251
Zaxis angle :0 
minval :0 

minval :0 



42 -24 21 44 -45 18 -15 -47 47 -12 10 48 -48 7 -4 -48 
-25 68 -2 39 18 -35 -40 -45 20 43 55 -27 -33 -35 48 4 
-61 -38 -38 -8 31 24 52 -30 -47 10 14 60 42 -23 -14 46 
50 -52 16 -35 -31 24 20 57 0 -48 -61 1 15 46 -42 -24 
41 60 30 24 -17 -36 -60 8 47 8 11 -60 -49 4 31 -36 
-68 25 -30 24 38 -9 -69 47 58 11 Input angle :251
Zaxis angle :14 
minval :0 

minval :0 



-19 -28 29 -18 16 30 -31 15 -13 -32 33 -11 9 33 -33 7 
83 24 40 -9 -29 -11 -54 41 20 -22 -30 -58 -22 38 1 -34 
-41 76 0 41 17 -25 -31 -61 18 24 63 -16 -33 -29 32 7 
-65 -57 -40 -8 22 21 66 -15 -28 12 5 67 33 -26 -13 30 
66 -55 16 -38 -27 17 5 67 -8 -29 -66 -5 18 39 -28 -19 
36 78 35 23 -12 -27 121 112 103 -1 Input angle :243
Zaxis angle :0 
minval :0 

minval :0 



-25 -25 27 -23 21 28 -30 20 -18 -31 32 -16 15 32 -32 13 
86 43 28 11 -28 -11 -39 18 20 -20 -2 -53 -40 22 -5 -34 
-63 73 -17 24 16 -25 -11 -42 16 23 52 9 -14 -43 35 0 
-64 -71 -22 -20 22 20 43 -4 -27 9 -20 49 46 -5 -6 34 
84 -47 24 -17 -25 16 -3 44 -3 -28 -45 -28 -4 45 -31 -15 
28 92 10 27 -11 -28 116 96 28 0 Input angle :2
Zaxis angle :0 
minval :0 

minval :0 



-3 -43 43 -1 -1 42 -43 -4 7 -42 42 10 -10 41 -40 -12 
51 43 18 14 -28 -8 -48 0 23 -22 12 -37 -25 27 21 -36 
-51 43 -18 16 15 -24 10 -45 15 27 37 18 -21 -31 31 28 
-32 -58 -12 -21 22 21 43 20 -30 10 -25 33 35 -14 -34 24 
64 -18 23 -7 -23 17 -27 40 -3 -31 -28 -30 7 37 -16 -38 
6 66 3 24 -10 -28 127 16 -89 0 Input angle :117
Zaxis angle :0 
minval :0 

minval :0 



43 0 -3 43 -43 -5 7 -43 42 9 -12 42 -41 -16 18 -39 
-51 50 -3 29 31 -19 -25 -59 7 31 56 -9 -19 -42 34 25 
-36 -62 -28 -11 11 35 62 -13 -32 0 -2 56 45 -9 -32 28 
68 -22 15 -25 -37 4 1 64 8 -31 -54 -13 0 46 -22 -36 
10 70 21 20 3 -37 -62 -13 29 14 26 -49 -46 -6 40 -13 
-71 -7 -24 16 36 10 -77 -113 -98 6 Input angle :270
Zaxis angle :0 
minval :0 

minval :0 



0 35 -34 -1 4 -35 34 6 -8 34 -33 -10 12 -33 31 13 
-49 -70 -33 -10 1 25 65 -11 -39 13 3 69 53 -15 -19 28 
79 -32 18 -29 -26 -2 -1 65 -6 -41 -69 -10 4 55 -23 -24 
15 84 25 23 8 -24 -64 -16 41 4 24 -65 -55 -5 29 -17 
-86 0 -28 21 22 13 29 -58 -11 40 58 37 17 -53 11 32 
16 -84 -14 -31 -17 19 106 111 -31 -6 Input angle :243
Zaxis angle :0 
minval :0 

minval :0 



46 17 -19 45 -44 -21 24 -42 42 26 -28 40 -38 -31 32 -36 
-59 56 -27 25 30 -3 1 -64 1 35 58 19 -16 -54 28 38 
-45 -67 -19 -31 -2 31 62 13 -34 -4 -32 52 55 -5 -43 21 
78 -25 35 -10 -30 -8 -30 56 13 -31 -45 -42 -6 55 -12 -46 
15 80 5 36 12 -29 -52 -37 29 18 49 -37 -53 -17 48 -1 
-82 -5 -37 -1 25 18 -95 -81 -116 6 Input angle :282
Zaxis angle :0 
minval :0 

minval :0 



22 48 -50 18 -16 -51 52 -13 11 52 -53 7 -4 -53 53 -2 
-79 -7 -45 -5 30 10 51 -29 -34 26 29 50 40 -39 -9 52 
21 -75 13 -43 -17 27 18 56 -20 -38 -55 20 29 48 -49 -19 
70 36 40 21 -23 -22 -59 8 43 -10 -6 -58 -52 19 30 -43 
-50 60 -30 35 25 -19 7 -58 1 43 58 2 -7 -56 37 37 
-49 -61 -26 -38 12 29 82 -33 75 -2 Input angle :251
Zaxis angle :0 
minval :0 

minval :0 



-44 -14 17 -44 42 20 -22 41 -39 -24 25 -39 37 28 -30 34 
59 -44 31 -31 -26 6 -6 62 2 -41 -67 -15 3 45 -27 -37 
30 68 23 38 -1 -26 -60 -19 40 11 30 -61 -44 -7 41 -20 
-73 16 -42 14 26 4 33 -54 -21 36 53 43 14 -43 11 44 
-2 -74 -6 -44 -7 25 48 40 -33 -26 -52 44 39 23 -46 1 
73 12 44 2 -23 -14 -124 96 106 -7 Input angle :272
Zaxis angle :0 
minval :0 

minval :0 



-31 30 -28 -31 33 -26 24 35 -37 20 -20 -37 36 -19 17 38 
3 -62 -16 -25 8 30 73 36 -38 -37 -34 48 41 18 -40 4 
60 14 28 -11 -31 3 -49 64 42 -30 -42 -43 -27 37 3 -41 
-28 56 7 29 2 -31 -53 -64 22 48 51 -30 -29 -34 40 10 
-49 -38 -29 0 29 10 71 -36 -52 13 20 56 39 -23 -18 37 
46 -41 7 -29 -14 27 -3 15 117 -14 Input angle :227
Zaxis angle :0 
minval :0 

minval :0 



-89 33 -29 -89 92 -24 21 92 -93 14 -8 -93 94 -1 -2 94 
89 -73 26 -98 -52 53 38 118 4 -67 0 7 51 68 -91 -21 
55 101 89 47 -40 -62 -124 11 66 18 15 -127 -79 35 35 -86 
-108 36 -67 76 69 -28 12 -125 -31 61 122 42 -22 -84 76 54 
-12 -115 -63 -80 13 74 118 38 -55 -41 -68 109 86 -2 -68 62 
114 6 91 -44 -74 -1 105 -16 93 -6 Input angle :243
Zaxis angle :14 
minval :0 

minval :0 



31 78 -80 25 -21 -82 82 -19 15 84 -83 10 -4 -84 84 0 
-60 -100 -93 -22 27 46 121 -1 -88 -27 2 114 64 -30 -15 82 
111 -38 34 -88 -51 19 -19 118 49 -78 -113 -21 18 68 -76 -33 
18 116 81 50 -9 -52 -113 -43 71 58 39 -108 -70 2 45 -69 
-116 -2 -68 65 54 2 64 -101 -72 56 96 62 9 -70 58 59 
31 -113 -54 -78 -14 52 -87 -113 -42 -11 Input angle :227
Zaxis angle :14 
minval :0 

minval :0 



0 34 -34 0 2 -33 34 4 -6 33 -33 -7 10 -32 32 11 
-17 -76 -44 0 12 48 48 -6 -73 2 13 32 50 6 -18 27 
78 -1 11 -42 -50 2 -4 48 13 -72 -34 6 -16 48 -23 -23 
-13 78 39 20 9 -49 -46 -15 67 30 1 -34 -43 -26 27 -18 
-73 -29 -28 33 46 18 23 -43 -40 61 34 8 35 -36 12 30 
43 -66 -29 -32 -25 42 45 15 -43 -14 Input angle :227
Zaxis angle :14 
minval :0 

minval :0 



17 20 -21 17 -16 -21 22 -14 13 23 -24 12 -10 -24 24 -9 
-49 -46 -31 1 24 34 52 -14 -38 46 21 31 42 -15 5 25 
57 -36 5 -31 -38 16 3 54 -35 -48 -35 13 5 44 -26 -1 
26 63 30 10 -9 -41 -54 -6 55 -24 -6 -37 -45 -3 5 -25 
-67 11 -17 26 41 1 18 -51 11 59 37 2 13 -42 24 11 
0 -68 -23 -23 -7 41 15 -65 -127 0 Input angle :237
Zaxis angle :0 
minval :0 

minval :0 



29 -17 16 30 -30 15 -13 -31 32 -10 8 33 -33 6 -4 -33 
-77 65 -6 22 54 -51 -1 -79 47 66 85 4 -37 -83 33 1 
-46 -90 -21 -10 39 64 78 13 -75 30 -17 83 90 -19 -9 32 
97 -28 14 -18 -70 24 -33 72 -16 -80 -76 -36 -1 92 -29 -15 
7 101 14 18 -11 -74 -66 -45 81 0 50 -69 -90 -14 20 -26 
-100 -11 -20 11 75 1 117 -17 50 40 Input angle :237
Zaxis angle :0 
minval :0 

minval :0 



37 -11 9 37 -38 8 -6 -38 38 -4 2 38 -38 0 3 -38 
-35 95 -28 46 60 -67 2 -94 53 29 86 13 -71 -67 36 10 
-84 -56 -40 -36 55 72 92 21 -41 45 -31 81 81 -53 -17 33 
72 -70 44 -31 -81 41 -35 87 -35 -50 -73 -46 37 90 -29 -23 
53 86 23 49 -23 -87 -77 -55 55 -25 60 -63 -96 15 29 -24 
-94 37 -53 14 90 -8 98 -80 28 30 Input angle :123
Zaxis angle :0 
minval :0 

minval :0 



25 -13 12 26 -26 10 -9 -27 27 -8 6 27 -28 5 -3 -28 
-13 66 -15 28 3 -34 -24 -51 27 10 58 -4 -44 -26 27 4 
-62 -26 -25 -20 32 11 56 -11 -14 25 -6 57 35 -37 -8 26 
35 -58 25 -21 -16 30 0 56 -20 -20 -54 -20 30 41 -23 -15 
47 48 14 28 -24 -23 -56 -10 24 -16 31 -49 -47 19 18 -20 
-57 36 -31 9 26 -20 44 -32 -85 6 Input angle :117
Zaxis angle :0 
minval :0 

minval :0 



-16 -17 18 -15 14 18 -19 13 -12 -19 21 -10 9 21 -22 8 
69 19 17 12 -40 -8 -40 22 13 -38 -25 -46 -19 38 -4 -22 
-34 63 -16 15 16 -37 -13 -43 37 17 50 -17 -34 -25 23 0 
-54 -47 -11 -18 33 24 45 -4 -26 31 5 53 32 -27 -4 23 
56 -44 19 -7 -30 28 -3 45 -26 -31 -53 -2 19 38 -21 -9 
33 63 3 21 -21 -35 -111 16 71 -5 Input angle :117
Zaxis angle :0 
minval :0 

minval :0 



35 5 -7 35 -35 -8 10 -34 33 12 -15 32 -32 -16 17 -30 
-74 29 -13 7 38 -25 6 -43 4 40 46 33 -7 -51 24 24 
-11 -78 -4 -14 16 43 41 15 -39 -5 -41 37 52 2 -28 20 
79 2 14 -1 -45 8 -24 37 15 -37 -26 -49 -14 49 -13 -32 
-20 77 -2 14 3 -46 -32 -30 34 19 51 -20 -47 -22 34 -7 
-71 -34 -14 -4 44 11 -108 -1 -112 7 Input angle :117
Zaxis angle :0 
minval :0 

minval :0 



31 -17 15 33 -33 13 -10 -33 34 -9 7 35 -36 3 -1 -35 
-54 44 -12 8 34 -31 -2 -51 12 34 55 17 -19 -41 35 3 
-33 -62 -5 -13 21 41 51 9 -37 2 -25 53 44 -13 -8 34 
68 -17 14 -1 -44 14 -19 47 2 -37 -45 -38 3 45 -31 -16 
5 71 0 13 -3 -46 -42 -28 35 11 48 -34 -44 -6 23 -26 
-68 -12 -15 -4 46 5 -66 -97 36 8 Input angle :117
Zaxis angle :0 
minval :0 

minval :0 



21 34 -35 19 -17 -36 37 -15 13 38 -39 11 -9 -39 39 -7 
-60 -43 -15 -8 39 26 40 -15 -28 27 1 51 34 -31 0 40 
52 -52 11 -13 -33 33 5 43 -21 -34 -50 -9 22 40 -39 -8 
38 63 10 13 -26 -38 -43 0 37 -14 19 -47 -44 12 18 -35 
-71 23 -15 7 43 -16 11 -42 5 40 41 30 -4 -45 30 25 
-7 -73 -4 -16 9 46 94 111 97 -1 Input angle :117
Zaxis angle :0 
minval :0 

minval :0 



-24 -28 29 -22 21 30 -31 19 -17 -32 33 -15 14 34 -34 12 
82 4 27 5 -41 -11 -35 35 7 -42 -18 -40 -29 40 -4 -36 
-23 78 -10 26 18 -38 -28 -40 39 14 44 -10 -35 -36 36 0 
-74 -36 -24 -15 34 24 46 -19 -22 35 1 45 43 -27 -10 35 
52 -64 19 -20 -31 29 11 48 -31 -29 -44 -6 18 47 -31 -18 
53 62 15 23 -21 -37 -120 -112 -91 -7 Input angle :123
Zaxis angle :0 
minval :0 

minval :0 



20 34 -35 18 -16 -36 36 -13 11 37 -38 9 -6 -38 39 -5 
-70 -24 -20 -5 31 22 40 -29 -23 31 20 43 37 -37 -2 38 
37 -64 9 -19 -27 26 17 47 -25 -29 -46 8 28 45 -37 -10 
53 50 16 13 -20 -33 -49 9 33 -18 -1 -47 -49 19 16 -34 
-61 42 -16 13 37 -12 0 -50 10 37 46 7 -10 -51 30 23 
-30 -67 -9 -18 4 38 102 63 -7 0 Input angle :117
Zaxis angle :0 
minval :0 

minval :0 



12 44 -43 11 -8 -44 45 -5 2 46 -45 0 2 -45 44 4 
-61 -37 -24 -11 31 27 48 -20 -26 23 14 52 41 -32 -12 42 
47 -53 15 -21 -34 24 12 51 -17 -30 -54 1 24 46 -39 -22 
39 59 17 20 -17 -38 -53 -1 33 -10 9 -53 -51 12 29 -33 
-66 28 -23 12 41 -9 11 -51 3 35 50 19 -1 -53 27 35 
-11 -71 -7 -25 0 41 113 95 13 -1 Input angle :117
Zaxis angle :0 
minval :0 

minval :0 



-39 3 -2 -39 39 -1 0 39 -39 -4 6 -38 38 9 -10 37 
59 -60 25 16 -12 67 12 11 -38 -51 -32 -19 31 53 -34 -17 
47 70 -21 21 -64 -24 -14 9 56 -29 25 -27 -58 19 23 -29 
-77 34 -17 -25 38 -57 -6 -16 17 61 21 30 -7 -60 25 29 
-19 -82 27 -13 48 47 17 -3 -63 5 -33 15 61 6 -33 17 
85 -1 6 29 -57 37 37 -80 50 -16 Input angle :109
Zaxis angle :0 
minval :0 

minval :0 



21 -19 18 21 -21 17 -16 -22 24 -14 13 25 -25 12 -10 -26 
-53 20 -31 15 19 -16 38 -23 -56 50 100 1 8 -56 26 -6 
-8 -57 -8 -33 11 21 16 43 -34 -66 -23 97 53 20 0 28 
57 2 34 -2 -23 7 -45 7 71 -23 -91 -41 -30 48 -27 -6 
-15 55 -5 34 -1 -25 2 -46 6 75 59 -81 -41 -38 11 -25 
-50 -26 -32 -12 24 2 -91 -99 -43 -3 Input angle :234
Zaxis angle :0 
minval :0 

minval :0 



-71 -22 23 -69 70 27 -33 66 -65 -36 39 -64 62 42 -48 58 
60 14 70 -29 -41 -26 -85 29 23 -25 -107 -47 -34 79 -47 -55 
-23 57 17 74 34 -34 -9 -89 19 28 80 -82 -70 -47 66 -36 
-51 -35 -76 1 31 39 88 4 -30 14 65 97 62 -59 19 72 
44 -40 15 -75 -45 22 -23 86 -8 -28 -106 50 41 73 -74 5 
31 53 69 30 -8 -47 60 -112 118 -1 Input angle :227
Zaxis angle :0 
minval :0 

minval :0 



-40 -12 13 -39 38 16 -18 37 -36 -20 22 -35 34 24 -25 32 
38 -39 25 -41 -58 22 -25 59 -1 -48 -91 13 9 64 -26 -30 
31 45 33 34 -10 -61 -52 -38 48 6 0 -91 -66 -2 35 -20 
-49 23 -39 27 62 1 46 -45 -16 46 89 19 14 -64 12 39 
-13 -53 -17 -45 -14 60 33 55 -41 -26 -38 83 60 27 -40 5 
54 -1 47 -10 -56 -27 11 17 -103 -18 Input angle :236
Zaxis angle :0 
minval :0 

minval :0 



-16 85 -84 -20 25 -82 79 32 -36 78 -76 -40 45 -74 70 49 
59 -79 -54 -80 -23 52 20 61 -6 -51 -59 121 55 20 -63 59 
65 74 90 -35 -45 -33 -63 7 51 3 -104 -86 -30 51 -46 -72 
-84 51 13 96 41 -39 6 -63 -16 50 104 -86 -45 -39 78 -34 
-31 -94 -96 -3 28 49 60 19 -47 -22 60 120 48 -35 15 84 
97 -13 23 -94 -53 19 62 -112 -55 -6 Input angle :227
Zaxis angle :0 
minval :0 

minval :0 



-13 -41 41 -10 7 43 -43 4 -2 -43 43 0 -1 43 -43 -3 
13 44 22 9 -17 -20 -37 -11 27 4 -6 -70 -24 9 13 -40 
-46 2 -12 20 23 -13 19 -33 -9 26 70 7 -2 -26 37 20 
5 -45 -16 -17 9 25 28 26 -23 -14 -21 67 26 1 -27 32 
43 15 20 -12 -26 2 -31 23 18 -20 -61 -33 -7 25 -26 -32 
-24 39 9 21 1 -26 66 32 127 5 Input angle :223
Zaxis angle :0 
minval :0 

minval :0 



-16 58 -57 -19 22 -56 55 24 -28 53 -51 -30 34 -50 47 35 
23 -81 -5 -49 11 58 34 47 -60 -34 -67 116 67 20 -43 39 
75 40 49 3 -58 -2 -51 25 44 -52 -101 -89 -34 61 -30 -50 
-56 64 -16 47 12 -57 -15 -55 40 55 109 -78 -54 -45 56 -19 
-52 -66 -44 -23 54 24 57 -3 -63 29 53 123 55 -41 8 58 
76 -36 31 -39 -34 47 -33 63 -87 -9 Input angle :237
Zaxis angle :0 
minval :0 

minval :0 



63 4 -8 62 -62 -13 17 -61 59 20 -22 59 -59 -25 28 -56 
-79 -9 -89 21 40 -6 48 -33 -18 67 122 53 8 -64 46 41 
27 -75 -1 -92 -2 40 23 52 -61 -33 -75 110 61 24 -48 39 
69 40 91 11 -38 -10 -57 11 46 -53 -93 -95 -34 55 -29 -56 
-51 60 -31 87 18 -36 0 -58 42 56 116 -66 -47 -46 60 -17 
-46 -64 -78 -48 30 25 -125 -65 13 4 Input angle :243
Zaxis angle :0 
minval :0 

minval :0 



58 50 -52 56 -52 -56 59 -49 46 62 -63 43 -37 -66 68 -33 
-52 -46 -78 -13 48 17 52 9 -30 57 76 100 36 -53 22 72 
55 -41 28 -75 -25 43 -16 50 -51 -41 -114 51 46 42 -76 9 
30 63 68 41 -38 -32 -44 -27 48 -44 -28 -122 -52 35 4 -76 
-66 21 -55 59 39 -31 36 -36 33 56 125 -3 -23 -58 73 19 
-4 -70 -47 -64 23 45 -125 47 107 2 Input angle :237
Zaxis angle :0 
minval :0 

minval :0 



-27 -41 43 -24 21 45 -46 19 -17 -46 47 -15 14 48 -48 10 
19 44 35 17 -14 -16 -27 -3 32 12 -2 -82 -33 1 0 -49 
-47 9 -24 31 19 -10 9 -26 -16 31 81 12 4 -32 47 11 
0 -47 -25 -30 6 21 23 14 -25 -23 -28 77 30 12 -22 44 
47 9 36 -16 -21 2 -19 20 28 -20 -68 -46 -17 27 -40 -28 
-20 43 11 38 1 -21 61 -64 -18 7 Input angle :237
Zaxis angle :0 
minval :0 

minval :0 



4 45 -45 1 1 -45 45 4 -6 45 -45 -7 9 -45 43 11 
12 -38 -14 -32 8 21 17 20 -28 -22 -36 78 35 11 -21 40 
35 18 34 -7 -22 3 -22 14 27 -22 -69 -52 -18 32 -35 -28 
-25 31 1 35 0 -22 -8 -25 17 30 64 -58 -29 -23 34 -29 
-26 -29 -34 -6 21 5 26 -2 -34 11 43 74 30 -22 19 40 
35 -17 13 -32 -10 19 -19 15 18 -9 Input angle :237
Zaxis angle :0 
minval :0 

minval :0 



-31 46 -43 -33 36 -41 38 39 -42 35 -32 -44 46 -30 27 47 
23 -34 6 -44 -1 17 10 32 -6 -25 -72 29 13 24 -52 17 
28 31 41 16 -16 -5 -33 2 27 0 -14 -77 -27 8 -4 -54 
-36 21 -22 38 8 -15 3 -33 -4 26 77 0 -2 -28 55 3 
-15 -39 -32 -30 14 11 32 11 -25 -8 -16 76 28 1 -15 52 
41 -6 36 -26 -14 11 55 -96 55 -6 Input angle :243
Zaxis angle :0 
minval :0 

minval :0 



57 5 -9 57 -57 -10 14 -56 55 17 -20 55 -53 -23 25 -51 
-35 -7 -38 18 20 -3 26 -25 -24 22 70 51 13 -28 46 34 
15 -32 -10 -41 -1 20 20 29 -19 -27 -64 58 24 18 -44 36 
28 22 43 -1 -20 -4 -33 13 30 -13 -42 -75 -22 20 -28 -49 
-25 25 -7 42 8 -18 -6 -35 5 33 82 -28 -15 -26 53 -19 
-18 -31 -40 -14 16 11 121 -65 -48 -1 Input angle :237
Zaxis angle :0 
minval :0 

minval :0 



-54 29 -27 -56 57 -25 23 58 -59 21 -16 -60 61 -10 7 63 
42 -11 26 -41 -20 21 -12 41 10 -29 -92 -6 9 31 -62 -5 
2 43 35 34 -16 -25 -38 -20 27 16 23 -89 -33 1 19 -59 
-43 -5 -40 29 27 -11 27 -33 -21 24 83 41 2 -32 55 31 
15 -40 -21 -45 6 29 27 33 -18 -26 -57 72 31 10 -40 47 
37 22 48 -10 -29 0 116 -80 -56 -4 Input angle :237
Zaxis angle :0 
minval :0 

minval :0 



56 -30 26 57 -59 23 -21 -60 61 -18 16 61 -62 12 -8 -63 
-43 18 -25 46 17 -23 6 -40 -11 29 91 7 -4 -31 63 5 
-7 -46 -41 -33 18 22 37 15 -26 -17 -22 88 32 1 -15 61 
47 3 42 -31 -25 13 -22 34 22 -23 -81 -38 -8 31 -55 -30 
-10 46 23 46 -8 -27 -29 -28 18 26 55 -72 -29 -12 40 -48 
-43 -18 -50 14 28 -2 -120 127 17 3 Input angle :237
Zaxis angle :0 
minval :0 

minval :0 



-18 -56 57 -14 11 57 -58 7 -4 -58 59 0 -3 59 -58 -6 
4 44 35 33 -12 -23 -32 -18 29 22 28 -87 -35 -3 17 -55 
-44 -3 -39 27 26 -7 26 -26 -27 24 80 45 11 -33 50 29 
13 -42 -19 -43 2 26 22 29 -19 -31 -58 71 31 17 -37 45 
39 20 46 -9 -27 -3 -34 16 35 -12 -59 -71 -22 27 -36 -46 
-28 35 0 47 7 -25 24 32 59 9 Input angle :237
Zaxis angle :0 
minval :0 

minval :0 



37 47 -48 36 -32 -50 52 -29 25 54 -56 22 -19 -56 57 -17 
-17 -36 -42 -18 14 20 29 5 -33 -7 6 84 30 -9 5 60 
38 -11 26 -38 -21 11 -11 27 14 -30 -83 -9 5 31 -59 -8 
4 40 31 35 -6 -23 -25 -16 28 19 24 -80 -31 -1 19 -56 
-40 -3 -39 24 24 -1 21 -20 -25 22 71 44 9 -30 51 30 
13 -37 -15 -44 -3 24 -72 -49 -86 -8 Input angle :237
Zaxis angle :0 
minval :0 

minval :0 



41 -48 46 44 -46 45 -42 -48 50 -39 36 52 -54 33 -31 -56 
-37 28 -10 49 19 -24 -1 -32 -3 36 85 -21 -19 -30 62 -17 
-19 -43 -44 -24 18 25 32 5 -35 -9 4 89 33 -12 4 64 
45 -13 30 -40 -27 12 -11 30 16 -32 -87 -16 6 35 -63 -10 
3 46 31 39 -7 -30 -29 -16 29 23 33 -81 -35 0 21 -60 
-46 -7 -43 26 31 0 -112 -49 23 6 Input angle :223
Zaxis angle :14 
minval :0 

minval :0 



-28 57 -54 -31 33 -53 51 36 -39 49 -47 -42 45 -44 42 47 
28 -38 -8 -53 -1 29 15 37 -7 -35 -76 54 26 24 -54 32 
32 35 53 0 -28 -8 -38 6 37 1 -37 -86 -28 20 -20 -59 
-42 23 -10 52 13 -26 0 -40 -8 36 91 -14 -13 -33 63 -5 
-15 -45 -47 -22 24 19 39 8 -35 -15 1 92 35 -5 -7 62 
47 -5 32 -42 -22 20 90 -80 -18 -8 Input angle :236
Zaxis angle :0 
minval :0 

minval :0 



-1 -65 65 1 -3 64 -64 -5 9 -63 63 14 -17 62 -60 -21 
-5 43 27 42 -1 -22 -29 -21 21 29 48 -75 -31 -6 32 -55 
-42 -13 -48 16 22 3 26 -24 -32 16 64 62 13 -29 47 42 
21 -38 -7 -50 -6 21 19 31 -9 -34 -74 49 26 20 -51 36 
33 30 51 1 -19 -11 -34 10 36 0 -34 -82 -24 22 -27 -58 
-35 26 -14 49 14 -16 -24 15 -54 8 Input angle :237
Zaxis angle :0 
minval :0 

minval :0 



48 20 -22 47 -46 -25 28 -44 43 30 -31 41 -39 -34 35 -37 
-28 -36 -42 -4 27 13 34 -1 -40 13 36 82 28 -21 28 43 
42 -18 13 -40 -18 24 -5 34 -5 -42 -87 20 15 32 -48 18 
11 44 37 20 -20 -22 -32 -11 43 2 0 -89 -34 9 -9 -51 
-46 1 -26 32 25 -16 18 -29 -11 40 89 16 -2 -35 52 0 
6 -46 -26 -32 9 29 103 111 87 -5 Input angle :223
Zaxis angle :14 
minval :0 

minval :0 



-44 -10 11 -44 43 12 -15 42 -41 -19 22 -39 38 24 -26 37 
39 29 37 4 -32 -7 -33 6 33 -30 -55 -70 -16 29 -30 -33 
-36 32 -11 35 13 -30 0 -34 24 38 81 -38 -25 -21 38 -24 
-23 -44 -33 -18 27 18 34 7 -41 16 20 87 26 -20 14 42 
47 -15 23 -29 -23 23 -13 32 -8 -44 -89 5 15 30 -44 7 
6 49 23 29 -17 -28 -75 48 96 0 Input angle :234
Zaxis angle :0 
minval :0 

minval :0 



43 10 -11 43 -41 -14 17 -41 40 19 -21 38 -37 -23 24 -36 
-35 -21 -42 -1 31 7 34 0 -28 22 47 70 14 -28 31 30 
27 -32 9 -41 -13 29 -6 33 -14 -32 -79 31 24 21 -36 23 
25 33 38 18 -26 -19 -31 -12 34 -8 -13 -84 -26 18 -15 -40 
-38 17 -25 34 24 -21 19 -27 1 35 85 4 -13 -28 43 -7 
-9 -40 -27 -31 16 27 113 31 -112 -2 Input angle :223
Zaxis angle :0 
minval :0 

minval :0 



-34 32 -30 -36 38 -28 26 39 -40 24 -21 -42 43 -19 17 43 
43 -15 29 -34 -25 23 -17 34 -4 -35 -85 0 16 22 -46 8 
6 45 28 35 -18 -29 -29 -24 35 2 16 -83 -25 10 4 -46 
-46 -2 -39 20 33 -11 28 -24 -8 34 78 32 -5 -27 45 12 
12 -44 -12 -43 4 34 18 32 -31 -15 -49 68 28 0 -20 42 
40 20 44 -2 -34 -2 90 64 16 -7 Input angle :237
Zaxis angle :0 
minval :0 

minval :0 



-21 -39 40 -19 15 42 -43 12 -10 -44 45 -7 5 44 -44 4 
7 50 28 34 -14 -25 -31 -24 33 6 14 -83 -22 5 4 -44 
-51 -4 -39 20 27 -8 29 -26 -13 31 79 31 -1 -23 43 13 
11 -49 -13 -42 3 29 20 33 -28 -18 -46 71 22 2 -21 39 
46 21 44 -6 -28 -1 -36 13 23 -24 -60 -60 -7 21 -33 -30 
-31 40 -5 44 8 -27 73 32 -4 6 Input angle :237
Zaxis angle :0 
minval :0 

minval :0 



-25 38 -37 -26 28 -35 33 31 -33 31 -28 -35 36 -27 26 37 
32 -29 17 -41 -16 21 -6 35 -9 -31 -84 22 20 18 -41 18 
22 38 37 25 -17 -20 -33 -12 32 -2 -6 -86 -21 17 -11 -43 
-41 13 -32 31 23 -14 19 -30 -4 32 86 13 -12 -23 45 -1 
-5 -43 -24 -38 8 26 25 24 -31 -9 -29 82 26 -7 -8 44 
43 3 42 -15 -27 3 65 0 8 -7 Input angle :237
Zaxis angle :0 
minval :0 

minval :0 



-48 9 -6 -48 49 -4 1 49 -49 -1 3 -49 48 5 -8 48 
43 6 43 -18 -30 3 -28 19 17 -29 -73 -43 3 26 -44 -20 
-15 42 8 46 1 -30 -12 -31 25 22 54 -64 -26 -2 25 -41 
-37 -24 -47 1 29 8 33 -7 -27 20 52 67 6 -25 35 33 
30 -32 7 -47 -13 27 0 34 -15 -31 -76 38 24 12 -40 27 
23 37 43 19 -23 -19 -124 -16 -77 -3 Input angle :234
Zaxis angle :0 
minval :0 

minval :0 



-34 31 -30 -36 38 -28 26 39 -40 24 -22 -41 42 -20 17 43 
36 -25 25 -34 -23 25 -17 31 -7 -33 -77 11 22 26 -45 10 
17 41 30 31 -21 -26 -27 -23 34 0 3 -78 -30 16 0 -46 
-44 8 -35 24 30 -16 29 -21 -5 34 76 18 -9 -33 46 9 
0 -45 -15 -39 8 33 14 33 -32 -12 -34 70 34 -4 -17 43 
44 8 42 -8 -34 1 77 -96 -76 -8 Input angle :225
Zaxis angle :0 
minval :0 

minval :0 



30 -26 25 31 -33 23 -22 -34 34 -20 18 36 -37 15 -14 -36 
-29 7 -21 30 26 -12 17 -26 -6 30 76 -1 -7 -23 38 -4 
-2 -31 -27 -26 8 27 21 21 -31 -13 -15 75 25 -3 -1 39 
30 4 32 -19 -30 0 -26 16 18 -27 -73 -27 -3 26 -37 -9 
-11 29 14 35 4 -30 -11 -28 23 23 44 -63 -24 -7 17 -35 
-27 -17 -37 6 27 10 -112 -97 -104 4 Input angle :227
Zaxis angle :0 
minval :0 

minval :0 



-8 32 -32 -9 11 -32 31 12 -14 30 -30 -16 17 -29 27 19 
27 -44 2 -36 -9 33 0 34 -23 -26 -77 46 19 15 -24 22 
37 36 35 10 -30 -15 -32 -7 31 -16 -32 -84 -19 16 -17 -29 
-41 31 -16 31 21 -26 13 -30 9 33 89 -13 -11 -23 31 -12 
-20 -47 -28 -23 23 25 27 19 -35 2 -4 90 24 -7 4 33 
51 -10 28 -22 -30 15 13 -32 59 -9 Input angle :237
Zaxis angle :0 
minval :0 

minval :0 



-23 -28 29 -22 20 30 -31 18 -17 -32 33 -16 14 34 -34 12 
19 49 29 16 -25 -22 -39 -12 37 -5 -17 -90 -16 2 -3 -36 
-52 9 -21 25 27 -20 20 -35 -1 37 92 -1 0 -17 36 2 
1 -53 -21 -25 16 30 31 28 -36 -9 -19 90 16 3 -10 34 
52 11 29 -15 -33 9 -33 24 17 -33 -84 -36 -6 15 -33 -16 
-22 48 8 32 -1 -34 123 -16 57 5 Input angle :237
Zaxis angle :0 
minval :0 

minval :0 



36 11 -13 35 -34 -14 16 -33 31 19 -21 30 -29 -23 23 -28 
-48 0 -31 8 42 -37 28 -20 -15 28 62 48 0 -49 22 29 
11 -46 0 -32 28 49 13 32 -25 -20 -60 50 48 9 -33 16 
44 19 32 5 -54 14 -34 6 26 -19 -38 -69 -21 45 -9 -35 
-28 39 -11 30 -6 -55 -1 -35 15 29 75 -24 -41 -27 37 -1 
-32 -35 -27 -17 56 4 127 -33 37 2 Input angle :251
Zaxis angle :0 
minval :0 

minval :0 



-2 -41 41 0 -1 41 -41 -3 5 -40 40 8 -12 39 -38 -14 
1 53 19 24 -42 -28 -28 -13 23 10 32 -78 -38 7 19 -35 
-52 -7 -27 15 35 -36 17 -26 -14 20 70 47 0 -39 30 26 
17 -49 -9 -30 28 41 22 22 -17 -18 -60 59 38 9 -31 24 
45 27 31 -2 -47 18 -26 16 21 -13 -47 -69 -15 35 -18 -35 
-34 39 -3 31 -9 -50 35 -16 1 6 Input angle :243
Zaxis angle :0 
minval :0 

minval :0 


