
-12 69 -69 -16 20 -68 67 23 -28 64 -63 -32 35 -61 58 38 
0 -56 -18 -70 52 18 45 53 -33 -22 -32 41 26 0 -47 52 
55 8 72 -3 -26 48 -61 33 28 -29 -33 -39 -3 26 -43 -55 
-17 53 -6 72 -42 -35 -25 -64 22 33 45 -25 -24 -9 64 -29 
-48 -28 -68 -24 43 -33 68 -9 -37 14 14 50 13 -22 16 68 
37 -41 36 -63 24 49 -35 -97 2 -10 Input angle :227
Zaxis angle :0 
minval :0 

minval :0 



-23 -76 78 -18 14 78 -80 9 -7 -80 80 -3 -1 79 -79 -5 
16 54 59 38 -43 12 -61 -19 31 0 6 -45 -32 7 20 -76 
-56 7 -49 50 -4 -44 33 -55 -7 30 42 15 0 -33 69 39 
5 -56 -36 -60 44 6 47 43 -28 -13 -23 39 32 6 -50 61 
53 18 67 -23 -15 42 -52 36 20 -24 -32 -31 -13 30 -48 -63 
-27 49 9 70 -38 -22 84 0 -16 5 Input angle :237
Zaxis angle :0 
minval :0 

minval :0 



52 -34 31 54 -56 27 -23 -58 58 -22 19 59 -60 15 -11 -60 
-28 37 -24 43 -28 -59 -3 -55 6 45 39 -6 -14 -26 61 2 
-30 -35 -36 -32 64 -12 53 10 -45 -5 -4 40 29 -7 -15 60 
41 -23 39 -29 0 66 -20 51 11 -44 -38 -11 2 30 -56 -25 
12 44 20 45 -64 -13 -46 -29 40 22 18 -36 -30 -2 37 -49 
-47 4 -48 11 24 -60 -123 31 -64 8 Input angle :225
Zaxis angle :0 
minval :0 

minval :0 



-34 -47 49 -32 29 51 -52 26 -23 -54 55 -19 16 55 -56 15 
51 26 48 4 -57 37 -62 25 41 -20 -19 -40 -20 28 -5 -57 
-34 45 -13 46 -26 -63 -12 -66 15 44 43 -10 -23 -25 57 8 
-37 -42 -43 -23 67 -13 67 0 -46 4 2 45 29 -18 -18 54 
49 -30 31 -37 0 68 -13 65 4 -46 -44 -6 13 32 -50 -28 
19 53 30 38 -66 -14 -78 -80 90 3 Input angle :223
Zaxis angle :0 
minval :0 

minval :0 



-15 36 -35 -17 20 -34 33 22 -23 32 -30 -25 27 -28 26 29 
16 -71 -24 -44 68 6 55 48 -56 -36 -37 34 18 11 -33 22 
66 30 48 -14 -20 65 -58 45 47 -47 -26 -43 -14 16 -14 -36 
-43 59 2 50 -60 -34 -31 -67 38 55 47 -18 -13 -17 38 -6 
-51 -52 -50 -5 43 -54 71 -19 -62 23 8 50 19 -8 -1 39 
62 -37 14 -48 43 53 -56 63 -113 -17 Input angle :236
Zaxis angle :0 
minval :0 

minval :0 



-8 -60 61 -5 1 61 -61 -2 5 -61 60 10 -12 59 -59 -13 
10 54 40 54 -68 5 -54 -23 61 15 16 -52 -30 -1 25 -55 
-55 0 -61 31 8 -68 33 -49 -28 56 49 24 8 -29 49 35 
11 -54 -18 -66 64 25 41 41 -47 -40 -34 43 27 14 -43 42 
51 21 69 -5 -36 58 -49 33 48 -38 -35 -42 -18 24 -31 -51 
-32 45 -7 68 -50 -46 119 -112 -45 13 Input angle :243
Zaxis angle :0 
minval :0 

minval :0 



27 65 -66 23 -19 -68 69 -16 12 70 -70 7 -2 -71 70 0 
-26 -48 -65 -39 50 -17 62 5 -37 9 -3 42 29 -14 -14 68 
51 -18 51 -57 8 52 -16 59 -3 -38 -40 -13 8 32 -64 -29 
7 54 42 63 -52 -4 -54 -29 38 4 19 -38 -32 0 39 -58 
-54 -2 -68 33 12 -51 38 -49 -13 36 33 27 5 -32 50 48 
13 -52 -16 -74 47 23 121 63 59 -5 Input angle :234
Zaxis angle :0 
minval :0 

minval :0 



-14 -76 76 -9 7 77 -77 3 1 -77 77 4 -8 76 -75 -12 
-43 -51 24 2 40 -3 -28 -6 -15 48 12 5 1 1 31 -70 
59 -29 -6 22 -7 39 13 -26 -44 -23 -8 10 -2 0 61 46 
19 64 -20 -11 -37 -15 24 17 34 -37 -9 -10 0 -2 -58 50 
-67 1 17 -17 23 -33 -23 19 28 41 12 -6 2 0 -35 -68 
12 -65 12 20 26 30 65 -17 53 4 Input angle :188
Zaxis angle :36 
minval :0 

minval :0 



75 -11 5 75 -76 0 5 -75 75 10 -13 75 -74 -15 19 -73 
57 -21 -10 22 -5 40 0 -26 -41 -23 -4 7 1 12 67 34 
8 60 -20 -14 -37 -15 25 7 31 -36 -6 -6 -12 -1 -48 58 
-61 -4 19 -14 23 -32 -12 23 29 39 7 -5 3 -12 -43 -61 
19 -57 10 22 26 30 -20 -16 -45 16 3 8 10 7 70 -28 
50 34 -24 4 -35 19 -31 -49 -11 -13 Input angle :223
Zaxis angle :20 
minval :0 

minval :0 



75 2 -5 75 -74 -9 12 -74 73 15 -20 72 -70 -25 28 -69 
56 -22 -13 16 -10 32 8 -22 -39 -23 -7 12 -2 10 61 43 
9 60 -13 -16 -30 -15 19 13 32 -32 -10 -10 -9 -4 -58 48 
-60 -4 19 -8 23 -25 -17 16 25 39 12 -7 6 -8 -35 -65 
17 -58 4 20 19 28 -11 -20 -43 16 4 13 6 8 72 -20 
52 30 -21 0 -31 12 -24 15 97 -12 Input angle :217
Zaxis angle :14 
minval :0 

minval :0 



10 -68 68 15 -19 67 -66 -22 26 -64 63 30 -33 61 -60 -34 
-14 -58 12 18 28 14 -14 -13 -22 35 11 14 8 3 48 -49 
59 -2 -19 8 -18 26 16 -10 -30 -28 -16 8 -4 6 38 58 
-10 58 -3 -21 -21 -23 6 19 34 -22 -5 -17 -5 -6 -65 25 
-55 -22 21 0 28 -14 -19 2 14 39 19 -1 6 -4 -8 -69 
34 -49 -5 20 8 30 91 -1 88 1 Input angle :221
Zaxis angle :0 
minval :0 

minval :0 



67 24 -26 67 -64 -31 34 -62 61 37 -40 59 -58 -42 45 -54 
58 -1 -21 7 -14 26 16 -12 -30 -28 -13 8 -3 6 41 59 
-9 57 -2 -22 -23 -21 8 18 33 -24 -5 -14 -5 -5 -66 27 
-54 -22 22 2 24 -18 -19 5 16 39 14 -1 6 -4 -13 -70 
34 -47 -7 21 12 28 0 -20 -41 6 -1 14 3 7 71 3 
38 44 -20 -11 -30 5 9 80 119 -11 Input angle :221
Zaxis angle :0 
minval :0 

minval :0 



-47 -50 53 -44 40 57 -58 38 -34 -60 61 -32 28 63 -64 23 
-58 -24 20 -1 26 -16 -17 7 9 40 14 6 2 -1 -7 -69 
34 -52 -2 20 10 30 -3 -18 -41 0 -9 13 1 3 68 9 
42 46 -18 -7 -31 3 19 2 7 -41 -11 -11 -3 0 -21 65 
-54 31 10 -16 3 -31 -5 18 38 17 13 -7 0 -2 -58 -37 
-18 -60 14 14 30 9 -99 -113 121 8 Input angle :231
Zaxis angle :20 
minval :0 

minval :0 



14 -67 67 17 -21 65 -64 -25 30 -62 60 34 -36 59 -57 -39 
-15 -54 13 8 34 10 -16 -6 -26 36 5 15 6 4 50 -47 
54 -3 -11 11 -18 30 10 -14 -28 -34 -16 1 -5 5 34 59 
-9 54 -8 -13 -24 -26 11 14 40 -18 2 -16 -3 -6 -67 18 
-50 -22 14 -5 30 -19 -15 8 9 43 15 6 7 -2 -4 -69 
33 -44 1 15 11 33 75 63 3 0 Input angle :217
Zaxis angle :25 
minval :0 

minval :0 



-17 72 -73 -18 21 -72 70 24 -27 69 -67 -31 37 -65 63 40 
9 54 -15 -12 -35 -13 16 8 32 -35 -9 -10 -11 -2 -53 52 
-55 -3 15 -12 20 -32 -12 14 27 39 12 -7 5 -10 -38 -64 
16 -53 8 17 26 27 -10 -15 -44 17 4 14 8 8 71 -24 
47 29 -19 4 -32 18 18 -6 -6 -47 -14 0 -8 6 3 75 
-38 40 0 -19 -10 -36 -64 0 105 0 Input angle :221
Zaxis angle :20 
minval :0 

minval :0 



66 31 -35 63 -61 -40 43 -58 55 47 -50 52 -50 -53 55 -46 
54 5 -15 11 -24 27 14 -11 -23 -36 -12 2 -7 6 31 65 
-17 51 -7 -17 -21 -30 8 16 40 -14 0 -12 -4 -8 -71 17 
-46 -29 19 -2 33 -14 -18 4 5 43 12 3 9 -2 0 -73 
37 -39 0 20 7 35 0 -18 -42 -6 -6 11 0 9 71 12 
28 46 -19 -4 -36 -1 59 -96 -46 -11 Input angle :217
Zaxis angle :20 
minval :0 

minval :0 



72 16 -21 72 -70 -24 28 -69 67 32 -35 66 -63 -40 42 -60 
59 -4 -8 23 -23 31 6 -30 -24 -36 -2 4 -2 10 47 57 
-7 59 -20 -13 -26 -29 28 13 40 -15 -3 -3 -9 -4 -66 34 
-57 -19 18 -17 34 -20 -19 24 5 43 4 -2 7 -8 -19 -71 
32 -50 12 21 10 38 -19 -23 -43 -4 1 4 5 8 74 -3 
40 45 -24 7 -39 3 51 16 103 -11 Input angle :209
Zaxis angle :25 
minval :0 

minval :0 



69 -18 12 71 -71 8 -4 -71 72 0 -3 71 -72 -6 10 -72 
48 -33 2 22 -1 36 -7 -22 -41 -14 -1 5 0 8 66 26 
20 55 -21 -2 -35 -10 24 -2 23 -37 -3 -4 -8 0 -42 57 
-58 7 8 -20 17 -33 -5 23 29 32 4 -2 3 -8 -46 -55 
6 -58 19 12 29 22 -22 -8 -37 22 1 4 6 4 63 -33 
54 18 -16 15 -30 21 -50 -49 94 -11 Input angle :214
Zaxis angle :32 
minval :0 

minval :0 



21 -66 65 23 -25 65 -63 -29 32 -61 59 36 -41 56 -53 -44 
-4 -60 21 15 26 19 -24 -9 -34 24 8 6 12 5 56 -40 
60 11 -19 17 -24 22 15 -21 -18 -37 -8 8 -8 10 27 64 
-22 56 -12 -24 -16 -29 17 19 40 -9 -5 -10 -8 -10 -68 12 
-49 -35 26 -6 32 -7 -22 13 0 41 10 -3 12 -6 3 -70 
45 -41 0 26 0 33 95 63 92 -3 Input angle :215
Zaxis angle :25 
minval :0 

minval :0 



-5 71 -71 -8 13 -70 69 17 -21 68 -66 -26 29 -65 63 32 
14 59 -23 -9 -30 -13 25 1 28 -32 -9 -4 -12 -2 -46 54 
-61 2 14 -21 20 -26 -8 23 24 35 7 -8 5 -11 -42 -58 
13 -59 16 19 20 25 -21 -13 -39 16 6 8 9 7 65 -28 
56 23 -22 12 -30 13 17 -18 -8 -42 -10 4 -9 8 13 70 
-37 48 -6 -24 -8 -32 -83 16 99 0 Input angle :214
Zaxis angle :25 
minval :0 

minval :0 



19 -70 69 24 -28 67 -65 -31 35 -63 61 40 -41 59 -57 -43 
-3 -63 19 17 25 18 -23 -9 -34 24 10 9 14 5 57 -44 
62 11 -21 15 -23 20 14 -21 -17 -39 -10 9 -8 13 32 65 
-23 59 -9 -24 -13 -28 17 19 41 -7 -5 -12 -10 -10 -71 14 
-51 -37 26 -4 31 -6 -22 13 -1 42 13 -3 13 -7 1 -72 
47 -41 -2 26 0 31 91 111 49 -3 Input angle :212
Zaxis angle :25 
minval :0 

minval :0 



-42 -59 61 -39 36 63 -65 31 -26 -67 69 -22 19 70 -70 16 
-48 -37 26 -3 30 -7 -24 10 -3 40 14 0 13 -6 1 -73 
46 -40 -2 26 0 31 -6 -25 -38 -10 -3 14 3 14 70 18 
26 54 -24 -8 -30 -5 26 0 19 -35 -13 -5 -15 0 -32 64 
-59 14 14 -22 11 -28 -6 26 29 27 8 -11 3 -13 -54 -48 
3 -61 19 18 25 18 120 -33 114 5 Input angle :217
Zaxis angle :20 
minval :0 

minval :0 



-21 72 -71 -25 29 -69 68 34 -35 67 -65 -39 43 -61 59 47 
2 62 -16 -16 -25 -13 24 9 37 -22 -10 -9 -15 -9 -61 44 
-60 -15 20 -11 20 -20 -14 21 13 41 12 -8 11 -14 -31 -69 
27 -55 6 23 16 24 -18 -19 -42 3 6 13 10 14 74 -13 
46 41 -24 1 -27 12 22 -13 7 -43 -16 0 -16 8 -3 76 
-48 37 4 -23 -2 -28 -93 -32 -2 3 Input angle :221
Zaxis angle :20 
minval :0 

minval :0 



-29 68 -66 -33 38 -64 62 41 -45 59 -56 -48 49 -55 53 51 
-10 59 -17 -17 -25 -20 27 10 40 -18 -7 -8 -12 -7 -64 36 
-56 -20 21 -13 24 -20 -15 24 9 43 9 -5 10 -11 -22 -71 
35 -49 8 23 14 29 -20 -20 -44 -1 3 10 8 12 74 -7 
41 45 -24 2 -31 8 24 -15 10 -43 -11 0 -14 6 -10 73 
-53 30 1 -24 0 -32 -96 0 -20 4 Input angle :217
Zaxis angle :29 
minval :0 

minval :0 



72 2 -5 72 -71 -9 14 -70 69 17 -20 68 -68 -23 25 -67 
59 -16 -8 23 -10 32 0 -28 -32 -29 -4 10 -1 15 57 43 
0 62 -20 -14 -27 -18 27 6 36 -24 -9 -7 -14 -4 -57 44 
-60 -15 17 -18 23 -22 -13 24 14 42 10 -5 8 -12 -30 -65 
26 -56 12 21 15 27 -21 -19 -43 6 4 11 10 10 70 -17 
49 38 -24 7 -31 10 15 -48 -38 -12 Input angle :204
Zaxis angle :14 
minval :0 

minval :0 



6 70 -71 1 1 -72 71 4 -8 71 -70 -12 16 -69 67 19 
25 55 -23 -3 -33 -6 29 -2 23 -36 -10 -7 -12 0 -33 62 
-60 10 8 -22 15 -30 -3 29 29 31 8 -8 4 -11 -51 -48 
2 -61 20 13 26 21 -27 -10 -36 23 6 10 10 6 58 -40 
59 17 -18 15 -26 20 17 -24 -12 -41 -12 3 -9 8 27 65 
-30 53 -12 -21 -14 -31 -82 16 -19 -2 Input angle :212
Zaxis angle :25 
minval :0 

minval :0 



-24 -67 69 -19 13 70 -71 9 -6 -71 71 -3 -1 71 -71 -4 
-33 -49 23 -3 34 -4 -28 8 -14 39 12 4 13 -2 20 -68 
54 -24 -3 23 -6 34 -1 -30 -35 -23 -7 11 0 13 62 34 
11 58 -21 -8 -31 -14 29 6 31 -28 -9 -10 -13 -4 -49 51 
-59 -2 13 -19 21 -27 -11 27 20 37 11 -7 6 -11 -42 -57 
15 -57 16 17 23 25 91 31 -6 2 Input angle :217
Zaxis angle :25 
minval :0 

minval :0 



67 20 -26 65 -62 -29 33 -61 59 36 -40 56 -53 -45 48 -50 
60 0 -9 19 -18 30 7 -27 -23 -39 -10 7 -3 10 39 57 
-14 58 -16 -13 -25 -26 24 14 42 -15 -3 -12 -10 -5 -64 27 
-53 -27 16 -13 31 -19 -18 19 2 45 12 0 7 -8 -12 -68 
38 -46 8 19 12 33 -15 -22 -44 -5 0 12 7 9 69 4 
36 47 -20 3 -36 4 59 80 84 -11 Input angle :215
Zaxis angle :25 
minval :0 

minval :0 



-67 22 -19 -67 69 -14 10 70 -70 6 -2 -71 71 1 -4 70 
-47 35 -1 -22 -6 -35 7 27 39 11 5 -11 -2 -12 -68 -19 
-24 -52 22 3 36 1 -28 1 -20 37 10 7 12 0 34 -61 
57 -11 -8 20 -9 35 5 -26 -31 -28 -10 7 -3 12 51 48 
-1 58 -19 -12 -32 -17 26 10 35 -23 -5 -10 -10 -6 -58 39 
-57 -15 16 -17 23 -28 60 0 37 10 Input angle :217
Zaxis angle :29 
minval :0 

minval :0 



56 -46 43 58 -60 40 -36 -63 64 -32 29 66 -68 24 -22 -68 
30 -50 2 14 23 27 -11 -16 -37 10 -11 16 6 11 72 -5 
42 41 -14 0 -32 15 18 -9 -5 -38 -14 -13 -13 3 -10 72 
-50 31 3 -14 -9 -34 3 20 38 5 16 -10 0 -13 -67 -26 
-19 -55 12 7 35 -1 -20 0 -13 36 7 18 12 2 41 -59 
59 -4 -9 10 -7 35 124 -97 -51 -6 Input angle :241
Zaxis angle :25 
minval :0 

minval :0 



-68 -24 28 -67 65 32 -37 62 -60 -41 43 -58 56 45 -47 54 
-54 -10 8 -16 31 -26 -10 27 11 44 5 -6 5 -8 -41 -59 
23 -49 13 12 17 37 -23 -16 -46 0 6 5 6 7 67 -26 
44 32 -15 10 -39 10 21 -19 7 -45 -7 4 -8 5 8 72 
-42 34 -7 -17 0 -41 14 25 41 19 -2 -8 -2 -10 -73 -4 
-23 -49 18 -2 40 8 -120 -33 -69 8 Input angle :214
Zaxis angle :25 
minval :0 

minval :0 



-69 26 -23 -70 71 -20 16 72 -73 11 -8 -73 74 -1 -2 73 
-42 35 -12 -15 -3 -36 19 18 42 21 6 9 -1 -3 -70 -21 
-26 -48 18 -7 35 7 -22 14 -30 36 -10 5 4 -1 36 -64 
54 -13 3 19 -12 33 -9 -25 -27 -38 -1 -11 0 4 52 51 
0 55 -20 -1 -29 -21 26 -3 42 -20 12 0 -3 0 -62 39 
-54 -11 5 -18 26 -25 37 16 -118 11 Input angle :198
Zaxis angle :29 
minval :0 

minval :0 



16 72 -73 11 -6 -73 73 -2 1 73 -73 -2 8 -73 71 13 
18 62 -20 2 -25 -5 25 -11 10 -28 -11 -2 -22 -2 -29 67 
-64 2 2 -20 11 -23 6 27 24 16 5 -9 6 -20 -58 -44 
11 -63 18 7 20 16 -27 0 -22 19 8 7 18 11 57 -46 
59 25 -12 16 -20 15 7 -26 -14 -26 -10 6 -16 14 33 65 
-37 52 -14 -15 -11 -23 113 48 -3 -3 Input angle :212
Zaxis angle :32 
minval :0 

minval :0 



8 64 -64 4 0 -64 65 4 -7 64 -63 -11 14 -63 61 18 
6 59 -19 5 -30 3 16 -14 18 -30 6 2 -6 12 -33 56 
-59 -7 0 -20 2 -30 11 19 26 23 -3 5 -10 -9 -46 -44 
21 -56 19 3 28 10 -21 7 -30 20 -4 -4 12 -8 53 -36 
49 34 -8 19 -16 25 -1 -21 -12 -34 6 -3 5 13 21 61 
-46 38 -16 -12 -20 -22 -112 64 -19 -2 Input angle :206
Zaxis angle :32 
minval :0 

minval :0 



-106 -73 78 -101 96 84 -88 93 -88 -94 99 -80 73 105 -109 64 
-95 -70 15 -19 24 -37 1 32 36 51 1 9 7 -26 -40 -123 
89 -79 17 17 31 30 -33 -4 -59 23 -9 -1 23 13 0 -16 
50 108 -22 11 -38 22 11 -30 -9 -63 3 -9 -18 20 -15 126 
-115 28 -7 -24 -14 -42 25 19 63 6 8 5 -14 -22 -120 -46 
-2 -118 25 0 44 -3 -35 15 -100 7 Input angle :247
Zaxis angle :14 
minval :0 

minval :0 



-104 -74 80 -98 91 88 -92 85 -80 -99 101 -76 70 106 -106 65 
-101 -75 19 -18 25 -30 -4 33 36 55 9 16 21 -5 -36 -121 
96 -82 14 23 25 31 -31 -11 -60 26 -18 5 2 22 126 -11 
61 110 -26 8 -36 16 18 -27 -6 -65 -1 -18 -22 -4 -15 125 
-120 35 -3 -27 -7 -38 23 23 66 3 19 3 7 -20 -118 -44 
-5 -125 27 3 39 0 -44 -17 -48 7 Input angle :237
Zaxis angle :39 
minval :0 

minval :0 



-65 28 -23 -66 68 -19 15 69 -70 11 -8 -71 71 -4 0 70 
-57 29 -3 -13 2 -20 14 12 23 4 9 -6 2 -18 -69 -15 
-16 -61 13 0 19 5 -15 11 -9 22 4 11 17 5 33 -62 
64 0 -2 13 -10 17 -7 -18 -19 -15 -11 1 -10 14 52 47 
-17 61 -12 -6 -14 -14 18 -3 19 -14 0 -11 -12 -13 -55 45 
-57 -27 8 -10 17 -10 43 112 89 5 Input angle :221
Zaxis angle :39 
minval :0 

minval :0 



-69 18 -15 -70 71 -12 8 71 -71 3 0 -71 72 4 -7 71 
-58 18 -2 -10 2 -21 10 13 25 5 11 -4 5 -16 -66 -25 
-5 -61 11 0 20 6 -14 8 -10 23 1 12 15 9 37 -61 
61 6 -2 11 -9 18 -4 -16 -20 -15 -12 0 -11 12 51 50 
-20 58 -10 -5 -16 -13 16 -1 19 -16 3 -11 -8 -15 -60 38 
-51 -35 6 -9 17 -12 51 -112 -115 5 Input angle :220
Zaxis angle :39 
minval :0 

minval :0 



-43 53 -52 -46 48 -50 48 49 -52 46 -43 -55 58 -37 33 59 
-32 50 -7 -6 -17 -16 14 5 24 -15 7 -6 -5 -15 -66 21 
-41 -43 7 -6 21 -10 -8 14 9 27 5 8 16 -1 -6 -69 
51 -29 3 9 6 22 -11 -10 -28 3 -10 3 -1 16 68 11 
15 57 -9 2 -23 1 13 -8 3 -28 -1 -10 -16 -5 -28 64 
-60 1 0 -10 5 -23 110 32 55 2 Input angle :210
Zaxis angle :49 
minval :0 

minval :0 



-20 66 -63 -24 28 -62 60 33 -38 57 -54 -41 43 -53 51 44 
-11 58 -7 -2 -21 -13 15 0 19 -20 4 -13 -7 -11 -54 41 
-53 -24 3 -7 17 -18 -4 15 17 22 11 7 12 -4 -26 -63 
36 -46 6 5 13 21 -13 -7 -26 10 -9 9 1 13 67 -11 
37 45 -6 4 -24 8 10 -11 -4 -28 -7 -11 -13 -1 -3 68 
-53 25 -2 -7 -3 -25 113 0 -105 0 Input angle :226
Zaxis angle :36 
minval :0 

minval :0 



-63 -29 33 -60 58 38 -41 57 -55 -43 45 -52 49 49 -52 46 
-56 -16 0 -12 17 -19 0 13 18 24 7 8 8 -5 -31 -62 
28 -52 12 3 14 21 -13 -1 -28 12 -10 5 3 9 67 -18 
42 40 -6 10 -24 9 4 -11 -5 -30 -2 -10 -9 1 0 70 
-48 33 -9 -9 -3 -25 10 7 31 1 11 0 0 -10 -68 -15 
-22 -54 10 -6 26 1 -35 95 -115 7 Input angle :221
Zaxis angle :36 
minval :0 

minval :0 



69 -5 0 69 -69 -4 8 -68 67 11 -15 67 -66 -20 21 -66 
59 -11 5 9 -7 22 -5 -7 -27 -16 -10 0 -6 12 57 37 
-4 60 -10 3 -20 -11 8 -4 22 -22 3 -10 -10 -8 -51 46 
-58 -16 0 -10 16 -16 2 9 17 26 9 5 10 -9 -36 -59 
28 -53 10 2 13 19 -9 0 -29 10 -7 7 6 12 65 -21 
44 40 -3 10 -21 8 -19 47 45 -8 Input angle :221
Zaxis angle :36 
minval :0 

minval :0 



-24 -66 68 -16 13 69 -69 11 -7 -69 70 -3 0 70 -69 -5 
-30 -51 9 -3 22 0 -12 5 -8 29 9 8 13 3 20 -66 
57 -17 0 10 -4 22 -1 -13 -25 -15 -9 6 -6 11 61 34 
4 59 -10 -1 -20 -9 13 0 21 -21 -4 -10 -10 -9 -48 50 
-58 -10 4 -9 14 -17 -3 12 16 25 12 -2 11 -7 -36 -60 
25 -54 8 6 13 18 -115 47 -121 2 Input angle :227
Zaxis angle :36 
minval :0 

minval :0 



70 22 -27 68 -66 -33 36 -64 63 39 -42 60 -56 -48 50 -53 
61 8 0 15 -15 24 3 -20 -22 -22 -4 -1 -12 9 43 59 
-21 57 -14 -3 -19 -21 18 7 28 -17 3 -4 -6 -14 -68 27 
-50 -35 6 -13 24 -14 -11 16 10 31 3 3 15 -3 -11 -73 
44 -42 11 9 8 27 -13 -14 -32 1 -4 2 0 15 73 3 
34 51 -11 9 -28 2 20 64 -4 -9 Input angle :218
Zaxis angle :32 
minval :0 

minval :0 



79 88 -92 73 -67 -98 102 -62 57 105 -106 53 -47 -109 111 -41 
90 85 -19 13 -57 48 47 -21 -10 -81 -5 10 10 -2 12 118 
-101 70 -9 -21 -35 -66 11 50 80 7 -10 -7 0 12 -118 -14 
-45 -115 23 -5 71 -20 -52 0 -25 77 9 -7 -10 -1 40 -111 
121 -20 0 22 6 76 13 -50 -70 -40 5 10 4 -10 101 62 
-10 123 -22 -5 -74 -12 111 -16 113 -8 Input angle :182
Zaxis angle :0 
minval :0 

minval :0 



104 -61 55 107 -109 51 -45 -112 115 -37 30 117 -118 23 -15 -119 
89 -90 12 20 46 37 -7 -53 -85 22 -13 9 -29 -7 119 12 
70 106 -23 7 -49 34 53 7 -1 -87 -6 -14 12 -26 -38 114 
-120 42 -2 -24 -26 -53 -18 52 86 14 15 -3 22 19 -101 -66 
-10 0 23 5 59 -11 -44 -30 -36 79 0 15 -24 17 82 -86 
127 16 -9 22 -3 60 116 -49 125 -7 Input angle :181
Zaxis angle :44 
minval :0 

minval :0 



66 -21 17 66 -67 14 -10 -68 69 -5 2 69 -68 -1 5 -68 
56 -36 12 11 18 27 0 -32 -40 3 -7 10 -13 -2 65 22 
21 64 -14 8 -32 9 31 7 7 -40 -8 -8 4 -13 -33 59 
-66 10 -6 -15 -4 -34 -13 29 38 13 10 -6 11 7 -46 -50 
7 -66 16 -2 34 4 -24 -21 -24 32 3 11 -9 9 57 -37 
63 20 -1 16 -9 32 -111 -17 110 -8 Input angle :195
Zaxis angle :51 
minval :0 

minval :0 



101 -10 4 102 -102 0 3 -102 102 10 -16 100 -101 -23 29 -98 
108 -5 17 24 12 70 26 -55 -86 -44 0 7 14 -23 89 50 
-17 106 -28 12 -72 -3 46 39 59 -76 -7 0 19 19 -66 77 
-99 -43 -6 -30 19 -69 -48 38 58 78 1 -7 -23 14 -57 -84 
64 -88 30 1 62 36 -25 -55 -89 39 5 3 -9 -26 96 -36 
70 82 -9 29 -49 53 -44 -113 40 -12 Input angle :182
Zaxis angle :0 
minval :0 

minval :0 



-81 75 -70 -84 88 -65 58 93 -94 55 -50 -97 100 -45 39 101 
-74 101 -40 -6 -52 -45 27 56 75 -31 -7 -1 6 0 -108 14 
-77 -99 14 -38 55 -40 -60 11 14 79 3 -7 0 6 14 -108 
111 -58 33 22 28 62 0 -62 -81 -4 6 4 -5 -2 103 36 
30 121 -28 27 -67 9 60 14 23 -78 -5 5 3 -5 -58 92 
-125 0 -18 -35 4 -69 -114 48 -7 4 Input angle :167
Zaxis angle :36 
minval :0 

minval :0 



-38 117 -116 -44 51 -111 109 57 -64 106 -102 -70 75 -98 94 79 
-17 123 -20 5 -65 4 43 31 54 -78 -9 1 7 8 -98 73 
-116 -44 0 -20 11 -65 -40 35 63 71 0 -9 -8 5 -48 -113 
70 -102 20 5 60 26 -25 -48 -82 48 8 1 -3 -10 121 -22 
85 90 -9 16 -39 52 52 -12 -20 -93 -4 7 10 0 -10 123 
-106 66 -15 -12 -44 -48 -66 -96 74 -1 Input angle :185
Zaxis angle :0 
minval :0 

minval :0 



-28 -117 118 -20 13 120 -120 5 0 -121 120 7 -13 120 -119 -19 
-46 -111 14 -28 67 -25 -44 -10 -21 80 3 0 -11 3 46 -110 
119 -17 23 20 10 70 20 -42 -74 -38 -1 4 0 -11 98 69 
-10 119 -26 17 -71 -4 36 28 54 -63 -3 -2 11 1 -91 78 
-114 -38 -11 -29 22 -66 -37 27 48 68 3 -2 -3 11 -58 -105 
61 -104 31 -5 62 36 102 63 125 4 Input angle :178
Zaxis angle :32 
minval :0 

minval :0 



59 -98 95 64 -69 91 -88 -72 77 -84 78 83 -89 71 -66 -91 
37 -118 24 10 58 21 -17 -54 -50 46 6 36 -11 7 105 -41 
106 62 -16 21 -33 52 57 -5 -31 -60 -37 -2 -4 -11 22 112 
-83 91 -17 -19 -45 -42 -7 56 66 -19 11 -35 13 -2 -113 -1 
-68 -103 23 -12 52 -33 -53 -20 2 69 31 18 -1 13 32 -108 
117 -37 5 25 21 58 121 -113 101 -2 Input angle :184
Zaxis angle :44 
minval :0 

minval :0 



104 32 -38 101 -99 -45 49 -97 93 53 -60 90 -86 -65 70 -82 
126 4 -1 31 -7 63 45 -30 -53 -54 -32 17 7 3 64 87 
-30 122 -30 -7 -60 -22 20 50 65 -39 -7 -36 -4 6 -99 42 
-111 -60 14 -30 35 -53 -52 6 23 73 37 0 -5 -6 -19 -105 
81 -97 26 21 44 46 5 -53 -76 7 -9 36 8 -3 108 7 
74 100 -26 18 -54 32 21 -48 -126 -10 Input angle :189
Zaxis angle :0 
minval :0 

minval :0 



-72 77 -74 -76 78 -70 65 84 -88 58 -50 -92 95 -45 41 96 
-50 116 -5 2 -53 1 8 27 59 -37 -17 -26 -12 7 -103 21 
-103 -73 -2 -5 9 -52 -29 2 20 67 29 -10 -4 -12 3 -104 
96 -82 5 0 49 21 3 -28 -69 6 3 31 14 -1 101 26 
59 113 -2 5 -32 42 26 10 11 -69 -31 -3 -1 14 -49 92 
-121 38 -4 -2 -33 -41 -126 80 65 3 Input angle :186
Zaxis angle :20 
minval :0 

minval :0 



103 21 -27 101 -100 -32 36 -98 95 41 -47 93 -90 -52 56 -87 
121 -11 6 3 31 46 11 -25 -62 -33 -12 21 4 12 71 78 
-13 121 -6 5 -51 20 21 18 46 -52 -17 -16 -13 3 -91 51 
-113 -42 -3 -7 -7 -55 -23 18 42 55 21 -14 0 -13 -28 -101 
64 -102 7 -2 55 4 -13 -26 -66 24 9 23 12 2 105 -5 
84 87 0 7 -16 53 -25 -33 99 -9 Input angle :241
Zaxis angle :32 
minval :0 

minval :0 



-104 -41 46 -100 98 52 -54 96 -94 -60 66 -90 85 71 -75 80 
-127 -1 2 8 -34 -43 -24 20 57 32 19 -23 3 -5 -56 -95 
28 -124 -8 0 49 -23 -13 -30 -45 47 18 24 4 3 105 -36 
114 56 2 -8 12 54 32 -7 -38 -53 -28 12 -3 3 12 110 
-78 100 8 4 -55 -3 0 32 61 -23 -4 -30 -2 -5 -110 -14 
-80 -98 -5 6 17 -53 21 -48 19 8 Input angle :32
Zaxis angle :44 
minval :0 

minval :0 



-94 21 -16 -94 95 -12 5 97 -97 0 1 -96 97 8 -12 95 
-100 63 10 5 -53 -23 -22 26 66 6 15 -30 -12 5 -88 -37 
-35 -112 -7 10 36 -45 -21 -27 -24 63 25 22 -2 -12 55 -79 
118 -13 -8 -10 35 46 32 -13 -59 -32 -26 22 13 0 67 69 
-10 119 11 -4 -52 24 5 33 48 -46 -14 -31 -3 13 -85 46 
-113 -38 3 11 -11 -56 76 -64 11 7 Input angle :266
Zaxis angle :0 
minval :0 

minval :0 



72 91 -95 66 -61 -96 101 -56 50 104 -107 44 -37 -108 111 -28 
109 67 -13 5 -9 60 48 -11 -9 -69 -22 15 8 8 7 114 
-85 95 -1 -15 -57 -21 0 48 69 3 -10 -25 -7 6 -113 -20 
-68 -109 15 1 34 -51 -48 -12 -19 66 26 -5 -4 -10 42 -106 
118 -47 -4 15 41 45 22 -43 -61 -33 -1 27 11 -2 94 67 
17 126 -12 -7 -53 30 90 -112 73 -7 Input angle :206
Zaxis angle :0 
minval :0 

minval :0 



89 -54 50 91 -94 44 -40 -96 99 -36 31 99 -101 27 -19 -101 
60 -113 2 8 57 6 -4 -45 -62 18 9 22 11 -9 104 7 
92 88 -8 0 -19 55 45 4 -2 -64 -23 5 7 12 -28 101 
-105 70 0 -8 -48 -31 -15 42 63 11 -1 -24 -13 4 -90 -51 
-40 -120 8 3 41 -39 -38 -24 -25 60 23 6 0 -14 68 -78 
125 -20 -5 8 31 49 -106 79 47 -5 Input angle :204
Zaxis angle :0 
minval :0 

minval :0 



-54 -18 21 -53 52 26 -28 50 -49 -30 33 -47 45 36 -37 43 
-64 6 -2 0 -18 -22 -11 13 27 12 3 -7 -4 2 -34 -45 
7 -64 -1 -2 26 -14 -10 -15 -18 23 6 5 -1 -4 53 -21 
60 22 2 -1 6 28 16 -7 -19 -23 -6 4 4 0 8 56 
-35 53 0 2 -29 0 3 17 27 -13 -3 -7 0 4 -58 -3 
-45 -46 -2 0 4 -29 28 0 92 7 Input angle :144
Zaxis angle :29 
minval :0 

minval :0 



60 -85 83 63 -68 79 -75 -71 78 -70 67 80 -84 63 -57 -86 
16 -116 -11 -11 67 -17 -16 -25 -51 47 12 -1 6 -14 96 -38 
108 46 13 -8 2 68 29 -10 -37 -59 0 13 13 10 14 103 
-63 99 6 15 -67 -12 4 31 66 -22 -12 -4 -12 10 -104 -8 
-79 -86 -15 2 27 -64 -31 -1 6 69 6 -10 -7 -14 35 -98 
102 -56 1 -15 54 41 116 -1 -54 -2 Input angle :237
Zaxis angle :39 
minval :0 

minval :0 



-22 58 -58 -24 27 -56 55 30 -32 53 -52 -34 38 -50 46 41 
3 75 10 4 -17 16 8 17 3 -15 -2 -9 1 2 -50 37 
-74 -12 -7 9 -11 -21 -18 5 13 7 9 -1 -2 0 -24 -58 
28 -69 -6 -9 24 -6 0 -20 -10 12 -1 8 0 -2 62 -7 
60 45 10 -4 1 25 19 3 -8 -13 -9 -3 2 0 -7 62 
-57 48 1 11 -24 -3 57 -16 70 -2 Input angle :127
Zaxis angle :39 
minval :0 

minval :0 



0 59 -59 -1 2 -59 58 6 -10 58 -57 -14 18 -56 54 22 
40 51 4 -6 -4 26 15 12 3 -23 -23 -13 -5 -1 -32 49 
-60 28 5 6 -25 -9 -15 12 22 8 18 -20 3 -5 -40 -42 
-10 -65 -6 4 15 -21 -8 -17 -12 20 14 23 3 4 52 -27 
66 2 -2 -7 17 20 18 -4 -16 -17 -26 9 -5 3 18 56 
-14 64 8 0 -23 12 82 112 -27 -4 Input angle :22
Zaxis angle :36 
minval :0 

minval :0 



21 -56 54 25 -28 53 -51 -31 35 -50 47 37 -40 45 -43 -40 
-13 -68 -4 4 15 -20 -12 -19 -16 18 18 23 5 3 50 -33 
69 2 -2 -5 16 20 22 -7 -14 -19 -26 13 -4 4 21 56 
-17 67 6 -1 -22 11 0 23 22 -9 -7 -28 -3 -5 -59 7 
-62 -31 0 5 -5 -24 -22 -3 4 24 29 0 6 -2 5 -60 
44 -52 -6 -1 25 1 -100 -33 -11 -1 Input angle :25
Zaxis angle :29 
minval :0 

minval :0 



85 13 -18 84 -82 -24 29 -81 79 32 -36 78 -75 -42 44 -73 
107 -36 -14 -24 62 14 10 -11 -62 -10 -26 10 -7 -3 58 63 
15 113 27 -9 -26 56 8 13 24 -58 -6 -28 5 -6 -73 44 
-114 -13 2 28 -48 -41 -15 4 51 36 28 0 5 6 -26 -81 
37 -108 -28 -4 49 -36 -2 -15 -47 41 -6 27 -8 3 85 -8 
96 62 10 -26 25 57 -59 -17 -11 -8 Input angle :166
Zaxis angle :56 
minval :0 

minval :0 



-40 -72 72 -39 35 74 -76 30 -25 -77 80 -19 14 81 -80 9 
-93 -55 -12 27 -29 -55 -7 4 33 61 22 5 -2 11 3 -81 
73 -80 -24 -18 61 -16 -2 -9 -65 19 -11 19 -11 -4 77 24 
60 89 22 -20 1 63 8 0 -4 -69 -16 -15 7 -9 -41 69 
-102 35 14 27 -61 -12 -1 9 68 12 19 -12 7 10 -58 -56 
-11 -109 -30 6 25 -59 -47 15 44 8 Input angle :42
Zaxis angle :54 
minval :0 

minval :0 



11 -64 64 13 -17 63 -62 -21 25 -60 58 30 -34 56 -54 -36 
-20 -65 -4 -4 23 -20 -23 -14 -25 17 29 14 7 -2 48 -44 
68 -2 5 -3 15 27 19 -19 -11 -29 -19 25 1 8 34 56 
-10 68 2 5 -30 8 15 23 31 -5 -20 -25 -7 0 -63 17 
-63 -25 -6 1 0 -31 -26 8 -3 31 28 -14 2 -7 -2 -65 
40 -55 0 -6 30 6 -117 -97 80 -3 Input angle :9
Zaxis angle :32 
minval :0 

minval :0 



-50 23 -22 -51 52 -19 15 53 -54 10 -7 -56 56 -4 3 56 
-30 59 10 -2 -26 8 -5 17 24 -9 1 -28 4 -2 -54 -11 
-51 -41 0 10 -3 -27 -16 -9 4 25 26 7 1 5 22 -51 
53 -38 -10 -3 27 3 13 -13 -25 -1 -13 24 -5 0 45 33 
23 62 5 -8 -8 25 10 16 8 -24 -21 -18 0 -5 -44 33 
-65 12 7 7 -23 -15 88 96 88 3 Input angle :192
Zaxis angle :51 
minval :0 

minval :0 



-78 -10 15 -77 76 20 -24 75 -74 -28 33 -72 71 33 -35 69 
-103 29 7 24 -53 -29 0 21 57 34 8 -21 1 5 -59 -51 
-9 -107 -25 2 39 -45 -20 -4 -43 49 19 12 -5 0 66 -44 
106 16 2 -24 33 50 9 -18 -34 -56 -16 15 1 -6 26 74 
-42 99 22 10 -55 23 15 13 62 -24 -12 -20 4 3 -78 9 
-84 -66 -14 19 -10 -59 18 80 55 8 Input angle :40
Zaxis angle :49 
minval :0 

minval :0 



29 -74 72 33 -39 70 -67 -43 47 -64 62 50 -54 60 -56 -55 
-9 -107 -23 5 34 -50 -20 -8 -41 52 8 19 -4 -4 69 -40 
107 16 0 -24 40 46 13 -17 -41 -53 -21 4 5 -4 23 76 
-38 102 23 5 -53 30 13 17 62 -28 0 -20 2 6 -80 7 
-90 -59 -10 22 -16 -59 -20 9 14 67 20 4 -7 1 11 -79 
79 -73 -19 -17 60 -4 119 -33 -70 -1 Input angle :58
Zaxis angle :44 
minval :0 

minval :0 



54 2 -6 53 -52 -10 14 -52 51 16 -19 50 -49 -21 23 -48 
54 -34 -7 0 22 6 16 -14 -18 0 -12 21 0 1 41 34 
21 61 2 -7 -10 20 9 19 2 -17 -17 -17 -1 0 -43 32 
-64 5 6 3 -17 -15 -21 5 16 8 20 -13 0 -1 -21 -49 
9 -64 -4 5 18 -14 0 -21 -11 14 7 23 1 1 52 -11 
61 22 -4 -6 9 21 -46 95 124 -4 Input angle :230
Zaxis angle :29 
minval :0 

minval :0 



83 16 -18 82 -80 -24 27 -79 79 30 -36 75 -73 -41 44 -70 
98 -25 0 -27 59 32 5 -30 -57 -37 0 9 3 -5 56 62 
7 101 27 6 -46 50 28 11 47 -48 -8 -2 4 5 -73 40 
-99 -19 -12 25 -38 -55 -18 24 35 58 4 -8 -5 3 -26 -78 
38 -94 -21 -18 63 -23 -19 -23 -64 20 7 6 -2 -5 83 -7 
81 60 22 -16 6 68 -14 31 -111 -9 Input angle :123
Zaxis angle :36 
minval :0 

minval :0 



-31 -85 87 -23 19 88 -90 15 -11 -90 90 -5 0 90 -89 -7 
-80 -72 -24 23 -7 -64 -38 -1 -11 59 21 -6 -12 0 29 -85 
87 -61 -17 -28 65 9 10 -36 -56 -24 2 21 2 -12 79 43 
34 101 30 -9 -23 61 34 19 37 -47 -21 -3 11 5 -61 64 
-106 11 0 33 -55 -35 -27 27 38 47 7 -20 -8 9 -47 -77 
15 -106 -32 -6 47 -45 -111 15 0 3 Input angle :132
Zaxis angle :36 
minval :0 

minval :0 



-37 -34 37 -35 33 39 -41 31 -28 -42 44 -27 24 45 -46 20 
-65 1 10 11 -18 -14 -23 5 21 14 12 -3 1 0 -10 -50 
12 -64 -12 7 18 -15 -1 -23 -18 18 0 13 0 1 51 1 
59 27 -5 -14 11 21 23 3 -12 -23 -13 -2 -1 -1 -15 49 
-41 50 15 -1 -23 6 -9 22 24 -7 5 -11 1 0 -45 -24 
-40 -51 -1 14 0 -23 3 16 -126 6 Input angle :207
Zaxis angle :44 
minval :0 

minval :0 



72 -57 51 76 -79 46 -42 -82 84 -37 31 87 -88 26 -21 -89 
14 -119 -27 12 40 -40 -10 -61 -63 5 30 28 0 -28 91 -4 
113 40 -7 -29 32 46 61 3 7 -62 -33 24 29 6 -15 91 
-66 100 29 -3 -53 18 -19 59 59 20 -14 -38 -11 26 -84 -37 
-82 -88 -6 29 -4 -57 -53 -31 -32 51 40 -8 -23 -18 55 -73 
102 -62 -27 -11 56 5 -90 -113 -120 -6 Input angle :189
Zaxis angle :0 
minval :0 

minval :0 



-16 -98 98 -9 1 100 -99 -4 10 -99 98 15 -20 97 -96 -24 
-102 -77 9 28 -15 -51 -51 -24 -26 69 41 -4 -17 -25 48 -87 
100 -79 -29 3 53 -6 33 -45 -59 -43 -3 42 27 -11 74 66 
53 117 3 -31 -9 52 35 42 53 -50 -39 -14 3 29 -80 56 
-125 25 27 9 -50 -19 -49 25 35 64 22 -35 -30 -1 -38 -91 
2 0 -16 25 29 -45 114 127 -111 2 Input angle :224
Zaxis angle :14 
minval :0 

minval :0 



-26 96 -94 -30 36 -92 88 44 -49 86 -84 -52 57 -80 76 64 
72 107 7 -41 2 60 26 42 51 -46 -36 -21 13 38 -78 60 
-121 41 38 18 -59 -10 -48 15 33 61 29 -29 -40 5 -40 -90 
-13 0 -25 35 22 -55 -6 -50 -67 15 24 35 6 -40 97 -20 
127 14 -27 -31 50 32 50 3 -1 -68 -37 16 39 10 -1 98 
-45 120 36 -20 -45 39 -121 -80 -91 1 Input angle :193
Zaxis angle :0 
minval :0 

minval :0 



-90 66 -59 -95 96 -54 51 99 -102 46 -40 -104 106 -34 30 107 
23 125 5 -33 -24 38 11 62 65 -19 -26 -39 -8 29 -111 5 
-127 0 31 12 -34 -30 -64 -2 5 68 44 -17 -26 -15 17 -109 
29 -125 -18 28 38 -24 19 -61 -68 -7 5 47 21 -22 100 48 
114 57 -23 -25 14 43 56 29 22 -64 -48 -2 19 24 -64 89 
-83 97 30 -17 -45 5 116 -64 119 4 Input angle :213
Zaxis angle :0 
minval :0 

minval :0 



54 17 -20 53 -52 -23 27 -50 48 31 -33 46 -44 -35 37 -42 
46 -45 -15 9 21 -1 23 -23 -26 -22 -9 22 17 -2 33 46 
33 56 -4 -17 -3 21 15 29 27 -21 -20 -13 0 17 -51 23 
-60 23 17 -1 -20 -7 -31 9 14 31 17 -16 -17 -4 -10 -56 
-6 -64 -2 17 12 -18 -1 -32 -34 6 12 20 7 -16 56 5 
64 10 -16 -6 14 15 5 0 77 -9 Input angle :204
Zaxis angle :0 
minval :0 

minval :0 



5 -62 61 8 -13 61 -60 -16 20 -59 56 26 -30 55 -53 -30 
-55 -43 12 6 -1 -21 -32 -25 -16 28 27 2 -6 -15 43 -44 
54 -44 -9 10 21 2 32 -25 -23 -21 -10 26 16 -2 33 52 
29 64 -8 -11 -7 19 18 36 27 -17 -24 -14 0 16 -59 19 
-69 12 12 -5 -16 -12 -40 7 11 30 20 -20 -16 -5 -8 -61 
1 -71 1 13 15 -13 125 -65 13 1 Input angle :205
Zaxis angle :0 
minval :0 

minval :0 



76 -86 85 79 -82 81 -76 -86 89 -73 66 95 -100 58 -50 -103 
-55 -114 3 32 6 -44 -24 -64 -39 21 23 33 0 -40 111 -27 
124 -24 -32 -3 40 16 68 -8 -15 -42 -38 16 39 6 -2 115 
-3 126 10 -30 -25 36 -5 68 44 -3 -5 -40 -16 36 -112 -24 
-121 -33 27 18 -28 -32 -64 -23 -7 43 41 2 -31 -24 47 -104 
59 -112 -22 24 38 -20 -85 -17 -9 -3 Input angle :201
Zaxis angle :0 
minval :0 

minval :0 



-59 -28 29 -58 56 31 -36 54 -52 -38 40 -51 48 43 -45 45 
-40 44 15 -6 -24 -7 -28 35 13 29 6 -23 -25 7 -35 -54 
-35 -48 3 16 11 -22 -27 -36 -31 7 21 12 -1 -25 61 -21 
53 -25 -17 0 18 17 40 -20 -1 -32 -17 17 25 5 11 64 
13 58 3 -16 -20 16 10 44 31 6 -15 -19 -10 23 -65 -2 
-59 1 15 6 -9 -23 -53 95 -126 7 Input angle :221
Zaxis angle :14 
minval :0 

minval :0 



48 50 -52 46 -43 -55 57 -41 37 59 -61 34 -30 -63 63 -28 
52 -32 -30 3 23 9 40 -29 -2 -34 -21 30 30 5 11 68 
19 59 2 -29 -15 19 20 45 33 4 -26 -26 -10 29 -69 -2 
-62 8 28 8 -16 -18 -49 9 -12 32 32 -17 -26 -16 16 -67 
4 -61 -13 26 22 -12 2 -49 -28 -18 10 34 23 -21 60 33 
58 21 -21 -21 6 24 98 -64 9 -6 Input angle :214
Zaxis angle :14 
minval :0 

minval :0 



116 48 -53 113 -110 -58 65 -107 104 71 -77 100 -94 -81 85 -90 
71 -106 -41 25 44 4 57 -87 -7 -61 -29 72 60 -13 67 105 
89 92 -15 -46 -15 43 76 72 60 7 -64 -47 -1 61 -116 43 
-109 68 47 -5 -38 -23 -88 54 -21 57 60 -51 -60 -12 -20 -123 
-45 -120 -5 49 32 -31 -36 -97 -51 -32 35 72 28 -55 122 10 
0 -17 -46 -16 25 37 83 32 94 -6 Input angle :209
Zaxis angle :14 
minval :0 

minval :0 



-89 73 -68 -92 96 -61 52 101 -105 46 -44 -106 106 -37 33 110 
50 98 -12 -44 -16 31 58 77 59 31 -41 -48 -20 55 -114 7 
-105 30 44 -1 -26 -23 -88 42 -42 51 56 -28 -51 -28 18 -112 
-4 -112 -8 46 29 -21 -19 -95 -37 -55 15 58 40 -42 107 39 
109 12 -41 -18 12 32 95 -1 60 -27 -61 4 31 49 -65 92 
-37 102 27 -36 -34 7 26 -96 14 8 Input angle :210
Zaxis angle :20 
minval :0 

minval :0 



5 -66 66 10 -14 65 -64 -17 20 -63 62 24 -28 61 -59 -30 
-53 -1 21 9 -6 -20 -52 1 -26 12 33 -3 -11 -16 44 -49 
12 -52 -13 19 21 -2 9 -52 -6 -28 -2 33 18 -7 41 52 
48 22 -16 -17 -1 21 49 20 29 -1 -31 -9 3 19 -61 26 
-33 41 20 -11 -20 -7 -31 43 -7 28 17 -28 -20 -1 -17 -64 
-35 -40 7 22 11 -18 -109 111 25 -3 Input angle :213
Zaxis angle :14 
minval :0 

minval :0 



-76 101 -97 -81 89 -89 83 96 -100 77 -72 -104 107 -68 60 110 
81 61 -26 -63 6 37 98 23 78 -26 -38 -11 9 30 -122 31 
-77 65 68 -13 -37 0 -44 90 5 82 21 -33 -31 1 -9 -126 
-49 -88 -2 69 10 -36 -80 -62 -82 -13 28 28 4 -31 124 22 
96 -28 -67 -18 33 17 79 -64 27 -77 -32 22 30 11 -42 119 
11 100 29 -62 -24 28 -114 48 91 5 Input angle :249
Zaxis angle :20 
minval :0 

minval :0 



59 -30 28 60 -61 24 -19 -63 65 -15 13 65 -65 9 -7 -65 
-16 -53 -12 35 3 -18 -25 -41 -36 -10 19 18 3 -22 65 6 
55 -4 -32 -18 16 7 45 -17 18 -33 -22 14 21 7 -23 61 
-8 55 24 -28 -11 14 7 47 28 24 -10 -24 -13 18 -55 -36 
-52 -19 20 30 -12 -13 -48 -4 -31 21 26 -4 -15 -16 47 -46 
30 -46 -33 14 16 -8 -65 -113 94 -9 Input angle :252
Zaxis angle :14 
minval :0 

minval :0 



66 28 -31 64 -60 -35 38 -60 57 43 -46 54 -51 -48 51 -47 
24 -51 -34 21 11 -10 7 -42 -24 -31 0 25 18 -7 35 60 
44 33 -11 -37 8 13 38 17 37 -17 -24 -3 2 19 -66 22 
-42 37 39 -5 -14 5 -24 35 11 39 10 -22 -20 0 -8 -70 
-25 -50 -1 39 -1 -15 -28 -31 -40 0 19 15 4 -18 71 6 
55 -13 -37 -12 16 2 36 -48 -38 -11 Input angle :257
Zaxis angle :14 
minval :0 

minval :0 



110 -51 43 114 -115 35 -29 -118 117 -26 22 120 -120 15 -9 -119 
-60 -98 -13 66 8 -34 -45 -68 -69 0 35 63 23 -40 117 18 
109 -39 -62 -28 32 14 76 -31 15 -66 -70 20 33 32 -43 112 
16 113 40 -55 -21 27 13 81 61 27 -6 -72 -38 26 -102 -63 
-114 -6 45 50 -23 -27 -81 -8 -42 53 71 9 -15 -43 87 -83 
38 -108 -60 32 31 -18 -92 -97 -94 -7 Input angle :249
Zaxis angle :14 
minval :0 

minval :0 



104 44 -47 102 -98 -55 60 -93 91 66 -71 87 -83 -76 81 -76 
16 -105 -51 37 32 -15 9 -92 -49 -53 -13 65 39 -12 58 97 
99 37 -24 -58 5 35 89 28 62 -35 -60 -26 4 41 -106 34 
-62 86 62 -12 -34 0 -47 80 21 69 39 -53 -40 -5 -10 -112 
-73 -78 -2 64 9 -34 -65 -65 -72 4 43 51 16 -38 112 13 
90 -56 -62 -16 32 14 22 -16 17 -9 Input angle :246
Zaxis angle :14 
minval :0 

minval :0 



-81 -80 82 -78 73 87 -91 68 -63 -94 97 -58 53 102 -102 48 
-52 92 62 -23 -33 -1 -34 99 21 74 36 -50 -35 -1 -23 -110 
-77 -74 11 65 9 -32 -88 -57 -77 5 42 44 10 -33 113 0 
86 -63 -66 -7 28 17 76 -71 13 -76 -54 30 29 18 -24 110 
38 99 18 -63 -21 25 57 87 72 28 -20 -58 -22 26 -102 -50 
-104 21 57 32 -20 -26 -90 31 0 8 Input angle :246
Zaxis angle :14 
minval :0 

minval :0 



6 117 -117 -1 8 -118 118 11 -16 117 -117 -21 28 -114 110 37 
107 -15 -58 -34 21 26 105 -39 49 -67 -66 13 29 23 -65 97 
-5 109 45 -50 -30 15 15 111 55 63 0 -67 -30 24 -86 -80 
-105 -26 39 54 -8 -33 -112 -9 -73 39 67 11 -17 -35 96 -67 
52 -96 -62 25 34 0 35 -106 -24 -80 -28 61 38 -9 45 109 
86 67 -13 -65 -6 32 -88 -32 44 -1 Input angle :249
Zaxis angle :14 
minval :0 

minval :0 



-23 125 -124 -31 39 -117 116 45 -53 113 -112 -57 68 -110 102 72 
101 23 -40 -59 9 25 117 8 68 -32 -69 -7 24 35 -90 87 
-43 97 64 -23 -33 3 -33 111 18 74 19 -67 -41 15 -59 -108 
-81 -64 17 72 0 -28 -98 -51 -78 0 59 44 -5 -43 119 -38 
77 -68 -74 0 28 4 79 -84 12 -76 -54 49 43 6 9 0 
49 93 15 -68 -14 26 -122 -112 30 4 Input angle :57
Zaxis angle :0 
minval :0 

minval :0 



82 66 -71 78 -76 -74 78 -72 66 82 -87 61 -57 -89 91 -55 
35 -99 -70 29 49 7 46 -105 -34 -55 -25 61 53 -4 32 100 
87 59 -13 -74 -21 46 91 71 60 -23 -54 -39 -6 53 -104 12 
-75 74 76 2 -41 -29 -86 76 9 64 48 -45 -50 -19 11 -105 
-57 -88 -17 75 37 -35 -52 -103 -64 -4 31 59 30 -45 98 37 
99 -35 -67 -35 25 44 40 16 64 -8 Input angle :230
Zaxis angle :14 
minval :0 

minval :0 



44 -47 45 47 -49 43 -40 -51 53 -36 33 56 -58 28 -25 -59 
-36 -39 16 41 -6 -11 -37 -36 -38 0 30 25 4 -22 64 -11 
45 -27 -43 7 12 -4 43 -29 7 -37 -29 24 19 10 -1 65 
17 50 1 -44 0 13 17 49 35 14 -17 -34 -13 17 -63 -13 
-53 3 42 12 -13 -2 -51 6 -21 31 37 -9 -13 -17 27 -59 
4 -53 -20 39 4 -12 -107 -1 17 -7 Input angle :57
Zaxis angle :0 
minval :0 

minval :0 



-37 -86 89 -31 24 90 -92 18 -14 -93 94 -9 2 94 -93 -1 
-66 78 46 3 -19 -27 -103 72 -26 65 64 -63 -61 -24 22 -90 
-62 -82 -10 44 29 -13 -49 -115 -59 -37 47 77 35 -54 85 39 
93 -41 -40 -23 5 31 123 -23 49 -49 -85 30 47 45 -57 74 
23 101 31 -34 -32 0 -4 124 34 60 -11 -90 -54 36 -58 -73 
-103 -3 28 37 8 -31 122 79 -66 2 Input angle :223
Zaxis angle :14 
minval :0 

minval :0 



108 -14 8 109 -109 3 4 -108 108 10 -16 107 -105 -24 31 -103 
-51 -88 -56 64 20 -25 -47 -95 -65 -23 34 71 34 -42 94 51 
97 -30 -51 -67 18 28 103 -26 38 -58 -76 19 34 42 -70 81 
9 101 77 -34 -30 12 2 108 51 48 0 -79 -47 26 -61 -89 
-101 -10 20 83 -6 -31 -104 -20 -58 37 78 15 -17 -52 98 -46 
35 -95 -85 0 32 0 -57 111 -1 -9 Input angle :223
Zaxis angle :14 
minval :0 

minval :0 



-33 91 -89 -38 43 -87 84 47 -52 81 -76 -58 62 -73 71 64 
103 -14 -55 -66 14 17 113 3 43 -46 -73 1 26 50 -78 55 
-13 103 77 -40 -18 12 -29 109 38 52 14 -72 -55 15 -37 -88 
-99 -35 25 83 -7 -20 -100 -51 -59 24 65 30 0 -56 95 -17 
53 -90 -87 4 22 -3 71 -86 -11 -63 -44 58 56 10 2 95 
78 70 11 -86 -2 22 -127 0 55 0 Input angle :249
Zaxis angle :14 
minval :0 

minval :0 



-48 -83 86 -42 36 87 -91 31 -27 -92 93 -22 16 93 -95 12 
-74 83 73 12 -27 0 -95 71 3 66 56 -55 -57 -18 8 -94 
-62 -92 -27 68 6 -26 -51 -109 -65 -13 43 65 31 -50 89 31 
102 -40 -62 -41 23 12 116 -28 25 -61 -74 27 43 40 -47 82 
18 109 54 -50 -16 20 1 119 56 35 -9 -78 -49 33 -70 -65 
-110 -8 39 62 -18 -20 -96 95 -38 5 Input angle :249
Zaxis angle :14 
minval :0 

minval :0 


