
-4 28 -27 -6 8 -27 26 9 -11 26 -25 -12 13 -25 24 14 
-3 75 -52 15 44 -51 61 17 66 43 -86 7 13 -32 -18 21 
-73 -17 -6 -54 42 53 -26 58 -54 58 6 -86 29 19 -16 -23 
30 -69 54 4 -61 28 -52 -35 -46 -64 83 24 -25 23 25 -12 
60 45 -14 52 -18 -65 46 -44 72 -33 -40 76 -20 -28 7 27 
-54 53 -48 -25 67 -4 -113 16 16 39 Input angle :177
Zaxis angle :0 
minval :0 

minval :0 



-24 23 -21 -25 26 -20 18 27 -28 17 -15 -29 30 -12 11 30 
-56 62 -53 -35 71 -7 33 60 29 74 -67 -50 28 -18 -32 3 
-50 -68 45 -45 -6 71 -66 21 -78 14 63 -54 13 31 0 -32 
74 -39 35 53 -69 -20 -8 -68 1 -80 40 73 -32 7 32 7 
21 81 -58 26 30 -64 68 6 77 20 -79 29 -1 -33 -13 29 
-84 5 -14 -62 57 42 -8 -2 -66 36 Input angle :175
Zaxis angle :0 
minval :0 

minval :0 



-20 21 -19 -21 22 -18 16 23 -24 15 -14 -25 25 -12 10 26 
-65 54 -53 -41 65 0 20 70 13 83 -63 -55 29 -12 -28 4 
-40 -74 48 -48 -9 64 -72 7 -84 -2 68 -50 5 31 0 -28 
80 -27 34 57 -62 -19 4 -72 17 -82 38 75 -31 0 28 4 
11 84 -63 24 32 -56 69 20 78 30 -80 24 6 -31 -10 26 
-84 -4 -11 -66 47 44 -99 -34 44 36 Input angle :175
Zaxis angle :0 
minval :0 

minval :0 



-37 -1 3 -37 36 5 -6 36 -36 -8 11 -35 34 13 -14 33 
-85 12 -20 -60 61 28 -11 71 -39 81 -23 -86 42 -1 -30 -21 
6 -86 63 -6 -41 53 -68 -24 -72 -54 89 -3 -6 42 27 -25 
83 23 -5 64 -43 -51 37 -62 68 -59 -14 88 -40 -15 19 31 
-40 76 -62 -16 58 -33 52 49 46 77 -83 -31 22 -36 -34 12 
-68 -52 29 -57 23 63 76 -35 -29 14 Input angle :184
Zaxis angle :0 
minval :0 

minval :0 



-1 -42 42 1 -4 42 -42 -7 9 -41 40 12 -14 40 -39 -15 
-25 -79 47 -30 -19 61 -67 18 -88 -24 84 -32 6 53 23 -35 
82 -13 21 52 -56 -32 -3 -69 40 -82 13 89 -54 -4 29 30 
-2 83 -55 12 40 -50 69 7 76 50 -90 -1 14 -52 -35 22 
-80 -20 0 -56 41 49 -21 66 -68 61 22 -87 48 24 -15 -39 
35 -75 56 9 -56 31 111 62 -33 -39 Input angle :183
Zaxis angle :0 
minval :0 

minval :0 



-4 -13 12 -3 2 13 -13 2 -1 -13 13 0 0 13 -13 0 
11 -75 86 -8 -63 43 -69 -50 -33 -55 78 24 -30 23 3 -12 
72 22 -8 86 -30 -69 60 -61 60 -22 -37 72 -17 -34 11 6 
-38 66 -83 -24 74 -16 45 73 9 64 -62 -52 37 -11 -7 10 
-57 -50 40 -76 -2 76 -81 28 -64 -3 63 -50 2 38 -9 -9 
60 -47 68 53 -75 -13 126 -32 -123 -32 Input angle :172
Zaxis angle :0 
minval :0 

minval :0 



-27 47 -45 -29 32 -43 43 32 -35 40 -38 -39 40 -35 32 41 
-18 86 -59 17 58 -61 66 1 84 69 -93 -4 10 -65 -47 23 
-83 -34 -9 -61 51 68 -13 64 -83 67 24 -91 62 21 -13 -50 
49 -74 61 6 -76 39 -61 -24 -53 -92 83 43 -36 54 52 -4 
64 62 -20 57 -20 -82 36 -55 100 -33 -54 75 -48 -43 -7 52 
-72 54 -54 -30 84 -6 29 0 72 13 Input angle :183
Zaxis angle :0 
minval :0 

minval :0 



-15 31 -32 -15 17 -32 29 18 -21 28 -27 -24 25 -25 23 26 
54 16 -5 -66 -45 -38 50 -12 36 -104 9 -46 -48 10 -31 17 
-28 49 67 2 46 -35 0 51 96 52 43 15 0 -49 -13 -34 
-44 -35 -18 65 23 53 -50 -6 -76 78 -26 39 48 10 36 -5 
44 -33 -58 -31 -56 14 16 -48 -62 -90 -34 -32 -18 45 -3 36 
26 49 42 -52 -2 -57 -111 -31 64 -12 Input angle :271
Zaxis angle :20 
minval :0 

minval :0 



-7 -34 34 -6 5 34 -34 2 0 -34 34 1 -2 34 -34 -5 
-37 33 47 31 69 -18 -31 49 52 92 36 38 23 -41 13 -32 
-24 -43 -39 41 7 70 -44 -38 -101 31 -44 28 36 31 30 18 
47 -17 -32 -46 -71 -7 46 -35 -12 -105 -19 -48 -36 30 -23 26 
5 49 52 -21 19 -69 26 52 106 4 51 -11 -23 -41 -21 -28 
-50 -2 12 55 63 35 -115 -49 -26 25 Input angle :271
Zaxis angle :14 
minval :0 

minval :0 



-23 41 -40 -25 28 -39 36 30 -33 34 -32 -35 37 -30 28 38 
43 6 -14 -52 -64 -36 55 -9 50 -97 8 -53 -43 6 -44 21 
-17 40 54 -1 48 -55 -1 56 87 66 50 18 1 -44 -12 -47 
-36 -23 -7 54 44 59 -55 -13 -83 71 -27 46 42 10 48 -2 
30 -32 -51 -17 -66 30 24 -51 -52 -96 -40 -35 -20 39 -6 48 
24 36 24 -48 -21 -70 -96 -63 -63 -10 Input angle :267
Zaxis angle :14 
minval :0 

minval :0 



-48 -4 7 -49 48 9 -11 47 -46 -14 17 -45 45 19 -20 43 
3 33 49 -39 -3 -68 36 43 108 10 50 -17 -20 -43 -38 -30 
-33 -2 31 55 67 10 -49 29 -36 102 7 52 45 -13 38 -31 
8 -33 -60 21 -25 64 -19 -54 -94 -54 -53 -1 5 47 25 42 
30 14 -5 -63 -59 -35 56 -8 65 -87 11 -52 -47 -3 -47 15 
-21 26 63 8 47 -50 31 49 -115 20 Input angle :271
Zaxis angle :20 
minval :0 

minval :0 



-24 46 -44 -27 29 -42 40 32 -34 39 -37 -36 37 -35 33 39 
32 12 -14 -58 -63 -32 49 -12 56 -95 8 -51 -49 3 -46 25 
-18 29 60 -3 43 -55 2 49 83 72 49 17 4 -48 -14 -49 
-26 -22 -9 60 46 53 -49 -6 -90 63 -28 44 46 14 52 -4 
27 -20 -56 -21 -61 34 17 -47 -46 -100 -37 -36 -23 43 -5 52 
15 31 28 -53 -24 -66 -84 97 45 -8 Input angle :271
Zaxis angle :20 
minval :0 

minval :0 



41 -19 17 42 -43 14 -13 -43 44 -10 7 44 -45 4 -3 -45 
-21 -32 -16 54 33 55 -48 -15 -100 52 -35 37 47 21 45 6 
36 -14 -49 -29 -62 17 25 -43 -25 -110 -29 -41 -31 41 -16 43 
7 38 37 -43 -8 -64 37 34 113 -9 46 -21 -33 -40 -39 -24 
-38 0 34 45 65 2 -41 31 -9 112 10 50 45 -26 30 -35 
6 -38 -51 25 -16 62 74 94 51 -8 Input angle :271
Zaxis angle :20 
minval :0 

minval :0 



16 43 -44 12 -9 -45 46 -8 5 47 -46 1 0 -46 47 1 
32 -15 -54 -22 -57 26 20 -49 -34 -107 -37 -42 -28 44 -11 46 
9 35 34 -48 -14 -62 45 27 111 -18 45 -29 -38 -36 -43 -20 
-36 2 41 42 64 -4 -37 38 -4 110 20 50 42 -31 25 -39 
3 -36 -49 33 -8 63 -31 -41 -109 -26 -54 8 24 46 31 35 
34 11 -22 -55 -60 -19 -72 -64 93 -26 Input angle :255
Zaxis angle :20 
minval :0 

minval :0 



3 51 -50 0 2 -50 50 5 -8 50 -49 -11 15 -48 47 16 
40 -5 -40 -34 -64 12 31 -35 -3 -120 -25 -53 -40 31 -25 44 
-3 41 44 -29 -1 -66 28 38 117 23 57 -12 -22 -45 -40 -32 
-39 -9 22 48 64 15 -43 19 -41 112 2 59 49 -14 40 -31 
17 -36 -51 11 -26 60 -13 -45 -103 -61 -58 -10 4 50 23 46 
33 23 -2 -52 -54 -36 72 49 -12 -23 Input angle :271
Zaxis angle :20 
minval :0 

minval :0 



-11 42 -41 -14 17 -39 38 20 -22 37 -35 -25 26 -34 34 27 
31 -11 -45 -39 -67 18 32 -49 -16 -102 -25 -45 -32 17 -33 27 
5 33 48 -37 -7 -69 43 40 103 6 49 -17 -11 -35 -20 -38 
-33 -1 28 53 69 10 -49 33 -25 101 7 52 37 -4 42 -13 
8 -32 -58 17 -23 66 -21 -55 -94 -45 -52 -2 -3 37 3 43 
30 13 -8 -59 -60 -35 -16 32 81 -22 Input angle :267
Zaxis angle :32 
minval :0 

minval :0 



-52 0 2 -52 51 4 -7 51 -50 -10 13 -50 49 14 -17 48 
11 66 45 -44 16 -59 17 38 109 -29 42 -6 -25 -30 -44 -26 
-66 -1 36 52 56 25 -40 10 5 113 0 42 34 -20 34 -39 
10 -66 -57 27 -36 50 -2 -42 -111 -14 -40 -11 13 37 31 42 
63 24 -12 -62 -42 -44 42 6 38 -105 19 -37 -39 3 -46 22 
-38 55 63 0 52 -33 -120 33 -117 14 Input angle :271
Zaxis angle :14 
minval :0 

minval :0 



39 -41 39 41 -43 37 -35 -44 47 -32 28 49 -51 26 -24 -51 
-49 -10 12 68 64 27 -36 26 -33 95 -6 38 49 -7 56 -12 
18 -46 -69 -1 -39 57 -15 -42 -87 -49 -36 -13 -1 50 0 58 
41 28 16 -67 -48 -49 42 -10 66 -76 20 -33 -49 -11 -57 -8 
-34 36 63 27 56 -40 2 44 64 77 28 26 20 -46 21 -54 
-28 -41 -39 56 26 64 -102 -50 -5 11 Input angle :274
Zaxis angle :25 
minval :0 

minval :0 



-62 -5 8 -61 60 12 -17 59 -58 -20 23 -57 56 26 -27 54 
4 30 38 -38 -5 -68 26 36 86 14 60 -1 -16 -32 -47 -39 
-31 -1 32 44 67 7 -39 19 -33 80 -10 59 35 -11 47 -39 
8 -30 -50 22 -19 65 -11 -42 -75 -44 -56 -19 3 36 29 54 
29 11 -13 -53 -61 -30 44 -3 58 -65 32 -50 -36 -3 -58 18 
-18 25 54 -3 40 -54 -49 80 -100 17 Input angle :262
Zaxis angle :20 
minval :0 

minval :0 



-30 34 -31 -33 34 -30 29 35 -36 26 -25 -38 39 -22 18 41 
14 18 -3 -72 -47 -30 53 -4 46 -71 23 -46 -53 4 -45 11 
-21 8 72 8 39 -41 -2 54 62 58 40 32 5 -54 -3 -46 
-5 -22 -22 69 32 46 -52 -14 -68 51 -39 34 52 13 46 5 
23 -1 -63 -34 -51 21 25 -47 -37 -76 -24 -45 -24 49 -14 44 
-3 23 45 -56 -12 -54 72 49 -8 -7 Input angle :263
Zaxis angle :25 
minval :0 

minval :0 



42 23 -26 41 -38 -28 31 -37 35 33 -35 33 -31 -37 38 -29 
-3 -31 -27 49 1 57 -24 -45 -88 26 -54 10 30 28 20 44 
32 3 -42 -37 -56 -8 49 -15 -9 -92 0 -55 -32 25 -47 12 
-10 30 43 -35 20 -53 6 50 92 11 54 9 -18 -36 -2 -49 
-29 -14 26 49 48 29 -51 -4 -26 89 -21 51 40 -10 48 6 
20 -25 -54 16 -38 42 -77 126 99 -11 Input angle :249
Zaxis angle :36 
minval :0 

minval :0 



49 29 -32 47 -46 -34 36 -44 42 39 -41 40 -37 -43 45 -35 
9 -30 -46 41 0 62 -22 -35 -80 -8 -48 -13 23 35 22 53 
28 15 -31 -53 -60 -13 38 -15 20 -77 20 -45 -39 16 -56 13 
-20 24 59 -17 27 -55 6 41 71 36 40 29 -6 -42 -3 -57 
-19 -26 8 61 51 35 -42 0 -51 61 -35 35 42 0 57 8 
28 -15 -61 -5 -44 43 56 111 7 -16 Input angle :256
Zaxis angle :32 
minval :0 

minval :0 



-42 -18 19 -42 41 20 -22 40 -39 -24 26 -37 35 29 -30 34 
-18 32 47 -19 12 -61 2 40 103 12 57 15 -29 -32 -27 -37 
-27 -25 11 50 57 24 -39 -3 -31 98 -27 52 38 -20 42 -19 
29 -21 -51 0 -32 53 10 -38 -92 -47 -47 -36 14 41 9 45 
16 33 9 -50 -43 -45 35 18 69 -77 43 -40 -43 5 -46 1 
-36 8 48 16 51 -34 6 97 -20 19 Input angle :258
Zaxis angle :25 
minval :0 

minval :0 



52 3 -5 51 -51 -8 10 -51 50 12 -15 50 -49 -17 20 -47 
15 -27 -37 24 -3 54 -6 -37 -99 0 -61 -11 29 34 42 31 
22 22 -17 -40 -52 -12 38 0 15 -98 18 -60 -37 24 -37 37 
-24 19 44 -8 20 -50 -7 38 93 35 55 29 -14 -42 -28 -44 
-13 -28 0 44 43 31 -35 -15 -52 84 -42 46 44 -4 49 -17 
30 -8 -44 -8 -38 37 -40 126 -12 -18 Input angle :258
Zaxis angle :20 
minval :0 

minval :0 



12 -55 54 16 -20 52 -51 -22 26 -50 48 29 -31 46 -45 -33 
-27 -16 24 40 56 8 -38 5 -15 97 -17 53 42 -21 41 -39 
22 -23 -44 14 -19 53 1 -39 -93 -33 -49 -27 12 46 30 47 
18 27 -6 -46 -50 -27 37 10 49 -85 38 -42 -46 5 -52 21 
-30 12 46 2 38 -42 -16 35 72 67 33 45 6 -47 -8 -56 
-6 -31 -14 44 31 47 -63 -2 -6 14 Input angle :256
Zaxis angle :20 
minval :0 

minval :0 



-34 27 -25 -36 37 -23 21 39 -39 19 -17 -40 41 -15 14 41 
31 35 5 -48 -51 -45 46 14 48 -86 34 -43 -37 6 -44 3 
-42 22 47 13 55 -41 -21 43 75 64 34 43 1 -38 4 -44 
-13 -45 -23 43 26 63 -36 -31 -78 60 -49 24 37 8 42 13 
46 -6 -37 -30 -67 15 37 -30 -43 -88 -18 -52 -15 35 -21 38 
-3 46 38 -30 -2 -68 119 1 -39 -9 Input angle :263
Zaxis angle :14 
minval :0 

minval :0 



39 -24 22 40 -41 20 -17 -43 44 -14 11 44 -45 9 -7 -45 
-24 -28 -7 55 44 49 -47 -13 -71 68 -33 45 40 3 46 1 
32 -18 -52 -19 -57 34 22 -43 -55 -81 -37 -41 -11 38 -9 45 
11 36 28 -48 -24 -62 38 29 92 -35 48 -28 -35 -18 -42 -19 
-37 2 40 38 65 -8 -38 30 17 97 17 53 25 -31 26 -38 
1 -37 -46 31 -2 65 114 -82 100 0 Input angle :271
Zaxis angle :0 
minval :0 

minval :0 



-30 -14 15 -29 28 17 -19 26 -25 -20 21 -25 23 23 -24 21 
-10 49 58 -41 8 -75 24 48 102 -16 59 -8 -29 -33 -16 -29 
-46 -20 32 63 72 24 -51 14 0 104 -2 59 37 -22 32 -10 
29 -41 -68 17 -39 65 -5 -53 -103 -17 -58 -13 15 41 3 33 
35 37 -6 -70 -56 -50 53 3 37 -97 23 -54 -43 8 -34 -2 
-43 26 70 9 60 -45 99 -63 -79 13 Input angle :267
Zaxis angle :20 
minval :0 

minval :0 



-54 14 -11 -54 55 -9 5 55 -55 2 2 -56 55 5 -7 54 
14 31 12 -49 -25 -55 50 22 79 -61 47 -34 -44 -12 -53 -17 
-33 8 45 22 58 -15 -30 45 46 88 23 53 20 -40 28 -48 
0 -34 -32 39 3 60 -39 -38 -97 26 -57 12 35 28 42 36 
34 3 -32 -38 -60 -12 47 -29 -6 -100 -1 -57 -33 31 -43 35 
-11 32 42 -25 21 -57 -113 17 92 2 Input angle :263
Zaxis angle :25 
minval :0 

minval :0 



-22 -25 26 -20 18 27 -28 17 -14 -30 31 -13 12 31 -32 10 
-24 16 68 5 46 -43 -21 40 70 82 38 36 13 -46 -2 -34 
-11 -27 -16 66 35 53 -35 -29 -95 52 -41 31 43 22 33 3 
28 -8 -61 -30 -58 26 36 -28 -35 -102 -21 -48 -33 36 -8 32 
1 29 41 -54 -13 -62 21 40 107 -13 52 -10 -32 -37 -30 -15 
-29 -5 45 51 64 -2 -21 -17 50 27 Input angle :256
Zaxis angle :20 
minval :0 

minval :0 



-5 -45 45 -3 2 45 -45 0 2 -45 44 6 -8 44 -43 -11 
-29 9 59 24 59 -34 -21 50 47 76 26 43 24 -43 17 -42 
-3 -31 -34 53 22 64 -44 -32 -84 30 -48 17 38 32 36 27 
31 2 -44 -45 -67 8 39 -38 -14 -88 -7 -51 -38 31 -33 30 
-7 30 54 -34 6 -68 30 46 89 4 51 0 -23 -44 -24 -38 
-28 -14 24 59 65 19 -92 79 -47 21 Input angle :262
Zaxis angle :25 
minval :0 

minval :0 



-43 -24 26 -42 40 28 -30 39 -37 -32 35 -34 33 37 -37 31 
0 35 56 -32 28 -70 0 40 85 35 47 21 -4 -47 -22 -44 
-33 -7 18 62 63 41 -39 -9 -50 78 -29 42 47 3 47 -15 
13 -32 -64 7 -52 53 15 -37 -64 -66 -36 -38 -12 46 4 49 
29 19 5 -64 -43 -61 34 22 76 -52 43 -28 -42 -20 -49 -6 
-24 24 62 18 68 -31 -99 -80 50 21 Input angle :268
Zaxis angle :14 
minval :0 

minval :0 



16 -44 43 17 -22 42 -41 -23 26 -39 39 27 -29 36 -33 -32 
-9 -4 19 40 60 11 -46 0 -48 79 -14 38 35 -11 39 -26 
6 -8 -42 12 -23 56 9 -45 -68 -62 -34 -22 5 36 18 44 
5 8 -4 -43 -50 -35 42 19 75 -54 29 -28 -37 -1 -46 9 
-9 4 43 5 44 -42 -26 38 35 85 22 34 10 -35 0 -47 
-2 -9 -13 42 30 53 -110 -66 -108 4 Input angle :260
Zaxis angle :14 
minval :0 

minval :0 



-15 43 -42 -18 20 -42 40 22 -24 40 -38 -27 29 -36 34 30 
16 3 -21 -35 -48 -8 40 -14 34 -95 0 -39 -34 26 -37 28 
-7 15 39 -13 16 -46 7 41 87 50 38 7 -18 -39 -18 -43 
-13 -10 4 41 41 26 -43 0 -67 74 -16 36 42 -10 45 -10 
12 -12 -41 -2 -33 35 10 -41 -57 -83 -31 -23 1 43 0 47 
9 13 12 -40 -28 -40 112 -31 -19 -11 Input angle :263
Zaxis angle :14 
minval :0 

minval :0 



-41 -23 23 -42 39 25 -26 37 -36 -29 33 -32 30 35 -35 29 
-1 3 21 -15 -24 -53 38 32 88 19 37 -10 -21 -11 -20 -41 
-4 -2 11 22 57 -11 -39 32 -35 83 3 39 15 -18 44 -14 
3 -3 -25 5 1 58 -22 -45 -74 -50 -39 -5 15 19 4 46 
2 3 0 -25 -58 -11 49 -15 65 -60 12 -36 -21 11 -45 -6 
-4 1 24 4 22 -54 -62 -112 125 18 Input angle :259
Zaxis angle :29 
minval :0 

minval :0 



25 -15 14 26 -27 11 -10 -28 28 -9 8 29 -29 6 -4 -29 
-44 33 65 -10 67 66 -75 -17 -63 77 -36 13 60 -24 30 1 
-23 -51 0 65 -75 57 28 -70 -66 -74 -3 -38 12 64 -7 29 
55 -12 -63 -19 -32 -89 61 46 87 -48 38 4 -65 0 -27 -12 
1 57 29 -59 93 -17 -57 49 30 94 -11 36 13 -64 18 -24 
-55 -11 52 39 -2 95 -32 -116 -71 5 Input angle :263
Zaxis angle :14 
minval :0 

minval :0 



22 -16 14 23 -24 13 -11 -25 26 -10 9 26 -26 8 -7 -27 
-56 -1 38 29 46 80 -56 -33 -72 69 -24 21 58 -6 28 -1 
11 -54 -35 32 -87 29 42 -49 -55 -82 -17 -27 -1 58 -3 28 
52 18 -27 -39 -14 -91 39 51 91 -39 30 -12 -57 -11 -27 -7 
-27 48 44 -19 92 -1 -54 34 26 96 6 31 20 -54 11 -25 
-43 -33 12 46 -13 91 -24 -4 56 5 Input angle :267
Zaxis angle :0 
minval :0 

minval :0 



-26 8 -6 -26 27 -5 2 27 -28 0 1 -27 27 2 -3 26 
20 3 -8 -21 -24 -43 32 12 86 -57 13 -19 -42 0 -25 -9 
-8 19 22 -3 46 -15 -18 28 41 94 16 16 9 -41 14 -24 
-16 -12 0 23 5 49 -25 -22 -101 19 -19 12 38 19 20 18 
14 -14 -22 -5 -49 -4 27 -20 3 -104 -8 -21 -26 33 -22 16 
9 18 10 -20 15 -47 -105 33 61 5 Input angle :279
Zaxis angle :0 
minval :0 

minval :0 



-18 -20 21 -18 17 22 -23 15 -13 -24 25 -11 10 26 -26 10 
0 22 21 -17 27 -40 -8 35 80 54 21 9 -19 -38 -4 -28 
-22 -4 11 24 33 36 -32 -16 -68 69 -14 18 42 -9 28 1 
8 -20 -26 6 -42 25 22 -28 -48 -84 -15 -17 0 43 -7 27 
18 14 0 -27 -15 -46 22 28 91 -34 20 -11 -42 -7 -25 -13 
-16 15 27 4 49 -6 67 0 11 24 Input angle :268
Zaxis angle :0 
minval :0 

minval :0 



-20 -15 16 -19 18 17 -18 17 -16 -20 20 -15 14 20 -21 13 
-4 29 27 -17 34 -33 -18 35 69 80 35 8 -1 -36 -7 -24 
-27 -12 12 30 25 40 -31 -25 -93 50 -16 33 35 5 25 -3 
17 -25 -32 5 -44 16 30 -26 -33 -101 -29 -22 -11 35 -1 25 
21 21 0 -33 -10 -46 19 35 105 -10 28 -24 -30 -18 -25 -7 
-25 15 31 7 47 1 -46 -49 111 26 Input angle :272
Zaxis angle :0 
minval :0 

minval :0 



2 -14 14 3 -3 14 -14 -5 6 -13 13 6 -7 13 -12 -8 
-57 -53 20 85 -11 94 -25 -79 -87 56 -10 8 92 20 11 -11 
62 -46 -87 0 -89 -29 83 -8 -32 -99 -5 -11 -37 86 8 13 
30 71 16 -85 51 -79 -7 83 103 -13 12 -3 -77 -53 -14 6 
-75 20 81 33 71 62 -78 -28 -13 103 0 13 66 -66 -3 -15 
-2 -78 -45 74 -75 57 -33 92 -82 -15 Input angle :279
Zaxis angle :0 
minval :0 

minval :0 



-4 51 -51 -7 9 -51 50 13 -16 49 -48 -19 21 -48 48 21 
5 0 -31 -27 -54 0 23 -15 21 -88 -8 -26 -26 30 -34 38 
-1 5 34 -24 10 -54 10 26 81 39 27 -3 -24 -32 -32 -41 
-4 -2 17 38 50 23 -27 5 -53 73 -2 27 36 -18 45 -26 
3 -3 -41 8 -32 44 0 -28 -60 -67 -25 -8 8 39 14 50 
3 4 -1 -41 -36 -41 56 1 110 -12 Input angle :263
Zaxis angle :14 
minval :0 

minval :0 



44 16 -19 43 -41 -22 24 -41 38 26 -28 37 -36 -30 31 -34 
-4 -14 -7 36 5 45 -16 -17 -92 -13 -14 9 30 22 27 38 
15 -3 -33 -15 -45 -5 19 -12 34 -87 -6 -15 -29 24 -44 17 
-1 15 23 -29 14 -43 8 21 78 52 17 -3 -18 -32 -10 -46 
-14 -4 24 27 39 22 -23 4 -65 66 0 17 36 -10 47 0 
6 -14 -32 18 -29 34 30 95 -19 -20 Input angle :270
Zaxis angle :14 
minval :0 

minval :0 



38 -8 6 38 -38 3 -1 -38 39 0 -3 39 -38 -5 7 -37 
-11 -16 -9 34 8 54 -15 -12 -95 15 -13 18 37 6 36 14 
18 -7 -32 -15 -55 0 15 -13 0 -97 -15 -15 -13 35 -19 33 
5 19 20 -29 10 -53 10 17 94 23 18 -12 -31 -21 -28 -27 
-20 0 24 26 50 23 -19 6 -37 89 7 20 27 -26 31 -23 
4 -20 -31 17 -30 46 -56 -50 -60 -15 Input angle :272
Zaxis angle :0 
minval :0 

minval :0 



42 -10 8 42 -43 4 -2 -43 43 0 -3 43 -43 -5 6 -42 
-8 -3 9 31 25 48 -24 -22 -93 42 -20 17 36 1 41 14 
5 -6 -32 0 -52 16 25 -20 -19 -100 -13 -23 -8 35 -23 36 
6 6 5 -31 -5 -54 13 29 102 1 25 -7 -32 -15 -30 -31 
-7 4 29 12 54 6 -31 8 -19 101 4 26 21 -29 36 -24 
-2 -8 -17 27 -17 52 -126 -2 13 -10 Input angle :269
Zaxis angle :0 
minval :0 

minval :0 



40 -2 0 40 -40 0 2 -40 39 6 -9 39 -39 -11 12 -38 
-5 -10 1 18 10 40 -31 -16 -88 46 -14 21 44 -3 35 19 
10 -3 -19 -2 -42 2 22 -28 -30 -95 -17 -18 -5 44 -27 31 
1 11 7 -18 6 -42 24 27 99 -9 22 -12 -43 -13 -22 -32 
-12 -1 16 9 39 15 -31 17 -9 99 8 23 23 -39 37 -17 
3 -11 -12 15 -22 36 -125 -18 59 -8 Input angle :270
Zaxis angle :14 
minval :0 

minval :0 



-35 2 0 -36 36 3 -5 36 -35 -6 8 -35 35 10 -11 33 
12 25 9 -25 -4 -42 28 21 89 -5 13 -16 -38 -5 -31 -18 
-27 6 23 14 42 4 -27 22 -10 88 13 15 14 -36 24 -27 
0 -28 -18 20 -12 41 -16 -31 -85 -28 -18 9 32 22 20 30 
28 4 -15 -22 -37 -20 33 -9 48 -75 -6 -20 -27 27 -33 14 
-11 26 25 -11 28 -31 -1 0 -81 15 Input angle :272
Zaxis angle :20 
minval :0 

minval :0 



0 26 -26 0 1 -26 26 2 -4 26 -25 -6 7 -25 24 8 
16 -15 -35 -1 -39 10 29 -30 -16 -87 -17 -18 -12 37 -13 22 
12 19 7 -34 -1 -41 24 35 88 0 21 -14 -33 -19 -19 -18 
-21 8 31 15 40 6 -40 15 -16 87 9 23 24 -30 21 -15 
-3 -22 -19 29 -14 38 -8 -42 -81 -34 -24 5 23 30 10 24 
23 0 -23 -26 -33 -23 -48 -80 31 -18 Input angle :272
Zaxis angle :14 
minval :0 

minval :0 



10 -39 39 12 -14 38 -37 -16 17 -37 36 18 -21 34 -33 -23 
-18 0 26 17 43 14 -39 -1 -35 75 0 28 24 -32 29 -29 
4 -17 -20 23 -22 39 6 -39 -67 -49 -27 -6 25 31 21 34 
16 7 -17 -25 -34 -30 36 15 60 -57 11 -25 -36 19 -38 16 
-10 14 28 -13 35 -28 -22 32 41 72 23 16 -11 -39 -6 -40 
-12 -13 5 30 19 41 -66 -82 37 6 Input angle :272
Zaxis angle :14 
minval :0 

minval :0 



22 28 -28 22 -20 -29 31 -18 16 31 -33 15 -12 -33 34 -11 
10 -16 -34 16 -24 37 6 -35 -68 -65 -20 -9 10 35 3 36 
13 12 -8 -37 -30 -33 33 13 79 -51 13 -17 -36 3 -36 -4 
-14 10 37 -2 38 -24 -19 30 35 87 14 17 5 -36 12 -34 
-7 -16 -5 37 17 42 -25 -25 -93 16 -19 11 34 12 32 17 
17 -3 -35 -13 -44 7 2 0 111 -24 Input angle :270
Zaxis angle :0 
minval :0 

minval :0 



-37 11 -10 -39 38 -7 6 38 -39 3 -2 -38 39 0 -1 39 
11 10 -3 -38 -24 -45 30 16 85 -29 12 -13 -35 -5 -38 -10 
-12 9 39 5 49 -11 -20 27 14 89 11 14 13 -33 19 -34 
-6 -13 -13 37 3 50 -20 -27 -90 -4 -15 8 30 19 30 24 
14 -3 -33 -22 -50 -6 30 -14 26 -89 -2 -21 -25 25 -31 25 
0 14 29 -27 18 -47 71 97 25 10 Input angle :268
Zaxis angle :14 
minval :0 

minval :0 



-31 22 -19 -33 34 -18 17 35 -35 15 -12 -36 37 -10 7 38 
8 10 -8 -33 -20 -36 18 23 99 -23 24 -14 -47 -7 -39 0 
-11 6 34 -1 40 -12 -27 13 0 102 7 27 17 -44 8 -38 
-3 -13 -5 34 4 41 -5 -29 -100 -20 -28 1 39 27 35 15 
13 0 -31 -13 -41 -3 30 0 40 -94 3 -28 -34 33 -22 32 
-2 13 19 -29 13 -39 80 -47 -63 14 Input angle :269
Zaxis angle :0 
minval :0 

minval :0 



-31 23 -22 -32 33 -21 20 34 -34 18 -16 -36 36 -14 13 36 
14 2 -9 -31 -32 -36 23 17 84 -46 20 -20 -45 -3 -39 3 
-7 13 32 -3 42 -24 -22 19 25 93 16 24 10 -44 4 -39 
-11 -9 -4 32 14 46 -14 -26 -97 5 -26 11 40 20 37 12 
11 -10 -31 -9 -47 5 28 -9 14 -96 -6 -28 -29 34 -20 33 
7 13 16 -28 5 -48 107 97 -118 8 Input angle :270
Zaxis angle :14 
minval :0 

minval :0 



-28 -23 25 -27 26 26 -27 25 -23 -29 30 -21 20 31 -31 19 
-3 19 17 -21 21 -30 -3 23 64 71 14 15 -14 -42 -11 -35 
-18 -7 15 22 23 28 -22 -8 -82 48 -17 11 44 -4 37 -4 
11 -16 -24 12 -31 18 12 -20 -31 -91 -7 -19 -2 44 -2 37 
14 14 -7 -26 -11 -35 17 16 95 -10 20 -4 -43 -11 -36 -9 
-17 10 27 0 36 -4 -39 111 0 24 Input angle :259
Zaxis angle :0 
minval :0 

minval :0 



40 -16 13 41 -41 11 -7 -42 43 -5 3 43 -43 0 1 -42 
-15 -11 3 38 15 32 -20 -19 -100 25 -24 12 44 10 42 9 
14 -12 -38 -2 -35 8 23 -17 0 -103 -7 -27 -18 42 -17 40 
9 16 10 -38 -2 -35 12 25 101 15 28 -2 -38 -24 -36 -24 
-17 6 34 17 35 6 -27 7 -34 97 -3 28 32 -31 32 -29 
-2 -19 -23 30 -13 33 -92 62 -43 -15 Input angle :268
Zaxis angle :14 
minval :0 

minval :0 



-38 -18 21 -36 35 23 -25 33 -32 -27 29 -30 28 30 -32 27 
0 7 20 -29 9 -34 8 25 71 54 20 8 -21 -35 -20 -37 
-7 -2 24 25 32 15 -27 2 -64 62 -11 17 39 -14 41 -12 
4 -7 -30 18 -21 28 3 -27 -46 -77 -15 -15 6 41 3 42 
6 5 -13 -33 -23 -26 25 8 84 -30 17 -11 -41 -2 -42 -4 
-6 5 35 -6 30 -18 55 -96 77 22 Input angle :251
Zaxis angle :14 
minval :0 

minval :0 



-20 36 -35 -22 24 -34 33 27 -28 30 -29 -29 31 -28 26 32 
11 1 -31 -22 -39 -5 24 -9 48 -70 10 -25 -38 24 -38 18 
-3 10 28 -26 14 -36 4 25 58 63 23 14 -17 -42 -11 -40 
-10 -5 20 33 33 20 -26 0 -73 45 -19 19 45 -7 42 -3 
7 -8 -36 11 -27 28 5 -25 -25 -81 -15 -22 -1 45 -5 42 
7 9 -4 -37 -21 -32 80 97 99 -4 Input angle :256
Zaxis angle :0 
minval :0 

minval :0 



5 46 -46 3 0 -46 46 2 -4 45 -45 -7 9 -45 44 11 
11 -6 -42 -1 -35 16 8 -23 1 -79 -6 -24 -17 45 -19 42 
4 12 10 -41 -11 -38 19 13 77 16 25 0 -40 -26 -36 -28 
-13 1 38 18 40 -3 -16 17 -32 71 -4 24 33 -34 36 -29 
1 -13 -25 34 -5 39 -12 -21 -62 -49 -23 -9 27 40 23 40 
12 3 -28 -31 -37 -13 -12 -112 -16 -14 Input angle :256
Zaxis angle :20 
minval :0 

minval :0 



46 -14 12 46 -47 10 -6 -48 48 -4 2 48 -48 0 0 -48 
-8 -4 9 45 29 34 -23 -1 -78 19 -18 10 45 7 47 11 
5 -7 -45 0 -40 21 6 -22 0 -80 -6 -20 -16 43 -20 44 
5 6 11 -44 -12 -43 21 10 79 13 21 -1 -39 -24 -39 -30 
-8 4 41 19 45 -3 -15 18 -33 73 -3 21 32 -33 37 -30 
-2 -9 -25 37 -5 45 -6 -50 48 -12 Input angle :263
Zaxis angle :14 
minval :0 

minval :0 



-7 37 -36 -10 11 -35 35 14 -15 34 -34 -16 18 -33 31 20 
7 3 -32 -17 -43 0 23 -13 30 -80 2 -23 -31 32 -27 26 
-4 6 23 -29 8 -42 6 26 71 46 22 7 -25 -37 -19 -32 
-5 -6 23 28 38 18 -27 2 -59 62 -12 20 42 -16 35 -13 
7 -4 -32 16 -24 35 3 -27 -47 -71 -17 -16 8 44 5 37 
2 7 -10 -35 -28 -32 59 113 50 -9 Input angle :253
Zaxis angle :25 
minval :0 

minval :0 



-24 -35 35 -22 20 37 -38 17 -16 -39 40 -14 13 40 -40 10 
-1 8 36 -23 28 -28 3 25 32 74 20 12 -5 -42 0 -43 
-7 -3 14 40 21 33 -25 -1 -79 15 -16 17 43 4 41 6 
4 -7 -42 4 -36 14 6 -24 0 -80 -13 -19 -13 40 -17 38 
5 6 5 -43 -6 -38 22 11 78 17 22 -8 -37 -20 -35 -23 
-7 4 41 10 39 0 -125 31 -119 18 Input angle :262
Zaxis angle :0 
minval :0 

minval :0 



34 -31 28 36 -37 26 -23 -39 41 -21 19 41 -43 16 -14 -43 
-15 -2 26 29 39 29 -24 9 -56 64 0 22 32 -19 45 -6 
4 -14 -34 19 -37 32 -4 -25 -51 -67 -22 -5 12 35 -4 46 
13 7 -12 -37 -25 -42 25 0 78 -33 9 -20 -36 4 -43 -15 
-10 11 39 -4 47 -14 -6 24 18 83 18 13 4 -37 22 -39 
-7 -13 -4 39 5 49 -84 -18 -62 0 Input angle :265
Zaxis angle :0 
minval :0 

minval :0 



24 25 -26 22 -21 -27 28 -20 18 30 -30 17 -14 -31 32 -13 
4 -18 -31 20 -22 39 -5 -28 -67 -51 -25 0 15 37 6 34 
17 8 -13 -35 -34 -29 28 0 63 -56 5 -24 -40 7 -35 0 
-12 14 37 -5 36 -27 -6 28 42 73 23 10 0 -41 7 -34 
-11 -15 0 37 19 41 -26 -10 -79 27 -15 20 40 7 32 13 
17 -8 -36 -8 -44 9 -35 63 -26 -22 Input angle :268
Zaxis angle :14 
minval :0 

minval :0 



46 25 -27 45 -44 -29 31 -43 40 33 -36 38 -36 -38 39 -35 
-5 -7 -23 40 -2 50 -13 -20 -69 -32 -18 3 25 37 26 46 
7 -3 -34 -32 -48 -13 23 -9 47 -60 0 -19 -40 18 -51 14 
2 8 38 -26 22 -44 4 24 50 57 18 4 -7 -43 -3 -53 
-9 0 18 43 38 31 -25 0 -67 38 -8 17 44 1 53 5 
1 -8 -45 9 -40 29 -103 -81 -79 -19 Input angle :263
Zaxis angle :0 
minval :0 

minval :0 



4 42 -42 2 0 -42 42 2 -5 42 -41 -9 10 -41 40 11 
8 0 -35 -11 -42 9 23 -15 16 -77 -8 -24 -28 37 -19 38 
-2 8 17 -32 -1 -43 10 25 73 30 24 -3 -32 -34 -34 -27 
-7 -3 27 25 43 6 -27 5 -44 65 -2 25 39 -25 33 -27 
5 -6 -29 23 -16 40 0 -27 -55 -56 -23 -7 14 45 18 38 
5 7 -15 -33 -36 -23 10 -79 77 -11 Input angle :263
Zaxis angle :14 
minval :0 

minval :0 



37 6 -9 36 -36 -11 14 -34 34 16 -17 33 -33 -18 19 -32 
4 -9 -20 27 -3 44 -10 -27 -70 -39 -27 2 30 36 27 26 
8 6 -23 -25 -42 -14 29 -3 51 -63 3 -27 -42 21 -32 20 
-6 7 28 -18 20 -39 0 29 53 61 25 7 -13 -46 -15 -35 
-5 -8 11 32 34 29 -28 -7 -70 40 -13 23 47 -3 37 -6 
9 -3 -33 4 -34 28 -93 -33 113 -20 Input angle :255
Zaxis angle :20 
minval :0 

minval :0 



-37 -21 24 -36 35 23 -26 35 -32 -29 30 -31 29 33 -34 27 
0 5 27 -28 15 -43 5 27 58 53 22 1 -15 -41 -17 -41 
-5 -1 21 33 40 24 -26 -1 -64 46 -6 21 43 -5 42 -9 
2 -6 -36 15 -31 35 6 -25 -33 -72 -19 -11 -2 43 2 43 
4 4 -5 -38 -27 -38 23 11 77 -15 14 -16 -42 -11 -44 -6 
-5 4 37 0 42 -18 14 112 -75 19 Input angle :267
Zaxis angle :0 
minval :0 

minval :0 



9 29 -29 8 -7 -30 30 -5 4 31 -31 3 0 -31 31 1 
11 -1 -28 -7 -41 13 25 -21 2 -82 -13 -27 -22 40 -9 30 
-1 11 12 -26 -3 -43 16 28 80 18 29 -7 -36 -28 -28 -15 
-11 -3 23 17 43 5 -31 9 -33 75 1 30 35 -29 19 -24 
5 -10 -21 19 -12 41 -3 -32 -67 -48 -30 -3 21 40 19 24 
8 8 -13 -25 -37 -21 -15 112 -38 -15 Input angle :265
Zaxis angle :14 
minval :0 

minval :0 



-31 12 -10 -32 33 -7 5 33 -33 3 -1 -33 33 0 -1 33 
10 4 -3 -38 -27 -36 27 8 62 -43 9 -21 -35 5 -33 -9 
-5 9 39 3 40 -21 -13 25 33 68 18 13 1 -36 14 -30 
-7 -7 -11 37 10 44 -22 -17 -74 17 -17 16 35 8 27 20 
8 -6 -33 -20 -45 0 22 -17 -4 -75 -12 -20 -15 32 -25 23 
4 10 25 -29 6 -44 45 -95 -89 2 Input angle :268
Zaxis angle :0 
minval :0 

minval :0 



29 -15 13 30 -31 12 -11 -31 32 -9 7 32 -32 5 -2 -32 
-6 -2 0 36 28 38 -31 -9 -60 47 -9 26 43 -3 33 2 
4 -5 -36 -6 -43 19 15 -29 -34 -69 -23 -14 -5 42 -9 31 
4 4 13 -33 -10 -47 25 20 75 -19 18 -20 -40 -13 -28 -17 
-6 3 30 20 47 -1 -24 21 4 77 16 22 22 -37 20 -25 
-2 -7 -26 25 -8 47 -53 -114 77 -3 Input angle :272
Zaxis angle :14 
minval :0 

minval :0 



22 8 -10 21 -21 -11 12 -20 19 13 -14 18 -17 -16 17 -16 
-4 -15 -29 19 -11 44 -18 -33 -81 -19 -34 13 31 30 12 20 
16 0 -11 -33 -41 -20 36 -9 37 -75 -5 -36 -36 24 -22 8 
-2 15 34 -5 28 -36 3 37 68 49 36 1 -16 -40 -3 -24 
-14 -5 -2 35 27 37 -37 -3 -63 55 -8 35 42 -8 24 2 
9 -13 -33 -9 -41 20 90 -17 -121 -19 Input angle :271
Zaxis angle :14 
minval :0 

minval :0 



-3 -29 30 -2 0 29 -29 -1 2 -29 29 4 -6 29 -28 -6 
-8 4 26 11 41 7 -25 12 -23 78 6 26 32 -31 14 -27 
-2 -8 -17 23 -17 38 -8 -27 -71 -40 -27 0 24 38 23 20 
9 0 -19 -21 -34 -24 28 -2 54 -61 4 -27 -42 14 -22 19 
-1 8 25 -14 30 -29 -3 28 49 64 26 10 -5 -44 -13 -27 
-8 -3 9 27 23 35 -36 -66 18 9 Input angle :271
Zaxis angle :0 
minval :0 

minval :0 



-36 -4 6 -36 35 8 -11 35 -34 -13 15 -33 32 17 -18 30 
3 12 19 -23 12 -39 12 30 80 23 26 -11 -29 -25 -28 -24 
-13 1 19 24 35 21 -32 4 -35 76 5 28 31 -24 28 -23 
2 -12 -27 13 -29 29 3 -32 -66 -51 -28 0 16 36 15 33 
12 4 -7 -29 -24 -33 31 8 63 -55 7 -27 -38 7 -36 8 
-7 11 30 -2 37 -17 -104 -96 -106 18 Input angle :274
Zaxis angle :0 
minval :0 

minval :0 



8 -35 34 14 -13 32 -32 -17 18 -31 30 19 -19 29 -30 -20 
-8 7 32 16 35 18 -32 5 -43 64 -3 21 36 -16 28 -24 
-4 -8 -25 25 -23 30 0 -33 -55 -52 -18 -10 9 39 17 33 
9 -3 -20 -31 -25 -28 31 8 61 -45 14 -20 -40 2 -33 10 
1 10 32 -14 34 -19 -11 28 31 71 16 18 3 -40 -4 -35 
-9 -2 6 35 12 37 -44 -2 -5 3 Input angle :263
Zaxis angle :0 
minval :0 

minval :0 



-36 -14 15 -35 34 17 -20 32 -31 -22 23 -30 29 24 -27 26 
12 12 27 -26 13 -39 5 25 52 41 23 4 -7 -43 -20 -33 
-15 8 21 31 35 21 -26 0 -47 46 -8 22 44 1 36 -14 
-5 -15 -35 14 -28 30 5 -25 -34 -56 -19 -12 -9 43 7 38 
17 -2 -6 -37 -25 -33 24 10 62 -21 16 -17 -39 -19 -39 -1 
-1 17 38 0 37 -17 40 96 81 16 Input angle :265
Zaxis angle :0 
minval :0 

minval :0 



-19 24 -23 -21 22 -22 21 23 -25 19 -17 -26 26 -16 16 26 
11 3 -23 -33 -37 -23 36 -2 43 -61 0 -20 -37 6 -30 9 
-4 10 37 -17 29 -32 -6 35 50 55 19 4 2 -38 -2 -31 
-8 -8 8 40 25 36 -33 -13 -64 38 -8 18 37 8 31 3 
9 -7 -40 0 -40 16 19 -31 -24 -71 -16 -11 -16 34 -8 30 
5 10 8 -40 -9 -43 42 1 32 -3 Input angle :272
Zaxis angle :20 
minval :0 

minval :0 



-2 84 -83 -8 12 -83 82 15 -18 81 -80 -21 28 -78 76 33 
13 -37 -78 -18 -89 7 47 -35 30 -127 -6 -32 -60 48 -49 67 
34 21 35 -73 11 -89 23 55 121 49 32 0 -33 -69 -59 -60 
-26 30 65 48 85 27 -56 15 -74 107 -6 32 75 -18 72 -44 
-22 -33 -61 53 -47 76 0 -60 -89 -96 -29 -12 4 76 29 79 
36 -14 -38 -71 -66 -60 -33 0 105 -9 Input angle :265
Zaxis angle :0 
minval :0 

minval :0 



11 44 -44 10 -8 -44 45 -5 2 45 -45 1 2 -45 45 4 
-1 -20 -41 4 -41 21 12 -27 -10 -65 -11 -13 -21 31 -15 43 
20 2 5 -40 -11 -45 24 18 66 6 16 -8 -27 -26 -38 -24 
-5 19 39 12 47 -2 -22 20 -19 63 5 17 31 -21 30 -34 
-17 -10 -21 34 -8 46 -14 -26 -58 -29 -17 0 13 36 27 36 
12 -15 -30 -28 -43 -17 -90 -32 61 -13 Input angle :265
Zaxis angle :14 
minval :0 

minval :0 



82 23 -28 81 -80 -29 33 -79 76 40 -43 73 -72 -47 49 -68 
-41 -18 -36 72 -4 97 -32 -46 -126 -42 -34 2 35 68 56 66 
28 -37 -63 -49 -93 -26 51 -23 65 -116 2 -35 -73 19 -76 38 
30 34 61 -52 44 -86 10 54 102 84 33 9 0 -77 -25 -82 
-38 23 41 70 76 60 -56 0 -106 81 -16 30 76 13 86 -11 
-14 -42 -76 25 -76 61 -121 -97 4 -15 Input angle :270
Zaxis angle :14 
minval :0 

minval :0 



-30 28 -26 -32 33 -24 22 35 -36 20 -18 -37 38 -15 14 39 
20 -10 -21 -33 -36 -31 27 0 52 -39 7 -15 -37 -4 -41 6 
6 22 38 -12 38 -28 -5 26 30 58 13 11 12 -35 2 -41 
-22 1 5 39 22 42 -25 -11 -63 15 -13 10 32 19 40 10 
2 -22 -39 -2 -46 12 15 -22 -2 -65 -6 -15 -25 27 -19 37 
21 7 10 -38 0 -47 4 -95 94 2 Input angle :263
Zaxis angle :0 
minval :0 

minval :0 



-37 18 -15 -38 39 -13 10 40 -40 9 -7 -41 41 -4 3 41 
21 -5 -12 -38 -26 -39 27 7 60 -24 10 -12 -36 -14 -41 -6 
0 22 40 -3 44 -17 -12 25 10 65 10 13 20 -32 13 -40 
-22 -4 -3 40 10 47 -21 -17 -65 -1 -15 7 27 26 36 20 
8 -20 -38 -14 -48 0 22 -18 14 -64 -4 -16 -32 20 -29 30 
18 13 20 -35 12 -46 -28 -64 -20 7 Input angle :265
Zaxis angle :0 
minval :0 

minval :0 



-42 -13 16 -40 39 19 -21 38 -37 -23 24 -36 35 25 -27 34 
12 9 19 -32 16 -40 1 29 53 40 13 11 -5 -36 -26 -35 
-11 9 27 27 34 26 -29 -4 -52 42 -13 11 36 0 40 -19 
-7 -13 -31 21 -33 28 11 -27 -28 -61 -7 -16 -9 34 9 44 
14 -4 -16 -34 -21 -37 24 15 65 -17 17 -4 -31 -18 -44 0 
1 15 37 -7 41 -14 16 96 -63 16 Input angle :257
Zaxis angle :0 
minval :0 

minval :0 



-17 34 -34 -19 21 -33 32 22 -24 30 -30 -25 26 -28 26 28 
5 -6 -26 -24 -35 -20 33 5 49 -42 13 -12 -37 2 -34 21 
5 5 29 -21 27 -29 -12 31 34 56 9 14 4 -37 -12 -37 
-7 3 14 33 24 32 -29 -16 -62 20 -16 6 35 11 39 -4 
-1 -8 -35 7 -37 17 21 -25 -8 -64 -3 -17 -17 32 -3 39 
7 0 0 -36 -7 -39 6 -127 -48 1 Input angle :258
Zaxis angle :0 
minval :0 

minval :0 



-11 33 -32 -14 17 -31 30 18 -20 29 -29 -21 23 -27 26 24 
4 -4 -24 -21 -36 -21 36 4 43 -49 11 -15 -33 5 -29 20 
2 5 25 -19 28 -31 -10 35 39 52 12 13 0 -34 -14 -32 
-5 1 14 29 25 33 -32 -17 -59 26 -16 9 33 7 35 -7 
0 -6 -31 7 -37 18 24 -27 -15 -64 -5 -18 -13 31 0 36 
6 0 0 -32 -8 -40 4 -127 -7 -1 Input angle :263
Zaxis angle :14 
minval :0 

minval :0 



-16 -36 37 -14 12 38 -39 9 -7 -39 39 -5 3 40 -40 0 
5 16 36 -3 39 -24 -12 32 31 65 13 14 10 -37 7 -39 
-18 1 -2 36 14 44 -28 -19 -71 12 -16 9 33 20 37 16 
1 -17 -34 -10 -46 5 23 -23 0 -72 -5 -17 -25 28 -23 32 
16 4 17 -31 3 -47 19 28 71 15 19 -2 -22 -31 -27 -29 
-8 15 27 22 44 14 -117 111 -49 16 Input angle :272
Zaxis angle :0 
minval :0 

minval :0 



-8 41 -41 -11 14 -40 40 16 -17 38 -37 -19 21 -37 35 23 
4 -21 -36 -14 -48 1 25 -20 3 -70 -6 -15 -30 26 -30 30 
19 8 21 -31 7 -47 13 29 67 20 16 -3 -19 -35 -21 -36 
-12 16 27 27 44 19 -32 5 -34 61 0 16 38 -12 40 -14 
-14 -15 -32 21 -26 39 0 -32 -54 -45 -16 -3 3 40 4 42 
18 -10 -14 -36 -34 -34 -36 48 -1 -12 Input angle :270
Zaxis angle :14 
minval :0 

minval :0 



21 -34 33 22 -23 31 -29 -26 27 -29 27 29 -30 25 -24 -31 
-11 14 22 26 40 24 -33 1 -44 58 -10 21 42 -6 37 -14 
-10 -14 -29 16 -31 34 6 -33 -47 -55 -18 -14 -2 42 7 39 
16 -7 -10 -32 -27 -38 30 13 64 -36 17 -15 -41 -9 -40 0 
3 17 34 -4 43 -18 -18 27 23 69 11 21 18 -38 6 -39 
-18 0 -3 34 9 45 -39 -98 -3 1 Input angle :266
Zaxis angle :14 
minval :0 

minval :0 



34 28 -29 32 -32 -31 33 -29 25 36 -37 23 -22 -38 38 -21 
-10 -12 -31 25 -24 38 -2 -29 -51 -45 -14 -5 5 41 10 43 
13 -9 -17 -36 -33 -30 29 2 53 -42 7 -13 -41 -3 -44 3 
5 15 38 -10 36 -26 -9 27 30 61 10 10 12 -39 7 -44 
-15 2 3 40 19 40 -25 -14 -67 15 -12 8 36 19 42 13 
0 -16 -39 -6 -43 11 -11 -113 -50 -18 Input angle :270
Zaxis angle :14 
minval :0 

minval :0 



-20 40 -39 -22 24 -38 36 26 -29 34 -33 -30 32 -31 28 33 
8 -15 -32 -24 -47 -15 28 -8 31 -63 5 -18 -41 14 -40 21 
12 11 31 -26 24 -42 3 29 55 43 16 8 -5 -43 -14 -43 
-13 10 19 35 34 35 -29 -3 -54 44 -11 14 43 4 45 -4 
-7 -15 -39 11 -39 28 10 -28 -32 -62 -11 -14 -13 41 -4 45 
17 -4 -3 -40 -19 -44 15 -127 -59 -6 Input angle :260
Zaxis angle :0 
minval :0 

minval :0 



-33 31 -29 -36 38 -27 24 39 -41 22 -20 -41 43 -17 15 43 
16 -12 -20 -39 -35 -34 28 1 54 -44 10 -15 -45 -5 -46 5 
7 19 42 -11 40 -28 -7 27 32 62 13 12 13 -43 4 -46 
-20 4 2 44 21 44 -25 -12 -67 19 -14 10 39 22 45 12 
0 -21 -43 -6 -48 9 17 -22 -2 -70 -6 -17 -30 33 -23 40 
20 4 15 -41 -1 -49 23 97 15 2 Input angle :263
Zaxis angle :14 
minval :0 

minval :0 



-43 -2 4 -43 43 6 -8 42 -42 -12 15 -40 39 18 -19 38 
20 5 12 -41 -3 -50 18 21 72 4 17 -4 -30 -34 -33 -29 
-8 18 38 19 49 8 -24 13 -17 70 0 18 38 -24 33 -28 
-17 -12 -26 34 -16 47 -9 -26 -65 -30 -18 -2 15 42 20 39 
15 -13 -28 -32 -43 -26 28 -2 42 -58 5 -17 -45 6 -42 12 
9 18 38 -19 33 -37 -61 16 68 13 Input angle :266
Zaxis angle :14 
minval :0 

minval :0 



17 37 -38 16 -14 -39 40 -11 8 40 -41 6 -2 -41 41 -2 
-4 -20 -40 8 -43 24 8 -28 -28 -64 -14 -16 -15 41 -5 42 
20 0 0 -42 -15 -47 25 14 68 -16 19 -10 -36 -24 -39 -14 
-2 20 41 8 49 -6 -18 22 6 69 7 20 29 -32 22 -35 
-19 -6 -15 39 -4 50 -18 -23 -69 -11 -22 2 26 35 31 27 
11 -17 -34 -23 -47 -14 95 80 91 -17 Input angle :260
Zaxis angle :0 
minval :0 

minval :0 



-20 19 -18 -20 22 -16 15 22 -24 13 -11 -24 25 -10 9 25 
14 3 -11 -27 -24 -37 34 13 65 -33 18 -19 -38 -5 -27 4 
-6 13 29 -6 41 -16 -19 31 18 72 16 21 11 -36 1 -28 
-12 -8 1 29 9 43 -26 -25 -73 7 -24 12 33 17 27 6 
10 -9 -29 -5 -44 0 29 -22 8 -73 -6 -26 -26 27 -12 24 
7 13 11 -27 11 -43 27 113 -70 5 Input angle :271
Zaxis angle :14 
minval :0 

minval :0 



22 -14 13 22 -23 12 -11 -23 24 -9 8 25 -25 6 -5 -25 
-15 0 16 32 36 29 -29 6 -55 52 -5 18 37 -9 26 0 
2 -14 -34 11 -35 29 -1 -30 -38 -66 -16 -8 1 39 -4 26 
13 5 -4 -35 -22 -40 30 4 71 -26 12 -14 -38 -5 -24 -9 
-8 12 35 3 44 -13 -11 28 11 75 12 14 13 -36 14 -22 
-11 -11 -10 34 4 45 -45 -2 104 -2 Input angle :263
Zaxis angle :0 
minval :0 

minval :0 



6 29 -30 5 -4 -30 30 -3 0 31 -32 -2 4 -31 30 4 
7 -19 -39 -4 -43 17 12 -27 -20 -69 -15 -15 -19 29 -11 28 
15 12 13 -38 -9 -47 24 20 72 -4 18 -11 -27 -24 -25 -18 
-15 14 33 19 48 0 -24 19 -8 71 8 19 29 -21 21 -21 
-10 -18 -26 28 -11 46 -14 -28 -69 -21 -21 3 14 32 16 26 
20 -8 -24 -31 -43 -18 -108 -64 99 -16 Input angle :272
Zaxis angle :14 
minval :0 

minval :0 



14 -32 31 15 -15 31 -30 -17 19 -29 27 21 -22 26 -25 -24 
-15 13 37 22 47 0 -21 17 -19 65 5 15 33 -17 29 -20 
-10 -17 -28 33 -8 46 -12 -24 -60 -29 -16 2 12 36 13 32 
19 -5 -25 -35 -42 -19 26 -7 43 -51 0 -16 -38 3 -35 5 
1 20 38 -19 28 -37 1 27 42 52 15 5 3 -38 1 -35 
-20 0 10 42 31 34 18 127 61 8 Input angle :265
Zaxis angle :14 
minval :0 

minval :0 



-42 52 -49 -44 48 -47 45 50 -52 41 -39 -55 57 -35 33 58 
32 0 -42 -60 -56 -63 52 11 102 -72 11 -30 -68 4 -64 20 
-6 31 69 -30 72 -42 -21 48 56 111 28 16 6 -67 -7 -67 
-30 -12 19 72 28 78 -42 -33 -119 31 -22 22 65 20 67 6 
18 -27 -75 3 -83 11 41 -34 -5 -124 -17 -27 -34 58 -22 63 
22 24 16 -73 7 -84 -8 0 123 2 Input angle :270
Zaxis angle :0 
minval :0 

minval :0 



-34 -30 31 -33 31 34 -35 30 -29 -37 39 -26 23 40 -40 22 
6 9 37 -23 27 -42 1 27 38 57 16 2 0 -40 -11 -45 
-11 4 14 42 35 35 -26 -5 -64 26 -5 15 38 10 47 -2 
-1 -11 -44 6 -42 27 9 -24 -16 -67 -14 -9 -16 35 -7 46 
11 0 2 -44 -21 -46 23 14 69 -1 10 -12 -32 -22 -43 -15 
-2 11 43 8 49 -10 -60 -65 14 17 Input angle :268
Zaxis angle :0 
minval :0 

minval :0 



21 -18 18 21 -22 16 -15 -23 24 -14 13 24 -26 11 -9 -26 
-15 -6 20 33 31 25 -37 0 -57 59 -5 23 38 -12 28 -5 
9 -14 -36 11 -31 25 9 -36 -44 -69 -21 -9 3 40 -1 28 
12 11 -5 -38 -18 -36 34 15 78 -27 13 -20 -40 -5 -28 -6 
-14 9 38 4 39 -10 -22 29 9 82 16 17 11 -38 13 -25 
-5 -16 -10 37 1 40 -76 -82 69 -1 Input angle :268
Zaxis angle :0 
minval :0 

minval :0 



45 -77 78 48 -48 76 -74 -54 59 -68 64 62 -65 63 -57 -67 
-19 29 91 40 81 15 -52 36 -52 111 21 34 58 -52 78 -42 
-24 -25 -63 79 -31 75 -26 -62 -103 -73 -39 13 39 67 20 87 
29 -18 -66 -71 -70 -43 63 -16 88 -86 -1 -42 -72 26 -91 7 
14 31 84 -51 59 -57 1 65 64 105 36 -1 -10 -77 8 -90 
-33 8 29 93 45 70 27 -49 89 5 Input angle :301
Zaxis angle :20 
minval :0 

minval :0 


