
-82 -41 45 -79 76 50 -54 72 -69 -58 60 -68 65 63 -66 60 
34 30 37 -81 30 -70 38 56 111 49 28 -23 -34 -40 -43 -80 
-36 26 71 56 61 45 -63 23 -69 99 16 32 47 -24 86 -29 
-17 -42 -69 59 -54 52 -11 -67 -82 -89 -35 10 13 51 5 91 
44 -10 -46 -79 -38 -66 69 3 106 -58 -1 -36 -53 3 -90 -11 
1 45 87 -29 73 -22 80 -96 69 14 Input angle :272
Zaxis angle :14 
minval :0 

minval :0 



27 -27 26 28 -29 24 -22 -31 33 -19 18 34 -34 18 -15 -35 
-25 6 24 31 20 31 -34 5 -48 44 7 21 22 -9 38 -6 
-2 -25 -35 18 -33 16 0 -34 -33 -56 -22 2 5 23 0 39 
25 2 -11 -38 -8 -35 34 8 61 -23 2 -22 -24 0 -38 -8 
-8 24 39 -2 37 0 -14 31 9 65 21 7 4 -23 14 -35 
-22 -12 -4 39 -5 36 -8 94 83 -1 Input angle :274
Zaxis angle :14 
minval :0 

minval :0 



35 10 -12 34 -34 -13 14 -33 32 16 -17 32 -31 -19 21 -29 
-6 -19 -12 36 -18 23 -11 -34 -60 -34 -21 10 22 17 23 28 
20 -2 -32 -19 -20 -22 35 -4 45 -52 -6 -23 -21 20 -30 19 
0 20 25 -28 26 -15 -4 35 42 54 24 0 -14 -25 -12 -34 
-20 -5 22 31 9 28 -33 -11 -63 28 -3 23 28 -8 37 -3 
9 -18 -34 15 -30 2 -63 15 2 -17 Input angle :276
Zaxis angle :0 
minval :0 

minval :0 



15 -33 31 17 -19 31 -29 -21 23 -28 26 24 -26 26 -24 -25 
-22 6 32 20 25 22 -34 6 -36 56 11 21 19 -19 31 -19 
-3 -23 -25 30 -26 20 0 -34 -48 -47 -23 7 14 23 14 33 
23 0 -22 -31 -13 -29 34 3 57 -36 -2 -23 -25 9 -36 4 
-5 22 35 -16 31 -9 -12 34 26 63 22 4 -4 -27 3 -36 
-20 -12 9 38 0 32 -10 -114 58 2 Input angle :279
Zaxis angle :14 
minval :0 

minval :0 



-81 33 -28 -82 84 -23 17 85 -87 12 -9 -86 87 -4 0 87 
28 19 -8 -70 -4 -49 60 42 127 7 28 -27 -55 -29 -86 -17 
-24 23 69 9 49 6 -53 51 -39 121 20 34 41 -48 40 -78 
-17 -29 -24 66 -19 46 -37 -63 -111 -61 -38 12 37 51 70 52 
31 -10 -61 -36 -42 -24 68 -25 80 -99 -4 -39 -56 26 -64 59 
3 33 49 -51 33 -35 -94 32 96 12 Input angle :268
Zaxis angle :14 
minval :0 

minval :0 



-23 23 -22 -25 26 -20 19 27 -28 18 -16 -29 30 -14 13 30 
22 11 -16 -26 -9 -24 36 10 64 -32 6 -21 -32 2 -33 7 
-17 18 28 -10 25 -4 -17 33 16 70 19 10 3 -32 0 -33 
-15 -19 5 30 -1 25 -29 -23 -72 3 -14 16 31 10 33 6 
22 -10 -30 -1 -25 -7 28 -23 9 -71 -13 -17 -17 28 -12 31 
5 24 7 -30 11 -23 16 113 -82 5 Input angle :278
Zaxis angle :20 
minval :0 

minval :0 



-38 10 -9 -39 39 -7 5 39 -40 2 0 -40 39 2 -4 39 
12 16 0 -33 2 -24 24 27 67 11 19 -14 -26 -15 -38 -11 
-19 8 32 7 22 8 -32 17 -25 63 10 22 21 -21 19 -35 
-3 -20 -13 30 -11 21 -11 -35 -56 -38 -23 5 16 25 29 27 
20 0 -27 -19 -18 -15 36 -2 48 -48 0 -24 -28 11 -31 24 
-4 20 25 -21 19 -14 -109 -112 81 14 Input angle :272
Zaxis angle :14 
minval :0 

minval :0 



-4 -57 57 -1 -3 57 -57 -8 11 -56 55 14 -16 54 -54 -19 
30 32 34 -64 -3 -48 37 -5 -56 -34 -48 -19 42 33 29 -49 
-38 22 56 46 47 8 0 37 46 -47 28 -43 -42 34 40 41 
-13 -42 -56 45 -16 45 -36 -8 37 54 36 36 -24 -48 -46 33 
44 -6 -33 -64 -42 -24 14 -34 -60 24 -44 28 52 -15 -21 -53 
-2 44 69 -18 34 -34 -49 -97 -72 -17 Input angle :296
Zaxis angle :0 
minval :0 

minval :0 



-40 -26 28 -38 37 30 -32 35 -32 -35 36 -30 29 38 -39 26 
53 7 -41 -62 -32 -29 5 -37 -51 15 -35 29 48 -18 -18 -44 
-18 50 68 -30 36 -25 35 13 -4 -53 -22 -40 8 51 47 -7 
-45 -28 18 73 18 39 -19 32 53 4 43 -13 -51 -3 0 48 
33 -41 -75 0 -42 10 -27 -25 -17 50 3 46 15 -49 -46 -10 
31 43 14 -74 -1 -43 70 -65 120 -7 Input angle :294
Zaxis angle :14 
minval :0 

minval :0 



42 -15 14 43 -43 11 -9 -44 45 -5 2 45 -45 0 1 -44 
-23 16 65 12 23 -12 16 24 3 -20 -3 -52 -10 41 44 11 
-11 -27 -25 61 7 25 -27 11 18 7 51 8 -38 -19 -19 40 
29 -5 -53 -40 -26 2 -5 -29 -10 17 -18 48 26 -33 -34 -29 
-2 29 48 -46 3 -26 29 0 -14 -14 -43 -28 27 32 34 -29 
-29 -5 37 55 25 8 65 0 31 -3 Input angle :299
Zaxis angle :0 
minval :0 

minval :0 



30 51 -52 28 -24 -54 56 -21 18 57 -58 15 -14 -58 58 -12 
-21 -15 -5 66 27 23 -29 27 27 -3 55 -7 -46 1 -4 59 
19 -18 -64 -19 -28 21 -19 -34 -1 27 -2 55 7 -46 -57 -16 
14 22 32 -57 -16 -31 38 -12 -26 -6 -54 -14 43 18 25 -54 
-25 8 51 41 33 -8 5 39 12 -24 23 -49 -24 40 47 37 
-4 -26 -51 42 2 35 82 64 108 4 Input angle :294
Zaxis angle :0 
minval :0 

minval :0 



100 -74 69 102 -106 64 -55 -111 115 -48 42 116 -118 37 -31 -118 
0 52 121 -5 57 -71 55 33 -54 -53 -29 -103 16 93 123 -7 
-51 -9 -15 119 60 69 -42 47 62 -43 107 -7 -95 -3 -18 122 
19 -48 -113 -42 -81 40 -38 -52 30 70 -12 106 20 -93 -116 -45 
43 29 60 -103 -26 -88 58 -24 -73 16 -100 -35 85 40 66 -106 
-36 37 86 86 90 -9 -4 -65 124 -10 Input angle :292
Zaxis angle :0 
minval :0 

minval :0 



-38 -51 51 -35 33 53 -55 30 -28 -56 58 -26 23 58 -58 20 
37 23 -4 -82 -26 -34 10 -49 -42 6 -67 9 49 0 -4 -63 
-31 32 81 12 39 -17 46 20 2 -42 6 -67 -12 47 62 8 
-23 -38 -29 77 9 42 -29 40 41 10 65 17 -44 -20 -19 60 
41 -17 -70 -43 -43 2 -33 -37 -17 38 -31 59 28 -40 -54 -32 
8 43 53 -62 6 -42 118 15 89 -7 Input angle :297
Zaxis angle :14 
minval :0 

minval :0 



-51 -29 30 -49 47 34 -36 46 -44 -38 41 -41 38 44 -46 34 
25 15 -16 -75 -34 -20 7 -48 -34 19 -61 18 45 -10 -23 -54 
-19 22 77 2 27 -29 44 19 -12 -37 -8 -64 1 46 57 -12 
-17 -24 -17 75 23 32 -27 40 38 -5 64 7 -45 -8 0 58 
26 -13 -71 -32 -36 17 -35 -33 -3 39 -19 61 16 -43 -58 -11 
7 28 43 -63 -9 -38 101 31 -95 -3 Input angle :296
Zaxis angle :0 
minval :0 

minval :0 



-9 -59 59 -4 1 59 -59 -2 5 -58 58 8 -11 58 -57 -14 
8 29 46 -60 -11 -33 47 -20 -23 -18 -48 -28 37 24 24 -54 
-30 2 51 57 35 -3 12 51 22 -19 37 -41 -30 31 46 36 
4 -30 -66 38 -3 35 -52 1 14 26 33 45 -24 -36 -46 37 
28 9 -21 -73 -33 -10 8 -51 -29 8 -52 21 41 -15 -26 -53 
-14 27 76 -6 17 -31 -12 127 81 -8 Input angle :293
Zaxis angle :20 
minval :0 

minval :0 



32 53 -55 29 -27 -57 57 -23 19 59 -60 16 -14 -61 61 -11 
-27 -18 -15 64 28 26 -30 34 27 6 48 -6 -41 1 -2 63 
23 -23 -59 -31 -32 21 -25 -37 -11 26 -5 48 6 -41 -60 -15 
18 27 42 -52 -16 -36 41 -18 -23 -16 -47 -12 39 14 27 -56 
-31 11 42 51 38 -7 9 44 19 -19 23 -42 -23 34 48 39 
-5 -32 -56 35 0 39 63 0 -24 5 Input angle :310
Zaxis angle :14 
minval :0 

minval :0 



44 -6 2 45 -45 0 2 -45 45 3 -5 44 -44 -7 10 -43 
-22 15 62 42 39 -8 31 27 11 -43 26 -59 -22 33 40 19 
-11 -25 -52 53 1 40 -31 26 40 19 53 35 -27 -29 -27 36 
26 -5 -40 -63 -39 -5 -19 -36 -27 35 -45 44 34 -21 -30 -32 
0 27 68 -30 11 -38 39 -11 -29 -33 -35 -54 15 37 38 -23 
-27 -4 14 73 34 19 -98 64 127 -6 Input angle :311
Zaxis angle :14 
minval :0 

minval :0 



-14 -43 44 -12 10 44 -45 7 -5 -45 45 -3 0 46 -45 -1 
21 17 23 -74 -18 -43 16 -31 -57 -3 -61 -13 40 16 12 -43 
-20 18 69 36 45 -9 27 22 13 -55 27 -57 -23 37 41 19 
-14 -23 -49 60 0 46 -28 21 52 24 51 35 -32 -31 -27 37 
26 -8 -47 -62 -45 -8 -17 -31 -32 47 -45 43 36 -25 -30 -34 
4 27 69 -35 18 -42 95 95 0 -11 Input angle :297
Zaxis angle :14 
minval :0 

minval :0 



57 8 -10 56 -56 -14 17 -55 53 19 -23 53 -51 -26 27 -50 
-32 14 52 49 45 1 19 31 32 -44 30 -51 -33 36 43 38 
-6 -35 -56 44 -8 44 -34 13 38 39 45 40 -28 -39 -46 34 
35 0 -29 -66 -41 -18 -6 -36 -46 29 -48 35 46 -17 -24 -52 
-8 35 70 -13 27 -35 37 0 -20 -51 -25 -54 11 47 55 -13 
-33 -14 0 71 30 33 -37 -16 -50 -3 Input angle :300
Zaxis angle :14 
minval :0 

minval :0 



12 56 -57 11 -7 -57 58 -4 2 57 -58 -2 6 -57 57 9 
-26 -25 -29 69 17 43 -22 28 52 16 60 9 -44 -20 -20 54 
30 -20 -60 -43 -45 6 -24 -27 -25 47 -22 56 28 -40 -48 -32 
13 34 55 -51 0 -45 32 -16 -42 -34 -50 -32 34 36 40 -42 
-35 7 39 64 45 9 10 34 43 -33 42 -44 -41 27 33 47 
0 -36 -70 27 -18 42 102 0 56 12 Input angle :286
Zaxis angle :0 
minval :0 

minval :0 



-31 -43 44 -29 27 45 -47 25 -22 -49 50 -18 16 51 -51 13 
35 16 1 -74 -28 -32 6 -31 -54 3 -56 15 49 0 -2 -53 
-23 31 73 13 36 -21 29 12 7 -53 -1 -58 -9 48 53 7 
-27 -28 -24 71 13 40 -17 26 51 17 58 7 -46 -19 -17 51 
33 -20 -63 -39 -42 5 -22 -22 -24 48 -18 55 27 -41 -45 -28 
13 37 52 -53 0 -42 86 -81 76 -9 Input angle :297
Zaxis angle :0 
minval :0 

minval :0 



-4 52 -52 -7 9 -51 50 12 -15 49 -49 -19 22 -47 45 24 
-17 -36 -42 60 1 39 -22 20 42 32 54 21 -39 -30 -32 41 
38 -10 -51 -52 -39 -5 -15 -26 -38 37 -32 49 39 -31 -34 -40 
2 39 62 -38 14 -37 28 -11 -28 -45 -40 -42 21 44 46 -24 
-39 -5 25 68 33 20 4 30 50 -17 48 -31 -48 12 15 50 
13 -37 -73 10 -26 29 35 32 64 13 Input angle :307
Zaxis angle :0 
minval :0 

minval :0 



-44 40 -36 -47 50 -34 31 51 -52 29 -26 -54 56 -22 20 55 
4 -36 -72 14 -31 40 -36 -10 14 57 22 58 -8 -52 -60 7 
34 11 0 -73 -33 -38 16 -34 -59 4 -62 9 53 3 3 -60 
-18 31 72 16 43 -26 31 22 6 -59 3 -63 -12 51 57 15 
-26 -24 -29 67 16 47 -27 26 57 17 61 13 -48 -22 -27 53 
30 -21 -59 -43 -50 6 -112 -33 81 13 Input angle :295
Zaxis angle :0 
minval :0 

minval :0 



58 -19 17 59 -60 12 -9 -60 61 -8 5 62 -62 0 4 -60 
-22 29 73 28 44 -20 33 25 15 -60 9 -64 -17 48 59 15 
-23 -26 -42 67 12 47 -32 28 55 29 59 25 -43 -27 -28 54 
31 -16 -58 -55 -49 0 -22 -37 -39 47 -35 53 37 -36 -49 -35 
10 34 63 -47 5 -49 40 -14 -39 -48 -45 -47 29 43 47 -40 
-35 4 29 74 47 16 -43 112 1 -8 Input angle :297
Zaxis angle :0 
minval :0 

minval :0 



40 -45 43 42 -44 41 -39 -46 49 -35 32 51 -53 29 -26 -54 
-9 33 83 -2 24 -37 41 5 -12 -56 -19 -61 6 49 59 -13 
-31 -16 -7 82 32 30 -14 40 58 1 64 -5 -49 -3 2 61 
20 -27 -79 -24 -36 25 -37 -20 -12 56 -6 64 11 -48 -60 -8 
22 26 42 -71 -17 -40 28 -31 -52 -23 -61 -20 44 21 22 -56 
-31 16 62 56 43 -9 127 -112 -40 -13 Input angle :297
Zaxis angle :0 
minval :0 

minval :0 



-1 54 -54 -3 6 -54 53 10 -12 53 -51 -16 19 -50 48 22 
-16 -32 -49 65 4 42 -37 23 48 25 51 41 -39 -35 -31 44 
34 -8 -56 -59 -42 -3 -15 -41 -35 41 -50 42 41 -32 -37 -39 
2 35 69 -43 10 -41 43 -8 -34 -42 -32 -57 23 47 46 -28 
-35 -3 28 76 38 18 0 44 46 -27 63 -20 -51 13 19 50 
11 -34 -81 12 -25 33 67 0 -7 12 Input angle :293
Zaxis angle :0 
minval :0 

minval :0 



-40 40 -37 -43 45 -33 31 47 -48 29 -27 -50 51 -24 20 52 
10 -43 -78 12 -22 31 -31 -6 3 58 9 52 -9 -51 -56 8 
39 19 7 -78 -25 -29 13 -29 -57 -8 -53 -1 52 0 1 -56 
-27 35 75 25 33 -18 25 19 18 -55 9 -51 -10 51 55 12 
-29 -33 -36 70 12 36 -24 21 49 29 48 22 -48 -20 -26 50 
38 -22 -61 -50 -38 5 109 -1 46 11 Input angle :302
Zaxis angle :0 
minval :0 

minval :0 



20 34 -35 19 -17 -37 37 -14 13 38 -39 11 -9 -39 38 -7 
-15 -11 -11 72 32 23 -23 27 46 -2 50 8 -31 -2 -1 40 
13 -13 -68 -25 -29 27 -22 -28 -4 46 -16 48 6 -30 -39 -10 
10 16 38 -62 -23 -33 32 -16 -44 -12 -43 -25 28 13 16 -37 
-18 7 53 50 37 -14 10 34 22 -40 34 -37 -18 26 32 24 
-3 -19 -57 45 7 39 -109 -16 0 7 Input angle :315
Zaxis angle :14 
minval :0 

minval :0 



-54 -45 47 -52 47 50 -52 45 -43 -57 57 -38 38 60 -62 31 
50 -9 -70 -92 -74 -11 13 -56 -75 61 -88 39 56 -28 -21 -66 
1 50 111 -44 29 -77 59 28 -44 -86 -22 -87 15 61 70 -5 
-49 -12 22 116 68 36 -31 51 92 -25 91 -5 -63 3 -10 68 
19 -45 -119 2 -53 60 -41 -46 6 92 -9 92 8 -61 -66 -20 
43 30 18 -121 -51 -61 75 -1 -36 -2 Input angle :289
Zaxis angle :0 
minval :0 

minval :0 



70 26 -31 69 -66 -35 38 -64 62 42 -44 61 -57 -48 50 -54 
-39 27 92 65 73 -16 13 59 41 -79 57 -73 -42 43 44 61 
-18 -41 -80 80 0 76 -61 3 68 56 63 72 -36 -49 -68 30 
45 -11 -62 -95 -74 -11 9 -60 -68 56 -83 44 55 -26 -20 -72 
1 47 102 -48 26 -71 57 18 -41 -79 -29 -90 15 58 75 -9 
-46 -6 21 110 65 38 -84 112 90 -4 Input angle :292
Zaxis angle :0 
minval :0 

minval :0 



14 -70 71 16 -18 70 -67 -22 26 -67 65 32 -35 63 -60 -38 
32 54 43 -122 -23 -65 67 -40 -85 -41 -90 -46 55 48 51 -51 
-58 25 112 63 68 -10 29 71 57 -74 64 -78 -57 46 42 57 
-11 -62 -87 94 -3 68 -77 14 60 72 61 81 -33 -66 -65 31 
64 1 -77 -102 -66 -15 1 -79 -81 46 -90 47 70 -20 -17 -69 
-14 61 116 -54 29 -62 -60 -113 -52 -12 Input angle :289
Zaxis angle :0 
minval :0 

minval :0 



30 -26 24 32 -34 22 -19 -35 36 -17 16 37 -38 12 -12 -38 
1 36 64 -35 21 -29 38 0 -22 -55 -22 -58 9 43 40 -4 
-36 -4 23 68 23 27 -8 37 59 -8 61 -9 -44 1 -3 40 
12 -34 -71 10 -30 19 -34 -15 0 60 -2 62 7 -43 -39 -10 
31 18 1 -72 -13 -33 19 -33 -58 -11 -61 -10 41 15 17 -36 
-23 28 70 17 35 -6 85 -64 -9 -15 Input angle :285
Zaxis angle :0 
minval :0 

minval :0 



30 -29 27 31 -32 26 -24 -33 35 -23 21 36 -37 18 -15 -38 
5 32 58 -41 18 -36 34 2 -26 -44 -27 -52 11 41 41 -8 
-32 0 27 67 31 25 -9 32 48 -17 56 -17 -43 2 0 42 
6 -31 -71 13 -31 26 -30 -16 6 51 3 59 5 -42 -41 -7 
30 12 0 -72 -20 -36 21 -26 -52 -2 -58 -5 40 13 15 -39 
-17 27 71 15 39 -12 53 -80 107 -13 Input angle :290
Zaxis angle :0 
minval :0 

minval :0 



0 -35 35 1 -2 35 -35 -4 5 -35 34 7 -9 34 -32 -11 
22 13 7 -65 -19 -30 28 -17 -33 -7 -50 -9 33 15 18 -30 
-17 19 63 18 33 -11 11 31 14 -30 19 -48 -21 29 27 23 
-15 -20 -32 57 6 35 -32 5 27 20 43 28 -24 -26 -29 21 
22 -11 -51 -41 -35 0 1 -33 -25 23 -35 38 30 -19 -15 -32 
7 24 52 -41 7 -34 -70 127 -80 -8 Input angle :296
Zaxis angle :0 
minval :0 

minval :0 



53 -64 62 54 -56 61 -58 -58 61 -53 50 65 -68 44 -39 -72 
23 57 89 -82 18 -75 75 7 -52 -79 -68 -83 38 72 78 -28 
-61 12 68 100 69 30 -21 73 85 -42 93 -53 -77 25 12 81 
0 -61 -113 45 -40 63 -69 -33 26 91 35 101 -9 -80 -83 -4 
62 9 -18 -120 -49 -58 45 -60 -95 9 -107 11 82 7 20 -81 
-22 58 121 1 64 -40 23 -32 51 -12 Input angle :300
Zaxis angle :0 
minval :0 

minval :0 



-59 -58 62 -53 48 68 -68 45 -42 -70 72 -38 34 74 -75 31 
55 -18 -59 -100 -74 -22 24 -62 -75 47 -93 56 73 -37 -14 -81 
8 58 112 -38 35 -68 58 32 -30 -83 -39 -101 24 78 83 2 
-58 0 24 114 60 49 -42 50 86 -18 106 -20 -81 6 -21 79 
15 -55 -117 -1 -58 49 -43 -50 0 88 0 109 5 -82 -77 -27 
53 25 16 -116 -38 -67 82 -65 -46 -3 Input angle :301
Zaxis angle :0 
minval :0 

minval :0 



-44 12 -10 -45 46 -9 6 45 -46 3 0 -46 46 1 -4 45 
18 -39 -85 -1 -32 13 -34 -20 -17 61 -5 69 8 -45 -44 -12 
34 25 20 -82 -7 -35 25 -30 -55 -30 -68 -16 43 14 22 -41 
-31 28 77 34 35 -1 27 29 38 -50 30 -63 -25 38 36 29 
-20 -37 -48 69 -5 35 -34 19 42 47 56 41 -33 -30 -35 30 
40 -14 -57 -62 -33 -11 36 -65 2 8 Input angle :293
Zaxis angle :0 
minval :0 

minval :0 



-52 -2 4 -52 52 6 -10 51 -51 -11 14 -51 50 16 -20 48 
18 -15 -57 -38 -36 6 -24 -37 -22 42 -33 48 23 -30 -43 -29 
12 20 47 -50 0 -36 42 -15 -36 -30 -41 -41 26 29 38 -36 
-22 7 40 57 35 7 6 44 37 -30 46 -35 -33 20 29 43 
-2 -23 -63 29 -14 33 -44 -1 23 41 25 52 -14 -35 -49 20 
23 1 -16 -68 -30 -20 74 63 -37 3 Input angle :293
Zaxis angle :0 
minval :0 

minval :0 



35 -20 18 36 -37 16 -14 -37 38 -12 10 39 -39 6 -4 -40 
-11 28 64 -24 27 -35 41 4 -25 -58 -8 -51 -3 50 40 2 
-25 -16 9 68 28 35 -13 39 63 -10 51 0 -48 -14 -11 39 
21 -21 -69 -1 -40 19 -36 -18 -2 64 -10 51 22 -45 -36 -18 
19 23 14 -67 -13 -43 24 -32 -62 -12 -48 -21 40 29 26 -31 
-26 14 64 26 44 -5 100 -16 50 -15 Input angle :293
Zaxis angle :14 
minval :0 

minval :0 



-11 -25 26 -10 8 26 -27 7 -5 -27 27 -3 1 28 -28 0 
30 8 -20 -68 -40 -25 5 -30 -44 13 -45 13 43 -3 5 -27 
-12 28 71 -8 32 -34 29 11 -4 -46 -6 -47 -4 43 27 8 
-24 -18 -4 71 27 38 -16 26 46 5 47 4 -42 -11 -14 24 
21 -21 -69 -17 -42 19 -23 -21 -12 45 -12 45 19 -39 -21 -18 
16 25 29 -66 -14 -44 88 -81 -31 -6 Input angle :293
Zaxis angle :0 
minval :0 

minval :0 



-33 14 -13 -34 34 -12 11 35 -35 8 -6 -35 36 -3 1 36 
12 -2 -67 -11 -24 21 -28 -34 9 34 -14 53 4 -29 -36 -4 
0 13 18 -65 -17 -27 40 -21 -36 0 -49 -21 28 9 11 -34 
-13 -2 60 31 30 -11 15 42 4 -35 32 -43 -14 26 31 18 
4 -12 -40 54 5 31 -45 5 34 11 38 38 -22 -19 -23 27 
11 6 -46 -50 -32 0 -67 127 37 8 Input angle :295
Zaxis angle :20 
minval :0 

minval :0 



8 -34 33 10 -12 32 -31 -14 17 -30 29 18 -20 28 -28 -20 
-3 14 57 -33 4 -23 45 -4 -18 -35 -38 -52 12 28 26 -21 
-13 -5 21 63 21 10 -6 45 36 -11 59 -26 -30 6 17 29 
8 -12 -64 12 -13 20 -43 -13 4 38 14 62 0 -30 -32 11 
10 11 2 -67 -16 -17 21 -40 -39 -2 -64 4 30 4 -3 -34 
-12 7 65 12 19 -12 37 0 127 -10 Input angle :293
Zaxis angle :14 
minval :0 

minval :0 



26 -32 30 28 -29 29 -28 -30 33 -26 22 34 -36 20 -19 -37 
-7 15 58 -18 6 -23 49 16 -3 -34 -23 -64 9 30 40 -11 
-13 -10 8 60 22 10 -25 45 35 2 67 -10 -30 3 5 41 
12 -11 -61 -1 -14 19 -40 -32 -9 33 -2 68 2 -31 -42 -3 
8 14 14 -59 -16 -18 40 -32 -30 -15 -66 -16 30 7 10 -40 
-15 5 55 26 21 -12 82 80 -30 -8 Input angle :311
Zaxis angle :25 
minval :0 

minval :0 



41 12 -14 41 -40 -17 19 -38 37 22 -23 36 -35 -25 27 -33 
-24 0 32 56 28 8 8 49 31 -32 50 -48 -21 19 27 33 
4 -23 -61 20 -14 26 -50 -1 23 38 37 58 -15 -23 -37 21 
22 9 -8 -64 -23 -19 10 -49 -42 16 -64 26 26 -10 -13 -41 
-13 21 64 2 22 -19 46 20 -7 -44 -15 -68 5 28 43 -4 
-17 -16 -14 63 14 26 -76 -112 -29 -1 Input angle :299
Zaxis angle :0 
minval :0 

minval :0 



28 18 -19 27 -25 -21 23 -24 22 25 -27 20 -19 -28 27 -17 
-25 -6 22 69 28 15 1 43 38 -24 53 -35 -26 11 13 31 
11 -23 -72 8 -20 24 -42 -5 17 41 22 59 -7 -27 -32 6 
21 15 4 -73 -20 -23 12 -41 -43 9 -62 13 28 -2 0 -33 
-17 18 70 18 27 -16 38 20 -1 -45 0 -63 -2 28 32 6 
-15 -20 -30 66 11 30 -79 96 31 2 Input angle :297
Zaxis angle :0 
minval :0 

minval :0 



26 10 -12 25 -25 -13 15 -24 23 16 -17 22 -21 -18 19 -20 
-33 -6 29 84 26 25 14 42 46 -25 48 -42 -34 6 17 22 
12 -31 -88 13 -30 20 -44 6 18 50 31 57 0 -35 -25 12 
28 18 0 -88 -13 -34 2 -44 -53 7 -61 22 33 7 -7 -27 
-21 25 87 19 36 -6 44 10 1 -53 -9 -65 -13 32 28 -2 
-20 -27 -33 83 1 36 -45 -112 -117 2 Input angle :303
Zaxis angle :14 
minval :0 

minval :0 



28 30 -31 27 -26 -32 33 -24 22 34 -36 20 -17 -37 37 -16 
-66 -13 27 99 49 71 5 70 86 -37 86 -44 -78 -7 7 40 
26 -63 -102 8 -80 32 -70 -9 21 91 26 93 18 -75 -41 0 
56 38 11 -102 -19 -84 19 -68 -94 2 -96 6 71 32 6 -40 
-48 48 99 26 86 -6 62 33 13 -93 8 -96 -47 62 38 13 
-39 -55 -48 90 -8 86 -58 50 121 15 Input angle :302
Zaxis angle :14 
minval :0 

minval :0 



29 30 -31 28 -26 -33 34 -24 22 35 -37 20 -17 -38 39 -16 
-62 -23 15 101 38 75 0 72 90 -28 91 -35 -76 -12 6 41 
31 -58 -102 -2 -81 24 -71 -16 9 94 15 96 26 -73 -42 -1 
49 43 22 -100 -8 -83 30 -66 -94 -8 -97 -2 66 40 9 -41 
-53 39 92 45 84 6 61 39 24 -91 16 -96 -49 59 39 15 
-31 -58 -59 83 -22 81 -89 34 -57 20 Input angle :297
Zaxis angle :0 
minval :0 

minval :0 



-24 -19 21 -23 22 22 -23 20 -20 -24 25 -18 16 26 -27 14 
23 -10 -32 -65 -44 -16 4 -32 -32 37 -56 29 42 -18 -8 -30 
5 24 70 -18 21 -42 30 10 -30 -39 -19 -60 10 45 31 -3 
-25 0 3 73 37 29 -16 28 44 -21 63 -7 -46 2 -2 31 
3 -25 -72 -6 -37 30 -24 -21 14 47 -2 64 6 -46 -30 -8 
24 6 21 -70 -23 -41 59 -33 11 1 Input angle :289
Zaxis angle :0 
minval :0 

minval :0 



4 63 -62 0 3 -63 64 7 -11 62 -62 -14 17 -60 60 22 
-45 -22 -41 115 21 78 -73 30 92 9 107 39 -68 -25 -32 54 
34 -40 -105 -62 -82 10 -12 -76 -27 88 -56 89 40 -60 -47 -42 
33 41 83 -93 7 -81 77 1 -86 -38 -79 -70 52 50 50 -36 
-47 24 74 101 80 24 -16 80 57 -75 87 -63 -59 41 28 58 
-16 -50 -114 48 -35 71 124 0 15 9 Input angle :295
Zaxis angle :0 
minval :0 

minval :0 



36 -30 28 38 -39 26 -23 -41 42 -21 19 43 -44 16 -15 -44 
-3 25 72 -16 22 -26 52 7 -12 -41 -14 -67 9 41 46 -7 
-24 -6 4 74 23 25 -14 51 43 -5 68 -2 -42 1 -4 47 
11 -22 -73 -12 -30 16 -47 -24 -3 43 -11 67 7 -41 -45 -12 
19 15 23 -70 -10 -33 31 -42 -42 -10 -63 -24 39 15 19 -43 
-18 16 65 35 34 -5 81 -16 47 -10 Input angle :297
Zaxis angle :0 
minval :0 

minval :0 



54 -64 61 58 -61 57 -53 -65 68 -49 46 70 -72 43 -39 -73 
-13 21 109 -41 31 -58 72 2 -22 -52 -52 -111 22 69 82 -23 
-18 -18 19 115 51 42 -15 70 56 -12 121 -23 -71 12 7 84 
21 -15 -117 -5 -51 42 -66 -27 3 57 6 123 3 -72 -84 -7 
11 23 25 -114 -36 -54 39 -61 -56 -6 -122 -15 71 15 22 -81 
-25 6 108 46 63 -23 35 96 59 -7 Input angle :308
Zaxis angle :20 
minval :0 

minval :0 



11 -43 43 13 -15 42 -42 -16 17 -41 41 18 -21 39 -37 -23 
16 12 38 -54 2 -39 35 -10 -47 -14 -48 -50 31 25 32 -31 
-15 13 45 50 38 11 4 36 22 -45 57 -38 -32 24 24 37 
-9 -18 -58 32 -18 35 -36 -1 39 31 26 63 -20 -35 -41 17 
20 -6 -22 -63 -32 -23 9 -34 -39 31 -67 14 38 -13 -9 -44 
1 21 66 -7 30 -26 -103 -81 -6 -12 Input angle :292
Zaxis angle :0 
minval :0 

minval :0 



93 -4 -1 91 -92 -6 11 -91 89 15 -20 89 -88 -26 30 -86 
-30 12 99 79 70 -4 27 60 19 -76 74 -106 -38 53 78 47 
-3 -32 -96 85 -11 69 -65 13 71 34 90 91 -44 -49 -62 67 
32 0 -65 -110 -66 -23 -1 -66 -45 65 -107 72 54 -36 -56 -72 
-6 32 119 -44 35 -60 64 12 -53 -58 -51 -119 24 61 81 -41 
-30 -12 14 127 52 46 -120 96 -43 -6 Input angle :301
Zaxis angle :0 
minval :0 

minval :0 



40 25 -27 38 -37 -29 31 -35 33 33 -35 31 -29 -37 37 -27 
-20 -17 7 75 13 28 -3 35 44 -5 67 -20 -35 -4 19 42 
20 -17 -75 -7 -30 8 -34 -9 -2 44 7 69 10 -33 -45 12 
14 23 22 -71 -1 -31 16 -32 -42 -14 -69 -8 30 17 -3 -46 
-25 8 66 34 31 3 28 22 22 -39 21 -66 -22 27 46 8 
-3 -26 -45 59 -10 30 -114 -112 -3 6 Input angle :297
Zaxis angle :14 
minval :0 

minval :0 



-30 -11 12 -30 29 13 -15 28 -27 -17 18 -26 25 19 -21 24 
42 5 -34 -74 -25 -33 1 -26 -49 13 -43 29 43 -6 -19 -25 
-13 41 80 -17 36 -19 26 6 -2 -51 -20 -48 -4 44 28 -13 
-37 -20 0 82 12 40 -10 25 51 4 52 -10 -42 -11 7 31 
27 -33 -81 -11 -41 4 -22 -14 -15 49 3 52 18 -39 -32 3 
27 33 24 -78 4 -41 74 47 -30 -7 Input angle :293
Zaxis angle :14 
minval :0 

minval :0 



-24 -83 84 -20 14 86 -87 7 -2 -87 86 1 -5 87 -85 -8 
44 20 -15 -126 -42 -58 62 -51 -71 1 -115 -29 85 -6 24 -83 
-28 39 126 13 66 -29 42 68 11 -70 49 -108 -12 83 76 43 
-34 -36 -32 122 17 71 -76 25 66 26 99 67 -80 -26 -59 64 
42 -25 -112 -58 -72 4 -12 -80 -38 59 -87 81 43 -72 -54 -68 
17 45 77 -102 7 -73 -108 79 12 -6 Input angle :288
Zaxis angle :0 
minval :0 

minval :0 



9 -37 37 10 -12 37 -36 -14 16 -35 34 18 -20 33 -32 -22 
23 19 14 -68 -7 -41 29 -12 -39 -13 -44 -31 45 17 30 -26 
-23 19 64 28 42 0 5 32 19 -36 37 -39 -27 40 20 33 
-14 -27 -37 58 -9 41 -32 0 30 27 31 44 -35 -32 -36 14 
29 -8 -51 -48 -39 -13 5 -31 -31 26 -49 23 38 -29 -6 -38 
3 30 60 -35 22 -35 -73 -33 -96 -10 Input angle :293
Zaxis angle :0 
minval :0 

minval :0 



-34 -22 23 -33 32 25 -27 29 -28 -28 30 -27 25 31 -33 23 
32 -16 -47 -53 -44 -27 10 -31 -45 37 -44 24 38 -27 -17 -37 
11 34 62 -36 33 -40 29 15 -29 -50 -14 -49 21 41 39 -9 
-36 2 25 67 33 40 -21 26 54 -19 51 -3 -44 14 1 41 
1 -36 -71 8 -45 25 -22 -25 10 57 -4 51 -7 -46 -40 -6 
35 8 0 -71 -14 -50 19 95 -91 -1 Input angle :260
Zaxis angle :20 
minval :0 

minval :0 



12 -31 31 14 -15 30 -29 -17 17 -29 27 20 -21 26 -24 -23 
24 33 51 -66 9 -47 33 -8 -56 -43 -34 -34 33 29 27 -21 
-36 18 57 61 45 16 2 34 52 -47 40 -27 -36 25 15 31 
-7 -40 -72 42 -26 41 -33 -2 33 62 19 44 -19 -39 -33 7 
41 0 -27 -79 -34 -33 11 -32 -67 22 -47 8 43 -10 -1 -34 
-6 40 83 -12 40 -27 -40 -113 69 -18 Input angle :297
Zaxis angle :0 
minval :0 

minval :0 



11 -44 44 13 -16 42 -42 -19 21 -41 39 23 -25 39 -37 -26 
-3 19 53 -45 3 -31 51 1 -28 -30 -35 -50 22 18 35 -30 
-18 -6 32 62 30 8 -13 49 35 -21 56 -25 -22 19 24 39 
9 -17 -66 23 -13 28 -46 -22 13 38 14 60 -15 -25 -44 15 
15 13 -9 -69 -24 -19 29 -42 -40 8 -61 2 27 -9 -6 -45 
-15 12 69 6 23 -20 2 48 -113 -11 Input angle :299
Zaxis angle :14 
minval :0 

minval :0 



-63 48 -44 -67 68 -40 37 70 -73 33 -29 -74 76 -23 18 76 
38 -17 -114 -38 -52 30 -58 -72 -21 70 -33 105 7 -49 -80 6 
11 41 57 -106 -20 -58 81 -43 -66 -35 -96 -52 46 15 9 -79 
-43 2 92 77 59 -8 21 90 46 -58 73 -82 -26 42 75 26 
6 -42 -93 76 -1 60 -91 7 48 56 73 81 -36 -33 -37 69 
40 13 -56 -106 -59 -11 0 31 4 5 Input angle :299
Zaxis angle :20 
minval :0 

minval :0 



-57 -46 48 -53 51 51 -53 48 -45 -56 59 -41 38 62 -63 35 
37 -1 -62 -107 -70 -9 35 -82 -56 44 -100 25 55 -49 -23 -69 
-4 37 116 -42 22 -68 76 49 -36 -60 -7 -103 40 63 72 -11 
-35 -10 26 121 62 34 -58 69 69 -21 102 9 -69 28 -3 73 
18 -33 -123 -1 -45 54 -52 -72 7 71 -28 99 -12 -73 -72 -15 
28 23 25 -122 -43 -55 113 -17 -121 -1 Input angle :288
Zaxis angle :0 
minval :0 

minval :0 



-58 -61 64 -55 50 68 -71 46 -44 -72 74 -41 37 76 -77 33 
34 -1 -49 -112 -74 -20 33 -61 -69 50 -110 24 71 -54 -14 -83 
-4 34 118 -27 33 -69 53 46 -37 -77 -2 -114 39 80 84 0 
-32 -10 1 123 59 47 -56 41 84 -19 111 17 -86 23 -19 83 
18 -29 -122 -17 -55 52 -31 -63 4 86 -41 105 -10 -88 -78 -31 
25 21 41 -116 -37 -66 84 127 -81 -2 Input angle :179
Zaxis angle :14 
minval :0 

minval :0 



66 11 -19 66 -64 -21 26 -63 61 28 -31 61 -59 -34 36 -56 
-27 33 107 70 72 -24 -13 65 27 -96 88 -67 -27 73 48 49 
-29 -32 -88 91 9 76 -62 -24 90 41 46 99 -69 -38 -56 38 
35 -24 -76 -102 -75 -6 34 -57 -61 78 -103 33 50 -61 -26 -63 
14 40 116 -53 20 -74 51 44 -68 -70 -7 -109 48 62 66 -15 
-41 8 28 124 68 34 -85 -48 113 -7 Input angle :297
Zaxis angle :0 
minval :0 

minval :0 



34 17 -19 34 -32 -22 23 -30 30 24 -25 29 -28 -28 29 -25 
-23 10 51 43 39 0 -9 37 34 -34 41 -33 -21 27 19 34 
-6 -25 -53 43 -8 38 -35 -15 26 40 25 47 -23 -26 -36 12 
25 -1 -32 -60 -35 -16 22 -31 -45 18 -51 14 31 -17 -6 -38 
-2 25 64 -22 22 -32 27 26 -8 -47 -4 -53 11 33 39 2 
-25 -6 8 67 28 27 -59 -16 -25 -1 Input angle :297
Zaxis angle :0 
minval :0 

minval :0 



37 0 -1 37 -37 -3 6 -37 36 8 -10 36 -36 -12 13 -34 
-18 23 71 20 35 -19 17 37 20 -53 29 -49 -12 32 31 21 
-19 -22 -33 66 10 38 -40 10 49 28 42 37 -30 -17 -26 27 
25 -15 -59 -45 -39 3 -2 -41 -36 43 -44 35 23 -26 -22 -30 
10 27 53 -50 3 -39 41 6 -34 -45 -27 -49 21 27 34 -16 
-29 4 41 61 37 11 -53 0 64 -7 Input angle :287
Zaxis angle :0 
minval :0 

minval :0 



33 -6 3 33 -33 1 0 -34 33 2 -4 34 -34 -5 7 -33 
-13 21 74 3 29 -21 21 34 7 -52 22 -48 -3 32 30 14 
-18 -17 -22 70 16 32 -37 13 49 17 43 31 -31 -10 -20 27 
19 -15 -66 -33 -35 10 -6 -39 -24 45 -38 35 16 -28 -24 -24 
10 23 46 -57 -4 -36 40 0 -41 -32 -29 -44 25 20 28 -19 
-24 6 50 53 37 1 -100 80 6 -9 Input angle :290
Zaxis angle :0 
minval :0 

minval :0 



15 -24 24 16 -17 22 -21 -20 20 -20 19 21 -22 18 -17 -23 
11 23 54 -48 -1 -39 34 2 -41 -38 -19 -47 23 28 26 -12 
-25 4 38 62 38 5 -11 32 47 -31 50 -11 -32 17 6 28 
0 -25 -68 22 -15 35 -29 -16 23 52 0 51 -9 -35 -29 1 
24 4 -9 -72 -33 -19 21 -26 -55 14 -50 -7 36 -5 4 -29 
-9 24 72 2 26 -29 -15 -113 -97 -15 Input angle :289
Zaxis angle :0 
minval :0 

minval :0 



37 -9 7 37 -39 6 -3 -39 39 -1 -1 38 -38 -3 4 -38 
-10 24 70 9 37 -23 25 33 8 -59 31 -48 -12 37 37 12 
-20 -14 -24 67 16 41 -36 18 55 21 39 41 -34 -19 -21 32 
19 -17 -62 -34 -43 9 -8 -39 -30 51 -47 32 23 -31 -29 -25 
13 22 46 -52 0 -43 41 0 -43 -41 -22 -53 25 30 30 -24 
-24 10 43 56 42 8 -64 0 4 -9 Input angle :292
Zaxis angle :0 
minval :0 

minval :0 



-22 -28 30 -21 19 31 -32 17 -16 -32 33 -14 12 34 -34 10 
26 0 -20 -75 -37 -23 19 -34 -60 21 -54 -3 38 -6 -4 -36 
-4 25 77 -6 29 -33 30 25 -9 -63 12 -53 0 38 36 3 
-23 -10 -10 76 26 35 -31 24 64 0 49 23 -38 -7 -9 35 
12 -22 -74 -22 -41 18 -19 -35 -15 62 -32 43 15 -36 -33 -16 
18 18 36 -68 -11 -43 15 -81 -7 -7 Input angle :292
Zaxis angle :0 
minval :0 

minval :0 



5 -45 45 6 -8 44 -44 -10 13 -43 43 14 -17 41 -40 -20 
2 11 53 -41 -7 -33 49 -4 -37 -35 -37 -49 20 17 29 -34 
-11 0 31 59 33 -1 -4 49 42 -30 56 -27 -20 16 29 34 
1 -11 -64 19 -3 33 -47 -13 22 46 16 60 -10 -23 -41 19 
10 4 -4 -67 -31 -13 21 -44 -49 14 -62 6 25 -7 -13 -42 
-6 10 66 5 17 -28 -21 15 -53 -14 Input angle :293
Zaxis angle :20 
minval :0 

minval :0 



36 21 -22 35 -34 -24 27 -32 30 29 -30 29 -28 -31 33 -25 
-13 -2 17 64 33 10 -13 46 48 -27 59 -22 -22 19 18 38 
4 -13 -66 6 -15 30 -44 -20 18 52 12 62 -15 -25 -40 11 
11 7 6 -66 -27 -20 29 -38 -55 5 -63 -1 27 -11 -3 -42 
-9 10 64 18 25 -23 33 35 2 -55 11 -62 6 29 42 3 
-8 -11 -28 60 17 29 -38 96 -88 2 Input angle :302
Zaxis angle :0 
minval :0 

minval :0 



23 35 -36 21 -19 -38 38 -17 14 39 -41 11 -11 -41 40 -9 
-2 -6 9 59 34 8 -31 39 40 -12 64 1 -23 15 0 42 
6 0 -60 -1 -15 31 -33 -37 5 42 -13 63 -11 -25 -42 -6 
0 6 10 -59 -29 -19 43 -26 -42 -3 -58 -25 26 -6 15 -39 
-6 -1 54 26 25 -23 15 48 10 -41 34 -55 1 27 36 22 
2 -6 -32 50 20 28 -97 96 53 4 Input angle :299
Zaxis angle :32 
minval :0 

minval :0 



28 -37 36 30 -31 33 -32 -33 35 -30 30 36 -39 27 -26 -39 
-8 16 71 -17 7 -31 46 15 -23 -51 -15 -58 15 20 44 -14 
-14 -12 3 72 28 12 -25 42 58 -7 62 2 -22 12 6 47 
13 -12 -73 -6 -17 26 -37 -34 -1 57 -8 61 -8 -24 -47 0 
10 15 17 -71 -22 -22 38 -32 -55 -10 -57 -22 25 -4 9 -46 
-18 7 67 31 26 -19 72 80 19 -14 Input angle :291
Zaxis angle :25 
minval :0 

minval :0 



19 -31 29 20 -21 29 -28 -22 24 -26 24 26 -28 23 -22 -28 
-10 9 75 -7 5 -36 36 30 -18 -32 -2 -55 3 23 33 -14 
-7 -11 -8 75 34 11 -36 30 35 -10 55 7 -23 0 9 35 
13 -5 -73 -20 -18 31 -23 -40 3 36 -18 52 4 -22 -36 3 
2 13 32 -69 -29 -22 45 -15 -37 -1 -47 -27 21 8 2 -36 
-14 0 62 44 29 -23 41 112 53 -9 Input angle :296
Zaxis angle :20 
minval :0 

minval :0 



-15 -35 35 -14 12 36 -37 9 -7 -37 38 -6 4 38 -38 2 
7 12 17 -64 -28 -22 36 -31 -53 -7 -55 -25 26 9 5 -37 
-13 3 60 29 27 -23 23 41 19 -50 36 -49 -14 24 36 12 
-2 -14 -43 50 18 30 -46 13 45 29 42 44 -21 -18 -17 34 
14 0 -44 -50 -34 11 -5 -48 -34 41 -49 35 22 -18 -28 -25 
-4 13 57 -33 -5 -36 120 -65 119 -11 Input angle :302
Zaxis angle :20 
minval :0 

minval :0 



25 -14 13 25 -26 11 -10 -26 27 -7 6 28 -28 4 -2 -28 
-9 -14 44 53 21 -15 18 59 28 -30 38 -33 -5 7 29 1 
15 -7 -59 33 11 23 -60 8 24 33 25 43 -6 -6 -7 27 
3 16 -18 -66 -25 6 3 -61 -37 17 -48 15 7 -4 -25 -13 
-16 0 68 -6 -1 -25 59 16 -11 -40 -6 -50 3 8 17 -23 
3 -16 -5 68 26 3 -92 -32 19 -1 Input angle :289
Zaxis angle :41 
minval :0 

minval :0 



27 -14 13 27 -28 11 -9 -29 30 -7 6 31 -30 4 -2 -30 
3 -4 36 59 32 -16 4 39 4 -45 38 -31 -3 16 30 3 
3 4 -64 27 11 34 -39 -2 44 11 24 42 -15 -6 -9 29 
-4 2 -13 -68 -36 3 9 -38 -20 41 -47 12 9 -14 -27 -14 
-1 -5 69 0 3 -36 35 18 -37 -27 -5 -49 11 11 18 -25 
5 0 -12 69 35 9 -123 112 -19 -9 Input angle :57
Zaxis angle :39 
minval :0 

minval :0 



40 8 -10 39 -38 -12 14 -37 37 15 -18 36 -35 -21 22 -33 
-27 1 47 60 36 0 16 38 50 -42 54 -41 -30 24 29 28 
3 -27 -69 32 -8 34 -41 7 28 59 28 61 -16 -35 -34 22 
26 8 -17 -75 -32 -13 0 -42 -63 17 -66 15 38 -11 -15 -38 
-13 23 77 -1 19 -30 41 8 -3 -66 -2 -68 4 39 40 -7 
-20 -17 -12 75 26 24 8 1 76 1 Input angle :297
Zaxis angle :20 
minval :0 

minval :0 



33 10 -11 33 -32 -13 15 -31 30 16 -17 29 -28 -19 21 -27 
-8 5 41 50 38 -8 11 33 37 -46 57 -26 -20 32 22 26 
-4 -9 -57 31 0 39 -34 4 38 45 17 60 -28 -26 -30 17 
9 -2 -19 -62 -38 -7 3 -35 -53 27 -62 2 32 -20 -11 -33 
0 9 65 -7 14 -35 34 9 -17 -57 9 -62 14 36 34 -4 
-10 0 -6 64 31 23 -18 48 -72 -2 Input angle :293
Zaxis angle :0 
minval :0 

minval :0 



18 19 -20 17 -15 -21 22 -14 13 22 -22 13 -11 -23 24 -9 
-20 -7 13 79 32 5 -11 49 47 -13 56 -2 -28 1 5 25 
10 -19 -80 0 -12 31 -47 -20 6 48 -8 56 1 -28 -26 1 
16 14 14 -79 -29 -16 28 -42 -49 -2 -53 -19 27 8 4 -25 
-16 13 76 27 22 -25 35 36 12 -47 29 -49 -12 25 24 9 
-9 -19 -39 70 20 26 -80 64 117 5 Input angle :293
Zaxis angle :25 
minval :0 

minval :0 



31 16 -18 30 -29 -20 22 -27 27 23 -24 26 -25 -25 26 -23 
-23 -18 30 95 74 -13 -8 83 80 -48 79 -39 -36 24 16 31 
22 -19 -99 10 0 75 -79 -25 35 87 23 86 -17 -39 -34 11 
14 25 4 -100 -73 -14 40 -73 -92 12 -88 4 42 -10 -5 -35 
-27 9 97 24 29 -69 65 52 -4 -93 13 -88 0 43 35 1 
-4 -28 -42 91 63 41 -40 66 -89 11 Input angle :294
Zaxis angle :32 
minval :0 

minval :0 



-15 38 -38 -18 20 -36 35 22 -24 33 -32 -26 28 -31 29 29 
4 -22 -83 16 -7 36 -39 -2 21 72 17 67 -15 -26 -33 24 
21 10 0 -84 -34 -13 10 -38 -75 9 -68 4 29 -9 -16 -39 
-13 18 82 19 18 -32 35 16 3 -75 7 -67 4 30 40 -10 
-16 -16 -32 77 27 24 -22 32 73 20 65 20 -30 -2 0 42 
18 -12 -71 -43 -30 21 -123 -113 95 17 Input angle :297
Zaxis angle :20 
minval :0 

minval :0 



-13 33 -33 -13 16 -32 31 18 -20 29 -29 -21 23 -27 25 24 
2 -13 -63 23 7 32 -44 -2 28 52 26 58 -22 -15 -28 22 
12 3 -15 -64 -33 3 11 -42 -56 19 -62 13 19 -18 -16 -32 
-7 11 66 0 3 -33 40 19 -9 -58 -1 -63 15 22 35 -9 
-10 -9 -13 65 32 8 -27 35 59 2 63 9 -25 8 3 36 
10 -8 -62 -23 -16 30 -51 111 -124 14 Input angle :304
Zaxis angle :29 
minval :0 

minval :0 



-15 38 -38 -17 19 -37 35 22 -24 34 -33 -25 27 -31 29 29 
4 -3 -64 11 0 42 -41 -20 28 50 8 56 -18 -16 -34 23 
2 4 1 -65 -42 -7 26 -37 -55 16 -57 -3 19 -14 -16 -38 
-5 1 64 14 14 -39 31 32 -6 -56 13 -55 11 22 41 -10 
0 -5 -23 60 36 22 -38 23 57 3 51 24 -23 6 1 42 
5 0 -55 -34 -28 31 -53 79 7 14 Input angle :297
Zaxis angle :25 
minval :0 

minval :0 



-23 -11 12 -22 21 14 -15 20 -19 -16 16 -19 18 17 -19 17 
15 -2 -14 -73 -41 -16 22 -26 -62 30 -48 3 25 -9 -12 -22 
0 15 74 0 22 -38 22 26 -19 -66 4 -48 5 26 24 -8 
-15 -2 -13 73 33 30 -31 16 68 -5 45 15 -26 0 4 25 
6 -14 -69 -26 -35 27 -10 -33 -5 69 -23 42 4 -27 -25 0 
13 8 40 -62 -19 -40 -8 -66 -97 -6 Input angle :295
Zaxis angle :14 
minval :0 

minval :0 



31 -1 0 32 -32 -2 4 -32 31 5 -7 31 -30 -8 10 -29 
-4 4 44 52 44 -13 -2 40 33 -55 41 -31 -13 24 27 16 
-3 -5 -59 33 5 46 -39 -10 46 44 20 48 -20 -18 -20 24 
6 -2 -22 -65 -46 -4 19 -35 -52 37 -51 10 21 -16 -19 -24 
0 6 68 -9 12 -44 33 23 -27 -58 -1 -52 12 24 28 -15 
-7 0 -3 68 41 19 -5 -96 -18 -5 Input angle :287
Zaxis angle :0 
minval :0 

minval :0 



-58 34 -31 -60 63 -27 26 63 -63 24 -19 -65 66 -14 13 66 
6 -6 -127 -51 -65 65 -29 -78 -14 125 -55 88 4 -52 -67 -2 
5 7 74 -114 -48 -79 82 -15 -120 -39 -79 -70 50 11 14 -66 
-8 4 97 97 84 -37 0 84 59 -111 86 -61 -21 47 62 27 
-2 -8 -113 77 18 91 -83 -14 96 83 43 96 -43 -31 -37 57 
9 -1 -57 -124 -93 2 66 63 -110 10 Input angle :294
Zaxis angle :14 
minval :0 

minval :0 



28 63 -63 25 -23 -65 65 -20 18 65 -66 15 -11 -67 67 -6 
-4 -5 -56 119 65 66 -80 26 120 17 85 62 -52 -3 -12 67 
6 -4 -105 -80 -75 53 -11 -84 -41 114 -75 73 12 -52 -64 -22 
2 6 96 -90 -35 -85 85 5 -104 -63 -55 -89 48 23 36 -58 
-7 1 68 112 91 -19 -24 81 80 -91 97 -40 -29 43 51 45 
0 -7 -124 46 0 92 -108 0 20 12 Input angle :288
Zaxis angle :0 
minval :0 

minval :0 



-32 -3 3 -31 31 5 -7 31 -30 -9 12 -29 29 12 -13 28 
0 -7 -51 -47 -47 17 7 -40 -28 58 -44 24 12 -28 -25 -19 
6 1 54 -42 -8 -50 38 14 -51 -38 -16 -47 25 17 25 -21 
-2 6 31 60 51 0 -21 33 48 -43 51 -5 -22 20 18 27 
-5 -3 -64 21 -9 49 -28 -27 34 55 -3 51 -16 -25 -29 11 
5 -4 -6 -68 -46 -18 13 -17 82 6 Input angle :295
Zaxis angle :0 
minval :0 

minval :0 



-31 10 -9 -32 33 -7 4 33 -33 2 -1 -33 33 0 -2 33 
-2 -10 -63 -26 -41 32 -8 -36 -5 68 -30 41 3 -28 -32 -10 
11 0 37 -58 -21 -47 37 -2 -65 -18 -36 -37 26 7 14 -30 
-1 11 49 48 49 -14 -6 38 30 -60 43 -28 -13 24 26 20 
-10 -3 -56 39 4 52 -35 -11 53 43 18 48 -22 -17 -25 22 
5 -9 -30 -62 -51 -6 47 -17 52 11 Input angle :292
Zaxis angle :0 
minval :0 

minval :0 



64 -10 6 64 -64 5 -3 -65 64 0 -4 64 -62 -8 10 -64 
0 12 113 45 63 -71 20 86 18 -116 71 -84 3 49 59 24 
-13 0 -66 102 57 77 -87 3 112 40 68 86 -50 -6 -38 53 
3 -13 -90 -83 -85 43 13 -87 -59 101 -99 49 15 -47 -45 -46 
11 5 100 -70 -22 -93 82 29 -85 -81 -32 -106 44 22 54 -36 
-8 9 54 109 95 -7 -68 0 51 -9 Input angle :59
Zaxis angle :47 
minval :0 

minval :0 



18 -23 22 20 -21 20 -19 -22 23 -18 16 24 -25 15 -14 -25 
-8 23 70 0 18 -36 29 23 -11 -65 8 -51 5 28 28 -9 
-21 -11 -11 69 32 24 -29 24 65 -1 49 17 -28 0 3 29 
15 -18 -65 -26 -30 27 -17 -33 -12 65 -28 44 5 -28 -30 -2 
14 19 38 -59 -20 -35 36 -11 -62 -23 -38 -35 26 10 8 -28 
-21 11 51 48 38 -12 -117 32 -26 -15 Input angle :297
Zaxis angle :14 
minval :0 

minval :0 



12 33 -34 9 -8 -35 35 -5 4 35 -36 3 -1 -36 35 1 
-13 -15 -32 63 29 35 -32 9 59 9 34 22 -32 -14 -7 34 
16 -10 -56 -44 -41 19 -3 -33 -21 57 -29 30 21 -27 -32 -16 
6 18 54 -44 -11 -44 34 1 -51 -33 -24 -35 23 25 20 -29 
-20 1 35 62 46 -2 -8 32 40 -45 38 -16 -29 18 25 26 
1 -19 -65 24 -4 46 -106 112 40 12 Input angle :287
Zaxis angle :0 
minval :0 

minval :0 



18 15 -16 17 -16 -17 18 -15 15 19 -19 13 -12 -21 21 -12 
-16 -3 -22 82 37 21 -26 31 73 -3 49 12 -27 -4 7 23 
6 -16 -76 -39 -26 33 -26 -32 -6 72 -21 45 8 -26 -24 3 
13 10 52 -68 -28 -32 35 -20 -69 -22 -40 -30 24 14 1 -24 
-12 12 56 64 37 -22 12 39 35 -64 37 -34 -18 21 23 5 
-9 -14 -74 42 14 40 -26 64 -123 11 Input angle :293
Zaxis angle :0 
minval :0 

minval :0 



-19 23 -22 -19 21 -21 20 22 -23 18 -16 -25 26 -14 13 26 
23 -21 -99 12 -11 70 -49 -21 31 87 5 69 3 -56 -28 8 
17 27 3 -100 -66 -27 30 -44 -91 15 -69 -5 54 15 -3 -30 
-30 11 97 23 38 -60 37 39 2 -92 19 -67 -23 51 29 2 
-5 -31 -42 91 52 49 -43 31 90 22 61 33 -45 -33 -9 28 
31 0 -81 -58 -56 44 -47 126 -43 42 Input angle :296
Zaxis angle :25 
minval :0 

minval :0 



16 -29 27 18 -19 26 -26 -20 22 -24 22 24 -25 21 -20 -26 
-28 31 99 -10 11 -65 49 25 -27 -87 2 -71 1 57 29 -14 
-25 -33 -7 99 62 21 -34 42 90 -15 69 12 -56 -8 8 32 
37 -19 -97 -23 -31 57 -37 -40 -5 91 -28 64 18 -54 -33 3 
12 40 44 -89 -47 -45 47 -27 -88 -22 -58 -40 50 28 3 -33 
-42 4 82 56 52 -39 65 -63 105 -42 Input angle :289
Zaxis angle :20 
minval :0 

minval :0 



-26 0 1 -26 26 2 -2 26 -26 -3 5 -25 25 7 -8 24 
37 12 -63 -77 -58 19 -4 -48 -57 73 -58 32 50 -29 -22 -14 
-19 35 91 -42 -9 -61 48 5 -61 -70 -21 -63 21 54 17 -19 
-29 -26 23 97 61 1 -12 47 80 -47 66 -6 -58 7 15 20 
30 -25 -99 8 -13 60 -44 -22 30 87 -6 66 1 -58 -23 12 
18 35 10 -99 -56 -25 28 -35 118 8 Input angle :289
Zaxis angle :29 
minval :0 

minval :0 



-21 -14 15 -21 18 16 -19 19 -16 -20 20 -17 16 21 -23 13 
17 31 14 -98 -48 -40 35 -32 -94 0 -54 -26 58 23 -8 -23 
-36 11 93 32 47 -43 25 40 21 -91 36 -46 -32 54 26 -5 
-5 -37 -50 85 33 55 -43 17 85 38 41 43 -43 -45 0 26 
36 1 -76 -63 -59 20 -8 -46 -52 77 -51 31 51 -37 -24 -5 
-6 35 78 -62 -11 -63 -38 29 119 -33 Input angle :304
Zaxis angle :25 
minval :0 

minval :0 


