
-5 20 -20 -6 6 -19 19 8 -10 18 -17 -11 11 -17 16 12 
39 -25 -98 16 -4 51 -46 -19 9 88 4 68 11 -43 -15 13 
17 44 4 -100 -50 -14 27 -41 -87 -15 -67 -7 40 20 -10 -18 
-46 9 98 21 23 -46 36 34 28 -84 16 -66 -28 35 19 -6 
0 -47 -39 92 41 30 -40 29 77 43 59 31 -30 -33 2 20 
46 9 -83 -56 -39 33 50 -98 70 34 Input angle :289
Zaxis angle :32 
minval :0 

minval :0 



35 19 -20 33 -33 -22 24 -32 30 26 -27 29 -27 -29 30 -25 
-7 -5 30 94 65 -16 -21 75 60 -31 90 -32 -18 20 20 34 
6 -6 -99 10 4 67 -69 -35 18 66 16 94 -17 -21 -37 13 
5 7 9 -99 -67 -9 48 -61 -68 6 -95 -2 24 -13 -6 -39 
-8 4 95 26 21 -64 51 59 5 -68 21 -93 9 26 40 1 
-2 -8 -44 88 59 33 17 -78 -122 10 Input angle :299
Zaxis angle :36 
minval :0 

minval :0 



6 25 -25 5 -3 -25 25 -1 0 25 -26 -1 2 -26 25 3 
2 -9 -40 52 31 12 -46 22 34 14 51 30 -19 0 -8 24 
8 4 -42 -50 -19 27 -12 -49 -19 32 -39 44 2 -19 -22 -13 
-5 7 57 -33 -23 -23 51 -4 -27 -24 -37 -46 19 6 16 -20 
-6 -7 23 62 27 -18 -7 50 29 -22 52 -27 -10 17 15 20 
8 -5 -64 14 12 30 70 -80 93 8 Input angle :293
Zaxis angle :49 
minval :0 

minval :0 



45 -9 7 45 -45 4 -2 -46 45 0 -2 46 -45 -4 7 -44 
-18 5 87 44 18 -55 47 77 4 -82 33 -92 2 43 43 15 
-1 -19 -56 80 50 28 -85 31 79 20 83 51 -43 -5 -24 39 
19 1 -65 -73 -37 44 -17 -89 -32 75 -63 74 13 -41 -33 -31 
-4 18 83 -52 -37 -44 91 3 -67 -46 -63 -75 37 20 36 -28 
-17 -8 35 92 50 -28 -39 97 10 -29 Input angle :299
Zaxis angle :32 
minval :0 

minval :0 



-15 -32 33 -13 12 33 -34 10 -8 -34 35 -7 4 35 -35 2 
-4 -5 53 -61 -36 -29 46 -24 -54 3 -61 -23 10 0 4 -35 
5 -3 51 63 35 -30 15 49 7 -53 37 -53 -1 10 34 9 
2 6 -70 41 23 40 -51 4 51 17 47 44 -9 -3 -17 30 
-6 1 -24 -77 -44 14 4 -51 -25 47 -53 38 5 -8 -27 -21 
0 -6 81 -10 -6 -46 83 15 -65 -9 Input angle :44
Zaxis angle :36 
minval :0 

minval :0 



-23 8 -6 -24 24 -5 4 24 -24 3 -2 -25 24 0 0 24 
16 12 -28 -80 -31 -1 10 -36 -61 42 -41 15 18 -8 -24 -6 
-15 14 84 -11 7 -30 33 16 -30 -68 -7 -43 5 20 10 -22 
-10 -18 -6 84 28 14 -23 29 72 -15 44 0 -20 2 20 14 
19 -7 -83 -18 -18 25 -24 -27 3 74 -11 43 2 -20 -18 17 
3 20 36 -77 -22 -22 -42 14 -8 -3 Input angle :291
Zaxis angle :25 
minval :0 

minval :0 



44 -7 5 44 -44 2 0 -44 44 3 -5 44 -44 -7 8 -43 
-33 19 74 68 80 -18 -5 64 42 -90 69 -62 -32 48 40 19 
-13 -35 -82 58 2 82 -61 -17 83 56 48 79 -42 -39 -25 37 
38 -7 -42 -91 -81 -10 28 -57 -71 70 -87 33 47 -33 -32 -30 
0 38 98 -24 27 -77 50 39 -55 -84 -15 -92 23 52 38 -23 
-37 -8 6 100 70 43 -12 66 -11 -20 Input angle :314
Zaxis angle :0 
minval :0 

minval :0 



-30 50 -47 -35 38 -45 42 41 -42 41 -39 -44 47 -35 33 48 
-8 -62 8 95 -88 56 -47 38 -32 106 -12 15 48 -47 -53 22 
63 3 -95 -8 -35 -98 -29 -53 -99 -50 -13 -13 38 56 -8 -58 
-14 61 31 -90 104 -13 58 -19 73 -83 16 -10 -62 27 57 1 
-59 -24 84 46 -5 104 7 60 67 88 6 17 -13 -66 -10 57 
37 -50 -62 71 -101 -29 59 -49 -113 6 Input angle :284
Zaxis angle :0 
minval :0 

minval :0 



27 12 -13 26 -26 -15 16 -25 24 17 -19 23 -22 -20 21 -20 
-55 -1 66 11 19 85 21 48 72 53 17 26 -30 -61 15 24 
12 -54 -21 63 -87 4 -51 10 -67 59 -30 11 66 -17 -27 9 
50 24 -55 -37 14 -86 0 -52 -42 -79 -5 -31 3 69 -5 -28 
-31 45 46 -49 82 31 52 11 84 -29 32 0 -68 -8 28 1 
-36 -42 37 55 -48 73 114 -64 71 44 Input angle :282
Zaxis angle :25 
minval :0 

minval :0 



12 25 -26 10 -8 -27 27 -7 6 27 -28 5 -3 -28 27 -2 
3 -69 -5 63 -81 31 -54 55 -32 91 -15 38 30 -43 -4 27 
67 17 -61 -19 -10 -86 -42 -65 -80 -54 -34 -23 35 39 -25 -10 
-31 62 31 -55 86 5 72 -29 66 -70 31 -27 -46 26 14 -23 
-54 -44 48 41 -24 83 15 76 56 78 22 35 -18 -50 19 20 
51 -47 -48 41 -78 -37 47 -99 -17 17 Input angle :297
Zaxis angle :32 
minval :0 

minval :0 



-32 -13 15 -30 29 17 -19 29 -28 -20 21 -27 26 22 -23 24 
72 12 -67 -5 -11 -91 -32 -60 -82 -50 -31 -15 31 55 -18 -28 
-27 68 21 -64 92 6 65 -17 68 -68 21 -27 -59 20 31 -13 
-61 -40 58 34 -19 90 4 68 51 81 23 26 -6 -62 6 33 
51 -52 -43 51 -84 -38 -67 -8 -90 34 -30 17 62 8 -33 -1 
42 60 -40 -53 55 -74 95 31 -112 -48 Input angle :283
Zaxis angle :25 
minval :0 

minval :0 



-6 13 -13 -6 7 -12 12 8 -9 11 -11 -9 10 -10 9 11 
-85 -19 71 -5 23 87 32 42 83 47 34 1 -46 -39 -13 7 
33 -80 -9 70 -90 3 -47 24 -65 70 -7 34 47 -38 -4 -14 
72 50 -66 -24 11 -89 -15 -51 -60 -75 -31 -15 30 53 14 -2 
-63 61 33 -62 85 28 53 -4 83 -48 19 -28 -58 18 0 15 
-48 -73 54 45 -43 79 -30 32 -47 45 Input angle :87
Zaxis angle :0 
minval :0 

minval :0 



-19 -21 22 -17 15 24 -25 13 -13 -25 26 -12 11 26 -27 9 
59 -54 -35 71 -80 -15 -36 6 -70 60 -19 27 45 -19 -2 -28 
44 67 -63 -48 32 -75 1 -37 -44 -81 -23 -24 10 48 29 2 
-75 29 60 -52 66 47 36 9 87 -29 29 -17 -49 0 -9 27 
-11 -79 39 69 -61 55 -15 33 11 91 12 31 8 -48 -26 -13 
80 0 -76 25 -43 -69 34 -83 -102 -4 Input angle :105
Zaxis angle :14 
minval :0 

minval :0 



-33 -14 17 -32 30 19 -20 29 -28 -22 23 -27 26 24 -25 24 
78 10 -73 -28 -27 -89 -62 -53 -96 -15 -33 6 29 37 -15 -31 
-24 75 42 -66 93 -8 58 -57 30 -92 0 -34 -42 20 33 -12 
-70 -36 55 54 -10 93 38 71 83 51 33 7 -13 -45 5 35 
51 -60 -65 43 -89 -26 -77 26 -70 68 -13 31 47 -4 -35 -2 
48 63 -29 -72 46 -81 49 46 -44 -40 Input angle :331
Zaxis angle :20 
minval :0 

minval :0 



-36 36 -33 -37 40 -32 29 41 -43 26 -25 -44 45 -22 20 47 
9 -99 -3 83 -71 13 -50 34 -25 103 6 37 22 -30 -51 7 
96 26 -80 -22 2 -72 -21 -56 -97 -43 -38 -1 26 26 2 -50 
-43 90 36 -74 70 19 59 -12 62 -86 9 -37 -31 19 50 9 
-76 -66 66 51 -30 66 -2 60 70 79 35 16 -12 -34 -21 46 
80 -60 -61 56 -57 -43 72 -81 -32 6 Input angle :284
Zaxis angle :0 
minval :0 

minval :0 



39 -18 16 40 -40 15 -12 -41 42 -9 6 43 -43 4 -2 -43 
-34 73 53 -69 76 8 59 -25 60 -73 -2 -23 -39 18 42 5 
-64 -49 57 67 -23 73 12 63 59 73 23 1 -9 -42 -14 40 
62 -52 -76 44 -66 -39 -64 -2 -85 42 -7 22 43 0 -36 -22 
40 70 -29 -83 51 -57 11 -63 -27 -91 -21 -10 -4 43 29 -31 
-76 27 87 -11 48 60 -15 -30 62 -6 Input angle :300
Zaxis angle :14 
minval :0 

minval :0 



-15 -21 21 -15 13 22 -23 13 -11 -23 25 -9 9 25 -25 7 
48 26 -33 -23 7 -47 -10 -46 -55 -44 -24 -6 17 13 -1 -26 
-34 41 30 -26 46 16 48 0 56 -44 10 -22 -17 14 26 4 
-34 -42 21 34 -25 41 -7 47 32 64 19 17 -11 -19 -9 25 
48 -25 -38 13 -35 -33 -43 -18 -68 20 -19 16 21 -5 -23 -13 
13 52 -5 -39 41 -27 -23 -1 40 -18 Input angle :286
Zaxis angle :14 
minval :0 

minval :0 



-29 -3 5 -29 28 7 -9 28 -27 -11 12 -26 25 15 -15 24 
73 -39 -80 33 -54 -73 -62 -15 -95 6 -43 14 33 11 -21 -19 
21 80 -16 -85 82 -39 27 -57 14 -94 -5 -45 -16 30 23 -17 
-83 5 87 -1 23 88 50 38 91 29 45 3 -26 -22 10 27 
13 -82 -15 85 -91 5 -49 40 -52 80 -12 44 28 -21 -28 5 
79 25 -80 -32 14 -90 -62 13 -87 -32 Input angle :290
Zaxis angle :20 
minval :0 

minval :0 



28 30 -32 26 -24 -33 35 -22 20 36 -37 18 -15 -38 39 -13 
-94 -9 77 46 1 90 52 68 84 51 21 -8 -23 -30 4 41 
28 -90 -59 68 -88 -18 -77 38 -66 72 3 23 34 -16 -41 -3 
83 44 -51 -73 32 -84 -24 -82 -59 -78 -23 -1 9 37 12 -39 
-60 72 83 -34 74 50 85 -6 90 -38 6 -22 -38 3 36 19 
-59 -74 19 88 -64 63 -58 0 13 48 Input angle :295
Zaxis angle :20 
minval :0 

minval :0 



-16 -21 22 -14 13 22 -23 13 -11 -23 24 -9 7 25 -25 7 
51 17 -30 -22 11 -45 -22 -48 -47 -51 -17 -1 11 14 0 -26 
-26 46 29 -24 42 20 52 -10 61 -33 4 -16 -17 7 25 3 
-38 -37 17 33 -28 37 1 53 23 65 15 8 -4 -18 -9 24 
43 -31 -36 9 -30 -35 -52 -10 -69 7 -11 13 18 0 -22 -13 
21 49 -1 -38 40 -23 28 32 -94 -18 Input angle :303
Zaxis angle :14 
minval :0 

minval :0 



-13 -37 37 -11 9 38 -38 7 -5 -38 39 -2 0 39 -38 0 
61 65 -43 -54 31 -67 -10 -92 -43 -90 -42 -15 11 32 7 -38 
-76 48 61 -34 57 47 92 5 97 -22 24 -37 -34 3 35 16 
-33 -83 16 68 -57 48 -24 89 2 100 32 31 2 -34 -22 31 
88 -15 -69 4 -36 -65 -80 -45 -98 -18 -37 23 32 9 -25 -29 
0 90 9 -69 70 -23 64 -79 -8 -47 Input angle :299
Zaxis angle :20 
minval :0 

minval :0 



-37 -1 3 -37 37 5 -7 37 -36 -9 11 -36 35 12 -15 34 
41 -81 -36 62 -91 -2 -55 40 -71 67 8 33 32 -24 -30 -22 
73 53 -53 -48 18 -89 -26 -63 -53 -82 -35 1 16 37 27 -25 
-69 57 56 -44 82 40 66 -15 92 -32 4 -34 -39 10 19 32 
-44 -79 32 63 -54 73 -1 68 16 96 32 12 0 -41 -36 11 
85 -30 -69 18 -61 -68 -15 -4 -21 -4 Input angle :293
Zaxis angle :0 
minval :0 

minval :0 



-34 14 -13 -35 36 -10 8 36 -37 6 -4 -38 38 -2 0 37 
59 -73 -63 38 -77 -23 -89 30 -70 70 -7 48 30 -28 -37 -7 
58 73 -26 -69 38 -71 -12 -93 -53 -84 -45 -18 20 36 14 -34 
-84 42 73 -11 61 53 93 8 94 -31 27 -40 -40 13 30 21 
-25 -90 -5 73 -65 48 -28 90 14 99 34 35 -4 -41 -27 24 
94 -4 -71 -19 -35 -72 -28 -4 96 -3 Input angle :297
Zaxis angle :0 
minval :0 

minval :0 



-10 -17 18 -10 9 18 -18 8 -6 -19 20 -5 4 20 -20 3 
30 71 -20 -73 84 -31 30 -72 34 -88 0 -8 -47 35 0 -20 
-76 18 75 -2 12 88 64 44 79 51 8 0 -27 -51 19 3 
0 -77 -12 75 -89 -5 -57 54 -65 67 -2 7 57 -16 -7 18 
76 14 -71 -24 25 -86 -42 -66 -52 -78 -7 -4 4 59 -16 -11 
-28 72 41 -64 79 41 -67 114 96 -18 Input angle :276
Zaxis angle :29 
minval :0 

minval :0 



-14 -23 24 -12 10 25 -25 9 -8 -26 26 -6 4 26 -27 3 
25 70 -13 -78 85 -25 35 -58 41 -56 -6 -32 -24 33 1 -26 
-73 13 79 2 12 87 49 46 49 48 33 -1 -28 -30 25 6 
3 -74 -16 78 -88 -4 -56 39 -57 39 -5 32 35 -21 -12 24 
72 18 -74 -28 22 -85 -30 -60 -25 -65 -31 -11 13 39 -21 -16 
-31 67 46 -64 78 42 42 -110 -40 -7 Input angle :285
Zaxis angle :32 
minval :0 

minval :0 



15 28 -29 13 -11 -30 30 -9 7 31 -31 6 -4 -32 32 -2 
-44 -81 14 70 -80 44 -22 67 -5 92 21 39 9 -40 -2 32 
89 -24 -71 -1 -22 -90 -60 -36 -90 -24 -42 14 37 17 -30 -9 
4 92 12 -71 92 -8 47 -52 42 -83 -5 -44 -25 32 14 -28 
-92 -7 66 27 -13 91 42 57 70 60 44 3 -26 -32 24 20 
31 -87 -40 59 -88 -26 -74 -19 35 29 Input angle :300
Zaxis angle :14 
minval :0 

minval :0 



-31 -12 14 -31 30 16 -17 29 -28 -19 21 -27 26 22 -23 24 
73 -24 -69 7 -32 -88 -46 -38 -94 -19 -37 -8 42 21 -19 -28 
5 77 5 -69 93 -12 47 -37 36 -89 15 -35 -28 38 31 -12 
-76 -8 67 19 -6 94 26 54 80 53 31 22 -30 -36 6 33 
23 -73 -34 61 -90 -24 -58 16 -68 67 -28 25 40 -24 -33 0 
67 37 -54 -44 41 -84 90 -18 29 -41 Input angle :288
Zaxis angle :25 
minval :0 

minval :0 



-33 -20 22 -31 30 24 -25 29 -27 -28 29 -25 24 30 -31 22 
88 6 -70 -24 6 -95 -41 -70 -86 -49 -41 -23 20 32 -16 -35 
-23 85 36 -64 91 24 77 -25 62 -77 30 -36 -36 14 37 -8 
-78 -41 55 50 -43 84 12 80 60 78 28 38 -8 -37 1 38 
54 -70 -59 44 -74 -59 -81 -6 -88 45 -43 20 39 1 -38 -6 
56 69 -30 -68 70 -63 59 95 112 -49 Input angle :288
Zaxis angle :29 
minval :0 

minval :0 



29 44 -45 26 -24 -47 49 -22 20 50 -50 16 -13 -51 52 -11 
-101 -36 79 52 -42 86 16 72 75 81 29 21 -13 -31 0 52 
53 -92 -66 68 -76 -59 -74 0 -94 56 -27 24 33 -7 -52 -11 
80 71 -54 -77 71 -64 10 -73 -32 -105 -18 -31 0 34 20 -48 
-86 62 89 -34 47 83 70 26 109 -13 33 -11 -33 -6 43 31 
-43 -99 15 93 -94 26 -12 63 -74 13 Input angle :290
Zaxis angle :20 
minval :0 

minval :0 



-3 -27 27 -2 1 27 -27 0 2 -27 27 4 -5 26 -26 -6 
52 21 -34 -29 24 -50 -8 -34 -46 -46 -22 -18 8 18 12 -24 
-30 47 36 -27 45 32 35 -1 53 -36 22 -18 -19 4 21 16 
-40 -38 20 40 -41 37 -6 34 22 61 13 26 0 -20 -21 17 
48 -30 -44 11 -28 -47 -32 -13 -64 9 -28 7 19 4 -12 -24 
19 53 -1 -45 52 -18 3 -48 -64 -17 Input angle :296
Zaxis angle :14 
minval :0 

minval :0 



-3 38 -38 -6 7 -38 37 9 -11 37 -36 -13 15 -35 34 16 
-71 -60 45 69 -63 67 -4 72 43 86 18 40 2 -39 -23 30 
71 -59 -77 31 -55 -74 -69 -16 -95 18 -43 11 38 9 -25 -28 
43 82 -14 -82 86 -35 34 -63 -2 -96 0 -44 -18 34 34 -17 
-90 23 83 3 18 91 55 45 95 17 43 7 -31 -24 11 36 
-2 -93 -20 80 -93 0 -38 30 -55 44 Input angle :290
Zaxis angle :20 
minval :0 

minval :0 



-3 50 -50 -5 8 -50 49 10 -12 49 -48 -15 19 -47 44 22 
-21 -83 -3 76 -89 43 -52 63 -17 100 -10 56 15 -35 -31 39 
86 -1 -74 -16 -23 -96 -49 -66 -95 -35 -53 -21 32 23 -33 -37 
-11 85 32 -69 98 0 73 -38 54 -85 31 -49 -29 26 44 -25 
-81 -28 61 44 -16 97 21 79 73 69 41 41 -20 -33 16 47 
47 -72 -56 51 -92 -35 86 95 51 7 Input angle :331
Zaxis angle :25 
minval :0 

minval :0 



32 19 -20 30 -29 -22 24 -28 26 25 -27 25 -24 -28 29 -22 
-83 -34 58 61 -32 87 31 71 62 74 28 26 -4 -37 14 33 
52 -73 -71 44 -79 -49 -76 13 -85 47 -31 22 37 4 -35 7 
61 66 -27 -80 66 -65 -1 -77 -30 -92 -17 -34 -11 36 -1 -36 
-77 46 84 -11 52 77 76 14 97 -8 37 -9 -33 -18 35 6 
-32 -84 0 84 -86 35 -105 111 -76 48 Input angle :308
Zaxis angle :29 
minval :0 

minval :0 



-24 26 -25 -25 26 -24 23 27 -27 23 -22 -28 30 -19 17 31 
10 -89 -37 79 -93 0 -53 42 -56 77 -12 29 38 -17 -34 9 
86 27 -70 -52 23 -90 -31 -61 -63 -72 -25 -19 10 40 -2 -35 
-42 79 65 -58 83 42 66 -18 83 -48 23 -21 -42 2 35 4 
-67 -60 44 76 -56 74 4 68 28 91 15 28 7 -41 -12 33 
71 -55 -83 26 -61 -70 6 45 40 7 Input angle :298
Zaxis angle :25 
minval :0 

minval :0 



2 -35 35 3 -5 34 -34 -7 10 -33 33 12 -13 32 -30 -15 
60 69 -22 -86 72 -61 28 -68 -25 -94 -5 -41 0 36 20 -27 
-79 47 89 -2 47 82 61 41 97 -5 41 3 -35 -10 21 27 
-31 -86 -18 87 -90 28 -54 50 -13 96 -12 39 16 -33 -30 16 
91 -13 -82 -34 -7 -94 -39 -62 -92 -33 -36 -19 29 23 -8 -33 
-7 91 50 -73 93 13 -97 113 61 -42 Input angle :290
Zaxis angle :25 
minval :0 

minval :0 



-1 35 -35 -3 5 -34 34 8 -9 34 -33 -11 13 -32 31 15 
-76 -47 39 75 -56 76 -6 71 49 84 19 29 -2 -30 -21 27 
59 -67 -81 24 -64 -70 -69 -17 -91 34 -33 12 30 2 -22 -27 
50 74 -2 -85 83 -46 33 -63 -14 -97 -5 -34 -9 29 31 -16 
-82 36 83 17 28 91 53 47 97 7 35 2 -26 -16 9 34 
-15 -88 -31 79 -94 10 38 95 77 47 Input angle :293
Zaxis angle :20 
minval :0 

minval :0 



-24 3 -1 -24 24 0 -1 24 -24 -2 3 -24 23 4 -6 23 
79 -41 -90 4 -52 -80 -75 -2 -98 19 -16 10 36 25 -20 -11 
23 87 11 -90 89 -34 19 -72 0 -100 -7 -17 -33 29 14 -18 
-89 6 85 31 14 95 66 35 97 22 18 -2 -22 -39 15 18 
11 -89 -49 76 -95 -10 -48 57 -45 89 -1 18 42 -16 -20 11 
84 30 -62 -66 26 -92 121 -51 -67 -30 Input angle :328
Zaxis angle :25 
minval :0 

minval :0 



0 29 -29 -1 2 -28 28 4 -6 28 -27 -8 10 -27 25 11 
-64 -52 40 76 -55 76 3 62 49 81 19 33 -4 -30 -15 23 
62 -54 -82 24 -66 -67 -62 -11 -91 29 -37 12 31 1 -19 -21 
38 73 -7 -85 77 -54 21 -59 -13 -94 -6 -38 -7 30 24 -15 
-79 26 85 10 35 87 53 34 95 9 39 2 -27 -14 8 26 
-6 -83 -27 81 -92 14 30 79 -57 45 Input angle :293
Zaxis angle :20 
minval :0 

minval :0 



21 -4 3 21 -21 2 -1 -21 21 -1 0 21 -21 -1 2 -20 
-71 53 85 -22 68 65 72 2 90 -37 25 -7 -41 3 19 8 
-38 -80 0 88 -77 53 -11 71 22 95 1 26 5 -41 -11 18 
85 -26 -87 -12 -35 -87 -67 -26 -98 -1 -25 -3 39 12 -14 -15 
3 89 33 -81 92 -19 41 -59 20 -96 8 -24 -19 36 17 -12 
-88 -13 73 48 1 94 -42 50 -1 18 Input angle :304
Zaxis angle :25 
minval :0 

minval :0 



-32 -4 7 -32 31 9 -11 30 -30 -13 13 -29 28 15 -17 27 
79 -25 -59 18 -57 -70 -86 -35 -94 -1 -45 28 57 9 -23 -21 
7 83 -5 -62 82 -41 54 -76 19 -92 -19 -49 -19 55 26 -17 
-83 -9 62 7 21 89 64 68 87 36 52 -9 -51 -28 11 30 
23 -80 -18 60 -91 5 -78 51 -54 77 0 53 38 -43 -32 5 
72 40 -54 -31 12 -90 20 30 15 -36 Input angle :289
Zaxis angle :0 
minval :0 

minval :0 



-38 -32 34 -36 34 37 -40 31 -29 -42 43 -26 25 44 -45 22 
82 7 -62 -15 18 -96 -38 -75 -92 -61 -42 -8 27 44 -12 -48 
-26 78 28 -58 91 38 82 -19 80 -75 16 -40 -50 16 50 0 
-71 -41 50 41 -55 81 4 84 57 94 35 25 -6 -52 -9 49 
52 -63 -48 42 -72 -68 -83 -12 -103 38 -32 29 52 4 -47 -17 
49 66 -32 -55 81 -54 -41 127 79 -14 Input angle :284
Zaxis angle :14 
minval :0 

minval :0 



-15 47 -46 -16 19 -45 44 21 -25 42 -43 -25 28 -41 37 31 
-15 -89 3 71 -94 18 -60 69 -29 91 15 30 30 -34 -38 31 
90 0 -69 -11 1 -95 -57 -73 -85 -46 -32 9 28 35 -25 -43 
-17 88 23 -66 94 17 81 -43 62 -74 -1 -34 -40 20 47 -13 
-80 -39 59 38 -38 88 21 89 59 75 33 4 -11 -44 1 49 
52 -73 -48 50 -78 -55 79 79 47 5 Input angle :293
Zaxis angle :20 
minval :0 

minval :0 



8 40 -41 5 -2 -41 41 0 0 41 -41 -3 5 -41 40 7 
-56 -72 26 70 -72 57 -16 91 17 91 26 21 6 -46 -14 38 
82 -39 -73 14 -41 -82 -86 -35 -93 -2 -27 20 44 16 -33 -23 
25 87 0 -75 90 -20 48 -79 18 -91 -14 -30 -25 40 30 -27 
-91 0 72 19 0 92 65 66 85 37 33 -8 -33 -33 20 35 
15 -90 -32 68 -91 -17 89 -82 120 38 Input angle :295
Zaxis angle :20 
minval :0 

minval :0 



-27 -6 7 -26 26 9 -11 25 -26 -13 13 -25 23 13 -16 23 
82 -29 -74 29 -54 -70 -81 -34 -89 -9 -30 17 40 11 -18 -22 
10 86 -10 -79 80 -38 52 -71 32 -83 -12 -32 -18 37 25 -12 
-86 -4 81 7 23 86 58 67 77 46 35 -5 -33 -25 6 26 
22 -84 -24 78 -89 3 -74 45 -58 69 -2 36 31 -27 -28 1 
79 37 -68 -40 12 -88 86 94 111 -37 Input angle :292
Zaxis angle :20 
minval :0 

minval :0 



-27 -9 10 -26 26 12 -13 25 -24 -15 15 -24 23 16 -18 22 
67 -45 -62 48 -75 -52 -92 -2 -91 15 -27 38 42 0 -16 -23 
30 75 -35 -70 66 -62 21 -90 6 -92 -31 -36 -8 41 26 -12 
-80 14 77 -19 47 78 83 40 90 22 41 -23 -38 -18 7 27 
1 -81 4 78 -87 26 -56 73 -40 83 15 45 24 -34 -28 0 
80 17 -78 -13 -11 -90 -76 109 -88 -29 Input angle :296
Zaxis angle :0 
minval :0 

minval :0 



-39 -6 9 -38 38 11 -13 37 -36 -15 16 -36 35 18 -20 33 
66 -47 -38 52 -71 -30 -92 3 -94 25 -16 41 36 -8 -28 -27 
37 72 -46 -44 46 -62 17 -91 -10 -96 -38 -24 0 37 32 -22 
-79 19 54 -34 53 56 85 35 96 11 31 -32 -36 -8 15 36 
1 -81 23 59 -66 40 -50 77 -30 92 23 38 15 -34 -38 7 
80 15 -64 6 -28 -72 80 93 5 -23 Input angle :283
Zaxis angle :0 
minval :0 

minval :0 



42 -5 2 42 -42 0 2 -42 42 5 -6 42 -41 -8 11 -40 
-34 63 46 -50 83 24 81 -21 81 -47 1 -35 -28 0 37 20 
-56 -43 40 54 -43 75 5 83 30 88 34 8 5 -28 -27 32 
54 -46 -61 30 -67 -54 -83 -8 -93 13 -16 32 26 11 -25 -33 
34 62 -15 -66 69 -52 26 -79 6 -93 -28 -21 -16 22 37 -19 
-68 19 68 -1 35 79 -40 -94 52 11 Input angle :289
Zaxis angle :14 
minval :0 

minval :0 



-16 19 -21 -16 19 -19 16 19 -20 17 -15 -19 20 -14 14 22 
-12 -86 -28 64 -94 15 -60 69 -26 95 8 42 31 -22 -23 6 
86 2 -56 -41 2 -95 -57 -72 -88 -43 -44 0 16 36 -4 -24 
-23 82 51 -44 93 19 80 -43 60 -78 8 -43 -37 9 26 1 
-81 -33 34 59 -38 87 23 89 63 75 39 16 -1 -39 -7 24 
50 -70 -64 23 -78 -54 93 -35 -63 25 Input angle :298
Zaxis angle :20 
minval :0 

minval :0 



-27 4 -3 -28 28 0 -1 28 -27 -2 4 -27 27 5 -6 27 
25 -69 -57 40 -92 -17 -76 23 -58 75 -21 36 43 -6 -24 -12 
62 39 -30 -63 38 -86 -5 -79 -61 -73 -33 -26 1 44 16 -21 
-49 54 68 -18 79 50 79 8 84 -44 32 -26 -42 -11 17 20 
-42 -60 6 70 -68 64 -23 77 27 91 20 37 17 -40 -24 13 
67 -30 -69 -10 -52 -78 0 -3 -44 2 Input angle :293
Zaxis angle :14 
minval :0 

minval :0 



0 -34 34 1 -3 34 -33 -5 7 -33 32 9 -11 32 -30 -13 
83 27 -52 -56 17 -92 -33 -70 -75 -62 -34 -15 11 43 18 -28 
-47 73 66 -38 86 38 76 -16 73 -64 20 -31 -45 3 22 24 
-65 -58 25 72 -52 78 1 78 42 87 26 26 3 -44 -29 16 
70 -51 -76 9 -65 -68 -76 -15 -93 27 -31 19 42 15 -11 -32 
34 80 7 -76 81 -46 -83 -49 -110 -49 Input angle :69
Zaxis angle :14 
minval :0 

minval :0 



32 -12 11 33 -33 9 -7 -34 34 -5 3 34 -34 0 1 -34 
-51 53 64 -30 82 46 89 -9 81 -56 20 -47 -43 -1 33 7 
-41 -61 17 69 -57 74 -7 89 40 90 43 29 11 -42 -13 31 
67 -30 -71 1 -59 -72 -85 -26 -97 21 -36 37 38 20 -27 -21 
16 72 13 -70 83 -42 43 -78 0 -99 -28 -43 -27 34 25 -22 
-73 0 65 27 28 89 17 -61 113 9 Input angle :334
Zaxis angle :20 
minval :0 

minval :0 



3 -36 36 5 -7 36 -35 -9 12 -34 33 13 -15 33 -32 -16 
40 59 -12 -65 65 -66 18 -88 -27 -94 -33 -34 -14 43 23 -27 
-64 31 67 3 55 74 82 36 98 -5 39 -27 -39 -23 22 28 
-18 -69 -17 64 -84 38 -49 75 -12 97 21 42 31 -33 -31 17 
71 -5 -60 -29 -21 -90 -62 -64 -93 -30 -46 11 27 36 -9 -35 
-15 70 40 -53 93 0 -119 49 76 -43 Input angle :300
Zaxis angle :20 
minval :0 

minval :0 



6 27 -28 4 -3 -30 28 0 -2 29 -31 -3 6 -29 30 6 
-37 -63 5 65 -67 64 -9 93 30 93 38 28 17 -42 -11 25 
68 -25 -66 -10 -51 -78 -88 -31 -98 8 -37 31 38 25 -25 -17 
10 73 24 -61 88 -31 47 -80 13 -97 -20 -45 -34 30 24 -19 
-75 -3 53 36 9 93 69 64 93 32 47 -12 -24 -38 14 24 
22 -71 -49 46 -93 -9 97 30 -32 41 Input angle :298
Zaxis angle :29 
minval :0 

minval :0 



3 -25 25 5 -7 25 -24 -8 10 -23 23 10 -12 23 -22 -13 
56 52 -16 -60 56 -76 7 -81 -38 -90 -30 -33 -6 46 16 -19 
-63 44 61 -6 66 67 79 22 96 -19 40 -21 -43 -17 14 21 
-30 -71 -8 61 -81 48 -35 73 -1 98 14 42 23 -40 -23 10 
74 -19 -58 -21 -30 -89 -63 -51 -95 -21 -44 6 34 31 -5 -25 
-1 78 33 -52 94 -11 70 -31 93 -45 Input angle :293
Zaxis angle :20 
minval :0 

minval :0 



0 17 -17 0 1 -17 17 2 -2 17 -17 -3 5 -16 16 5 
-24 -79 -8 59 -84 38 -41 83 -19 96 19 35 26 -30 -8 14 
83 -8 -56 -18 -22 -90 -75 -53 -91 -35 -39 10 23 32 -12 -11 
-8 82 29 -51 93 0 67 -64 53 -82 -1 -40 -36 15 13 -9 
-79 -26 43 40 -14 92 48 79 71 68 40 6 -8 -38 6 15 
40 -73 -47 36 -86 -34 125 -51 70 28 Input angle :326
Zaxis angle :0 
minval :0 

minval :0 



22 -5 4 22 -22 3 -2 -22 23 0 -1 23 -22 -2 3 -22 
-62 36 54 -11 68 63 92 24 97 -14 38 -33 -35 -3 21 8 
-21 -68 0 56 -76 53 -42 85 -3 98 22 45 8 -33 -13 18 
71 -6 -55 -8 -38 -85 -75 -58 -95 -23 -48 14 30 17 -15 -16 
-6 71 22 -51 91 -18 74 -60 46 -86 -2 -51 -22 26 19 -12 
-68 -21 45 32 1 93 109 -94 -124 30 Input angle :304
Zaxis angle :25 
minval :0 

minval :0 



4 -22 22 5 -6 21 -21 -7 8 -21 20 9 -10 20 -19 -11 
43 65 -13 -64 66 -65 6 -93 -16 -98 -30 -24 -9 39 15 -16 
-71 32 65 0 50 78 89 27 99 6 30 -24 -36 -17 12 18 
-13 -77 -14 63 -86 34 -43 82 -20 97 17 35 23 -32 -20 8 
78 0 -60 -26 -14 -92 -70 -61 -90 -41 -37 9 26 30 -3 -22 
-18 76 38 -53 92 7 -11 81 64 -39 Input angle :297
Zaxis angle :20 
minval :0 

minval :0 



15 27 -28 13 -11 -29 30 -10 8 30 -30 7 -5 -31 30 -3 
-30 -36 13 59 -57 72 -14 69 29 85 30 30 1 -48 -3 30 
41 -23 -60 1 -59 -71 -65 -27 -88 11 -34 25 47 10 -29 -10 
14 45 8 -60 81 -44 40 -57 4 -89 -16 -40 -20 43 14 -27 
-47 4 56 20 24 89 50 49 86 22 42 -6 -38 -28 23 20 
2 -47 -31 51 -92 8 -57 94 102 40 Input angle :318
Zaxis angle :25 
minval :0 

minval :0 



28 -6 6 29 -27 3 -4 -26 28 0 0 27 -28 -3 2 -27 
-38 11 59 8 45 81 54 37 88 8 38 -16 -47 -20 25 11 
0 -41 -18 53 -89 28 -47 46 -24 85 2 40 31 -41 -14 25 
40 6 -49 -29 -9 -93 -38 -59 -74 -45 -39 -4 35 37 -21 -19 
-13 37 41 -40 92 9 66 -22 57 -64 14 -43 -43 27 23 -18 
-33 -22 35 46 -27 89 -80 -111 49 34 Input angle :293
Zaxis angle :14 
minval :0 

minval :0 



-15 19 -18 -17 17 -17 16 18 -20 15 -14 -20 21 -13 11 21 
27 -26 -51 22 -86 -37 -69 0 -78 42 -26 34 50 -14 -23 6 
21 31 -11 -55 52 -77 9 -68 -27 -85 -30 -30 3 52 -2 -24 
-35 14 56 -1 64 67 64 23 88 -9 37 -22 -51 -8 24 3 
-7 -37 -9 55 -80 48 -40 56 -9 88 14 40 16 -49 -8 23 
38 1 -52 -20 -32 -87 80 77 -121 -13 Input angle :294
Zaxis angle :20 
minval :0 

minval :0 



10 23 -23 8 -8 -24 24 -6 5 25 -25 3 -2 -25 25 -1 
-21 -40 6 58 -59 73 -14 72 24 90 29 37 -1 -50 -4 24 
44 -11 -58 -5 -61 -71 -66 -31 -93 3 -42 21 50 9 -22 -9 
2 45 14 -56 83 -42 44 -58 13 -92 -13 -45 -18 47 14 -20 
-45 -6 50 29 21 92 46 56 88 30 47 -2 -42 -28 16 17 
15 -43 -38 44 -94 6 -125 94 78 40 Input angle :293
Zaxis angle :25 
minval :0 

minval :0 



8 20 -20 6 -5 -20 21 -4 3 21 -21 1 0 -21 21 0 
-14 -45 -2 59 -71 62 -32 68 11 94 19 45 4 -52 -5 20 
47 -4 -58 -10 -47 -81 -61 -43 -95 -7 -47 11 50 14 -19 -8 
-6 47 22 -54 90 -27 54 -52 28 -90 0 -49 -24 46 12 -17 
-45 -14 47 35 12 93 39 64 84 43 48 10 -39 -34 13 16 
22 -41 -43 40 -94 -8 16 126 30 36 Input angle :293
Zaxis angle :20 
minval :0 

minval :0 



-13 26 -25 -16 18 -23 23 18 -19 22 -21 -21 23 -18 17 24 
23 -47 -48 40 -93 -20 -73 14 -67 68 -19 40 43 -25 -26 12 
42 32 -29 -55 40 -86 0 -74 -55 -77 -35 -28 16 47 -6 -28 
-41 32 60 -16 77 55 73 15 87 -37 34 -29 -49 6 29 -1 
-25 -46 7 62 -71 63 -28 69 19 93 22 39 4 -49 -5 29 
50 -16 -62 -6 -48 -82 1 -51 0 0 Input angle :294
Zaxis angle :20 
minval :0 

minval :0 



-30 4 -3 -30 30 -1 0 30 -30 -1 2 -30 30 4 -5 29 
38 -12 -53 -4 -52 -80 -59 -40 -95 -10 -45 19 53 15 -27 -12 
1 40 12 -51 88 -37 48 -52 26 -92 -10 -48 -27 48 17 -24 
-40 -4 47 22 19 93 42 58 85 43 50 -2 -42 -36 21 21 
13 -37 -32 41 -95 -2 -66 27 -60 74 -8 49 43 -34 -26 15 
34 20 -34 -39 23 -92 39 -50 -21 -39 Input angle :297
Zaxis angle :25 
minval :0 

minval :0 



-36 8 -6 -37 37 -3 0 37 -37 -2 4 -37 37 5 -7 36 
37 -41 -61 22 -83 -49 -75 -4 -86 40 -27 45 38 0 -34 -14 
34 44 -13 -64 63 -72 20 -72 -21 -92 -38 -36 -5 37 21 -30 
-50 25 65 0 58 77 65 36 95 1 42 -31 -36 -11 26 26 
-14 -54 -16 63 -87 40 -47 57 -14 94 20 48 19 -33 -30 20 
56 -2 -58 -28 -20 -94 73 77 -105 -20 Input angle :300
Zaxis angle :14 
minval :0 

minval :0 



21 23 -24 20 -19 -25 26 -18 16 27 -29 13 -11 -30 30 -10 
-39 -10 47 22 -10 82 -7 69 20 59 33 13 -3 -41 4 31 
19 -36 -29 42 -77 -28 -65 -24 -62 7 -20 30 41 5 -31 -1 
32 25 -35 -38 43 -70 34 -60 2 -63 -24 -26 -13 39 7 -30 
-30 27 44 -27 60 55 52 47 61 17 30 -19 -35 -21 28 13 
-19 -36 16 49 -67 47 20 -49 52 28 Input angle :287
Zaxis angle :20 
minval :0 

minval :0 



20 12 -13 19 -18 -15 16 -17 16 18 -18 15 -14 -19 19 -13 
-50 -6 40 42 -13 88 9 75 54 46 41 18 -6 -33 9 21 
15 -48 -48 32 -84 -30 -76 -7 -55 45 -26 37 34 1 -22 4 
44 23 -22 -54 44 -77 20 -73 -34 -62 -31 -33 -7 33 0 -23 
-30 39 57 -11 63 63 68 33 69 -18 39 -23 -31 -14 23 3 
-32 -38 2 58 -73 51 62 32 118 35 Input angle :300
Zaxis angle :25 
minval :0 

minval :0 



-18 -24 24 -17 16 25 -26 14 -13 -27 27 -11 10 28 -28 8 
60 -14 -55 -37 0 -95 -21 -59 -67 -44 -32 -8 15 39 -2 -29 
3 62 47 -46 93 19 61 -11 57 -56 14 -30 -41 7 29 3 
-61 -10 35 56 -38 86 -3 62 45 66 27 20 2 -42 -9 27 
22 -57 -61 25 -79 -52 -61 -15 -74 28 -26 22 40 9 -24 -15 
53 32 -11 -65 69 -64 -111 111 82 -40 Input angle :290
Zaxis angle :20 
minval :0 

minval :0 



2 22 -22 1 0 -22 22 0 -1 22 -22 -3 5 -21 21 5 
-42 -14 41 49 -34 86 -3 62 16 72 39 22 3 -41 -10 19 
21 -39 -58 29 -77 -52 -59 -19 -74 0 -29 34 40 11 -16 -14 
33 30 -21 -60 66 -65 28 -55 13 -73 -27 -35 -20 36 17 -13 
-36 27 64 -5 52 77 48 40 69 28 40 -20 -31 -27 10 19 
-20 -40 -8 63 -87 34 -65 126 -63 31 Input angle :289
Zaxis angle :14 
minval :0 

minval :0 



-36 3 -2 -36 36 0 -1 36 -36 -3 6 -36 35 8 -9 35 
15 -73 -38 67 -94 -21 -68 39 -74 64 13 54 47 -11 -31 -16 
67 32 -57 -52 41 -87 -25 -74 -45 -86 -56 2 1 49 22 -28 
-44 60 63 -45 77 57 78 -9 94 -27 8 -55 -47 -8 22 28 
-52 -54 33 70 -70 65 -5 78 15 96 52 19 17 -45 -32 16 
63 -40 -75 18 -47 -84 -13 -116 33 -5 Input angle :293
Zaxis angle :25 
minval :0 

minval :0 



13 36 -37 10 -9 -38 38 -7 4 38 -39 1 0 -39 38 1 
-29 -18 21 52 -25 89 14 88 51 78 63 17 -12 -54 -11 36 
24 -25 -54 11 -81 -44 -89 -2 -86 35 -30 58 55 0 -33 -19 
19 29 0 -56 58 -72 18 -88 -16 -92 -53 -38 -9 54 23 -30 
-31 14 54 10 56 74 82 37 93 2 49 -43 -52 -19 23 30 
-6 -34 -23 51 -83 41 91 -65 -49 45 Input angle :297
Zaxis angle :14 
minval :0 

minval :0 



38 11 -13 37 -36 -16 17 -35 35 19 -20 33 -32 -23 25 -30 
-49 32 60 16 42 87 61 46 96 5 53 -15 -53 -11 23 32 
-22 -54 -27 56 -94 21 -60 48 -23 93 5 55 24 -48 -36 16 
58 -10 -49 -39 -4 -97 -38 -66 -85 -43 -55 -6 44 31 -11 -37 
1 58 47 -41 95 17 73 -22 59 -75 16 -53 -40 35 39 -2 
-56 -16 31 54 -34 91 14 98 96 35 Input angle :297
Zaxis angle :14 
minval :0 

minval :0 



11 -26 25 13 -14 24 -23 -16 17 -22 21 18 -19 20 -18 -20 
37 64 7 -78 84 -45 32 -70 11 -96 -24 -44 -16 51 23 -14 
-71 22 74 22 26 92 64 42 92 31 48 -13 -46 -25 8 26 
-9 -73 -36 68 -96 7 -55 53 -50 83 4 50 34 -40 -27 3 
74 7 -58 -52 11 -96 -40 -66 -70 -67 -50 -5 34 41 1 -27 
-21 71 61 -48 90 32 -123 -110 27 -28 Input angle :288
Zaxis angle :0 
minval :0 

minval :0 



-19 26 -25 -20 21 -24 23 22 -23 21 -21 -24 26 -18 16 27 
-12 -60 -23 62 -94 19 -54 59 -32 91 10 51 30 -48 -30 10 
60 0 -54 -37 1 -96 -45 -67 -82 -52 -52 0 38 42 -4 -31 
-13 59 47 -47 94 19 75 -29 67 -70 13 -50 -49 29 32 1 
-55 -24 38 55 -35 89 16 79 57 79 48 20 -20 -53 -8 31 
36 -48 -61 26 -78 -56 62 -83 -13 20 Input angle :293
Zaxis angle :0 
minval :0 

minval :0 



5 29 -30 4 -2 -29 29 -1 -1 30 -29 -2 4 -29 29 5 
-60 -35 36 56 -46 84 10 82 48 83 48 30 -20 -49 -12 26 
46 -51 -63 23 -75 -59 -83 -5 -90 32 -40 40 52 -12 -24 -16 
40 56 -9 -66 72 -63 21 -80 -12 -95 -32 -46 1 53 21 -19 
-63 29 67 3 46 84 73 40 96 9 51 -24 -52 -11 15 25 
-15 -68 -17 65 -92 27 34 -65 94 46 Input angle :301
Zaxis angle :14 
minval :0 

minval :0 



-8 -31 32 -7 5 32 -32 3 -1 -33 33 0 -1 33 -32 -2 
59 45 -25 -67 59 -76 3 -81 -21 -95 -35 -31 3 59 10 -30 
-57 47 71 -7 57 78 78 20 97 1 36 -30 -59 -11 27 17 
-37 -65 -5 71 -86 45 -36 72 -17 95 20 42 21 -55 -21 23 
71 -23 -69 -17 -23 -94 -64 -48 -90 -37 -45 12 50 31 -19 -26 
12 74 29 -65 96 -5 -114 33 1 -42 Input angle :295
Zaxis angle :14 
minval :0 

minval :0 



9 -27 26 11 -12 26 -25 -14 15 -24 23 16 -17 23 -21 -18 
11 56 26 -59 93 -8 63 -45 45 -76 -1 -50 -41 27 22 -16 
-57 0 51 39 -12 93 30 71 65 59 49 11 -19 -45 11 26 
12 -56 -49 42 -89 -30 -76 13 -70 52 -19 46 48 -9 -27 6 
52 23 -33 -55 45 -82 0 -77 -38 -79 -42 -28 0 49 -1 -28 
-30 48 61 -20 69 63 -84 -30 -64 -11 Input angle :295
Zaxis angle :20 
minval :0 

minval :0 



-38 -22 23 -37 37 23 -26 35 -33 -29 32 -30 29 33 -34 27 
33 -19 -47 -8 -17 -87 -37 -76 -58 -50 -53 0 28 35 -17 -39 
11 37 17 -45 88 1 83 -17 62 -44 11 -52 -40 18 42 -8 
-38 4 39 27 -19 86 0 85 33 69 49 21 -12 -43 0 43 
3 -38 -34 33 -81 -36 -83 -17 -74 17 -30 43 44 -4 -43 -7 
36 12 -25 -41 52 -71 -15 -17 -99 -39 Input angle :287
Zaxis angle :14 
minval :0 

minval :0 



32 18 -19 32 -31 -21 23 -29 28 25 -26 26 -24 -28 29 -22 
-52 18 61 31 4 93 51 62 73 64 44 -12 -18 -52 15 33 
-6 -55 -42 53 -92 -16 -71 38 -76 60 4 45 55 -7 -35 9 
55 1 -44 -52 34 -87 -21 -78 -44 -87 -45 -5 -5 55 -3 -36 
-12 54 59 -33 79 50 80 -5 95 -23 13 -44 -53 -15 36 4 
-51 -21 19 65 -62 69 37 -80 -75 48 Input angle :293
Zaxis angle :29 
minval :0 

minval :0 



-21 49 -47 -24 28 -47 44 30 -30 44 -42 -33 38 -39 37 37 
-36 -59 7 95 -108 58 -36 59 0 117 5 41 21 -46 -48 26 
64 -25 -91 -14 -32 -117 -50 -47 -114 -21 -41 -4 41 31 -17 -49 
10 67 29 -89 122 -13 57 -41 42 -109 10 -39 -38 34 53 -4 
-69 -2 81 48 -15 122 28 64 95 66 37 20 -26 -44 -3 53 
16 -67 -60 72 -117 -36 81 79 -25 9 Input angle :71
Zaxis angle :29 
minval :0 

minval :0 



-36 -17 19 -35 34 21 -22 33 -32 -24 26 -30 28 28 -30 26 
34 -39 -79 16 -65 -70 -55 -43 -93 11 -57 9 57 0 -19 -35 
30 42 0 -81 82 -48 55 -43 7 -93 2 -58 -10 56 38 -10 
-47 22 80 14 32 90 33 61 89 26 56 13 -53 -20 4 39 
-11 -51 -31 75 -95 15 -67 23 -44 82 -24 52 30 -48 -40 -3 
52 -1 -69 -43 4 -96 -82 125 -39 -30 Input angle :295
Zaxis angle :14 
minval :0 

minval :0 



17 -21 19 19 -20 18 -17 -21 23 -15 14 23 -24 13 -11 -25 
-2 56 12 -79 78 -49 29 -64 1 -95 -24 -50 -8 46 26 -6 
-54 -16 75 30 30 87 57 41 93 20 54 -14 -43 -17 0 28 
25 -50 -44 68 -91 10 -52 47 -40 86 3 56 26 -38 -27 -4 
44 35 -57 -57 6 -92 -35 -61 -78 -54 -56 -6 33 33 10 -25 
-44 35 69 -42 89 24 53 -94 115 -33 Input angle :297
Zaxis angle :0 
minval :0 

minval :0 



32 17 -19 31 -30 -20 22 -28 27 23 -25 26 -25 -26 26 -24 
-77 18 76 31 15 95 67 51 95 29 30 -14 -26 -41 16 32 
-2 -78 -46 68 -96 -3 -63 55 -49 86 8 32 45 -18 -35 7 
77 13 -59 -57 22 -93 -39 -74 -73 -67 -34 1 8 48 -2 -35 
-27 73 68 -46 87 39 80 -23 80 -59 5 -33 -48 -1 35 6 
-65 -43 27 77 -60 74 90 -111 50 45 Input angle :336
Zaxis angle :32 
minval :0 

minval :0 



0 -38 37 2 -5 37 -37 -7 9 -37 36 10 -12 36 -34 -15 
36 48 0 -42 62 -22 13 -41 -2 -65 -12 -6 -11 23 21 -30 
-53 27 41 7 9 66 38 22 64 8 8 -10 -21 -16 26 26 
-15 -57 -18 38 -66 -4 -28 32 -24 60 8 10 20 -17 -32 20 
60 -1 -34 -24 15 -64 -27 -33 -55 -32 -11 6 12 23 -12 -35 
-8 59 31 -29 58 29 -69 -80 -72 -12 Input angle :298
Zaxis angle :25 
minval :0 

minval :0 



-23 -34 35 -20 18 36 -37 16 -14 -38 39 -11 9 40 -40 6 
85 17 -73 -53 -1 -94 -52 -66 -85 -49 -40 12 17 47 1 -40 
-34 79 68 -60 92 17 75 -39 63 -76 -4 -41 -50 7 39 9 
-72 -48 47 77 -37 86 22 82 62 77 41 5 1 -51 -17 36 
65 -57 -86 29 -75 -56 -84 1 -89 43 -12 39 49 14 -32 -24 
45 73 -11 -90 69 -63 54 -33 -10 -49 Input angle :334
Zaxis angle :25 
minval :0 

minval :0 



-21 -26 26 -20 18 27 -28 17 -15 -29 30 -14 11 31 -31 10 
59 4 -63 -56 14 -94 -35 -59 -55 -66 -17 -7 6 54 -3 -32 
-14 57 67 -51 90 29 64 -25 74 -44 10 -15 -54 -5 32 2 
-53 -25 36 76 -49 81 9 68 25 82 13 13 16 -52 -9 31 
35 -47 -81 22 -72 -61 -69 -2 -86 9 -15 10 49 24 -29 -15 
38 45 -4 -84 78 -54 58 -96 -17 -44 Input angle :301
Zaxis angle :25 
minval :0 

minval :0 



-40 23 -22 -39 44 -19 16 41 -41 11 -12 -42 42 -7 5 45 
-5 -90 -32 80 -90 31 -58 62 -34 90 3 50 33 -49 -44 -5 
88 13 -73 -45 -10 -95 -50 -71 -83 -47 -49 -8 41 43 15 -41 
-34 84 61 -61 94 8 78 -33 64 -70 18 -46 -50 33 36 23 
-75 -47 48 72 -24 91 16 84 53 79 43 27 -21 -56 -28 30 
62 -64 -79 33 -84 -47 53 -3 3 19 Input angle :293
Zaxis angle :0 
minval :0 

minval :0 



11 -10 8 11 -13 9 -9 -12 11 -7 8 13 -12 6 -6 -14 
-33 59 68 -35 92 31 73 -15 57 -56 36 -54 -49 12 14 -2 
-51 -43 18 73 -47 84 -4 75 44 66 43 46 -1 -51 -3 14 
56 -39 -75 2 -72 -65 -73 -17 -74 27 -55 32 50 8 -12 -4 
25 60 17 -74 79 -55 35 -67 -11 -79 -21 -61 -19 46 7 -11 
-66 14 69 27 39 88 124 -78 65 1 Input angle :298
Zaxis angle :14 
minval :0 

minval :0 



-61 -10 13 -62 61 16 -19 61 -57 -22 27 -55 55 30 -33 54 
45 -24 -80 -5 -44 -109 -37 -59 -57 13 -40 0 42 27 -45 -40 
15 51 18 -78 115 -29 65 -24 -1 -59 2 -42 -34 36 50 -34 
-52 1 67 41 0 120 10 70 58 11 40 13 -26 -41 24 56 
6 -52 -51 64 -118 -26 -67 -3 -24 54 -19 31 46 -18 -60 10 
51 16 -50 -64 49 -105 -92 111 91 -5 Input angle :293
Zaxis angle :14 
minval :0 

minval :0 



-38 -61 63 -36 34 64 -67 30 -25 -69 69 -22 19 69 -70 15 
54 7 -72 -51 27 -104 -7 -78 -45 -29 -49 -18 5 31 0 -72 
-20 49 63 -61 95 50 78 8 37 -38 26 -44 -32 0 70 15 
-45 -29 45 74 -67 85 -25 74 28 45 35 37 8 -29 -31 64 
40 -36 -84 26 -68 -82 -68 -38 -49 19 -42 28 27 13 -59 -41 
28 46 -13 -86 93 -54 -23 -17 125 -7 Input angle :284
Zaxis angle :20 
minval :0 

minval :0 



35 22 -24 33 -32 -26 28 -31 29 30 -31 27 -25 -33 33 -24 
-77 -44 65 63 -49 79 34 57 55 65 30 5 -4 -43 15 38 
56 -69 -75 50 -70 -62 -62 24 -75 40 -10 29 43 4 -40 7 
56 69 -34 -84 75 -55 -9 -66 -25 -81 -25 -18 -13 42 -1 -41 
-80 39 88 -19 40 84 66 2 84 -11 22 -22 -39 -20 40 7 
-23 -86 1 91 -91 21 -70 15 -125 42 Input angle :299
Zaxis angle :29 
minval :0 

minval :0 



-63 -57 60 -60 57 62 -65 54 -52 -67 71 -47 41 73 -75 38 
58 -14 -68 4 -22 -110 -5 -76 -61 2 -25 17 26 38 -15 -83 
0 60 8 -68 113 -2 76 9 11 -60 -10 -28 -43 18 85 1 
-60 -10 65 23 -24 110 -26 72 57 24 30 -4 -8 -46 -20 80 
24 -55 -36 58 -103 -43 -64 -40 -35 50 0 30 46 1 -77 -34 
49 34 -49 -47 64 -92 -89 15 -92 -6 Input angle :347
Zaxis angle :0 
minval :0 

minval :0 



-16 42 -40 -19 22 -39 38 23 -25 37 -35 -28 30 -33 31 31 
-39 -60 21 70 -56 76 -22 59 22 69 37 25 7 -35 -37 24 
68 -24 -73 8 -64 -69 -51 -36 -73 1 -31 32 33 14 -16 -41 
10 72 7 -73 80 -48 44 -44 8 -73 -25 -37 -20 30 44 -8 
-72 -3 70 23 28 89 35 52 70 19 41 -18 -25 -25 0 44 
15 -71 -35 65 -93 14 -37 -18 -18 31 Input angle :289
Zaxis angle :20 
minval :0 

minval :0 



49 13 -15 49 -48 -16 19 -47 44 23 -26 42 -41 -30 30 -39 
-77 41 82 -10 64 86 86 40 93 9 50 -24 -27 -8 32 38 
-24 -84 -6 82 -97 44 -54 78 -23 91 18 54 12 -25 -43 26 
88 -8 -79 -21 -26 -103 -64 -69 -83 -45 -56 5 22 18 -15 -48 
-8 86 38 -73 107 -4 81 -51 61 -72 2 -56 -22 18 50 -6 
-83 -28 65 51 -15 105 118 -48 67 9 Input angle :290
Zaxis angle :14 
minval :0 

minval :0 



-14 20 -19 -15 16 -18 17 17 -18 16 -15 -19 20 -13 12 21 
-10 -72 -32 74 -92 24 -46 43 -2 67 6 38 11 -6 -22 9 
72 7 -64 -48 -7 -95 -32 -54 -65 -18 -38 -1 3 13 -3 -24 
-19 70 58 -54 94 13 59 -21 31 -60 10 -37 -13 0 24 0 
-65 -32 41 68 -31 90 11 62 53 42 34 16 1 -13 -6 24 
46 -56 -76 27 -82 -48 105 78 -47 22 Input angle :331
Zaxis angle :25 
minval :0 

minval :0 



-38 -41 43 -35 32 44 -45 31 -28 -47 48 -27 24 50 -50 21 
57 -2 -64 -9 0 -80 -19 -56 -50 -45 -23 -6 4 28 -10 -54 
-9 56 19 -60 78 14 59 -8 53 -42 10 -21 -29 0 55 1 
-53 -20 55 31 -29 73 -3 60 28 61 18 15 7 -27 -12 53 
31 -48 -42 47 -65 -44 -58 -15 -66 13 -17 15 26 12 -49 -23 
41 40 -36 -53 57 -54 -7 127 -114 -9 Input angle :282
Zaxis angle :14 
minval :0 

minval :0 



31 17 -18 31 -29 -19 21 -28 27 23 -24 25 -23 -27 28 -21 
-56 49 64 -21 72 53 56 6 61 -20 25 -36 -24 -3 16 31 
-38 -64 8 67 -64 62 -18 54 9 64 31 31 8 -23 -34 8 
72 -19 -68 -5 -48 -75 -49 -27 -64 -4 -37 24 21 12 -1 -35 
7 74 20 -65 84 -30 37 -42 16 -63 -15 -41 -17 17 35 4 
-74 -6 60 31 12 88 -48 1 111 14 Input angle :347
Zaxis angle :14 
minval :0 

minval :0 



6 44 -44 4 -1 -44 44 0 -2 44 -44 -4 7 -43 42 9 
-61 -42 33 56 -65 70 -14 83 19 76 23 29 7 -42 -20 38 
55 -50 -61 21 -58 -76 -78 -33 -78 3 -33 16 39 16 -35 -26 
38 64 -8 -64 87 -40 50 -68 10 -78 -9 -35 -25 34 33 -28 
-71 24 65 3 24 93 60 60 74 26 37 -3 -30 -30 20 38 
-7 -74 -19 62 -95 7 -69 46 -11 33 Input angle :287
Zaxis angle :20 
minval :0 

minval :0 



-27 -14 15 -27 25 17 -19 24 -23 -20 22 -22 21 23 -23 20 
60 -36 -72 0 -37 -76 -54 -28 -69 -24 -35 19 20 23 -14 -26 
24 66 16 -70 82 -21 39 -47 39 -62 -12 -38 -26 16 29 -7 
-70 10 66 29 4 85 38 48 53 50 40 -4 -10 -29 3 30 
4 -71 -38 60 -84 -11 -54 27 -58 44 -4 40 31 -3 -30 -3 
69 17 -48 -52 28 -80 34 15 -36 -35 Input angle :293
Zaxis angle :25 
minval :0 

minval :0 



-21 -22 24 -19 17 25 -26 16 -15 -26 28 -13 12 28 -28 10 
37 9 -37 -18 -2 -67 -26 -26 -46 -20 -30 0 15 21 -4 -30 
-16 35 23 -33 67 6 29 -23 31 -40 4 -29 -24 11 30 1 
-31 -23 28 30 -25 63 14 34 33 38 28 10 -6 -25 -6 29 
28 -26 -34 22 -57 -35 -36 9 -43 26 -15 26 26 -1 -27 -13 
19 34 -14 -38 47 -49 -61 127 -14 -13 Input angle :297
Zaxis angle :20 
minval :0 

minval :0 


