
25 59 -59 22 -20 -62 61 -16 13 62 -62 10 -7 -63 62 -5 
-48 -24 -68 30 42 -49 47 -36 12 23 89 37 1 -30 25 57 
12 -51 -44 -57 58 27 48 32 -19 20 -7 95 30 -7 -49 39 
53 -3 44 -58 -12 64 -19 54 -24 -14 -94 17 12 27 -50 -37 
18 50 68 25 -65 9 -55 0 5 -25 -44 -86 -21 22 20 -59 
-43 31 -2 73 -23 -62 26 96 -32 -1 
RSSI :-110 
Input angle :234
Zaxis angle :0 
minval :0 

minval :0 



59 2 -4 60 -61 -5 5 -61 61 11 -13 60 -58 -15 18 -57 
-58 39 -7 61 -21 -65 -15 -51 55 2 67 -58 -30 -12 61 2 
-55 -45 -61 11 57 -36 44 -30 8 56 77 46 0 -33 14 57 
28 -65 -24 -54 51 46 39 35 -49 26 -27 86 31 -8 -54 26 
71 8 45 -39 -29 62 -24 48 -36 -41 -88 0 16 28 -44 -41 
13 69 52 32 -68 -11 25 -64 -19 -4 
RSSI :-110 
Input angle :237
Zaxis angle :0 
minval :0 

minval :0 



-34 23 -21 -35 37 -19 17 38 -38 15 -14 -39 39 -13 11 40 
13 -46 -34 -30 22 40 21 21 -41 21 -12 74 45 -3 -35 20 
48 0 17 -42 -31 33 -12 27 -33 -33 -75 11 16 43 -31 -26 
13 46 45 3 -41 -21 -29 -5 23 -41 -33 -68 -35 29 17 -37 
-41 24 7 44 10 -45 -2 -30 46 12 56 -51 -36 -28 40 5 
-35 -32 -40 20 46 -4 32 -112 -111 23 
RSSI :-110 
Input angle :223
Zaxis angle :0 
minval :0 

minval :0 



-43 37 -37 -42 45 -33 33 47 -49 28 -27 -49 52 -24 22 50 
50 -60 -43 -36 38 44 39 16 -61 28 -15 80 44 -9 -41 36 
72 27 21 -53 -30 50 0 43 -42 -50 -81 4 18 39 -45 -30 
-7 77 58 4 -56 -14 -40 11 38 -55 -27 -75 -29 32 14 -54 
-75 18 12 55 -5 -57 -22 -35 64 20 64 -49 -38 -20 56 -2 
-37 -68 -50 25 56 -17 -3 31 38 4 
RSSI :-110 
Input angle :237
Zaxis angle :0 
minval :0 

minval :0 



14 77 -78 12 -10 -78 79 -6 3 79 -79 0 2 -79 78 5 
-50 -98 -59 23 105 -42 63 -11 -40 104 77 95 24 -59 17 76 
80 -76 -38 -51 71 88 28 56 -111 -5 -67 103 64 7 -68 36 
93 59 36 -52 -66 92 -46 43 -23 -109 -117 -36 10 63 -52 -57 
-28 107 60 22 -107 -36 -54 -33 98 -53 7 -122 -59 25 40 -67 
-110 2 -6 64 7 -113 51 -127 11 20 
RSSI :-110 
Input angle :238
Zaxis angle :0 
minval :0 

minval :0 



-12 -20 21 -11 10 21 -21 9 -8 -22 22 -8 7 22 -22 6 
28 44 9 -37 -51 19 -9 21 13 -49 -67 -21 -1 36 -12 -19 
-36 38 38 -1 -35 -41 -23 -2 50 -1 1 -70 -35 8 16 -16 
-47 -23 13 36 29 -46 -3 -23 14 48 68 -18 -18 -31 21 9 
9 -52 -31 23 53 15 20 -11 -41 30 40 57 25 -27 -4 22 
52 -7 -29 -24 0 55 -60 -66 -39 -17 
RSSI :-110 
Input angle :227
Zaxis angle :0 
minval :0 

minval :0 



-10 -50 50 -10 7 51 -51 4 -3 -51 51 -2 0 51 -51 -3 
18 60 62 -31 -78 10 -14 13 105 -62 -65 -67 -29 29 -11 -49 
-50 37 46 51 -35 -72 -16 -10 87 86 46 -81 -35 -20 44 -24 
-48 -40 -37 58 61 -50 5 -18 -54 109 91 18 8 -40 36 34 
21 -59 -67 -16 68 41 19 0 -121 -20 10 92 40 -4 -21 46 
63 4 -2 -69 -20 77 -49 111 95 -31 
RSSI :-110 
Input angle :234
Zaxis angle :0 
minval :0 

minval :0 



18 -93 91 23 -30 90 -89 -36 40 -86 83 45 -49 80 -78 -51 
81 34 -3 -50 -4 26 -71 -81 -84 14 -21 12 8 -22 61 -71 
-39 77 51 1 -25 -6 89 -60 -10 -84 -11 -22 20 10 68 64 
-73 -48 -5 51 8 -25 51 94 85 0 22 -7 -13 19 -73 59 
54 -68 -50 -10 24 11 -98 41 -7 85 5 23 -18 -14 -54 -77 
62 61 17 -48 -12 22 86 -97 -16 -3 
RSSI :-110 
Input angle :82
Zaxis angle :47 
minval :0 

minval :0 



-109 -63 67 -106 102 74 -78 98 -97 -80 83 -94 90 87 -91 83 
63 -65 -46 -20 29 6 -106 21 -24 86 29 23 -31 -18 -74 -102 
62 65 24 -44 -8 27 -13 -107 -85 -28 -26 26 21 -28 106 -66 
-71 57 42 27 -27 -11 109 -1 38 -81 -24 -29 27 23 58 111 
-48 -76 -32 40 13 -25 -7 108 78 44 30 -21 -26 23 -117 44 
80 -40 -36 -36 23 16 -108 95 22 9 
RSSI :-110 
Input angle :288
Zaxis angle :36 
minval :0 

minval :0 



91 -63 62 92 -94 57 -52 -97 101 -45 38 104 -105 32 -26 -105 
35 99 43 -44 -31 17 -1 -98 -88 -59 -20 3 30 -14 109 -18 
-102 24 40 46 -12 -33 97 3 66 -84 -1 -20 11 30 4 109 
-12 -105 -50 34 34 -9 -12 96 77 74 20 0 -31 8 -109 -5 
105 -5 -29 -54 7 35 -95 -23 -80 68 -3 20 -5 -31 18 -108 
-6 105 55 -24 -35 2 -124 -1 33 -11 
RSSI :-110 
Input angle :284
Zaxis angle :39 
minval :0 

minval :0 



67 -86 81 75 -80 76 -72 -83 86 -69 65 90 -91 62 -58 -93 
72 75 18 -52 -15 30 -39 -89 -96 -22 -18 10 16 -29 100 -45 
-79 66 49 23 -29 -17 93 -31 33 -92 -8 -19 27 19 35 103 
-56 -85 -28 47 19 -27 22 95 91 37 20 -6 -22 25 -106 26 
92 -46 -43 -32 25 24 -97 11 -46 87 3 21 -21 -24 -17 -108 
39 96 36 -41 -26 22 94 -81 -25 -8 
RSSI :-110 
Input angle :282
Zaxis angle :44 
minval :0 

minval :0 



-18 116 -115 -22 27 -114 112 33 -39 109 -107 -48 55 -103 100 59 
-95 -27 9 51 1 -34 72 59 102 -27 8 -25 0 33 -70 94 
37 -91 -53 4 33 5 -64 69 15 104 24 11 -33 -2 -85 -80 
89 42 4 -53 -7 33 -63 -71 -104 10 -13 22 5 -32 86 -79 
-51 83 52 4 -32 -11 80 -53 1 -104 -21 -16 32 7 68 95 
-80 -58 -11 51 14 -30 -45 -112 64 1 
RSSI :-110 
Input angle :285
Zaxis angle :41 
minval :0 

minval :0 



-90 -54 60 -86 83 66 -70 79 -78 -72 74 -73 70 80 -82 65 
73 -62 -47 -19 29 12 -90 32 -16 100 13 7 -22 -11 -54 -91 
52 80 23 -43 -17 28 -24 -92 -98 -22 -9 13 13 -20 95 -43 
-85 43 41 27 -27 -18 94 -10 31 -96 -11 -10 18 15 34 100 
-30 -90 -31 38 22 -23 2 96 92 41 11 -10 -17 18 -101 26 
90 -28 -33 -37 21 24 -102 79 28 11 
RSSI :-110 
Input angle :292
Zaxis angle :36 
minval :0 

minval :0 



-95 -58 62 -93 90 67 -71 86 -81 -76 81 -75 71 85 -88 67 
71 -57 -40 -23 33 13 -89 23 -18 100 19 11 -23 -11 -59 -94 
52 75 25 -39 -16 32 -14 -91 -97 -29 -12 16 14 -22 98 -52 
-78 45 37 29 -30 -17 91 -2 35 -95 -15 -14 20 15 43 102 
-39 -82 -32 34 21 -28 0 91 90 45 15 -13 -18 20 -107 30 
85 -30 -29 -36 25 25 -110 -17 -72 10 
RSSI :-110 
Input angle :295
Zaxis angle :36 
minval :0 

minval :0 



-104 -30 37 -103 100 43 -48 98 -96 -52 55 -94 89 61 -62 88 
50 -74 -44 -1 36 1 -79 51 16 97 19 3 -25 -1 -82 -72 
70 54 4 -43 -5 37 -44 -86 -98 6 -5 17 3 -25 80 -73 
-61 64 44 6 -37 -9 90 -33 5 -98 -17 -8 24 7 63 89 
-57 -70 -13 43 14 -35 26 92 97 16 8 -16 -9 23 -91 59 
72 -52 -41 -18 33 16 -49 -97 -14 11 
RSSI :-110 
Input angle :296
Zaxis angle :39 
minval :0 

minval :0 



43 -105 103 48 -54 101 -97 -59 63 -95 90 69 -75 85 -80 -81 
82 51 0 -51 -7 33 -55 -83 -98 5 -9 22 3 -28 87 -73 
-58 77 51 4 -31 -10 92 -41 3 -97 -20 -13 28 6 66 92 
-70 -65 -9 49 12 -30 35 93 97 12 13 -20 -9 26 -100 54 
70 -67 -48 -15 28 16 -97 24 -26 94 18 16 -26 -12 -43 -104 
57 78 20 -47 -21 25 69 127 -50 -5 
RSSI :-110 
Input angle :285
Zaxis angle :41 
minval :0 

minval :0 



63 -93 92 66 -73 86 -80 -78 83 -76 71 89 -91 67 -63 -93 
68 67 12 -46 -15 34 -26 -91 -103 -22 -15 26 6 -32 99 -54 
-71 62 45 14 -32 -17 94 -18 32 -100 -23 -17 29 12 42 105 
-55 -76 -19 44 20 -30 7 95 96 41 21 -21 -13 29 -107 35 
82 -47 -41 -23 28 24 -95 1 -54 90 18 23 -28 -16 -20 -110 
38 87 28 -39 -26 25 86 -65 66 -8 
RSSI :-110 
Input angle :295
Zaxis angle :41 
minval :0 

minval :0 



-107 15 -7 -107 107 2 -8 107 -107 -10 13 -107 106 19 -24 104 
11 -88 -38 15 29 -9 -54 78 48 80 19 -3 -23 11 -101 -35 
86 21 -13 -37 6 29 -74 -60 -85 40 0 19 -10 -22 46 -96 
-30 85 39 -7 -30 2 67 -67 -30 -89 -19 -1 23 -5 90 58 
-80 -40 4 39 0 -30 58 74 90 -22 3 -19 5 24 -62 88 
45 -77 -40 -1 30 3 23 -16 -100 11 
RSSI :-110 
Input angle :292
Zaxis angle :41 
minval :0 

minval :0 



-19 113 -110 -26 34 -109 107 40 -44 105 -102 -49 54 -102 97 58 
-86 -37 1 42 -2 -32 57 77 97 -19 4 -20 4 26 -69 90 
44 -83 -43 -4 32 0 -81 51 8 99 19 7 -26 1 -82 -78 
77 52 4 -42 -2 32 -39 -87 -99 0 -9 18 1 -26 87 -74 
-60 72 41 10 -31 -6 90 -33 10 -99 -18 -10 26 3 66 93 
-65 -66 -13 41 9 -30 -61 16 -70 2 
RSSI :-110 
Input angle :293
Zaxis angle :41 
minval :0 

minval :0 



-85 -63 68 -81 78 72 -75 76 -72 -79 83 -66 61 87 -89 58 
70 -60 -39 -20 30 8 -89 24 -28 95 13 11 -27 -8 -49 -93 
55 72 23 -36 -12 28 -15 -92 -92 -38 -12 12 11 -25 99 -37 
-80 45 35 27 -27 -13 93 -8 43 -89 -11 -13 25 11 30 102 
-38 -84 -30 32 16 -26 0 92 86 49 14 -11 -15 23 -104 20 
87 -30 -28 -34 24 19 -120 -113 -16 9 
RSSI :-110 
Input angle :296
Zaxis angle :36 
minval :0 

minval :0 



-86 -51 56 -84 82 58 -62 78 -74 -67 70 -72 69 72 -74 65 
61 -60 -36 -14 23 4 -92 34 -5 91 11 12 -22 -1 -55 -83 
57 65 18 -35 -6 23 -26 -94 -90 -16 -13 9 2 -21 88 -47 
-69 51 34 19 -22 -9 96 -16 25 -87 -8 -14 21 5 40 92 
-45 -74 -23 33 10 -20 8 97 84 34 15 -6 -7 20 -96 29 
79 -34 -29 -25 20 13 -81 15 85 10 
RSSI :-110 
Input angle :292
Zaxis angle :44 
minval :0 

minval :0 



49 88 -91 43 -39 -92 95 -33 31 96 -97 27 -22 -98 97 -15 
-85 19 27 36 -16 -19 96 18 55 -69 -1 -14 8 10 5 101 
-9 -87 -39 23 22 -15 -25 94 66 58 14 0 -11 7 -101 -2 
87 -4 -21 -40 14 22 -91 -32 -64 60 -1 14 -5 -12 13 -100 
-5 88 41 -16 -24 10 41 -86 -53 -70 -15 -3 12 -4 96 24 
-86 -13 13 44 -8 -24 -103 0 79 -6 
RSSI :-110 
Input angle :282
Zaxis angle :41 
minval :0 

minval :0 



88 62 -66 84 -82 -68 73 -76 72 79 -82 69 -64 -85 87 -60 
-56 56 43 11 -19 -6 92 -32 15 -89 -10 -17 10 1 50 95 
-47 -63 -15 40 8 -19 20 95 87 25 18 -8 -2 10 -98 41 
67 -41 -38 -19 18 10 -96 11 -34 83 6 20 -11 -3 -32 -102 
34 71 23 -37 -12 17 -1 -97 -80 -42 -21 4 4 -10 104 -23 
-72 31 35 26 -17 -13 100 112 125 -10 
RSSI :-110 
Input angle :292
Zaxis angle :47 
minval :0 

minval :0 



-60 -93 95 -55 52 97 -101 45 -39 -104 105 -35 31 106 -106 27 
74 -36 -32 -29 16 16 -94 -7 -56 75 3 23 -10 -6 -16 -108 
28 77 32 -28 -19 14 17 -92 -70 -61 -24 1 7 -9 110 -2 
-79 20 26 35 -12 -20 90 28 69 -62 0 -24 8 9 -12 109 
-8 -82 -38 21 21 -9 -35 88 56 74 23 4 -10 7 -108 -21 
82 0 -17 -38 7 21 100 -33 111 6 
RSSI :-110 
Input angle :139
Zaxis angle :51 
minval :0 

minval :0 



-65 86 -82 -70 76 -76 69 81 -85 66 -62 -88 89 -60 56 92 
-56 -67 -19 41 9 -19 21 92 86 25 16 -9 -5 15 -97 45 
71 -49 -39 -24 17 11 -93 12 -33 83 8 17 -14 -6 -33 -103 
42 77 27 -36 -12 16 -4 -94 -79 -43 -17 7 8 -13 105 -23 
-80 34 32 31 -15 -13 93 5 49 -75 -4 -18 12 10 15 106 
-24 -83 -35 29 16 -13 -116 96 31 7 
RSSI :-110 
Input angle :288
Zaxis angle :44 
minval :0 

minval :0 



-89 59 -53 -93 95 -49 44 97 -100 40 -35 -101 102 -30 25 103 
-37 -75 -29 36 15 -23 -3 98 82 52 18 -7 -11 10 -106 12 
78 -32 -34 -32 22 17 -97 -10 -60 76 5 18 -9 -14 0 -107 
22 81 34 -30 -21 20 24 -94 -69 -70 -19 3 13 -9 106 9 
-84 13 27 38 -16 -22 90 34 72 -64 -1 -19 6 13 -19 105 
-7 -84 -40 23 25 -14 109 80 45 10 
RSSI :-110 
Input angle :282
Zaxis angle :41 
minval :0 

minval :0 



98 -44 37 102 -105 31 -25 -109 114 -21 24 109 -111 7 -8 -115 
28 84 40 -34 -24 17 24 -94 -74 -70 -23 5 13 -15 112 5 
-89 16 31 38 -13 -25 92 35 76 -63 -3 -23 13 15 -14 110 
-5 -90 -41 27 26 -10 -40 91 60 79 23 0 -16 11 -109 -25 
90 -1 -23 -44 7 27 -83 -53 -85 49 -1 24 -9 -16 42 -103 
-10 90 45 -17 -28 5 -85 79 -78 -12 
RSSI :-110 
Input angle :295
Zaxis angle :44 
minval :0 

minval :0 



-65 90 -86 -71 75 -81 76 80 -86 71 -67 -89 90 -64 60 93 
-64 -60 -19 40 8 -20 27 93 95 17 16 -13 -1 15 -96 54 
68 -57 -39 -20 20 10 -96 18 -29 92 12 18 -14 -3 -40 -103 
51 74 25 -37 -12 17 -6 -97 -90 -37 -18 9 5 -14 107 -28 
-79 40 33 27 -17 -14 97 0 45 -85 -8 -19 13 7 17 109 
-34 -82 -32 30 16 -15 -96 -64 -36 6 
RSSI :-110 
Input angle :296
Zaxis angle :44 
minval :0 

minval :0 



-69 70 -65 -75 79 -61 58 81 -85 52 -47 -87 90 -43 38 93 
-42 -75 -29 32 16 -22 2 101 89 28 15 -6 -4 12 -96 28 
76 -40 -32 -29 20 17 -102 -1 -38 86 6 15 -11 -5 -19 -97 
26 82 33 -29 -18 19 15 -101 -80 -47 -14 3 6 -10 99 -9 
-84 19 24 37 -18 -20 99 25 56 -75 -3 -16 10 7 0 100 
-10 -85 -38 22 24 -14 -118 -48 -1 7 
RSSI :-110 
Input angle :292
Zaxis angle :44 
minval :0 

minval :0 



29 -99 98 33 -39 96 -93 -46 53 -89 90 54 -54 88 -86 -59 
78 39 5 -44 -5 28 -54 -81 -92 15 -12 15 -3 -15 69 -75 
-44 73 44 8 -28 -8 88 -44 -6 -93 -14 -12 14 -1 70 75 
-66 -55 -15 41 12 -26 33 92 92 2 14 -13 0 15 -82 62 
61 -59 -40 -19 26 14 -94 28 -9 92 11 16 -14 -1 -49 -91 
54 67 22 -39 -17 23 71 -1 -110 -3 
RSSI :-110 
Input angle :295
Zaxis angle :44 
minval :0 

minval :0 



59 85 -88 57 -53 -91 93 -46 40 97 -99 34 -30 -100 100 -24 
-77 38 31 32 -15 -22 96 15 47 -82 -3 -19 13 7 12 103 
-28 -80 -34 28 22 -12 -20 95 77 53 20 0 -10 11 -104 1 
83 -19 -24 -37 10 23 -91 -29 -63 70 0 21 -11 -11 8 -104 
8 85 39 -21 -24 8 41 -87 -60 -72 -20 -2 12 -9 103 16 
-85 3 15 43 -6 -26 -104 -32 -29 -8 
RSSI :-110 
Input angle :285
Zaxis angle :47 
minval :0 

minval :0 



-102 -7 14 -101 101 18 -21 100 -99 -26 31 -97 95 37 -45 91 
24 -82 -46 0 27 2 -68 68 38 83 16 7 -12 3 -88 -52 
80 33 3 -46 -4 27 -58 -74 -88 28 -9 15 -1 -12 64 -80 
-38 78 45 8 -27 -8 79 -52 -20 -90 -15 -9 12 0 74 69 
-72 -48 -12 43 11 -25 43 84 91 -10 12 -13 0 12 -78 67 
55 -66 -41 -18 24 14 4 -96 -110 11 
RSSI :-110 
Input angle :288
Zaxis angle :41 
minval :0 

minval :0 



-43 -87 89 -39 35 91 -92 30 -24 -94 95 -19 13 95 -96 8 
89 -25 -29 -38 12 24 -92 -11 -48 71 1 13 -6 -11 1 -97 
20 91 40 -24 -25 10 25 -90 -65 -56 -15 0 11 -6 97 10 
-93 3 19 43 -7 -27 89 30 63 -59 0 -14 4 12 -20 95 
1 -93 -44 16 27 -4 -41 84 53 67 13 2 -12 2 -93 -27 
92 10 -11 -46 2 28 114 127 59 6 
RSSI :-110 
Input angle :284
Zaxis angle :41 
minval :0 

minval :0 



82 51 -57 78 -74 -61 64 -72 69 67 -72 64 -60 -74 77 -57 
-63 61 41 20 -23 -14 87 -32 8 -90 -7 -11 12 3 48 82 
-56 -68 -24 39 16 -22 24 91 90 14 12 -7 -4 12 -86 41 
72 -50 -35 -29 21 19 -91 21 -21 88 5 11 -11 -5 -31 -91 
39 79 32 -32 -20 18 -9 -94 -84 -33 -12 4 6 -10 93 -23 
-82 33 31 34 -16 -22 83 112 -30 -11 
RSSI :-110 
Input angle :290
Zaxis angle :44 
minval :0 

minval :0 



-65 72 -71 -66 71 -67 63 74 -78 59 -55 -81 82 -52 49 83 
-56 -65 -23 41 16 -17 24 89 90 15 12 -6 -5 12 -90 35 
73 -45 -38 -27 16 18 -91 16 -22 88 6 13 -11 -6 -27 -93 
41 75 31 -35 -20 14 -3 -93 -85 -32 -12 4 8 -10 96 -18 
-81 30 31 35 -11 -20 93 2 43 -80 -2 -13 10 9 11 97 
-25 -81 -37 26 22 -10 -99 -16 2 6 
RSSI :-110 
Input angle :289
Zaxis angle :44 
minval :0 

minval :0 



91 -37 36 92 -93 32 -27 -95 97 -21 15 97 -98 9 -5 -98 
18 86 34 -22 -24 10 26 -93 -67 -59 -14 0 5 -2 98 6 
-88 7 21 37 -7 -25 89 38 62 -62 3 -13 1 6 -16 96 
0 -88 -38 17 26 -4 -44 87 55 68 13 4 -5 2 -94 -24 
89 7 -11 -40 2 25 -81 -53 -75 48 -4 13 0 -7 36 -90 
-16 88 41 -7 -27 0 -84 111 44 -10 
RSSI :-110 
Input angle :284
Zaxis angle :41 
minval :0 

minval :0 



-71 59 -55 -75 78 -50 45 80 -82 42 -40 -83 84 -37 30 87 
-42 -74 -30 36 21 -18 4 92 78 22 10 3 -5 4 -89 22 
80 -29 -31 -35 15 23 -93 -3 -32 74 -4 11 -4 -5 -11 -91 
26 81 36 -28 -25 12 9 -93 -71 -41 -10 -4 6 -3 92 0 
-82 18 24 40 -9 -26 90 23 47 -66 6 -10 2 6 -4 91 
-9 -84 -42 18 27 -6 0 112 97 6 
RSSI :-110 
Input angle :77
Zaxis angle :49 
minval :0 

minval :0 



43 -88 85 47 -51 84 -82 -54 58 -79 75 62 -68 71 -66 -72 
66 57 9 -41 -9 31 -34 -92 -97 -4 -13 9 0 -12 77 -59 
-62 61 40 12 -29 -13 95 -22 10 -97 -8 -14 12 0 51 83 
-55 -68 -16 39 15 -27 16 96 94 21 14 -7 -3 12 -91 37 
72 -48 -36 -22 26 18 -98 3 -33 91 5 15 -11 -5 -33 -91 
40 78 25 -33 -20 24 79 -65 -37 -6 
RSSI :-110 
Input angle :292
Zaxis angle :47 
minval :0 

minval :0 



-84 -43 48 -82 79 52 -56 75 -73 -60 63 -72 70 64 -69 62 
58 -70 -39 -9 32 4 -81 39 -1 88 1 16 -5 3 -57 -76 
66 59 16 -40 -9 31 -31 -90 -92 -4 -13 6 1 -10 81 -50 
-72 62 36 21 -29 -15 87 -22 13 -90 -2 -15 8 2 39 87 
-52 -77 -21 38 13 -28 9 93 87 27 18 0 0 5 -87 36 
80 -50 -36 -28 26 16 -63 111 -109 10 
RSSI :-110 
Input angle :279
Zaxis angle :56 
minval :0 

minval :0 



101 16 -21 101 -100 -26 33 -97 96 38 -39 95 -93 -46 50 -89 
-19 77 41 -1 -29 2 67 -63 -31 -82 -14 -13 9 -6 85 57 
-75 -24 0 41 0 -30 57 73 87 -20 15 -14 4 10 -68 76 
33 -72 -41 -5 29 2 -78 48 14 88 12 17 -10 4 -70 -74 
67 43 9 -40 -7 28 -39 -85 -88 4 -17 10 -2 -11 81 -62 
-46 63 39 12 -28 -9 3 16 -30 -12 
RSSI :-110 
Input angle :284
Zaxis angle :56 
minval :0 

minval :0 



-86 -51 56 -82 79 60 -65 76 -73 -69 71 -70 66 74 -78 61 
58 -61 -37 -17 33 6 -100 22 -14 93 10 9 -3 -3 -49 -86 
51 67 21 -34 -9 32 -10 -102 -92 -25 -10 10 2 -3 92 -39 
-69 47 33 23 -30 -14 102 -5 33 -88 -8 -10 3 3 30 95 
-39 -74 -25 30 16 -30 -8 101 86 39 12 -7 -3 2 -97 22 
79 -31 -27 -31 27 19 -96 -33 80 10 
RSSI :-110 
Input angle :289
Zaxis angle :36 
minval :0 

minval :0 



-100 -33 37 -99 97 43 -48 94 -90 -54 58 -88 86 61 -64 84 
29 -81 -43 -2 36 1 -79 52 14 92 14 14 -13 0 -76 -72 
76 38 6 -41 -6 36 -43 -84 -93 1 -16 13 1 -13 80 -68 
-48 71 40 11 -35 -10 89 -32 8 -92 -11 -17 13 3 59 88 
-67 -53 -17 39 12 -34 24 92 91 17 19 -10 -4 12 -95 46 
58 -62 -38 -20 32 16 -53 -97 25 11 
RSSI :-110 
Input angle :288
Zaxis angle :44 
minval :0 

minval :0 



-100 43 -39 -103 104 -34 26 106 -108 20 -15 -108 109 -10 6 108 
-30 -78 -36 28 21 -25 -22 98 70 63 24 -3 -18 8 -108 0 
81 -21 -25 -37 21 25 -97 -30 -68 64 2 25 -6 -18 19 -107 
13 82 41 -20 -26 19 38 -95 -57 -76 -25 0 18 -4 106 25 
-83 5 18 42 -18 -28 89 50 79 -50 2 -24 2 19 -33 104 
3 -84 -43 13 29 -14 84 16 -93 10 
RSSI :-110 
Input angle :288
Zaxis angle :39 
minval :0 

minval :0 



96 12 -17 96 -95 -20 24 -95 92 31 -37 90 -88 -42 45 -86 
-15 79 40 -2 -29 5 64 -66 -34 -80 -10 -14 7 0 80 55 
-77 -25 0 41 -3 -31 58 71 85 -23 14 -8 0 7 -63 73 
35 -73 -40 -5 29 -1 -76 54 17 85 6 16 -7 -1 -67 -69 
71 38 7 -40 0 30 -47 -79 -88 10 -17 4 2 -7 76 -61 
-44 68 38 12 -29 -4 -10 -97 -22 -12 
RSSI :-110 
Input angle :76
Zaxis angle :51 
minval :0 

minval :0 



57 84 -86 53 -48 -89 92 -40 35 95 -96 31 -28 -98 98 -21 
-70 45 29 27 -21 -22 96 4 42 -88 -3 -8 13 4 11 100 
-37 -75 -31 25 24 -18 -11 96 86 49 7 -3 -6 13 -100 0 
78 -27 -23 -33 15 25 -95 -22 -60 79 2 7 -11 -7 9 -101 
20 80 35 -18 -27 12 30 -92 -70 -70 -8 1 7 -11 98 20 
-82 13 16 36 -8 -29 -109 -80 -73 -9 
RSSI :-110 
Input angle :298
Zaxis angle :44 
minval :0 

minval :0 



-35 -100 103 -28 24 104 -105 18 -12 -106 107 -4 0 107 -105 -3 
84 -22 -29 -35 9 22 -96 -33 -70 69 6 23 -9 -13 18 -105 
9 87 39 -24 -23 6 44 -92 -60 -77 -23 3 14 -8 102 29 
-87 5 21 41 -4 -24 89 51 83 -53 0 -24 7 14 -35 100 
8 -87 -43 14 24 -1 -59 82 46 87 24 0 -15 4 -96 -45 
86 12 -12 -44 -1 24 68 63 -114 4 
RSSI :-110 
Input angle :288
Zaxis angle :41 
minval :0 

minval :0 



28 -103 100 33 -39 99 -97 -44 49 -95 90 55 -61 87 -85 -62 
81 37 0 -44 -5 22 -58 -92 -102 21 2 17 -4 -15 72 -76 
-44 77 44 4 -21 -7 96 -50 -10 -104 -18 2 15 -3 69 81 
-72 -52 -9 43 9 -21 38 102 104 3 0 -17 2 16 -84 64 
61 -66 -41 -13 19 11 -105 25 -12 104 19 1 -15 0 -53 -92 
60 65 18 -40 -13 18 50 -1 -11 -4 
RSSI :-110 
Input angle :300
Zaxis angle :39 
minval :0 

minval :0 



24 90 -92 16 -11 -94 93 -7 0 94 -94 -4 9 -94 93 13 
-80 9 19 37 -11 -23 92 42 65 -57 9 -17 -3 4 -20 91 
-4 -80 -39 14 24 -8 -48 89 49 73 15 10 -4 -4 -88 -32 
79 4 -9 -41 5 25 -87 -51 -76 42 -12 15 4 -4 40 -84 
-9 80 42 -6 -27 3 66 -77 -34 -81 -13 -13 3 5 79 50 
-77 -16 1 41 0 -26 -92 32 70 -4 
RSSI :-110 
Input angle :83
Zaxis angle :32 
minval :0 

minval :0 



36 -90 87 44 -50 84 -81 -55 60 -77 75 63 -67 71 -66 -70 
75 35 -1 -45 -12 39 -60 -88 -88 24 -9 17 10 -27 79 -58 
-41 72 45 3 -38 -17 95 -50 -10 -92 -15 -10 26 13 48 85 
-69 -45 -8 44 18 -37 41 99 92 -3 12 -15 -16 25 -85 46 
53 -63 -43 -14 34 24 -103 30 -7 92 13 14 -22 -17 -30 -93 
56 60 19 -41 -26 31 73 -65 1 -2 
RSSI :-110 
Input angle :86
Zaxis angle :39 
minval :0 

minval :0 



-112 -5 11 -112 111 18 -24 111 -108 -30 38 -106 103 42 -45 103 
15 -88 -46 7 23 -2 -73 69 35 92 23 -4 -20 3 -100 -51 
88 23 -4 -45 1 24 -65 -76 -94 30 2 25 -2 -20 64 -93 
-30 84 46 0 -24 -2 84 -56 -18 -96 -25 0 19 0 85 72 
-81 -39 -4 45 4 -24 48 89 98 -8 1 -24 -2 19 -77 82 
48 -77 -45 -8 23 6 9 0 66 12 
RSSI :-110 
Input angle :301
Zaxis angle :36 
minval :0 

minval :0 



-47 77 -74 -51 58 -69 66 61 -64 63 -58 -68 71 -54 50 74 
-67 -60 -12 39 16 -27 38 95 91 7 14 0 -9 10 -79 41 
68 -59 -38 -18 24 20 -98 29 -14 91 -1 13 -7 -10 -34 -83 
55 71 19 -37 -21 22 -20 -100 -88 -25 -14 -1 12 -7 85 -25 
-77 46 32 25 -22 -23 102 -8 33 -85 3 -14 7 11 17 88 
-38 -80 -27 31 25 -18 -88 96 -73 4 
RSSI :-110 
Input angle :80
Zaxis angle :47 
minval :0 

minval :0 



-10 -93 93 -6 1 94 -93 -4 8 -93 92 11 -16 91 -89 -21 
89 6 -17 -40 1 20 -95 -51 -80 54 -3 9 2 -13 32 -86 
-14 89 43 -11 -20 0 56 -92 -48 -84 -9 -4 13 2 82 44 
-85 -24 8 42 2 -20 83 68 87 -40 5 -9 -4 12 -47 80 
32 -83 -43 5 19 5 -77 76 32 91 8 5 -12 -5 -76 -54 
78 42 0 -44 -6 20 67 47 -120 2 
RSSI :-110 
Input angle :284
Zaxis angle :39 
minval :0 

minval :0 



-39 94 -91 -43 46 -89 86 52 -57 83 -81 -59 65 -78 74 67 
-72 -42 -4 37 2 -19 59 92 96 -5 6 -14 -4 6 -76 65 
52 -63 -36 -8 18 6 -99 48 -3 96 13 7 -5 -5 -56 -83 
60 57 12 -36 -8 17 -38 -102 -94 -18 -8 13 6 -4 88 -48 
-65 52 34 16 -16 -10 105 -30 24 -93 -11 -9 4 6 41 92 
-46 -69 -20 32 12 -15 -80 112 110 4 
RSSI :-110 
Input angle :282
Zaxis angle :32 
minval :0 

minval :0 



-22 -101 102 -18 14 103 -104 10 -6 -104 104 0 -3 103 -103 -10 
82 -2 -21 -39 10 14 -98 -44 -81 61 6 16 -3 -5 23 -99 
-3 81 41 -15 -16 9 58 -91 -53 -85 -17 3 6 -2 99 28 
-81 -15 12 43 -6 -17 86 64 92 -42 -2 -17 2 7 -42 95 
19 -78 -43 9 17 -5 -71 81 36 94 17 0 -8 1 -89 -51 
74 32 -3 -43 4 17 59 -97 6 3 
RSSI :-110 
Input angle :292
Zaxis angle :39 
minval :0 

minval :0 



-71 -79 82 -65 62 86 -89 56 -49 -93 95 -45 42 97 -97 38 
71 -43 -34 -22 15 9 -108 -9 -52 91 18 16 -9 -3 -25 -101 
37 74 26 -32 -12 14 16 -107 -85 -60 -19 15 4 -7 104 -16 
-78 27 29 29 -12 -13 106 24 70 -77 -15 -20 7 4 3 105 
-17 -81 -32 26 15 -12 -39 102 69 78 22 -13 -6 7 -105 0 
82 -8 -23 -33 9 16 87 95 12 8 
RSSI :-110 
Input angle :300
Zaxis angle :41 
minval :0 

minval :0 



41 -91 88 48 -51 86 -83 -56 63 -78 75 65 -68 74 -70 -70 
66 49 6 -42 -2 17 -44 -103 -103 -12 -12 17 0 -7 79 -62 
-51 64 41 9 -17 -4 107 -33 16 -103 -16 -12 7 1 57 82 
-61 -55 -12 39 5 -16 22 109 99 30 14 -13 -3 7 -89 45 
63 -51 -38 -15 17 7 -110 17 -36 97 12 15 -7 -2 -37 -92 
47 67 21 -36 -9 15 74 111 -81 -7 
RSSI :-110 
Input angle :303
Zaxis angle :44 
minval :0 

minval :0 



-92 -30 34 -90 89 39 -46 85 -83 -49 54 -80 76 59 -62 73 
35 -65 -45 -6 18 5 -86 61 10 93 21 22 -4 -6 -67 -69 
59 44 10 -45 -7 18 -52 -92 -94 0 -24 20 7 -3 76 -59 
-48 55 43 14 -17 -9 97 -37 10 -93 -17 -25 3 8 53 80 
-49 -56 -19 41 10 -16 34 100 92 15 27 -15 -8 1 -86 43 
56 -46 -41 -23 15 13 -57 -17 64 11 
RSSI :-110 
Input angle :282
Zaxis angle :32 
minval :0 

minval :0 



89 -25 21 89 -92 17 -10 -92 92 -6 2 93 -93 -2 7 -91 
5 73 35 -21 -21 5 37 -88 -65 -73 -14 -8 2 2 90 18 
-74 -1 15 38 -2 -20 84 46 79 -56 8 -13 -2 0 -31 86 
12 -72 -39 12 22 0 -54 79 49 84 13 10 -1 -3 -85 -35 
70 18 -7 -42 -1 22 -72 -64 -88 39 -11 11 3 -1 47 -79 
-26 67 41 -2 -21 -3 -61 31 73 -12 
RSSI :-110 
Input angle :86
Zaxis angle :29 
minval :0 

minval :0 



1 103 -103 -3 6 -103 102 14 -19 101 -99 -24 28 -99 96 33 
-74 -7 12 41 -3 -22 75 64 84 -37 9 -21 -3 5 -46 91 
11 -74 -41 11 22 -3 -68 71 30 86 20 10 -5 -3 -87 -53 
72 20 -6 -42 0 22 -64 -76 -89 21 -13 19 4 -5 61 -82 
-27 69 43 -2 -22 -1 81 -55 -12 -90 -18 -14 1 7 74 69 
-68 -32 -3 43 3 -22 -72 112 76 -1 
RSSI :-110 
Input angle :282
Zaxis angle :32 
minval :0 

minval :0 



-64 -85 87 -58 52 91 -92 49 -45 -95 98 -40 36 98 -100 32 
56 -42 -38 -19 15 9 -102 1 -47 78 6 27 -5 -1 -16 -104 
37 60 26 -35 -10 15 11 -95 -74 -53 -26 5 5 0 105 -9 
-61 36 32 29 -13 -14 98 13 56 -72 -3 -28 1 4 0 105 
-17 -70 -32 31 13 -14 -29 95 65 64 29 0 -2 0 -104 -9 
75 -14 -26 -32 13 16 114 63 106 7 
RSSI :-110 
Input angle :282
Zaxis angle :36 
minval :0 

minval :0 



-22 106 -104 -25 31 -104 102 37 -43 99 -96 -49 56 -93 91 58 
-73 -25 4 44 -1 -18 62 81 96 -18 7 -24 -3 6 -63 87 
32 -69 -44 0 20 0 -85 58 12 96 23 10 -6 -3 -80 -73 
65 40 5 -44 -1 19 -48 -91 -97 1 -11 22 4 -5 80 -72 
-44 63 43 9 -19 -1 94 -41 7 -97 -21 -14 6 4 60 88 
-57 -51 -12 42 4 -18 -64 -64 79 2 
RSSI :-110 
Input angle :282
Zaxis angle :36 
minval :0 

minval :0 



56 90 -91 55 -53 -91 94 -48 39 98 -100 33 -27 -102 102 -24 
-82 15 35 32 -8 -21 92 20 60 -78 -10 -20 1 10 15 104 
-10 -82 -36 31 22 -6 -26 92 71 68 21 -8 -9 1 -105 6 
84 -4 -28 -38 4 22 -89 -32 -74 64 6 22 0 -10 6 -105 
-5 84 41 -24 -22 1 45 -83 -54 -81 -22 5 10 0 103 19 
-82 -11 20 43 1 -22 -82 48 42 -6 
RSSI :-110 
Input angle :284
Zaxis angle :32 
minval :0 

minval :0 



-30 -99 100 -25 21 101 -103 15 -8 -104 104 -3 0 103 -103 -5 
78 0 -25 -40 2 27 -92 -46 -79 54 -2 16 2 -12 14 -103 
-11 78 44 -20 -27 -2 56 -85 -46 -83 -16 -4 12 2 99 27 
-77 -18 15 45 4 -26 82 61 87 -38 5 -14 -5 11 -36 97 
28 -73 -47 11 26 7 -74 70 27 91 14 8 -11 -6 -93 -47 
70 35 -2 -48 -10 24 67 31 -125 2 
RSSI :-110 
Input angle :284
Zaxis angle :36 
minval :0 

minval :0 



76 -74 68 80 -84 66 -61 -85 90 -56 49 93 -97 43 -39 -97 
39 68 23 -37 -12 11 -3 -107 -84 -43 -16 7 8 -5 102 -27 
-71 32 33 29 -10 -13 107 7 55 -76 -6 -16 5 9 19 103 
-24 -74 -31 30 13 -8 -26 104 73 59 17 -4 -9 4 -105 8 
76 -17 -28 -34 7 15 -102 -36 -69 65 1 18 -2 -10 3 -105 
6 78 36 -24 -15 5 -125 95 -4 -10 
RSSI :-110 
Input angle :293
Zaxis angle :39 
minval :0 

minval :0 



-70 85 -82 -74 77 -77 71 84 -88 66 -63 -90 94 -56 50 97 
-48 -61 -17 41 10 -12 11 112 85 38 21 -13 -10 9 -100 46 
66 -42 -38 -22 11 12 -113 3 -46 80 12 22 -7 -11 -33 -105 
35 70 25 -37 -13 10 7 -113 -78 -51 -23 9 11 -6 107 -24 
-73 28 35 28 -8 -13 111 17 62 -70 -7 -24 5 13 9 110 
-18 -77 -33 32 14 -6 -127 -16 96 8 
RSSI :-110 
Input angle :282
Zaxis angle :39 
minval :0 

minval :0 



99 -17 12 99 -99 6 1 -101 101 3 -8 100 -99 -16 23 -97 
-4 75 38 -21 -24 1 48 -89 -41 -77 -24 -8 17 -1 98 25 
-75 -11 15 40 0 -24 82 59 83 -29 11 -23 -1 16 -40 91 
21 -73 -43 10 23 5 -66 77 26 85 22 13 -16 -3 -88 -48 
73 22 -8 -42 -5 23 -71 -72 -86 12 -14 20 4 -15 56 -84 
-29 70 44 -3 -23 -7 -14 111 5 -11 
RSSI :-110 
Input angle :282
Zaxis angle :41 
minval :0 

minval :0 



-90 53 -47 -93 97 -41 35 100 -101 29 -25 -103 103 -18 14 105 
-18 -74 -27 23 17 -9 -31 104 57 74 27 -9 -11 4 -105 6 
76 -8 -19 -31 7 17 -99 -41 -78 51 7 27 -3 -11 7 -104 
-1 76 33 -16 -18 5 53 -94 -42 -84 -28 3 12 -2 102 22 
-75 -8 13 33 -3 -19 88 63 86 -35 0 -27 1 12 -28 101 
12 -75 -34 10 19 -2 53 112 76 11 
RSSI :-110 
Input angle :296
Zaxis angle :36 
minval :0 

minval :0 



-89 -66 71 -84 81 76 -81 76 -73 -84 86 -69 67 87 -89 62 
61 -47 -35 -13 10 13 -107 17 -42 75 18 28 -12 -12 -48 -99 
40 64 18 -33 -14 8 -7 -108 -70 -49 -30 15 12 -11 104 -38 
-67 34 31 22 -4 -15 108 4 56 -65 -11 -31 11 14 28 106 
-31 -69 -23 29 15 -4 -15 107 59 63 31 -9 -15 7 -109 21 
73 -23 -27 -26 2 16 117 -49 116 6 
RSSI :-110 
Input angle :287
Zaxis angle :39 
minval :0 

minval :0 



-101 47 -39 -104 106 -34 26 109 -110 23 -18 -109 111 -12 6 110 
-20 -72 -25 28 15 -10 -26 97 45 59 42 0 -23 1 -110 -5 
73 -15 -25 -28 6 18 -92 -37 -63 38 -4 43 1 -24 13 -110 
6 76 30 -23 -17 6 44 -90 -31 -67 -43 -8 24 2 108 26 
-75 0 19 32 -5 -17 84 52 71 -24 11 -41 -5 23 -35 105 
4 -74 -34 16 18 -4 41 -112 16 9 
RSSI :-110 
Input angle :282
Zaxis angle :39 
minval :0 

minval :0 



-95 -50 52 -94 91 58 -63 87 -84 -67 72 -80 76 76 -79 72 
54 -59 -40 -9 14 12 -90 46 -17 82 20 22 -8 -13 -64 -86 
54 58 11 -39 -13 12 -35 -95 -80 -27 -24 16 12 -7 92 -55 
-65 46 38 15 -10 -15 98 -27 31 -78 -15 -26 4 14 43 98 
-42 -68 -20 37 15 -9 15 100 75 38 27 -13 -15 4 -101 36 
72 -34 -35 -22 7 17 -93 -113 -21 8 
RSSI :-110 
Input angle :284
Zaxis angle :36 
minval :0 

minval :0 



-77 73 -68 -83 85 -64 61 89 -91 56 -53 -94 96 -49 41 98 
-41 -67 -17 38 17 -10 6 106 74 49 28 -12 -14 10 -101 33 
69 -34 -36 -21 8 18 -108 -2 -55 69 11 30 -9 -16 -18 -105 
30 72 25 -33 -18 7 14 -105 -63 -62 -30 6 16 -7 106 -10 
-74 20 30 28 -4 -18 105 21 66 -60 -5 -31 5 17 0 106 
-14 -77 -31 29 19 -2 108 112 -32 8 
RSSI :-110 
Input angle :282
Zaxis angle :41 
minval :0 

minval :0 



-77 61 -56 -82 84 -54 50 86 -88 46 -42 -90 91 -38 33 92 
-53 -64 -22 37 22 -20 21 105 81 40 28 -6 -16 11 -97 17 
69 -45 -35 -26 19 22 -107 8 -44 79 2 30 -10 -17 -11 -98 
40 72 29 -32 -24 17 0 -108 -75 -50 -29 0 18 -9 99 -3 
-77 30 28 33 -12 -27 106 11 61 -66 3 -29 6 20 -7 98 
-25 -78 -36 25 28 -10 122 -16 82 8 
RSSI :-110 
Input angle :86
Zaxis angle :44 
minval :0 

minval :0 



40 91 -94 35 -29 -96 97 -23 20 98 -99 15 -6 -99 99 0 
-65 41 44 24 -24 -31 113 -13 41 -76 3 -24 16 23 -5 100 
-33 -69 -31 40 32 -21 1 115 73 47 24 4 -22 13 -98 -14 
72 -24 -39 -32 17 35 -114 -11 -52 69 -7 23 -10 -24 24 -96 
17 75 35 -36 -35 15 19 -114 -63 -59 -22 -9 25 -9 94 31 
-75 13 31 40 -10 -38 0 16 -116 -8 
RSSI :-110 
Input angle :82
Zaxis angle :47 
minval :0 

minval :0 



91 60 -64 88 -85 -69 71 -83 79 74 -82 72 -67 -84 87 -64 
-55 61 43 11 -11 -7 107 -40 26 -89 -21 -18 15 5 57 91 
-56 -61 -16 41 8 -10 29 111 84 38 21 -18 -6 15 -97 47 
66 -48 -40 -20 9 9 -113 19 -46 80 14 23 -13 -8 -38 -101 
42 71 23 -38 -10 8 -6 -114 -77 -50 -24 14 9 -13 104 -29 
-75 35 35 27 -8 -11 123 -48 37 -9 
RSSI :-110 
Input angle :292
Zaxis angle :41 
minval :0 

minval :0 



-96 51 -48 -97 100 -40 34 103 -105 27 -21 -106 108 -14 9 107 
-20 -85 -33 35 10 -5 -16 106 68 63 21 -6 -15 9 -108 -1 
88 -9 -30 -37 3 11 -105 -32 -72 57 6 21 -7 -16 12 -106 
-1 88 39 -27 -11 2 33 -102 -51 -78 -21 3 16 -7 107 18 
-88 -4 23 42 -1 -11 99 47 82 -45 -1 -23 4 17 -25 105 
10 -87 -44 20 11 0 72 80 -30 10 
RSSI :-110 
Input angle :288
Zaxis angle :39 
minval :0 

minval :0 



-43 -104 106 -38 31 108 -107 27 -20 -109 110 -12 7 112 -110 0 
67 -23 -22 -28 10 20 -97 -22 -51 52 -4 43 0 -20 8 -110 
17 68 29 -20 -20 7 33 -93 -47 -55 -41 -10 20 3 109 19 
-70 8 17 31 -4 -21 89 42 61 -41 13 -41 -3 20 -35 106 
-2 -70 -32 14 21 -3 -50 85 35 63 40 17 -19 -5 -103 -41 
70 0 -10 -34 0 22 117 -1 58 3 
RSSI :-110 
Input angle :86
Zaxis angle :39 
minval :0 

minval :0 



-88 -24 30 -86 85 34 -38 83 -81 -42 43 -80 77 48 -53 73 
32 -68 -38 6 35 5 -86 62 7 88 19 15 -11 6 -69 -59 
66 38 -4 -37 -6 34 -53 -91 -87 -1 -17 19 -5 -11 65 -63 
-46 62 37 -2 -33 -10 95 -46 12 -85 -16 -19 11 -5 55 71 
-57 -51 -3 38 13 -32 34 99 84 20 21 -14 3 12 -77 49 
56 -53 -37 -7 31 16 -54 -33 125 10 
RSSI :-110 
Input angle :86
Zaxis angle :56 
minval :0 

minval :0 



97 -41 34 99 -100 29 -21 -102 104 -17 12 104 -105 8 -3 -104 
40 89 34 -27 -29 0 -2 -70 -52 -38 -50 -15 32 -9 105 5 
-93 32 25 37 3 -26 70 7 44 -48 20 -49 2 34 -19 102 
-21 -96 -40 20 27 6 -13 69 43 49 46 26 -34 0 -101 -27 
97 -14 -16 -40 -10 26 -68 -21 -53 36 -32 43 3 -34 38 -97 
0 98 43 -9 -25 -12 -68 -81 -8 -8 
RSSI :-110 
Input angle :104
Zaxis angle :47 
minval :0 

minval :0 



13 -110 110 17 -23 108 -107 -32 35 -105 105 37 -42 102 -99 -47 
81 23 -5 -45 -11 16 -78 -63 -85 12 -17 22 6 -19 61 -92 
-34 79 45 0 -15 -13 74 -68 -4 -86 -20 -20 18 8 87 67 
-76 -38 -3 45 13 -14 60 81 85 0 21 -19 -10 17 -76 79 
47 -72 -45 -7 13 14 -84 55 -8 85 17 24 -17 -11 -69 -85 
69 50 11 -44 -16 11 88 -97 69 -3 
RSSI :-110 
Input angle :284
Zaxis angle :39 
minval :0 

minval :0 



85 54 -58 84 -81 -61 66 -77 73 70 -73 71 -66 -76 79 -60 
-62 50 42 14 -13 -12 101 -32 21 -86 -11 -20 14 4 49 87 
-44 -66 -18 41 13 -11 21 105 81 32 20 -9 -5 12 -91 43 
70 -36 -39 -22 10 14 -105 12 -40 78 7 21 -12 -6 -31 -95 
28 75 25 -37 -15 9 -2 -105 -76 -40 -22 5 7 -11 99 -19 
-76 20 33 29 -6 -16 102 -80 -16 -10 
RSSI :-110 
Input angle :285
Zaxis angle :47 
minval :0 

minval :0 



-12 -97 97 -8 1 98 -98 -5 9 -97 96 14 -19 96 -94 -22 
91 9 -12 -38 -11 31 -94 -41 -78 41 -5 15 -1 -19 30 -92 
-19 89 38 -11 -29 -13 50 -89 -34 -81 -15 -6 18 1 88 42 
-88 -25 5 40 18 -27 83 59 84 -25 9 -13 -2 19 -45 86 
34 -84 -39 2 27 18 -65 80 16 86 13 9 -17 -3 -78 -57 
81 43 2 -40 -22 23 80 -113 27 1 
RSSI :-110 
Input angle :289
Zaxis angle :41 
minval :0 

minval :0 



-65 -65 67 -61 56 72 -75 52 -49 -77 78 -46 42 82 -83 37 
76 -56 -33 -15 26 23 -96 14 -28 84 -2 8 -22 -4 -29 -86 
49 81 18 -31 -26 24 -1 -97 -81 -34 -8 -2 6 -22 88 -22 
-85 42 29 22 -21 -27 98 7 43 -77 3 -8 21 8 12 90 
-33 -89 -25 26 28 -20 -20 95 72 52 7 4 -10 21 -91 4 
92 -23 -24 -27 14 32 -118 -17 -108 8 
RSSI :-110 
Input angle :276
Zaxis angle :58 
minval :0 

minval :0 



-89 -16 19 -88 87 24 -27 86 -83 -32 38 -82 80 42 -46 77 
23 -89 -44 9 35 4 -78 64 32 90 10 18 -25 10 -73 -51 
88 31 -5 -44 -8 34 -54 -85 -94 19 -18 9 -8 -26 58 -68 
-41 83 45 -2 -34 -10 89 -47 -12 -94 -7 -19 26 -6 63 63 
-79 -50 -3 45 15 -32 35 95 95 -4 20 -5 2 27 -71 57 
56 -73 -44 -7 30 18 -13 -49 -17 11 
RSSI :-110 
Input angle :287
Zaxis angle :54 
minval :0 

minval :0 



-87 19 -15 -89 88 -11 6 89 -89 2 2 -89 89 6 -10 87 
1 -92 -40 21 34 4 -47 88 53 79 20 8 -18 6 -87 -18 
92 10 -17 -42 -8 33 -83 -55 -84 46 -9 20 -5 -19 26 -84 
-19 91 42 -16 -31 -10 66 -76 -33 -90 -17 -12 19 -2 82 34 
-89 -24 9 45 13 -31 70 72 93 -21 14 -17 0 19 -41 78 
36 -85 -45 6 30 16 36 64 -59 11 
RSSI :-110 
Input angle :289
Zaxis angle :44 
minval :0 

minval :0 



-25 89 -88 -30 36 -86 83 44 -49 78 -76 -55 55 -75 73 57 
-74 -43 -8 41 21 -27 30 87 90 15 7 -10 11 21 -67 64 
51 -70 -40 -11 26 23 -90 22 -24 88 8 8 -22 8 -58 -72 
63 59 17 -39 -27 22 -10 -93 -84 -36 -9 6 -6 -23 78 -50 
-64 57 37 20 -19 -28 93 -4 43 -81 -6 -10 24 -4 43 82 
-51 -70 -23 34 29 -17 -97 96 10 6 
RSSI :-110 
Input angle :308
Zaxis angle :54 
minval :0 

minval :0 



-45 83 -80 -51 55 -77 76 58 -61 73 -69 -64 68 -65 62 70 
-58 -68 -12 38 17 -17 21 99 89 31 16 -12 -6 25 -77 55 
72 -52 -37 -15 15 18 -101 14 -40 85 12 17 -23 -10 -45 -82 
46 77 19 -36 -20 14 -6 -101 -82 -48 -19 8 12 -23 86 -39 
-83 33 34 24 -11 -22 100 8 57 -75 -7 -19 21 15 29 91 
-24 -87 -26 31 22 -8 -109 16 -72 7 
RSSI :-110 
Input angle :295
Zaxis angle :41 
minval :0 

minval :0 



66 -67 63 68 -71 60 -56 -75 78 -50 44 81 -83 40 -35 -85 
44 73 26 -35 -29 20 -3 -114 -71 -44 -21 10 18 -19 86 -32 
-75 39 35 26 -17 -30 115 5 50 -66 -6 -24 16 20 18 91 
-29 -79 -30 31 31 -15 -20 113 61 57 25 -4 -20 14 -91 11 
82 -22 -26 -34 10 32 -110 -32 -62 54 3 25 -12 -22 -1 -92 
12 84 36 -24 -35 7 -98 15 108 -9 
RSSI :-110 
Input angle :288
Zaxis angle :39 
minval :0 

minval :0 



79 -57 53 82 -85 48 -45 -87 90 -41 35 92 -94 29 -22 -95 
35 78 23 -26 -25 12 11 -103 -65 -49 -29 15 16 -20 98 -13 
-80 30 24 26 -9 -26 100 17 57 -60 -12 -30 18 18 7 97 
-21 -83 -28 21 27 -7 -26 100 55 62 31 -9 -20 16 -97 -3 
85 -13 -18 -30 4 27 -95 -37 -69 43 5 31 -14 -22 14 -97 
7 86 32 -16 -27 2 -84 -81 0 -9 
RSSI :-110 
Input angle :292
Zaxis angle :41 
minval :0 

minval :0 



102 27 -31 101 -98 -36 40 -96 96 44 -51 91 -88 -58 61 -84 
-46 89 52 -9 -27 -2 80 -74 -12 -94 -20 -6 31 -4 78 70 
-84 -55 3 52 5 -27 72 82 95 -6 8 -19 1 30 -76 72 
61 -78 -53 -2 26 7 -88 62 -4 95 19 10 -31 -1 -62 -84 
74 67 5 -52 -10 26 -52 -96 -95 -16 -11 16 5 -31 91 -51 
-74 67 52 9 -24 -12 39 80 50 -12 
RSSI :-110 
Input angle :292
Zaxis angle :44 
minval :0 

minval :0 



13 -92 92 16 -20 91 -90 -25 29 -88 87 34 -38 86 -83 -42 
74 23 -7 -41 -6 36 -90 -62 -73 38 -11 20 1 -25 55 -74 
-30 71 42 -4 -35 -10 71 -82 -27 -77 -20 -12 24 4 69 63 
-65 -41 0 42 14 -33 75 80 78 -21 15 -18 -4 24 -67 64 
45 -63 -41 -4 32 16 -88 66 14 79 16 16 -22 -8 -57 -73 
58 50 7 -41 -19 31 91 -49 27 1 
RSSI :-110 
Input angle :86
Zaxis angle :41 
minval :0 

minval :0 



16 85 -86 9 -2 -86 87 3 -7 85 -85 -10 13 -85 84 16 
-85 -3 13 39 1 -29 87 56 77 -43 8 -17 5 8 -29 81 
17 -84 -41 7 29 5 -67 79 31 82 14 10 -8 6 -77 -38 
81 26 -5 -41 -9 28 -75 -73 -84 23 -11 14 -4 -8 39 -76 
-28 80 42 -1 -27 -12 82 -63 -15 -87 -12 -13 9 -2 71 48 
-77 -38 -3 42 14 -26 -78 -64 71 -1 
RSSI :-110 
Input angle :288
Zaxis angle :54 
minval :0 

minval :0 



73 -66 63 74 -77 59 -53 -82 85 -47 43 87 -89 40 -36 -89 
49 75 23 -34 -18 26 0 -107 -74 -39 -33 10 11 -16 93 -27 
-80 40 32 26 -23 -22 107 11 48 -70 -6 -33 13 12 19 95 
-34 -83 -29 28 23 -22 -23 104 67 51 33 -4 -13 13 -96 8 
86 -26 -26 -32 18 26 -102 -32 -58 61 1 34 -12 -14 3 -97 
16 88 34 -23 -27 15 -114 -81 15 -8 
RSSI :-110 
Input angle :285
Zaxis angle :44 
minval :0 

minval :0 



-82 -37 40 -80 77 44 -50 74 -71 -56 58 -68 66 60 -61 64 
55 -73 -43 -10 28 16 -95 36 -6 91 7 18 -16 -1 -56 -70 
66 63 14 -42 -19 25 -26 -98 -89 -16 -20 4 3 -16 74 -49 
-73 56 40 18 -24 -22 100 -23 23 -89 -3 -20 16 4 41 81 
-54 -75 -22 37 25 -21 11 101 87 33 20 -1 -6 15 -83 33 
79 -46 -36 -24 17 27 -82 -33 -124 10 
RSSI :-110 
Input angle :283
Zaxis angle :54 
minval :0 

minval :0 



75 48 -51 73 -70 -54 59 -66 63 63 -65 60 -58 -67 71 -52 
-65 56 40 13 -17 -20 102 -34 16 -94 -5 -16 16 2 45 76 
-54 -67 -18 39 21 -16 29 104 91 24 17 -3 -4 16 -79 39 
75 -42 -37 -21 12 23 -107 18 -34 88 1 18 -14 -5 -28 -84 
35 78 25 -34 -25 10 -5 -108 -84 -41 -17 0 7 -14 85 -20 
-81 28 33 27 -9 -24 99 -96 -59 -11 
RSSI :-110 
Input angle :284
Zaxis angle :49 
minval :0 

minval :0 



-79 41 -38 -81 83 -31 27 85 -86 22 -17 -88 88 -12 7 89 
-20 -85 -33 30 29 -10 -21 100 73 51 19 10 -12 11 -88 -2 
86 -14 -25 -37 7 31 -98 -31 -58 68 -13 18 -10 -12 11 -88 
5 87 37 -23 -32 3 39 -94 -59 -65 -17 -14 13 -7 85 22 
-87 -6 17 42 0 -31 89 50 72 -52 16 -16 6 15 -28 84 
15 -87 -42 14 31 3 88 96 -58 9 
RSSI :-110 
Input angle :284
Zaxis angle :56 
minval :0 

minval :0 



-4 92 -92 -11 15 -92 92 19 -22 90 -89 -27 34 -87 85 38 
-84 -26 7 42 6 -27 69 78 85 -20 9 -10 12 10 -46 80 
35 -80 -42 3 25 10 -84 62 11 88 9 11 -11 12 -73 -54 
77 42 -1 -42 -11 25 -56 -88 -88 3 -11 8 -10 -12 61 -69 
-48 73 41 4 -24 -12 93 -46 0 -87 -8 -11 12 -9 64 67 
-67 -56 -7 41 16 -22 -81 16 111 1 
RSSI :-110 
Input angle :305
Zaxis angle :58 
minval :0 

minval :0 



-109 -33 38 -107 104 44 -48 103 -100 -53 56 -98 94 62 -69 88 
40 -85 -58 10 24 8 -72 74 8 96 18 11 -28 13 -84 -75 
80 49 -2 -58 -10 23 -70 -77 -98 0 -11 18 -10 -29 83 -76 
-58 74 58 1 -22 -12 85 -61 7 -96 -16 -13 31 -6 66 91 
-68 -64 -9 58 13 -21 50 90 95 21 15 -14 4 31 -97 58 
69 -63 -58 -13 19 16 -53 111 -67 11 
RSSI :-110 
Input angle :300
Zaxis angle :49 
minval :0 

minval :0 



83 25 -31 82 -80 -36 40 -78 77 43 -46 74 -71 -49 52 -69 
-35 93 48 -4 -31 -5 82 -74 -14 -93 -15 -20 28 2 63 60 
-87 -47 -1 48 9 -31 65 88 95 -6 22 -13 -4 28 -65 56 
53 -83 -48 -5 29 12 -93 56 0 94 11 22 -28 -9 -46 -73 
75 63 15 -47 -16 27 -44 -99 -92 -17 -23 8 11 -27 75 -44 
-66 73 46 13 -26 -17 48 0 86 -12 
RSSI :-110 
Input angle :82
Zaxis angle :49 
minval :0 

minval :0 



82 -22 15 83 -84 11 -6 -85 85 -3 0 84 -85 -2 6 -84 
2 99 41 -26 -31 3 46 -100 -51 -82 -20 -3 21 -11 82 16 
-99 -2 21 44 -1 -31 95 54 86 -42 5 -20 9 22 -27 79 
14 -98 -47 15 32 1 -63 89 36 88 19 7 -22 6 -77 -33 
96 21 -11 -48 -5 31 -84 -72 -92 25 -8 19 -6 -22 43 -73 
-34 92 49 -6 -30 -8 -31 95 15 -12 
RSSI :-110 
Input angle :288
Zaxis angle :44 
minval :0 

minval :0 



90 -34 28 91 -93 23 -19 -93 94 -15 10 95 -95 6 -1 -95 
28 85 36 -31 -29 15 32 -110 -59 -74 -33 6 16 -16 95 7 
-88 16 27 39 -14 -29 107 35 77 -57 -1 -34 16 17 -16 94 
-13 -88 -40 25 30 -11 -48 103 48 84 34 0 -20 13 -92 -22 
89 -5 -21 -43 8 32 -99 -57 -87 40 -2 34 -11 -21 33 -88 
-6 89 45 -15 -32 6 -62 47 -101 -12 
RSSI :-110 
Input angle :296
Zaxis angle :44 
minval :0 

minval :0 


