
6 44 -44 2 0 -44 44 3 -8 44 -43 -12 16 -41 40 19 
6 -33 -23 -103 -15 -72 64 87 76 49 6 59 59 -106 -45 -1 
7 32 67 81 46 57 -94 -54 -89 -12 -28 -51 -7 122 40 -17 
-20 -26 -97 -40 -65 -34 108 9 86 -27 48 32 -43 -114 -30 33 
29 16 104 -4 73 1 -102 35 -68 60 -57 -9 89 84 13 -43 
-33 0 -94 49 -66 29 -116 -112 -28 -22 Input angle :252
Zaxis angle :0 
minval :0 

minval :0 



-34 -4 6 -34 34 9 -12 33 -31 -15 18 -30 29 20 -23 25 
31 19 99 -6 72 -6 -92 49 -64 64 -58 -2 96 71 11 -33 
-35 -4 -88 45 -63 33 63 -83 26 -86 53 -21 -117 -22 4 34 
34 -11 55 -83 42 -59 -19 102 9 90 -39 42 115 -32 -18 -29 
-25 25 -15 97 -12 71 -25 -102 -48 -76 17 -54 -91 77 29 18 
11 -34 -26 -96 -20 -69 43 81 -28 12 Input angle :262
Zaxis angle :0 
minval :0 

minval :0 



-3 -39 39 0 -3 39 -39 -6 9 -38 37 12 -15 36 -35 -18 
-12 35 21 94 23 69 -60 -80 -74 -46 -13 -55 -50 109 40 3 
-2 -38 -59 -75 -49 -53 91 44 88 4 35 43 -6 -120 -38 12 
17 34 85 44 67 26 -100 -4 -83 31 -50 -23 56 106 29 -27 
-29 -22 -96 -1 -72 5 92 -39 60 -63 57 -1 -94 -75 -14 37 
37 9 89 -39 62 -36 -121 111 3 21 Input angle :250
Zaxis angle :0 
minval :0 

minval :0 



44 13 -17 43 -41 -19 23 -39 37 26 -29 35 -31 -33 35 -28 
-39 -33 -96 -11 -64 -19 97 -21 70 -38 55 21 -75 -98 -20 41 
49 13 92 -31 66 -7 -80 57 -47 65 -59 5 110 57 1 -45 
-51 5 -69 69 -55 36 45 -87 16 -79 49 -32 -124 0 19 41 
43 -28 33 -91 35 -57 -3 98 21 77 -33 49 115 -45 -34 -30 
-25 45 2 97 -8 66 54 111 100 -16 Input angle :250
Zaxis angle :0 
minval :0 

minval :0 



45 4 -8 44 -43 -12 15 -41 40 20 -24 38 -36 -27 28 -34 
-47 -30 -101 -4 -72 -16 98 -33 63 -38 57 21 -68 -90 -12 43 
56 6 94 -39 73 -14 -70 75 -41 62 -60 5 99 53 -7 -44 
-53 16 -70 72 -60 43 39 -95 9 -73 51 -31 -113 -5 24 37 
41 -38 33 -95 36 -64 7 103 22 71 -34 49 104 -43 -38 -23 
-20 52 12 100 -2 74 54 47 40 -14 Input angle :250
Zaxis angle :0 
minval :0 

minval :0 



36 9 -12 35 -34 -15 18 -33 31 20 -22 30 -28 -25 27 -26 
-34 -34 -93 -17 -65 -27 99 -20 64 -21 58 22 -59 -101 -15 34 
47 15 91 -25 71 -1 -79 63 -49 46 -62 4 98 63 -1 -37 
-49 7 -70 61 -63 32 49 -88 24 -62 54 -29 -115 -21 16 33 
41 -26 35 -86 44 -55 1 101 4 67 -33 52 112 -34 -28 -23 
-26 41 3 94 -14 70 120 -17 17 -15 Input angle :258
Zaxis angle :0 
minval :0 

minval :0 



19 20 -22 17 -15 -24 25 -13 11 26 -27 8 -6 -27 28 -4 
-16 -40 -74 -58 -61 -44 91 16 79 -6 52 28 -44 -116 -26 14 
32 28 91 18 75 15 -89 24 -71 36 -60 -6 90 84 16 -24 
-41 -11 -91 20 -72 21 67 -63 47 -65 56 -21 -115 -44 -4 28 
42 -6 73 -58 59 -47 -35 85 -14 78 -42 43 123 -16 -7 -27 
-33 27 -41 84 -35 67 -78 63 124 -20 Input angle :253
Zaxis angle :0 
minval :0 

minval :0 



30 26 -28 28 -25 -31 33 -21 18 36 -37 14 -11 -38 39 -8 
0 -37 -70 -64 -57 -36 95 30 77 -8 38 44 -10 -113 -33 23 
16 33 90 29 68 6 -100 12 -66 41 -55 -21 59 97 18 -35 
-30 -22 -93 15 -65 20 85 -53 43 -64 60 -3 -95 -63 -3 40 
36 7 79 -52 48 -47 -53 85 -11 77 -52 28 112 19 -15 -36 
-36 9 -48 81 -23 64 -88 -33 89 -19 Input angle :255
Zaxis angle :0 
minval :0 

minval :0 



-20 32 -31 -23 26 -29 26 28 -28 25 -21 -34 34 -17 15 34 
30 -45 15 -101 -2 -57 26 85 39 72 -22 50 92 -78 -28 -28 
-8 53 28 98 28 50 -58 -67 -67 -48 1 -56 -52 108 38 11 
-15 -52 -65 -79 -45 -35 81 36 80 16 22 51 1 -121 -39 5 
37 39 93 44 56 12 -89 1 -79 21 -41 -37 48 110 34 -21 
-49 -22 -103 0 -55 12 9 -15 62 -13 Input angle :254
Zaxis angle :0 
minval :0 

minval :0 



-39 -18 22 -36 34 26 -29 32 -29 -32 33 -27 24 35 -37 20 
38 31 99 16 73 7 -97 28 -69 49 -53 -21 81 80 26 -34 
-47 -13 -96 29 -70 23 74 -69 39 -75 57 -2 -109 -35 -8 42 
48 -10 78 -63 53 -51 -45 92 -10 85 -50 26 115 -6 -8 -43 
-39 29 -45 89 -29 67 0 -101 -28 -80 34 -45 -102 53 26 34 
22 -44 4 -100 -2 -74 -10 -112 -56 14 Input angle :257
Zaxis angle :0 
minval :0 

minval :0 



-51 17 -12 -52 53 -6 1 54 -54 -3 7 -54 53 9 -13 52 
49 -15 88 -54 49 -47 -52 80 -19 80 -43 30 111 8 -9 -53 
-37 35 -54 88 -25 62 10 -95 -16 -81 26 -45 -104 41 29 46 
17 -48 10 -103 -2 -68 28 91 47 68 -5 52 78 -79 -45 -29 
1 51 29 99 33 58 -66 -68 -72 -40 -16 -50 -39 104 54 7 
-24 -45 -68 -78 -51 -44 73 -47 84 2 Input angle :256
Zaxis angle :0 
minval :0 

minval :0 



10 -31 30 12 -16 29 -28 -16 18 -25 22 22 -22 22 -19 -25 
-23 49 15 90 14 72 -52 -83 -72 -48 3 -55 -54 98 28 16 
-3 -54 -49 -77 -44 -57 83 52 87 9 20 50 4 -112 -32 -2 
24 50 75 49 65 33 -97 -12 -85 24 -40 -37 43 103 30 -11 
-44 -32 -91 -9 -73 -1 92 -31 64 -59 52 16 -85 -72 -23 24 
53 12 87 -27 67 -30 -121 63 -45 20 Input angle :257
Zaxis angle :0 
minval :0 

minval :0 



-31 28 -26 -34 36 -23 20 38 -39 17 -14 -40 41 -11 8 42 
43 -19 51 -83 49 -62 -9 107 14 90 -33 37 109 -41 -24 -35 
-31 36 -10 97 -19 77 -34 -101 -46 -78 14 -48 -80 85 37 21 
11 -45 -30 -92 -18 -77 76 75 77 49 9 49 36 -110 -43 -3 
9 46 67 71 48 62 -99 -38 -90 -12 -29 -40 11 116 40 -15 
-28 -38 -91 -35 -70 -37 95 -63 123 -7 Input angle :251
Zaxis angle :0 
minval :0 

minval :0 



-21 23 -21 -22 24 -19 18 26 -27 15 -13 -29 29 -10 8 30 
40 -47 1 -92 5 -76 25 96 54 57 -16 63 77 -88 -19 -25 
-16 60 34 85 31 69 -64 -75 -72 -33 -10 -64 -34 113 28 15 
-11 -61 -68 -62 -58 -49 89 42 79 0 37 53 -18 -116 -32 0 
35 51 88 26 73 20 -99 -1 -71 36 -56 -32 64 99 29 -12 
-54 -30 -91 11 -75 9 -64 -32 27 -16 Input angle :257
Zaxis angle :0 
minval :0 

minval :0 



-16 -42 42 -13 10 43 -44 4 0 -45 45 2 -5 44 -43 -10 
19 54 68 68 51 39 -99 -37 -81 13 -37 -38 33 105 45 -8 
-41 -40 -90 -33 -63 -11 105 -10 69 -44 50 20 -70 -85 -37 26 
53 21 96 -8 62 -14 -92 51 -44 69 -54 3 102 42 23 -39 
-57 1 -83 49 -51 39 63 -85 12 -81 47 -26 -111 2 -3 46 
50 -28 55 -79 27 -58 112 80 113 19 Input angle :257
Zaxis angle :0 
minval :0 

minval :0 



38 5 -8 36 -37 -12 14 -36 34 18 -20 33 -30 -22 26 -28 
-53 -12 -93 24 -65 28 83 -59 28 -70 61 -16 -110 -33 -12 35 
54 -10 75 -59 47 -50 -48 90 5 75 -49 40 115 -16 -2 -38 
-46 31 -42 85 -20 67 5 -102 -41 -64 26 -58 -98 60 19 32 
30 -46 4 -95 -11 -68 38 94 62 43 1 63 60 -98 -33 -22 
-5 56 35 90 36 59 -41 126 38 -4 Input angle :255
Zaxis angle :0 
minval :0 

minval :0 



36 25 -28 34 -32 -31 33 -30 26 36 -38 23 -21 -40 41 -17 
-48 -25 -89 -16 -65 -20 108 -16 66 -36 48 17 -78 -80 -32 31 
54 1 89 -17 69 -6 -91 60 -42 63 -50 4 103 42 17 -42 
-50 20 -74 53 -57 38 59 -92 11 -75 44 -25 -112 8 2 46 
37 -39 42 -80 36 -58 -11 109 18 73 -29 41 98 -53 -19 -41 
-15 52 0 91 -7 69 55 -1 101 -15 Input angle :257
Zaxis angle :0 
minval :0 

minval :0 



-38 -10 13 -37 35 16 -19 34 -32 -22 25 -30 28 27 -29 26 
43 20 83 -1 71 7 -87 48 -63 51 -54 -8 88 58 17 -36 
-48 -1 -76 35 -68 22 61 -78 37 -72 52 -13 -106 -11 0 40 
42 -21 51 -65 49 -51 -24 96 0 81 -40 36 103 -27 -16 -36 
-31 35 -23 80 -27 65 -19 -98 -28 -76 22 -49 -79 71 30 26 
12 -45 -12 -82 -4 -71 -19 80 -47 13 Input angle :251
Zaxis angle :0 
minval :0 

minval :0 



-24 -15 16 -23 22 20 -22 20 -18 -22 24 -15 13 25 -26 11 
57 31 103 -3 71 -13 -96 54 -45 61 -56 -18 100 73 22 -20 
-65 -3 -91 45 -60 39 71 -85 21 -72 59 -8 -122 -26 -8 28 
60 -25 63 -80 36 -62 -23 108 14 75 -50 33 120 -29 -3 -30 
-46 46 -20 101 -6 71 -22 -108 -44 -61 30 -52 -93 81 15 25 
16 -63 -21 -99 -25 -68 16 -31 -34 8 Input angle :262
Zaxis angle :0 
minval :0 

minval :0 



29 -18 16 32 -33 13 -9 -34 35 -7 5 35 -35 2 1 -35 
-48 24 -47 86 -45 51 11 -100 -10 -80 45 -35 -115 42 9 34 
31 -43 8 -98 16 -66 31 96 43 68 -25 52 88 -87 -25 -26 
-10 52 33 92 10 67 -70 -72 -67 -44 0 -58 -42 116 33 13 
-10 -52 -72 -67 -39 -56 96 35 79 10 24 52 -11 -123 -36 2 
33 42 93 30 59 34 -56 126 -75 5 Input angle :284
Zaxis angle :25 
minval :0 

minval :0 



-29 -29 30 -27 25 32 -34 22 -19 -36 37 -15 11 38 -39 8 
15 46 77 50 55 52 -101 -8 -81 3 -36 -45 41 113 34 -23 
-33 -36 -92 -10 -73 -22 96 -33 72 -35 52 26 -85 -85 -20 35 
46 17 89 -24 76 -11 -69 75 -48 64 -58 0 112 44 4 -40 
-49 2 -69 61 -65 40 36 -96 20 -78 53 -24 -121 3 11 39 
43 -24 37 -85 43 -63 59 -112 -9 19 Input angle :250
Zaxis angle :0 
minval :0 

minval :0 



1 36 -36 -2 5 -35 35 8 -11 34 -33 -13 16 -32 30 18 
15 -45 -36 -97 -24 -66 75 83 85 26 6 38 19 -127 -36 -6 
5 47 76 70 47 51 -106 -34 -88 16 -23 -32 38 123 36 -9 
-25 -41 -98 -34 -66 -22 112 -8 74 -50 34 20 -86 -95 -28 24 
40 26 102 -17 70 -6 -100 52 -44 78 -39 -4 118 51 15 -33 
-47 -6 -88 55 -59 37 31 -96 -97 -23 Input angle :251
Zaxis angle :0 
minval :0 

minval :0 



-41 24 -21 -43 44 -17 13 46 -47 8 -5 -47 47 0 -2 47 
38 -20 70 -73 44 -48 -43 92 -4 86 -48 26 116 -6 -14 -46 
-27 32 -34 96 -19 63 -4 -102 -34 -79 32 -45 -104 50 33 35 
12 -41 -11 -101 -6 -65 44 91 62 59 -12 54 70 -92 -44 -18 
8 43 53 87 34 55 -81 -60 -82 -26 -12 -54 -28 112 47 -2 
-24 -35 -84 -60 -54 -37 86 -63 -37 -4 Input angle :257
Zaxis angle :0 
minval :0 

minval :0 



22 -40 38 24 -28 36 -33 -30 33 -30 27 36 -38 25 -22 -40 
-34 36 -21 112 -20 62 -2 -107 -29 -76 37 -49 -96 53 35 28 
14 -48 -28 -110 -10 -64 48 96 62 53 -11 60 64 -89 -44 -10 
8 49 71 89 37 54 -86 -62 -79 -21 -13 -60 -20 107 44 -10 
-27 -42 -104 -46 -57 -31 105 18 81 -14 41 46 -28 -105 -35 29 
43 26 114 1 65 3 -14 126 -52 11 Input angle :254
Zaxis angle :0 
minval :0 

minval :0 



6 -39 38 8 -12 37 -36 -15 18 -35 33 22 -25 30 -28 -27 
-18 43 1 103 -4 73 -30 -92 -55 -72 16 -61 -85 87 37 13 
-2 -47 -42 -94 -28 -68 64 72 80 41 10 62 40 -116 -39 3 
22 41 78 67 55 48 -89 -37 -90 -3 -34 -53 12 121 34 -19 
-36 -29 -100 -25 -71 -19 97 -4 83 -33 53 33 -63 -103 -21 32 
45 10 103 -15 73 -10 11 -113 -33 16 Input angle :250
Zaxis angle :0 
minval :0 

minval :0 



-37 13 -10 -38 38 -6 2 40 -39 0 1 -40 39 5 -9 38 
35 -7 83 -57 55 -52 -51 84 -14 90 -48 14 117 -15 -5 -40 
-30 21 -49 88 -27 71 9 -98 -27 -87 36 -34 -97 67 23 33 
17 -31 3 -101 -6 -76 35 92 59 69 -18 47 58 -103 -34 -21 
-2 36 37 94 38 66 -67 -72 -82 -38 -3 -50 -10 118 40 3 
-13 -33 -69 -73 -61 -45 109 -95 -26 -1 Input angle :254
Zaxis angle :0 
minval :0 

minval :0 



-45 -12 17 -44 43 21 -24 40 -39 -27 30 -36 33 33 -36 31 
45 11 111 -4 69 -7 -92 48 -60 66 -58 -17 99 56 21 -42 
-46 9 -98 55 -58 36 65 -81 28 -85 60 -8 -113 -9 0 47 
38 -26 64 -92 37 -58 -25 101 10 89 -51 31 107 -38 -18 -44 
-23 40 -22 110 -8 68 -20 -102 -48 -75 32 -51 -79 82 34 32 
3 -47 -30 -107 -18 -66 46 -15 101 12 Input angle :257
Zaxis angle :0 
minval :0 

minval :0 



-41 -8 11 -41 39 13 -17 38 -36 -21 23 -35 32 25 -28 31 
48 5 110 -35 56 -20 -87 66 -48 68 -55 -2 103 39 14 -40 
-47 14 -87 76 -41 43 48 -98 11 -83 50 -21 -111 10 3 42 
36 -32 46 -106 20 -56 -3 109 26 79 -38 40 98 -53 -21 -37 
-21 44 2 116 2 60 -35 -104 -54 -63 19 -51 -68 87 34 25 
-2 -49 -50 -105 -27 -53 52 -79 -119 8 Input angle :257
Zaxis angle :0 
minval :0 

minval :0 



-1 -42 43 0 -4 42 -41 -7 9 -40 40 12 -17 38 -36 -20 
-4 16 13 88 18 80 -46 -80 -77 -56 -4 -57 -34 115 41 4 
-2 -16 -49 -75 -48 -66 75 54 94 14 26 51 -15 -118 -41 12 
9 15 75 48 73 38 -90 -21 -92 27 -47 -33 56 106 32 -28 
-13 -9 -89 -9 -82 -5 90 -20 73 -61 57 12 -98 -69 -17 39 
17 1 85 -26 76 -30 102 15 -1 21 Input angle :255
Zaxis angle :0 
minval :0 

minval :0 



-10 13 -13 -11 13 -12 10 13 -14 9 -8 -15 16 -6 5 16 
14 -11 34 -37 33 -24 -24 43 -7 50 -25 13 70 3 -11 -13 
-8 16 -16 48 -21 35 6 -49 -13 -49 17 -23 -66 24 15 8 
1 -17 -7 -50 2 -41 16 47 33 37 -6 28 47 -51 -17 0 
6 16 26 44 13 39 -35 -34 -46 -20 -6 -28 -19 67 15 -7 
-12 -12 -41 -29 -29 -29 -105 97 95 0 Input angle :256
Zaxis angle :0 
minval :0 

minval :0 



-4 -20 20 -2 0 20 -20 -1 3 -20 19 4 -6 19 -18 -7 
-3 20 6 49 -10 39 -21 -44 -22 -41 7 -32 -51 49 20 0 
-6 -19 -25 -43 -7 -40 36 32 37 27 6 33 27 -66 -18 7 
13 15 41 28 24 32 -47 -14 -46 -8 -20 -26 2 71 13 -14 
-18 -9 -50 -6 -35 -20 47 -9 45 -11 30 15 -34 -63 -5 19 
20 0 48 -14 40 2 -31 -66 33 15 Input angle :256
Zaxis angle :0 
minval :0 

minval :0 



21 44 -46 18 -15 -46 47 -11 7 48 -48 2 2 -50 49 5 
1 -36 -81 -97 -33 -58 97 47 82 27 19 54 22 -116 -47 14 
15 32 111 58 55 39 -109 -1 -87 10 -40 -41 25 116 37 -30 
-26 -24 -126 -8 -67 -11 100 -43 74 -44 54 20 -73 -94 -18 43 
34 9 114 -52 67 -17 -70 82 -44 75 -57 5 108 48 -2 -48 
-35 5 -85 92 -50 45 32 0 28 -22 Input angle :255
Zaxis angle :0 
minval :0 

minval :0 



53 -26 22 54 -56 17 -11 -57 59 -7 1 59 -59 -4 8 -57 
-29 -7 -106 51 -58 22 56 -69 41 -81 37 -12 -100 -14 13 57 
30 -4 74 -92 44 -43 -20 88 -2 91 -28 28 96 -29 -39 -43 
-23 16 -28 114 -15 60 -17 -89 -37 -83 15 -37 -75 67 53 24 
14 -27 -27 -115 -6 -61 52 73 67 61 3 40 40 -93 -58 0 
-4 30 70 95 33 52 -98 30 24 -6 Input angle :255
Zaxis angle :0 
minval :0 

minval :0 



-10 -40 40 -8 4 41 -41 0 3 -41 41 6 -9 40 -39 -13 
5 39 54 89 24 44 -80 -74 -88 -30 -4 -57 -44 107 41 -1 
-22 -32 -86 -59 -41 -29 105 30 92 -10 28 50 -7 -116 -37 19 
34 20 104 13 50 8 -109 9 -78 50 -46 -34 54 103 24 -33 
-39 -2 -100 30 -49 10 94 -55 49 -78 57 10 -93 -68 -9 40 
37 -13 75 -72 39 -33 -47 -49 27 23 Input angle :258
Zaxis angle :0 
minval :0 

minval :0 



17 -1 0 18 -18 -2 3 -17 17 5 -6 16 -15 -8 9 -15 
-22 8 -45 34 -25 26 30 -60 5 -32 29 -18 -72 -7 -3 18 
16 -17 24 -51 11 -34 -1 68 10 31 -19 28 69 -22 -4 -17 
-7 23 0 56 5 36 -30 -60 -22 -24 5 -34 -51 52 11 13 
-3 -24 -23 -52 -19 -31 51 44 30 13 10 33 24 -69 -16 -7 
13 20 43 37 31 19 -8 -98 56 1 Input angle :262
Zaxis angle :0 
minval :0 

minval :0 



6 13 -14 5 -3 -14 15 -2 1 15 -15 0 1 -15 15 2 
-7 -17 -42 -20 -28 -6 56 -3 43 0 28 14 -25 -65 -15 3 
14 12 46 1 27 -7 -49 26 -39 17 -31 -2 50 48 13 -9 
-17 -6 -43 18 -22 18 34 -44 27 -33 29 -11 -66 -21 -7 14 
19 -1 30 -35 12 -25 -13 54 -10 41 -22 22 70 -6 0 -15 
-16 9 -13 45 -1 28 -58 95 -72 -22 Input angle :254
Zaxis angle :0 
minval :0 

minval :0 



-31 16 -14 -32 32 -11 9 33 -34 6 -3 -34 35 -1 -1 34 
62 -49 55 -88 33 -96 -14 103 24 100 -74 61 104 -25 -10 -34 
-37 70 -17 102 5 102 -29 -100 -63 -80 38 -89 -83 68 24 26 
6 -79 -29 -99 -52 -87 67 80 92 44 0 97 52 -93 -32 -14 
25 75 65 81 82 61 -94 -44 -103 -5 -38 -89 -6 107 36 0 
-54 -57 -92 -48 -99 -24 2 -109 109 -19 Input angle :257
Zaxis angle :0 
minval :0 

minval :0 



21 32 -33 18 -16 -35 37 -12 10 38 -38 6 -3 -39 38 0 
-46 -81 -85 -55 -87 -46 99 26 102 -11 46 80 -23 -100 -36 14 
75 54 101 13 99 2 -100 19 -87 55 -75 -55 64 81 26 -29 
-92 -18 -97 29 -92 35 84 -58 53 -88 91 15 -92 -46 -12 38 
89 -25 77 -66 67 -73 -52 87 -15 102 -89 23 103 2 -4 -40 
-74 57 -42 92 -28 94 29 31 60 -50 Input angle :282
Zaxis angle :25 
minval :0 

minval :0 



-10 6 -5 -11 11 -4 3 11 -12 2 -1 -12 12 0 0 12 
-9 -19 -11 -41 -17 -26 34 39 40 17 15 31 16 -67 -4 -12 
16 13 28 31 27 16 -48 -19 -44 1 -27 -22 12 68 9 9 
-20 -5 -38 -18 -32 -2 52 0 39 -20 34 8 -42 -55 -12 -4 
20 -3 42 0 30 -11 -47 22 -29 33 -35 6 61 32 13 -1 
-17 12 -39 17 -22 23 79 -32 -114 -22 Input angle :259
Zaxis angle :0 
minval :0 

minval :0 



-41 3 1 -41 41 4 -8 40 -40 -11 14 -39 37 17 -20 35 
76 -31 75 -73 83 -51 -48 90 -27 99 -83 57 104 19 3 -42 
-54 61 -42 96 -55 80 6 -102 -10 -102 54 -85 -102 28 15 39 
23 -79 -5 -105 13 -97 36 96 52 89 -17 99 83 -66 -28 -31 
13 81 47 94 27 94 -73 -71 -86 -56 -29 -96 -44 96 39 14 
-45 -68 -82 -66 -67 -71 46 -125 89 8 Input angle :262
Zaxis angle :0 
minval :0 

minval :0 



24 -11 8 25 -26 5 -3 -27 27 -1 0 28 -27 -2 4 -26 
-11 40 -19 107 0 63 -26 -117 -43 -66 22 -68 -95 60 6 27 
-7 -40 -27 -106 -30 -56 75 94 68 40 10 71 62 -93 -16 -23 
23 34 70 83 48 40 -107 -54 -79 -8 -39 -59 -21 110 25 14 
-34 -21 -99 -47 -61 -12 121 3 73 -29 59 39 -29 -109 -28 -1 
41 3 110 0 62 -13 33 -97 101 14 Input angle :257
Zaxis angle :0 
minval :0 

minval :0 



0 37 -37 -2 4 -37 36 7 -11 35 -34 -13 16 -33 32 18 
-21 -33 -66 -93 -39 -48 105 66 72 17 38 63 35 -112 -37 -6 
32 21 99 54 56 27 -123 -17 -73 10 -61 -41 11 118 36 -9 
-40 -5 -113 -11 -62 -4 118 -36 62 -40 70 18 -62 -102 -27 24 
38 -10 108 -37 58 -25 -91 85 -38 63 -70 19 99 64 13 -35 
-29 27 -79 81 -43 45 29 112 110 -19 Input angle :262
Zaxis angle :0 
minval :0 

minval :0 



-12 28 -27 -15 18 -25 24 20 -22 22 -20 -24 26 -18 16 26 
0 -42 0 -107 4 -62 42 113 36 56 -7 84 98 -64 -25 -18 
18 38 43 97 20 58 -84 -87 -56 -36 -28 -80 -61 100 30 6 
-33 -27 -79 -70 -44 -43 113 42 66 8 60 60 10 -117 -30 7 
41 9 103 27 58 22 -121 9 -64 18 -80 -29 39 111 26 -18 
-41 7 -105 13 -62 2 -63 0 109 -12 Input angle :262
Zaxis angle :0 
minval :0 

minval :0 



-14 36 -35 -18 20 -33 31 23 -25 28 -25 -28 31 -23 20 33 
-27 -37 -50 -100 -34 -53 105 75 56 25 25 80 52 -102 -32 -22 
42 23 88 69 53 34 -126 -30 -61 0 -55 -63 -9 114 39 7 
-47 -4 -109 -25 -63 -7 126 -28 56 -26 78 32 -42 -106 -37 12 
45 -17 109 -24 59 -19 -100 81 -39 47 -84 0 84 78 29 -26 
-34 33 -88 68 -47 42 65 16 1 -15 Input angle :257
Zaxis angle :0 
minval :0 

minval :0 



-32 -27 30 -29 26 32 -35 23 -22 -36 37 -20 16 39 -39 13 
88 -11 98 -38 88 -45 -70 76 -46 89 -100 0 78 68 32 -28 
-74 50 -71 77 -61 78 34 -98 9 -100 90 -43 -100 -31 -19 39 
51 -73 32 -100 27 -95 8 104 40 92 -65 74 103 -18 0 -43 
-15 88 11 104 15 98 -55 -88 -77 -64 30 -94 -88 55 15 40 
-24 -85 -55 -89 -55 -82 4 -125 -93 15 Input angle :262
Zaxis angle :0 
minval :0 

minval :0 



4 -28 28 6 -8 27 -26 -10 12 -25 24 15 -17 23 -21 -18 
11 39 53 99 25 62 -92 -82 -61 -36 -32 -73 -58 105 27 9 
-27 -30 -91 -66 -51 -43 118 36 71 7 61 52 8 -120 -28 2 
36 15 110 23 64 18 -122 19 -66 24 -78 -20 45 111 24 -14 
-40 2 -109 27 -66 11 105 -64 51 -49 79 -12 -87 -82 -17 23 
35 -18 89 -68 56 -36 -103 63 -101 16 Input angle :262
Zaxis angle :0 
minval :0 

minval :0 



22 -10 8 23 -24 6 -3 -24 24 -1 -1 24 -25 -2 3 -24 
-71 55 -57 86 -66 74 46 -92 17 -100 77 -61 -104 3 5 24 
38 -81 14 -103 24 -96 -1 103 30 98 -46 87 92 -49 -15 -20 
0 90 30 99 22 97 -40 -95 -69 -75 2 -99 -63 82 23 11 
-37 -82 -71 -75 -57 -81 79 67 93 41 35 92 24 -101 -25 -1 
67 60 94 44 84 53 -54 28 -106 1 Input angle :259
Zaxis angle :0 
minval :0 

minval :0 



-23 -14 16 -22 21 17 -19 19 -17 -21 23 -15 13 24 -24 11 
63 -51 80 -63 66 -74 -61 84 -19 101 -87 45 104 12 19 -20 
-33 73 -49 89 -32 94 18 -102 -19 -101 60 -78 -100 30 -7 27 
1 -81 4 -102 -15 -98 26 100 65 80 -19 96 78 -69 -5 -28 
36 72 36 95 55 82 -69 -77 -92 -46 -20 -96 -41 95 16 23 
-63 -51 -77 -67 -85 -52 64 -45 10 2 Input angle :257
Zaxis angle :0 
minval :0 

minval :0 



16 -38 36 20 -23 34 -33 -26 28 -31 28 30 -33 25 -22 -34 
-5 82 29 100 11 96 -60 -84 -74 -71 10 -98 -64 81 35 24 
-32 -76 -73 -74 -54 -80 90 50 99 26 34 92 23 -102 -42 -5 
63 53 94 45 81 53 -103 -9 -102 13 -73 -66 22 102 40 -11 
-78 -28 -104 0 -96 -14 98 -34 89 -51 93 33 -61 -84 -33 26 
82 -7 95 -43 93 -29 55 -66 56 43 Input angle :262
Zaxis angle :0 
minval :0 

minval :0 



11 31 -32 8 -5 -33 32 -2 0 33 -32 -2 5 -32 31 8 
-64 -28 -103 -4 -100 7 97 -37 87 -53 97 17 -77 -74 -33 5 
70 0 96 -39 90 -43 -78 69 -58 85 -96 22 99 39 27 -20 
-63 30 -69 77 -60 80 41 -96 18 -101 79 -60 -107 6 -17 29 
43 -55 35 -98 22 -97 2 104 25 100 -41 90 92 -54 3 -33 
-16 68 11 103 21 98 -29 109 15 -39 Input angle :257
Zaxis angle :0 
minval :0 

minval :0 



28 -21 19 30 -31 17 -14 -32 34 -10 7 35 -35 5 -3 -35 
-2 86 -5 102 -2 99 -46 -92 -62 -81 10 -99 -71 76 18 32 
-37 -78 -38 -95 -41 -90 82 62 88 52 30 95 31 -100 -28 -23 
65 57 73 71 76 64 -100 -25 -102 -8 -68 -73 11 104 35 9 
-83 -22 -97 -34 -95 -28 102 -17 98 -30 92 37 -54 -89 -36 7 
86 -9 102 -9 98 -14 -72 109 40 36 Input angle :262
Zaxis angle :0 
minval :0 

minval :0 



3 -8 8 3 -5 7 -7 -5 6 -7 6 7 -7 5 -5 -8 
-73 57 -47 90 -58 77 15 -103 -3 -102 74 -65 -103 16 7 6 
48 -81 4 -102 23 -94 29 99 45 91 -39 91 88 -56 -9 -2 
-3 93 34 96 21 94 -71 -75 -82 -59 -4 -100 -52 90 10 -1 
-36 -88 -75 -69 -57 -80 96 39 98 25 45 89 11 -104 -7 5 
69 64 97 31 86 46 -32 -52 7 10 Input angle :250
Zaxis angle :0 
minval :0 

minval :0 



34 11 -14 34 -31 -16 17 -31 30 21 -24 28 -26 -25 28 -22 
-91 20 -95 37 -90 37 68 -77 59 -82 98 -14 -95 -42 -16 32 
75 -56 70 -74 64 -74 -26 100 -16 100 -82 54 104 -4 2 -35 
-44 82 -33 97 -22 95 -19 -101 -25 -98 49 -86 -92 47 13 34 
3 -93 -12 -101 -15 -98 55 87 63 78 -10 98 62 -83 -29 -25 
37 87 54 86 55 82 29 -3 -68 -23 Input angle :257
Zaxis angle :0 
minval :0 

minval :0 



-9 27 -26 -12 14 -24 23 16 -17 22 -21 -19 21 -19 17 23 
65 -60 50 -90 55 -80 -20 102 4 103 -68 72 105 -18 -25 -14 
-37 81 -1 103 -14 97 -30 -100 -48 -91 39 -91 -85 64 28 3 
-1 -89 -41 -95 -28 -94 68 79 83 60 2 99 53 -92 -27 9 
39 80 76 70 64 74 -95 -44 -99 -25 -46 -88 -9 106 21 -20 
-69 -56 -97 -37 -90 -39 39 99 89 -13 Input angle :247
Zaxis angle :0 
minval :0 

minval :0 



2 -32 31 6 -10 32 -29 -12 16 -28 26 15 -19 26 -25 -21 
-41 68 -22 101 -15 97 -13 -104 -37 -95 47 -86 -92 51 30 10 
6 -79 -23 -101 -20 -96 53 90 70 74 -12 98 64 -84 -32 3 
23 76 64 81 60 77 -86 -60 -96 -35 -34 -92 -21 103 28 -15 
-54 -57 -92 -47 -89 -40 103 15 101 -9 69 69 -22 -103 -19 26 
73 31 103 9 98 2 44 -51 120 24 Input angle :248
Zaxis angle :0 
minval :0 

minval :0 



6 11 -12 5 -4 -12 13 -3 2 13 -13 1 0 -13 13 1 
-8 -19 -33 -33 -20 -23 50 35 42 11 16 31 10 -66 -13 3 
16 14 43 18 28 11 -61 -8 -43 7 -27 -22 16 65 9 -8 
-21 -6 -47 1 -31 1 59 -16 37 -24 34 7 -41 -52 -5 11 
21 -2 42 -20 27 -13 -47 39 -23 37 -34 7 60 28 0 -13 
-18 11 -28 37 -19 24 38 64 66 -22 Input angle :254
Zaxis angle :0 
minval :0 

minval :0 



-2 44 -43 -5 8 -43 42 13 -17 40 -39 -20 22 -37 36 25 
-39 -81 -62 -83 -62 -77 83 64 99 32 36 92 22 -105 -43 -9 
71 55 90 53 89 43 -102 -23 -103 6 -68 -72 21 104 44 -7 
-88 -20 -104 -7 -99 0 103 -21 89 -53 92 37 -63 -86 -36 26 
89 -16 98 -36 90 -40 -87 59 -60 85 -99 1 93 53 21 -39 
-73 53 -74 72 -64 75 -104 0 124 -52 Input angle :257
Zaxis angle :0 
minval :0 

minval :0 



42 -9 5 43 -43 2 1 -44 44 5 -9 43 -43 -11 14 -40 
-74 21 -82 65 -78 61 61 -83 27 -99 92 -36 -102 -23 3 44 
56 -53 48 -93 39 -91 -18 102 16 101 -71 69 103 -16 -20 -39 
-32 71 -3 104 0 99 -23 -101 -57 -85 38 -91 -86 60 34 27 
0 -77 -37 -98 -37 -91 67 79 89 51 6 99 53 -90 -43 -10 
33 72 79 68 74 66 -55 60 12 -5 Input angle :260
Zaxis angle :0 
minval :0 

minval :0 



-24 30 -28 -26 28 -25 23 30 -32 21 -18 -33 35 -15 12 36 
43 -59 26 -102 15 -99 2 105 38 96 -53 84 99 -41 -26 -29 
-17 71 18 104 27 96 -44 -95 -75 -71 15 -99 -72 79 36 15 
-15 -71 -59 -88 -65 -76 79 70 98 33 25 96 36 -101 -39 0 
40 61 92 53 91 40 -101 -28 -103 8 -64 -76 9 107 35 -17 
-62 -38 -105 -10 -100 -1 -55 2 10 -27 Input angle :257
Zaxis angle :0 
minval :0 

minval :0 



22 29 -30 19 -16 -33 34 -13 11 35 -35 8 -5 -35 37 -4 
-35 -65 -88 -59 -84 -52 99 35 103 0 60 79 -1 -107 -33 16 
61 45 105 12 99 15 -105 11 -94 41 -88 -46 46 97 25 -29 
-74 -14 -101 31 -95 29 90 -55 64 -81 100 4 -82 -70 -9 36 
72 -20 81 -68 74 -67 -59 86 -25 100 -93 36 104 26 -5 -37 
-58 48 -43 96 -37 92 -121 -113 -66 -52 Input angle :257
Zaxis angle :14 
minval :0 

minval :0 



11 7 -8 10 -9 -9 10 -9 8 10 -11 7 -6 -12 12 -5 
-15 -10 -49 -19 -32 -10 65 10 42 -7 32 20 -12 -66 -9 9 
18 3 52 -1 33 -3 -64 18 -35 24 -37 -6 38 55 4 -12 
-18 4 -46 25 -29 16 50 -43 21 -37 37 -8 -58 -34 0 13 
14 -12 32 -41 18 -28 -26 61 -3 43 -31 22 67 6 -6 -11 
-8 17 -10 51 -6 33 -127 -97 -80 -21 Input angle :257
Zaxis angle :0 
minval :0 

minval :0 



39 -8 6 40 -42 2 0 -41 42 4 -8 40 -39 -12 14 -39 
-77 1 -93 46 -86 48 74 -72 50 -90 97 -23 -93 -48 2 41 
60 -33 62 -83 63 -76 -41 95 -10 102 -77 62 105 4 -17 -37 
-43 55 -21 101 -24 96 -1 -103 -34 -97 44 -89 -96 42 33 25 
15 -67 -21 -102 -20 -97 45 93 72 73 -2 99 70 -78 -41 -9 
14 75 61 84 59 79 -11 12 -55 -18 Input angle :249
Zaxis angle :0 
minval :0 

minval :0 



-27 -17 19 -26 25 21 -23 23 -21 -26 27 -18 16 28 -30 14 
46 63 94 45 93 36 -102 -23 -102 15 -74 -65 27 103 23 -24 
-70 -33 -105 0 -100 7 102 -23 86 -58 95 28 -65 -85 -9 32 
78 2 94 -45 86 -50 -84 63 -53 89 -97 19 97 44 -4 -33 
-71 31 -65 82 -62 78 49 -93 9 -103 82 -54 -107 -1 18 28 
51 -58 25 -101 16 -98 22 49 62 49 Input angle :255
Zaxis angle :0 
minval :0 

minval :0 



32 23 -28 28 -26 -29 30 -24 23 32 -33 19 -17 -34 37 -14 
-53 -50 -97 -32 -96 -19 103 6 96 -33 79 56 -40 -95 -30 28 
68 21 102 -9 96 -20 -97 36 -74 69 -94 -19 77 69 16 -35 
-74 7 -87 53 -77 59 71 -75 40 -94 93 -27 -100 -28 1 40 
63 -37 58 -84 44 -86 -36 97 4 102 -72 64 103 -14 -17 -36 
-42 61 -15 101 -5 97 124 62 0 -45 Input angle :251
Zaxis angle :0 
minval :0 

minval :0 



-3 -41 40 0 -3 40 -40 -7 10 -39 38 13 -16 37 -36 -19 
-28 86 11 104 -12 98 -27 -101 -61 -84 39 -90 -84 65 41 4 
-12 -90 -57 -87 -32 -93 67 80 91 49 3 99 49 -94 -38 15 
48 77 90 53 71 69 -94 -45 -104 -6 -48 -86 -5 106 30 -28 
-77 -47 -103 -18 -93 -33 105 0 96 -39 80 59 -45 -96 -14 38 
91 11 100 -31 98 -9 -67 109 -82 37 Input angle :248
Zaxis angle :0 
minval :0 

minval :0 



26 0 -1 26 -26 -3 6 -26 25 8 -10 24 -23 -12 13 -22 
-42 19 -85 49 -45 31 86 -95 38 -79 73 -16 -115 -55 -5 26 
29 -35 56 -79 25 -48 -35 123 -4 88 -61 43 127 0 -4 -26 
-13 44 -17 97 -4 56 -22 -126 -34 -81 35 -66 -116 53 16 21 
-6 -44 -25 -94 -20 -52 67 109 62 62 -6 75 79 -99 -23 -13 
24 39 60 76 38 39 -80 -2 -65 -8 Input angle :257
Zaxis angle :0 
minval :0 

minval :0 



21 -1 -1 22 -22 -2 4 -21 21 6 -8 20 -20 -10 10 -18 
-86 5 -98 31 -98 22 87 -56 63 -83 99 5 -90 -58 -1 21 
73 -44 74 -72 81 -59 -55 88 -25 101 -92 38 105 20 -6 -22 
-50 69 -42 95 -47 88 14 -103 -20 -102 67 -72 -102 33 15 16 
18 -84 -6 -103 3 -100 32 99 63 83 -33 93 81 -70 -22 -9 
19 83 49 91 37 93 33 -19 106 -26 Input angle :258
Zaxis angle :0 
minval :0 

minval :0 



40 -22 18 42 -45 13 -10 -45 46 -6 1 46 -46 -2 5 -46 
-36 83 -13 102 -8 97 -6 -103 -37 -95 51 -83 -93 45 15 44 
-4 -90 -24 -100 -34 -91 52 88 77 68 -12 97 65 -81 -32 -34 
38 82 61 83 68 70 -81 -63 -97 -33 -27 -94 -23 101 44 18 
-70 -58 -91 -47 -91 -34 101 18 102 -10 65 73 -19 -102 -47 2 
87 23 103 4 97 -6 75 -99 63 28 Input angle :257
Zaxis angle :0 
minval :0 

minval :0 



-7 36 -36 -8 10 -36 34 14 -17 34 -30 -20 22 -29 27 26 
7 -91 -28 -100 -16 -98 38 97 74 72 -20 97 72 -78 -36 -14 
31 84 64 82 51 84 -76 -72 -98 -34 -17 -97 -32 101 38 -2 
-64 -63 -93 -47 -85 -50 99 33 103 -10 53 83 -9 -105 -34 18 
84 33 104 4 98 13 -104 13 -90 51 -85 -50 54 91 22 -30 
-91 6 -96 41 -93 33 -44 -111 126 -44 Input angle :257
Zaxis angle :0 
minval :0 

minval :0 



39 -22 18 40 -42 15 -10 -43 44 -7 4 43 -44 1 1 -44 
-70 50 -57 88 -53 78 35 -99 7 -103 84 -50 -106 2 14 43 
40 -77 13 -104 14 -93 5 104 32 98 -53 82 95 -45 -31 -32 
-8 86 34 100 24 92 -55 -89 -74 -72 11 -98 -68 80 42 17 
-27 -80 -69 -80 -59 -74 87 58 97 34 24 95 24 -103 -45 2 
61 62 97 40 85 41 -62 -20 37 3 Input angle :257
Zaxis angle :0 
minval :0 

minval :0 



8 23 -23 6 -3 -24 24 -1 -1 24 -24 -4 5 -24 23 7 
-23 -40 -70 -63 -43 -38 110 63 86 20 31 61 18 -119 -25 1 
37 26 90 30 55 15 -126 -14 -87 14 -51 -45 30 117 21 -13 
-46 -7 -93 15 -56 9 121 -38 72 -50 66 16 -73 -96 -14 20 
43 -13 80 -50 48 -31 -96 83 -48 74 -68 9 109 53 5 -24 
-37 27 -52 78 -30 49 41 -32 -47 -23 Input angle :257
Zaxis angle :0 
minval :0 

minval :0 



18 -16 14 19 -20 13 -11 -21 22 -9 7 23 -23 5 -3 -23 
-19 41 -22 93 -2 55 2 0 -27 -85 36 -54 -110 45 13 20 
0 -45 -23 -93 -20 -52 57 114 62 62 -11 64 79 -89 -20 -14 
17 41 54 79 39 39 -95 -86 -82 -35 -16 -63 -38 113 24 5 
-33 -30 -85 -45 -53 -17 123 34 89 -6 42 49 -16 -118 -23 6 
43 13 96 2 55 -6 -66 -66 70 10 Input angle :257
Zaxis angle :0 
minval :0 

minval :0 



-4 13 -12 -5 6 -11 11 7 -8 10 -9 -9 10 -9 7 10 
4 -21 -3 -49 -2 -27 16 63 26 36 -11 33 48 -39 -11 -7 
4 21 25 43 13 24 -43 -49 -38 -22 -3 -34 -31 54 13 2 
-12 -17 -40 -29 -22 -16 58 28 44 4 17 30 6 -62 -13 3 
18 11 49 9 27 5 -65 0 -42 14 -28 -21 21 58 10 -9 
-21 -1 -48 12 -27 6 9 65 -74 -16 Input angle :257
Zaxis angle :0 
minval :0 

minval :0 



-26 2 0 -26 25 1 -2 26 -25 -4 6 -25 22 8 -11 23 
92 -27 55 -88 73 -63 -44 95 -20 100 -88 42 106 8 1 -26 
-72 64 -19 102 -35 90 0 -105 -26 -98 63 -74 -100 35 10 22 
36 -89 -29 -100 -6 -97 48 93 65 79 -23 95 75 -75 -19 -17 
5 96 66 80 43 87 -82 -65 -92 -43 -17 -96 -31 101 25 9 
-42 -86 -95 -42 -75 -61 50 67 89 -1 Input angle :260
Zaxis angle :0 
minval :0 

minval :0 



39 8 -12 39 -37 -15 18 -36 34 20 -24 32 -30 -27 28 -28 
-89 26 -76 72 -72 66 49 -92 21 -100 91 -34 -105 -10 -15 38 
67 -65 42 -95 42 -88 -9 104 21 100 -71 66 100 -31 -1 -41 
-37 85 2 104 0 98 -32 -100 -61 -82 39 -89 -80 69 18 37 
0 -93 -43 -95 -40 -89 69 78 88 52 2 97 43 -96 -31 -25 
42 83 80 66 74 64 -55 -20 -62 -5 Input angle :262
Zaxis angle :0 
minval :0 

minval :0 



-25 34 -32 -28 31 -31 27 34 -35 24 -22 -37 39 -19 16 39 
30 -80 -22 -101 -25 -94 49 91 77 65 -8 97 56 -86 -31 -31 
12 86 65 80 63 74 -82 -62 -96 -30 -33 -91 -14 102 42 14 
-44 -74 -92 -47 -89 -43 101 21 100 -9 67 70 -27 -99 -44 1 
70 51 103 4 97 2 -100 26 -87 50 -88 -40 64 80 39 -21 
-86 -20 -96 38 -90 37 -37 17 -60 -42 Input angle :257
Zaxis angle :0 
minval :0 

minval :0 



-33 -28 31 -30 28 33 -35 25 -23 -37 38 -19 15 40 -41 12 
69 54 105 6 96 10 -102 22 -88 50 -90 -38 66 83 35 -27 
-86 -20 -97 39 -91 33 85 -62 60 -81 98 0 -91 -53 -20 39 
87 -12 74 -74 69 -68 -53 91 -20 99 -88 43 105 12 2 -44 
-72 51 -33 100 -34 90 6 -105 -23 -99 58 -78 -98 38 18 40 
44 -76 -12 -104 -6 -97 -39 -127 -126 41 Input angle :254
Zaxis angle :0 
minval :0 

minval :0 



-21 -39 39 -16 14 41 -43 11 -5 -42 42 -2 -1 42 -43 -3 
39 75 96 38 89 35 -103 -5 -100 14 -73 -64 33 98 40 -14 
-68 -56 -103 2 -95 2 99 -31 87 -50 93 26 -66 -80 -31 29 
84 22 94 -42 88 -35 -73 73 -54 84 -95 20 95 40 17 -41 
-86 20 -66 79 -62 72 39 -96 13 -99 79 -57 -104 2 0 43 
71 -54 26 -99 30 -90 -24 64 -113 48 Input angle :254
Zaxis angle :0 
minval :0 

minval :0 



24 -5 3 25 -25 1 0 -25 25 3 -5 24 -24 -7 8 -23 
-40 27 -41 78 -23 57 18 -125 -6 -72 41 -44 -114 23 0 26 
22 -43 5 -88 0 -62 38 121 34 64 -17 58 97 -64 -11 -23 
-6 48 31 82 24 57 -80 -97 -57 -46 -7 -60 -62 99 20 16 
-15 -46 -61 -63 -47 -39 116 49 70 19 29 52 6 -116 -25 -7 
34 35 83 31 60 15 -34 -34 -29 3 Input angle :269
Zaxis angle :0 
minval :0 

minval :0 



25 9 -12 24 -22 -14 16 -21 20 18 -20 18 -16 -21 22 -15 
-46 -8 -91 21 -59 10 115 -60 58 -54 66 10 -87 -84 -14 22 
46 -10 76 -54 50 -33 -79 102 -33 72 -64 16 116 36 4 -27 
-36 30 -43 83 -29 52 30 -126 0 -80 51 -43 -120 15 6 26 
20 -42 7 -93 8 -59 24 127 31 74 -30 59 105 -61 -18 -20 
-3 47 29 88 20 56 7 47 4 -13 Input angle :259
Zaxis angle :0 
minval :0 

minval :0 



-25 10 -9 -25 26 -7 4 26 -27 2 1 -28 27 3 -4 26 
37 -28 48 -76 29 -52 -26 126 0 79 -48 42 118 -16 -6 -27 
-22 41 -4 90 -2 59 -23 -126 -33 -72 27 -58 -102 60 15 22 
-1 -47 -29 -87 -22 -55 77 103 60 51 0 65 69 -98 -24 -14 
18 44 63 65 42 42 -113 -61 -76 -22 -24 -59 -21 117 28 1 
-34 -31 -83 -36 -56 -19 59 113 12 -3 Input angle :257
Zaxis angle :0 
minval :0 

minval :0 



-14 -1 2 -14 14 3 -5 13 -13 -6 7 -12 11 8 -9 11 
21 2 45 -16 30 -6 -57 34 -24 30 -35 -3 49 36 4 -13 
-20 6 -34 33 -24 18 38 -54 8 -38 34 -10 -59 -13 1 14 
16 -14 18 -45 14 -27 -9 65 7 38 -26 23 60 -11 -7 -12 
-8 19 3 48 -1 30 -16 -64 -22 -32 15 -32 -49 36 12 8 
0 -21 -23 -42 -11 -28 18 -31 -73 9 Input angle :262
Zaxis angle :0 
minval :0 

minval :0 



-26 -17 18 -25 23 19 -22 21 -19 -24 25 -17 14 27 -27 11 
39 18 97 10 60 6 -127 22 -74 33 -63 -37 61 108 23 -20 
-43 -1 -93 30 -57 19 111 -65 54 -61 73 6 -104 -67 -12 28 
38 -19 73 -65 46 -40 -67 110 -23 78 -68 25 122 23 -1 -31 
-27 34 -34 91 -23 56 16 0 -17 -80 49 -53 -121 29 14 27 
10 -42 -6 -98 -3 -60 -67 64 -59 16 Input angle :257
Zaxis angle :0 
minval :0 

minval :0 



13 5 -6 13 -12 -7 8 -12 11 9 -10 10 -9 -11 11 -9 
-19 -7 -50 0 -29 -1 66 -13 37 -20 33 13 -32 -53 -8 12 
20 0 45 -20 26 -11 -54 38 -24 34 -35 0 52 34 1 -14 
-18 8 -33 37 -19 21 33 -58 7 -41 32 -15 -61 -6 4 14 
12 -16 12 -48 7 -27 -5 67 11 40 -23 27 59 -19 -10 -10 
-4 19 8 49 3 28 35 -97 -2 -17 Input angle :257
Zaxis angle :0 
minval :0 

minval :0 



-7 -10 10 -6 5 11 -11 4 -3 -12 12 -2 1 12 -12 0 
10 20 39 26 23 20 -59 -26 -41 -7 -17 -30 -5 64 11 -4 
-17 -15 -46 -8 -30 -7 65 0 41 -9 28 20 -21 -60 -8 8 
22 6 46 -10 30 -5 -59 26 -33 25 -34 -7 46 44 4 -11 
-23 3 -36 30 -26 17 41 -49 19 -36 33 -8 -61 -21 0 12 
19 -13 19 -42 15 -27 -1 -1 14 21 Input angle :254
Zaxis angle :0 
minval :0 

minval :0 



-23 -2 4 -23 23 7 -8 22 -21 -9 12 -19 18 14 -16 17 
45 -8 82 -40 62 -24 -96 86 -43 70 -72 3 114 54 8 -22 
-38 27 -60 69 -45 48 52 -118 8 -82 63 -32 -126 -7 1 24 
23 -40 26 -87 23 -62 0 0 26 78 -44 55 119 -44 -11 -21 
-5 46 14 90 3 66 -54 -116 -54 -62 16 -69 -87 91 19 14 
-14 -44 -52 -75 -30 -59 49 -111 96 8 Input angle :262
Zaxis angle :0 
minval :0 

minval :0 



27 33 -35 22 -19 -35 36 -19 13 38 -40 12 -6 -40 42 -2 
-70 -61 -101 -26 -91 -38 104 -1 99 -26 75 65 -43 -98 -37 22 
91 29 103 -16 99 -5 -92 50 -78 65 -95 -27 82 68 26 -33 
-92 16 -84 61 -89 44 63 -84 42 -94 98 -16 -104 -25 -7 41 
79 -50 53 -90 65 -75 -27 101 -5 102 -84 53 106 -12 -10 -40 
-48 81 -10 104 -18 97 -77 110 122 -48 Input angle :257
Zaxis angle :0 
minval :0 

minval :0 



-13 20 -20 -14 16 -18 17 17 -18 16 -14 -20 21 -12 10 22 
15 -48 4 -93 0 -62 34 123 43 70 -31 64 101 -73 -17 -18 
7 49 38 85 21 58 -81 -100 -69 -44 2 -71 -60 109 23 8 
-27 -42 -70 -61 -45 -42 114 58 81 12 27 66 5 -125 -25 1 
41 28 89 25 59 20 0 -2 -79 24 -53 -48 44 117 22 -12 
-50 -6 -92 12 -62 7 -9 80 96 -14 Input angle :262
Zaxis angle :0 
minval :0 

minval :0 



-13 21 -20 -16 17 -19 17 19 -20 16 -14 -21 23 -12 10 23 
1 -43 -12 -93 -9 -62 59 113 52 60 -19 70 85 -92 -19 -18 
15 41 47 81 34 53 -98 -82 -71 -35 -11 -72 -37 120 24 10 
-30 -31 -75 -55 -54 -32 123 33 79 0 42 59 -14 -125 -26 2 
41 15 92 16 62 7 -125 24 -71 34 -63 -36 65 108 24 -12 
-43 4 -90 25 -60 17 -48 -96 32 -15 Input angle :257
Zaxis angle :0 
minval :0 

minval :0 



-10 -43 43 -6 1 44 -44 -2 4 -44 43 8 -12 42 -41 -14 
51 66 82 61 82 56 -96 -38 -102 -5 -49 -85 0 104 44 -2 
-74 -39 -99 -27 -98 -20 103 -5 97 -31 80 58 -44 -94 -40 19 
83 4 102 -16 95 -27 -89 51 -73 71 -97 -18 79 67 28 -34 
-78 28 -85 59 -77 62 67 -78 39 -94 96 -23 -99 -29 -10 43 
56 -61 52 -89 48 -87 63 0 7 51 Input angle :257
Zaxis angle :0 
minval :0 

minval :0 



-5 -42 41 -3 -1 40 -41 -3 7 -41 41 10 -14 39 -36 -18 
54 52 85 56 92 40 -99 -30 -103 3 -51 -79 13 103 41 0 
-72 -22 -101 -14 -100 3 103 -12 94 -43 82 47 -57 -86 -39 15 
74 -9 99 -26 90 -41 -88 53 -63 81 -93 -12 87 55 27 -30 
-62 41 -78 66 -65 75 56 -86 25 -100 90 -28 -102 -14 -14 39 
40 -63 44 -92 22 -97 -84 -16 -101 50 Input angle :257
Zaxis angle :0 
minval :0 

minval :0 



42 -10 5 43 -43 1 1 -43 43 4 -7 42 -42 -11 14 -40 
-42 67 -37 94 -27 96 15 -102 -22 -100 71 -65 -100 27 0 44 
12 -78 -6 -101 -14 -99 34 97 67 77 -35 90 77 -68 -20 -39 
22 75 47 90 55 83 -68 -77 -91 -45 -6 -96 -40 95 35 26 
-52 -59 -83 -59 -85 -51 95 39 102 1 40 88 2 -103 -43 -9 
72 32 99 23 99 14 13 29 60 20 Input angle :257
Zaxis angle :0 
minval :0 

minval :0 



41 -12 13 40 -43 8 -5 -45 43 0 -3 45 -47 -6 8 -44 
-43 67 -40 94 -22 99 8 -105 -26 -100 71 -66 -102 27 8 44 
7 -79 -6 -102 -20 -99 27 101 63 81 -36 91 78 -71 -26 -37 
28 75 49 89 58 82 -72 -76 -92 -45 -8 -97 -43 96 38 23 
-55 -57 -80 -63 -86 -53 96 41 102 8 43 87 1 -106 -44 -5 
74 28 100 22 101 10 3 -35 -122 19 Input angle :257
Zaxis angle :0 
minval :0 

minval :0 



21 -40 38 24 -29 38 -34 -30 33 -31 28 37 -39 24 -21 -41 
16 82 32 97 42 91 -59 -86 -83 -59 16 -96 -59 87 34 32 
-48 -67 -69 -75 -77 -64 88 56 100 20 25 94 16 -104 -46 -12 
72 42 95 39 96 27 -103 -17 -101 18 -61 -76 28 101 47 -5 
-81 -10 -102 2 -99 15 101 -27 82 -61 87 42 -67 -81 -39 24 
81 -25 92 -45 87 -51 -124 -34 115 45 Input angle :257
Zaxis angle :0 
minval :0 

minval :0 



37 -27 23 38 -41 18 -15 -42 44 -11 8 43 -44 4 -1 -44 
-13 82 -2 102 14 99 -26 -100 -60 -82 47 -85 -82 63 20 41 
-22 -79 -40 -94 -52 -86 64 81 86 52 -7 97 52 -89 -35 -31 
51 66 76 68 82 57 -92 -48 -101 -11 -30 -93 -7 103 44 13 
-73 -36 -96 -35 -98 -19 103 8 97 -32 66 72 -32 -98 -44 7 
83 4 102 -8 97 -25 -78 -67 -31 34 Input angle :257
Zaxis angle :0 
minval :0 

minval :0 



-20 -43 43 -15 12 45 -47 9 -6 -47 47 -2 -2 47 -46 -6 
75 29 100 28 101 2 -105 2 -94 42 -75 -60 55 89 47 -12 
-79 0 -103 15 -92 39 96 -43 66 -79 94 22 -86 -60 -37 31 
74 -32 85 -59 66 -76 -66 82 -24 100 -95 16 103 19 20 -44 
-57 61 -54 88 -24 98 28 -101 -15 -102 78 -56 -101 29 0 47 
22 -80 13 -103 -16 -100 -41 -95 -115 42 Input angle :257
Zaxis angle :0 
minval :0 

minval :0 



-7 33 -33 -10 13 -31 30 16 -18 29 -27 -21 23 -24 23 25 
-10 -58 -48 -92 -73 -71 69 79 99 29 11 95 24 -102 -32 -14 
33 49 82 63 95 36 -95 -45 -103 11 -46 -84 19 103 35 -1 
-50 -30 -101 -23 -101 9 105 -3 86 -56 77 56 -61 -85 -31 16 
58 6 101 -22 89 -49 -96 44 -56 87 -93 -20 93 49 23 -27 
-55 19 -84 61 -59 83 122 -16 106 -52 Input angle :259
Zaxis angle :0 
minval :0 

minval :0 



-2 -25 24 0 -1 24 -24 -4 6 -24 23 8 -10 22 -21 -11 
75 41 98 28 102 2 -105 0 -90 49 -77 -56 58 88 25 1 
-85 -6 -101 14 -93 42 93 -48 65 -80 94 20 -88 -57 -23 9 
81 -28 85 -57 69 -76 -67 81 -24 100 -93 22 105 11 17 -18 
-61 60 -58 84 -27 99 29 -101 -16 -102 77 -57 -100 33 -8 24 
30 -80 15 -101 -13 -101 -12 -79 -77 41 Input angle :257
Zaxis angle :0 
minval :0 

minval :0 



2 -15 14 3 -3 14 -15 -5 7 -14 14 8 -8 12 -12 -10 
-5 74 12 102 37 96 -35 -99 -83 -62 18 -92 -50 93 15 6 
-27 -68 -54 -87 -74 -71 74 75 101 24 22 91 9 -105 -17 1 
52 51 88 53 98 31 -101 -29 -101 25 -59 -73 40 97 14 -8 
-70 -21 -102 -13 -102 14 104 -11 81 -65 83 44 -75 -74 -9 12 
73 -8 98 -31 89 -52 -125 -2 -80 46 Input angle :259
Zaxis angle :0 
minval :0 

minval :0 



16 6 -8 16 -15 -8 9 -15 14 11 -12 13 -11 -13 13 -11 
-70 -7 -101 10 -96 33 97 -34 69 -77 91 21 -85 -59 -9 16 
67 -21 87 -53 74 -69 -77 69 -32 98 -92 17 103 13 1 -18 
-50 50 -57 84 -37 95 39 -95 -16 -102 76 -55 -100 28 5 18 
24 -66 15 -100 -5 -102 5 103 56 87 -45 82 79 -67 -12 -13 
4 70 23 99 45 91 49 45 -46 -27 Input angle :259
Zaxis angle :0 
minval :0 

minval :0 


