
-14 6 -3 -15 16 -2 1 16 -16 0 1 -16 16 2 -4 14 
-30 -96 -44 86 -80 -55 -79 42 -85 58 -47 85 53 -57 -1 -16 
65 77 7 -97 95 14 57 -68 52 -89 8 -97 -27 71 8 15 
-92 -43 33 91 -93 21 -26 85 -14 102 29 93 -5 -78 -13 -8 
101 1 -66 -71 75 -61 -10 -88 -32 -98 -60 -76 31 71 17 2 
-95 36 89 38 -47 84 25 -46 105 39 Input angle :63
Zaxis angle :25 
minval :0 

minval :0 



12 -7 7 13 -14 6 -4 -13 14 -2 2 13 -14 2 0 -15 
82 59 -11 -95 91 28 43 -77 53 -88 2 -97 -17 65 7 14 
-99 -22 47 83 -93 17 -10 87 -11 102 35 90 -8 -67 -12 -9 
99 -20 -79 -54 77 -55 -23 -85 -32 -97 -67 -69 34 58 13 5 
-81 61 94 21 -50 80 59 65 69 76 89 37 -57 -37 -14 1 
52 -87 -94 18 11 -95 21 -99 70 -22 Input angle :63
Zaxis angle :29 
minval :0 

minval :0 



-21 10 -8 -22 22 -6 3 22 -22 2 0 -23 22 1 -3 22 
-100 -4 56 80 -91 22 12 88 -3 101 49 85 -4 -62 -6 -22 
93 -38 -84 -49 74 -57 -50 -72 -45 -91 -81 -54 28 55 13 18 
-72 70 97 10 -47 81 74 49 76 67 97 17 -49 -37 -21 -10 
32 -95 -93 30 7 -94 -87 -12 -97 -29 -96 19 59 17 23 1 
4 100 72 -66 32 89 36 3 -88 -9 Input angle :56
Zaxis angle :32 
minval :0 

minval :0 



10 0 0 10 -10 0 1 -10 10 2 -3 10 -9 -4 5 -9 
74 67 3 -97 87 36 47 -76 58 -83 11 -98 -21 42 -1 10 
-95 -31 36 90 -95 3 -11 89 -18 100 24 95 4 -46 -3 -10 
100 -5 -67 -70 87 -36 -18 -88 -21 -99 -61 -77 14 44 7 7 
-89 46 91 35 -62 71 52 73 59 83 87 46 -32 -34 -9 -4 
63 -78 -97 4 26 -91 35 77 -59 -24 Input angle :58
Zaxis angle :25 
minval :0 

minval :0 



16 -3 1 16 -16 0 0 -16 16 2 -4 16 -15 -5 6 -15 
-42 -92 -34 89 -72 -62 -81 50 -77 66 -43 86 50 -32 0 16 
76 68 -4 -96 92 22 52 -80 44 -92 1 -96 -33 49 -7 -14 
-96 -33 45 84 -94 13 -16 94 0 102 39 88 11 -58 12 10 
101 -8 -76 -59 81 -49 -20 -93 -35 -95 -68 -68 11 58 -15 -5 
-91 46 92 26 -55 78 72 -78 103 36 Input angle :289
Zaxis angle :29 
minval :0 

minval :0 



8 -1 1 8 -8 0 0 -8 8 1 -2 8 -8 -2 3 -7 
-99 -12 68 52 -91 32 -11 89 2 101 61 77 0 -61 1 8 
96 -31 -84 -21 73 -64 -27 -86 -42 -92 -87 -47 25 54 -4 -7 
-75 67 85 -15 -41 87 56 71 76 66 99 9 -43 -41 4 5 
43 -91 -70 50 2 -96 -79 -44 -97 -30 -95 27 57 22 -9 -1 
-4 100 47 -71 35 90 61 -61 -26 -5 Input angle :284
Zaxis angle :29 
minval :0 

minval :0 



-17 -25 26 -16 13 28 -29 10 -8 -30 30 -5 2 31 -30 0 
94 34 -42 -70 98 -9 28 -81 13 -103 -52 -87 -16 53 27 -12 
-100 4 67 48 -85 49 8 85 26 100 83 58 -7 -55 -20 22 
88 -47 -80 -16 56 -80 -45 -73 -66 -79 -100 -20 28 48 8 -29 
-61 78 80 -16 -21 96 70 50 93 45 99 -21 -44 -33 2 30 
22 -97 -66 49 -18 -96 -59 -52 -43 -6 Input angle :289
Zaxis angle :14 
minval :0 

minval :0 



-63 27 -21 -65 67 -13 7 69 -69 2 2 -69 68 8 -14 67 
-8 -32 26 -45 -28 -42 24 -28 33 -39 -25 -24 -3 -4 -16 -67 
21 26 -4 52 43 26 -9 36 -15 49 33 10 4 2 40 55 
-30 -14 -16 -50 -50 -8 -5 -37 -6 -51 -35 4 -4 -1 -60 -33 
33 1 35 38 49 -14 19 32 28 43 30 -17 4 -1 69 4 
-30 13 -48 -19 -38 34 85 63 118 -8 Input angle :283
Zaxis angle :39 
minval :0 

minval :0 



-104 47 -39 -108 110 -30 22 112 -114 10 -3 -115 114 3 -14 113 
-26 -48 37 -95 -84 -73 76 -79 43 -106 -49 -39 -25 -10 -27 -112 
42 32 5 102 104 34 -40 103 2 114 60 14 27 0 71 89 
-53 -14 -46 -91 -110 7 -6 -110 -47 -104 -61 13 -24 12 -101 -55 
52 -11 78 65 95 -56 47 100 85 78 53 -35 16 -20 114 2 
-43 32 -98 -26 -61 91 33 79 15 -4 Input angle :286
Zaxis angle :39 
minval :0 

minval :0 



53 39 -43 50 -47 -46 50 -43 37 54 -56 33 -29 -59 61 -23 
-27 14 -48 7 -11 61 -45 -26 -49 -1 -3 16 -15 11 -47 46 
19 -23 41 -25 -13 -60 51 6 46 -18 -3 -15 10 -15 26 -61 
-7 30 -26 41 37 50 -50 13 -34 34 10 12 -1 18 1 66 
-5 -30 3 -48 -54 -29 38 -36 16 -46 -14 -7 -6 -17 -30 -59 
17 25 12 47 62 3 21 -112 68 12 Input angle :296
Zaxis angle :44 
minval :0 

minval :0 



42 49 -52 37 -34 -54 57 -29 24 60 -61 18 -12 -63 63 -6 
-23 7 -48 -2 -33 49 -42 -37 -63 -14 -14 21 -8 3 -56 33 
17 -16 45 -18 8 -59 54 18 64 -12 4 -25 6 -6 36 -53 
-8 22 -33 35 16 58 -57 6 -53 37 6 24 -2 8 -14 63 
0 -24 18 -45 -38 -45 49 -28 33 -55 -14 -21 0 -9 -13 -63 
11 22 5 48 53 27 -22 -65 55 16 Input angle :304
Zaxis angle :49 
minval :0 

minval :0 



-17 110 -107 -32 39 -104 104 50 -55 97 -94 -66 78 -83 80 81 
-40 -22 -50 -64 -109 15 18 -118 -41 -110 -50 -2 -26 8 -107 -41 
41 4 77 35 95 -56 31 114 79 85 44 -17 20 -19 113 -7 
-42 13 -86 -4 -61 87 -79 -88 -105 -46 -34 33 -10 25 -103 46 
33 -31 80 -27 18 -108 107 51 116 -3 15 -45 0 -28 72 -86 
-19 40 -64 57 27 103 49 -81 -89 6 Input angle :286
Zaxis angle :32 
minval :0 

minval :0 



103 -44 38 106 -109 30 -20 -109 111 -11 0 114 -112 -11 17 -109 
-2 66 -19 63 82 83 -98 31 -83 56 9 35 13 36 29 109 
-21 -62 -7 -65 -115 -39 78 -65 55 -89 -23 -25 -27 -23 -69 -86 
45 46 33 57 118 -10 -41 91 -13 102 30 13 36 12 101 48 
-61 -27 -52 -39 -105 56 1 -101 -30 -99 -36 0 -39 0 -114 -4 
66 -5 64 12 78 -92 -120 0 -106 9 Input angle :283
Zaxis angle :29 
minval :0 

minval :0 



-92 -54 65 -86 79 72 -77 75 -68 -82 89 -60 51 92 -96 44 
20 -34 73 -25 22 -122 108 52 122 -4 9 -50 6 -15 71 -81 
-3 41 -55 51 26 121 -120 -2 -107 59 12 50 2 17 -31 104 
-14 -37 29 -71 -74 -99 112 -42 76 -94 -31 -40 -6 -14 -13 -106 
28 29 0 77 110 58 -83 86 -35 117 45 23 11 10 53 94 
-38 -16 -33 -70 -124 -13 -40 127 -4 -16 Input angle :283
Zaxis angle :44 
minval :0 

minval :0 



-51 38 -33 -54 57 -28 21 60 -62 15 -9 -63 63 -5 1 63 
-2 -32 -5 -37 -40 -51 38 -44 21 -52 -20 -10 -17 2 -23 -59 
14 28 20 32 59 27 -21 55 -1 56 23 1 14 -9 47 42 
-25 -19 -32 -20 -65 0 -7 -59 -24 -50 -21 8 -9 15 -60 -21 
31 7 37 5 60 -26 29 51 42 36 16 -17 2 -17 62 -8 
-30 7 -36 10 -44 49 32 15 127 -4 Input angle :288
Zaxis angle :29 
minval :0 

minval :0 



-79 -100 105 -72 64 108 -114 55 -44 -119 123 -34 24 124 -126 11 
64 -24 77 -26 51 -104 76 66 103 24 10 -33 26 -33 107 -68 
-49 48 -61 54 -2 116 -98 -27 -104 19 4 33 -9 41 -73 103 
20 -65 29 -76 -43 -109 101 -12 88 -60 -18 -29 -6 -40 28 -124 
3 69 -3 81 79 86 -88 51 -54 91 28 19 22 36 23 124 
-31 -61 -31 -76 -109 -41 25 -32 -53 -14 Input angle :283
Zaxis angle :47 
minval :0 

minval :0 



-12 -58 58 -7 1 58 -58 -3 8 -58 57 13 -18 55 -53 -23 
30 10 38 15 56 -24 22 58 49 44 27 -17 4 -7 58 -1 
-32 2 -42 0 -42 44 -43 -45 -63 -21 -18 27 -2 8 -53 25 
29 -15 37 -18 21 -58 57 26 65 -9 6 -32 -1 -8 38 -44 
-20 25 -28 31 1 61 -62 -1 -58 32 9 31 5 7 -17 56 
7 -31 10 -40 -28 -55 -100 80 120 -14 Input angle :286
Zaxis angle :32 
minval :0 

minval :0 



-57 34 -29 -60 62 -25 20 64 -65 14 -9 -66 67 -2 -3 66 
6 -45 4 -38 -51 -42 42 -22 32 -29 -14 -11 -7 -26 -25 -62 
13 44 11 36 63 20 -29 38 -18 40 17 5 17 21 46 48 
-30 -34 -26 -28 -66 9 12 -46 1 -44 -18 2 -25 -11 -63 -22 
42 18 35 15 56 -34 9 46 18 40 15 -10 27 0 66 -4 
-46 0 -39 0 -35 56 120 -33 -8 -8 Input angle :283
Zaxis angle :32 
minval :0 

minval :0 



-50 96 -92 -57 64 -88 83 70 -76 77 -69 -83 90 -60 52 94 
-57 -62 -34 -53 -114 -5 66 -82 11 -111 -29 0 -55 -27 -88 -65 
78 34 52 35 105 -44 -31 100 29 107 28 -10 60 2 106 22 
-85 2 -62 -8 -81 81 -12 -105 -72 -85 -19 22 -56 23 -107 22 
77 -35 62 -15 45 -106 55 90 101 45 9 -27 41 -45 89 -63 
-58 63 -49 39 7 113 32 -97 -14 -1 Input angle :283
Zaxis angle :32 
minval :0 

minval :0 



15 60 -61 11 -6 -62 62 0 -6 63 -61 -10 15 -59 58 21 
-33 -16 -38 -15 -58 39 -12 -53 -39 -34 -15 13 -23 -2 -63 4 
37 1 41 -3 40 -57 33 43 50 14 9 -17 22 -6 56 -25 
-36 11 -37 16 -14 67 -47 -26 -52 4 -1 19 -18 14 -40 47 
27 -26 28 -29 -16 -66 55 4 46 -25 -6 -19 9 -22 18 -60 
-14 33 -12 39 43 55 0 -17 -90 10 Input angle :288
Zaxis angle :41 
minval :0 

minval :0 



-119 9 3 -119 119 14 -19 117 -116 -29 39 -113 108 49 -57 102 
42 -68 42 -66 -52 -117 103 6 92 -51 -15 -27 10 -55 9 -119 
-11 79 -9 77 95 86 -96 37 -63 83 25 18 11 55 37 114 
-23 -77 -21 -75 -123 -35 70 -74 23 -103 -31 -5 -30 -45 -82 -86 
51 60 48 61 0 -16 -35 96 22 102 30 -7 50 24 112 42 
-74 -30 -71 -29 -109 67 126 127 101 -11 Input angle :283
Zaxis angle :25 
minval :0 

minval :0 



86 -71 60 92 -99 51 -43 -102 106 -36 28 107 -109 20 -10 -109 
16 67 0 74 92 70 -112 50 -57 106 12 27 22 36 53 99 
-40 -56 -27 -68 -113 -22 85 -89 8 -120 -22 -20 -34 -22 -88 -68 
60 34 53 51 112 -27 -42 116 38 113 28 8 40 7 108 27 
-69 -5 -69 -24 -92 69 -10 -122 -84 -84 -30 3 -40 10 -109 20 
66 -20 73 -4 61 -98 -31 -64 37 5 Input angle :281
Zaxis angle :36 
minval :0 

minval :0 



-56 -15 21 -54 52 26 -30 50 -48 -33 36 -46 43 38 -42 39 
18 -28 24 -18 -5 -57 66 17 60 -20 6 -18 4 -20 23 -53 
-5 33 -14 26 29 50 -67 10 -49 40 1 19 4 21 -3 58 
-7 -32 2 -30 -44 -37 58 -35 28 -57 -9 -17 -13 -17 -22 -54 
21 26 9 28 56 13 -37 57 -2 64 15 12 18 10 41 41 
-30 -15 -19 -22 -57 10 -90 -1 19 -15 Input angle :295
Zaxis angle :47 
minval :0 

minval :0 



-53 30 -26 -56 58 -21 17 59 -61 12 -7 -62 61 -2 -2 61 
4 -37 8 -40 -43 -51 56 -27 33 -45 -11 -20 -1 -16 -20 -58 
11 35 10 40 61 29 -42 45 -10 55 18 13 7 14 43 44 
-23 -28 -25 -33 -67 -3 17 -59 -14 -54 -22 -5 -13 -10 -57 -24 
33 16 35 21 63 -24 8 60 36 43 22 -4 16 3 62 -2 
-37 -1 -41 -3 -48 46 53 95 123 -7 Input angle :288
Zaxis angle :47 
minval :0 

minval :0 



-34 -55 57 -29 25 59 -62 20 -14 -63 64 -9 2 65 -64 -1 
41 -2 41 1 49 -42 16 53 42 33 14 -13 20 -1 60 -24 
-36 20 -39 13 -27 58 -36 -42 -51 -12 -8 18 -17 10 -44 48 
24 -33 29 -29 0 -64 51 22 52 -8 0 -19 11 -16 20 -61 
-9 40 -13 39 24 60 -56 -2 -45 28 7 18 -3 20 2 65 
-8 -40 0 -41 -49 -42 103 96 79 -12 Input angle :288
Zaxis angle :39 
minval :0 

minval :0 



-64 0 4 -64 63 8 -13 62 -60 -19 25 -59 56 31 -34 53 
8 -25 25 -38 -3 -62 69 6 62 -43 -7 -24 -7 -13 8 -63 
2 26 -7 45 30 54 -65 23 -40 64 16 19 12 9 14 63 
-11 -24 -10 -45 -50 -37 52 -46 11 -74 -22 -11 -15 -3 -39 -51 
19 17 30 35 61 14 -27 64 21 73 25 0 14 -2 56 30 
-25 -7 -40 -22 -61 14 62 15 63 -15 Input angle :279
Zaxis angle :14 
minval :0 

minval :0 



-63 11 -6 -64 65 0 -5 64 -64 -11 16 -62 61 21 -27 58 
4 -26 16 -38 -25 -63 71 -8 52 -49 -8 -19 -6 -11 0 -65 
6 25 0 41 50 45 -62 36 -30 66 15 15 11 8 27 59 
-15 -21 -15 -39 -65 -19 40 -59 -1 -72 -20 -6 -13 -3 -46 -45 
22 13 29 29 68 -2 -14 70 29 66 21 -1 13 -2 61 21 
-26 -3 -39 -14 -61 29 32 -49 -8 -13 Input angle :283
Zaxis angle :36 
minval :0 

minval :0 



15 53 -54 12 -7 -55 55 -2 -4 55 -54 -10 13 -54 52 17 
-33 3 -33 -10 -50 36 -12 -70 -44 -42 -22 5 -17 11 -55 4 
30 -16 35 -4 32 -52 41 58 59 20 18 -14 12 -17 48 -29 
-20 27 -31 16 -5 61 -61 -36 -61 1 -10 21 -4 20 -31 46 
7 -33 20 -28 -18 -59 71 10 54 -29 0 -23 -5 -20 9 -55 
6 33 -6 34 40 46 95 -1 27 12 Input angle :283
Zaxis angle :36 
minval :0 

minval :0 



34 -44 42 36 -41 38 -32 -45 49 -28 25 50 -52 21 -18 -53 
20 29 10 33 61 19 -46 45 -8 58 15 12 14 11 37 42 
-29 -20 -24 -23 -63 8 23 -60 -14 -56 -19 -4 -18 -4 -52 -22 
34 4 32 13 55 -32 5 64 39 44 19 -3 18 -3 57 -2 
-31 10 -34 2 -39 51 -28 -59 -53 -23 -17 11 -15 9 -51 25 
29 -22 31 -14 15 -62 -19 -96 77 0 Input angle :281
Zaxis angle :39 
minval :0 

minval :0 



17 55 -56 12 -7 -58 58 -3 -1 58 -58 -6 12 -57 55 16 
-36 -8 -42 -14 -53 16 -8 -65 -36 -51 -22 5 -13 13 -58 5 
37 -4 44 -3 41 -36 35 55 54 32 17 -14 6 -17 50 -28 
-31 20 -39 21 -23 50 -56 -34 -63 -5 -10 20 0 18 -36 46 
20 -31 27 -35 0 -55 65 10 60 -19 1 -22 -7 -16 12 -56 
-6 36 -11 42 22 51 67 47 126 10 Input angle :283
Zaxis angle :32 
minval :0 

minval :0 



-71 12 -7 -72 72 -2 -2 72 -72 -8 14 -71 69 20 -25 67 
12 -30 13 -46 -22 -64 65 -25 27 -41 -16 -12 -9 -14 -2 -72 
1 33 6 48 46 49 -52 46 -7 49 20 4 14 10 32 65 
-13 -29 -25 -41 -61 -27 27 -65 -12 -48 -20 4 -16 -3 -55 -47 
24 22 39 27 67 -2 2 70 30 39 16 -11 17 -4 69 21 
-31 -10 -47 -9 -61 27 78 111 -4 -7 Input angle :296
Zaxis angle :39 
minval :0 

minval :0 



54 -12 9 55 -56 5 0 -56 56 4 -10 56 -54 -15 19 -51 
-15 34 -1 39 38 54 -59 11 -43 24 20 17 3 13 5 56 
0 -37 -13 -36 -56 -35 49 -34 29 -39 -25 -7 -9 -11 -25 -50 
14 35 27 28 65 9 -31 51 -11 48 26 -2 12 6 45 33 
-28 -26 -36 -15 -63 19 8 -60 -8 -48 -23 13 -14 0 -54 -13 
36 12 39 0 50 -43 118 -96 -10 9 Input angle :282
Zaxis angle :29 
minval :0 

minval :0 



-75 97 -89 -84 92 -80 73 98 -104 66 -55 -110 114 -47 36 115 
-30 -60 -33 -70 -107 -44 73 -100 2 -104 -58 0 -31 -1 -77 -94 
52 43 56 54 117 -2 -29 121 38 96 54 -22 28 -11 110 53 
-66 -16 -74 -22 -106 51 -26 -120 -74 -72 -39 44 -21 23 -121 0 
65 -10 78 -4 77 -89 71 102 98 36 18 -56 11 -28 111 -51 
-57 35 -66 42 -34 112 48 -65 -58 0 Input angle :286
Zaxis angle :32 
minval :0 

minval :0 



53 -4 0 53 -53 -4 9 -52 51 14 -19 50 -48 -22 25 -46 
-21 33 -8 37 30 61 -59 -5 -33 19 13 14 1 20 -1 53 
5 -38 -7 -37 -54 -40 56 -20 22 -32 -18 -6 -9 -17 -19 -50 
10 37 21 31 66 15 -43 41 -9 37 19 0 16 12 36 40 
-24 -30 -32 -21 -67 8 23 -55 -6 -38 -18 8 -19 -5 -49 -21 
34 18 37 7 57 -36 87 16 65 8 Input angle :279
Zaxis angle :32 
minval :0 

minval :0 



95 71 -80 89 -81 -87 95 -71 67 99 -104 60 -52 -108 111 -41 
-69 23 -76 29 -36 105 -90 -83 -108 13 2 45 1 21 -83 85 
52 -51 62 -55 -9 -108 116 40 97 -50 -19 -40 -7 -17 44 -111 
-26 69 -29 78 58 93 -121 13 -68 86 35 30 13 13 0 120 
-3 -74 -5 -83 -87 -65 109 -58 29 -106 -44 -10 -17 -7 -54 -107 
34 65 36 76 108 20 36 32 112 13 Input angle :286
Zaxis angle :29 
minval :0 

minval :0 



-42 -6 10 -41 40 14 -18 39 -37 -22 23 -35 33 26 -29 31 
11 -24 26 -26 -7 -48 63 30 61 -8 0 -25 0 -19 17 -39 
-2 27 -14 34 27 40 -70 -3 -51 36 11 23 8 17 1 43 
-9 -25 -1 -36 -42 -24 66 -24 32 -52 -19 -17 -14 -12 -20 -37 
20 18 15 33 47 7 -51 48 -11 61 25 7 18 5 33 27 
-25 -9 -28 -23 -46 13 -70 -33 -24 -16 Input angle :281
Zaxis angle :32 
minval :0 

minval :0 



46 -5 2 47 -47 -1 5 -47 46 9 -14 45 -44 -18 21 -42 
-12 33 -26 35 7 68 -84 -10 -61 48 13 33 -5 17 -2 47 
-2 -35 7 -44 -34 -59 82 -23 37 -68 -25 -25 -2 -17 -17 -44 
17 30 9 43 57 38 -64 56 -9 77 34 12 8 15 33 33 
-27 -21 -26 -36 -66 -14 37 -76 -27 -73 -35 2 -14 -10 -45 -16 
34 8 38 22 67 -15 -39 -16 77 14 Input angle :291
Zaxis angle :44 
minval :0 

minval :0 



-41 -22 25 -39 38 28 -32 34 -31 -35 37 -28 25 39 -41 21 
21 -13 44 -13 21 -56 51 46 70 2 2 -18 9 -9 29 -36 
-14 19 -33 31 2 61 -66 -20 -65 25 5 18 -4 12 -12 45 
3 -24 18 -42 -28 -54 68 -6 50 -48 -12 -13 0 -12 -8 -46 
5 24 -1 45 47 38 -60 34 -24 65 17 8 6 11 26 39 
-14 -19 -19 -41 -59 -13 -28 -81 115 -18 Input angle :288
Zaxis angle :39 
minval :0 

minval :0 



-18 -54 55 -13 10 56 -56 6 -1 -57 57 3 -7 56 -54 -11 
28 8 48 12 48 -30 18 64 41 38 10 -23 6 -3 56 -9 
-29 4 -49 6 -32 46 -42 -51 -54 -18 -2 25 -4 5 -47 31 
24 -17 41 -28 7 -56 60 29 56 -6 -8 -24 1 -6 29 -49 
-17 24 -25 42 16 54 -67 -6 -49 28 18 17 1 7 -7 56 
3 -29 6 -49 -35 -43 -115 48 -81 -12 Input angle :283
Zaxis angle :36 
minval :0 

minval :0 



30 41 -43 27 -23 -46 48 -19 14 50 -50 8 -3 -51 51 0 
-26 0 -36 6 -42 45 -48 -61 -66 -12 -11 20 -8 7 -47 20 
24 -11 32 -19 17 -60 68 38 65 -14 1 -22 5 -10 34 -38 
-17 19 -21 30 5 62 -77 -6 -55 38 7 21 0 11 -15 49 
7 -25 5 -37 -32 -53 72 -27 33 -57 -16 -15 -4 -10 -6 -51 
3 26 12 35 52 34 -12 -17 -16 16 Input angle :291
Zaxis angle :39 
minval :0 

minval :0 



32 45 -48 29 -24 -50 52 -20 16 53 -55 11 -6 -56 55 -1 
-20 -1 -47 5 -36 68 -42 -62 -70 -4 -8 33 -4 4 -49 26 
19 -7 41 -24 3 -77 65 38 66 -23 -6 -33 2 -6 33 -45 
-15 14 -27 38 24 73 -75 -8 -51 48 19 28 0 6 -14 54 
8 -19 9 -46 -56 -53 71 -22 26 -65 -29 -17 -2 -6 -10 -55 
0 21 9 46 71 29 11 -112 -115 17 Input angle :288
Zaxis angle :36 
minval :0 

minval :0 



36 42 -44 33 -30 -46 49 -25 20 52 -53 16 -12 -54 54 -7 
-30 3 -39 3 -41 58 -26 -66 -69 -13 -6 29 2 -6 -49 26 
26 -16 35 -17 16 -69 50 49 69 -14 -6 -29 0 6 33 -44 
-16 26 -24 31 15 70 -68 -21 -57 41 18 24 -2 -6 -11 54 
4 -30 7 -38 -41 -58 70 -10 36 -61 -26 -13 5 4 -10 -55 
8 29 7 38 63 33 -35 15 -79 17 Input angle :288
Zaxis angle :14 
minval :0 

minval :0 



-55 -38 43 -52 48 47 -52 43 -38 -55 59 -33 28 61 -63 22 
32 1 46 -22 33 -68 46 45 65 -1 1 -30 3 6 51 -44 
-30 9 -34 38 -2 76 -60 -23 -57 30 11 28 -5 -4 -26 62 
23 -22 15 -49 -28 -70 64 -4 40 -51 -22 -20 6 2 0 -67 
-12 30 5 51 55 52 -59 26 -17 63 28 10 -6 0 28 61 
0 -32 -25 -44 -71 -25 -53 15 1 -16 Input angle :296
Zaxis angle :25 
minval :0 

minval :0 



-11 60 -60 -15 19 -58 56 25 -30 54 -51 -34 38 -48 44 41 
-12 -31 -37 -29 -78 0 23 -52 -24 -54 -30 9 0 0 -58 -20 
25 23 45 11 73 -30 -1 56 43 41 23 -21 0 0 61 -4 
-32 -10 -46 6 -49 61 -23 -51 -55 -19 -12 28 0 0 -53 31 
34 -4 37 -28 20 -76 43 37 58 -8 -1 -31 0 0 36 -50 
-29 17 -22 41 12 78 46 95 124 7 Input angle :288
Zaxis angle :29 
minval :0 

minval :0 



47 11 -15 46 -44 -18 22 -43 41 25 -28 38 -36 -31 34 -33 
-27 16 -28 32 9 71 -56 -35 -59 26 6 22 -8 1 -18 45 
18 -25 13 -40 -35 -63 65 11 46 -45 -14 -17 5 -4 0 -49 
-6 32 4 43 54 45 -64 15 -24 59 20 10 -4 6 20 44 
-7 -31 -21 -37 -70 -17 52 -40 1 -65 -22 -1 1 -7 -34 -33 
19 27 35 25 69 -13 119 0 -80 14 Input angle :288
Zaxis angle :32 
minval :0 

minval :0 



49 -13 9 51 -51 3 0 -52 51 3 -8 51 -50 -12 17 -47 
-15 29 -6 40 41 61 -67 4 -42 51 15 18 -2 2 2 51 
4 -33 -8 -40 -63 -38 61 -28 17 -63 -21 -9 0 -3 -26 -44 
10 31 25 33 73 6 -42 53 14 64 24 0 0 3 41 29 
-23 -23 -36 -20 -70 21 15 -65 -39 -53 -21 9 -2 -2 -50 -9 
30 12 41 2 55 -49 -23 -64 -31 7 Input angle :288
Zaxis angle :39 
minval :0 

minval :0 



7 55 -56 1 2 -55 55 7 -11 54 -53 -16 20 -52 50 24 
-30 -26 -38 -16 -70 31 14 -64 -31 -45 -18 13 0 -5 -56 -4 
37 13 42 0 52 -56 10 65 46 30 10 -19 3 4 51 -21 
-39 5 -38 17 -24 73 -36 -55 -54 -6 -2 22 -4 -3 -40 39 
33 -20 26 -32 -5 -76 56 34 53 -14 -7 -21 5 1 19 -52 
-22 32 -12 40 35 68 84 63 -41 8 Input angle :288
Zaxis angle :32 
minval :0 

minval :0 



-27 52 -49 -33 37 -45 42 41 -45 37 -34 -48 49 -32 28 51 
-14 -28 -23 -33 -63 -12 42 -50 -13 -55 -31 5 -2 -1 -46 -36 
24 21 35 19 62 -14 -17 64 32 46 27 -17 2 0 57 14 
-30 -10 -40 -6 -50 40 -9 -65 -50 -26 -17 27 -2 0 -58 8 
31 -2 39 -10 32 -55 34 56 56 5 5 -31 1 -1 47 -33 
-27 17 -31 26 -5 63 41 -81 105 4 Input angle :288
Zaxis angle :25 
minval :0 

minval :0 



-8 -66 66 -4 -1 66 -66 -8 13 -65 64 19 -24 62 -60 -29 
31 16 53 16 74 -29 -1 63 55 38 11 -26 7 -1 67 2 
-34 -2 -55 6 -56 56 -25 -58 -65 -12 -1 29 -6 4 -60 27 
32 -12 47 -30 25 -75 46 42 65 -15 -10 -27 3 -6 48 -46 
-27 22 -33 45 7 79 -59 -19 -54 39 20 20 0 7 -22 62 
13 -32 11 -55 -37 -71 -123 -80 42 -15 Input angle :296
Zaxis angle :36 
minval :0 

minval :0 



-52 46 -39 -57 61 -34 30 63 -65 26 -21 -66 68 -15 9 68 
23 -36 -1 -59 -53 -77 65 -26 15 -62 -32 -7 11 -5 -35 -60 
-7 42 26 54 79 49 -47 51 12 63 33 -2 -8 9 54 43 
-9 -42 -48 -35 -92 -12 23 -66 -40 -50 -28 17 3 -11 -67 -15 
25 34 57 19 89 -26 4 70 56 31 19 -27 1 12 68 -14 
-38 -18 -59 8 -69 62 -5 30 28 -1 Input angle :296
Zaxis angle :29 
minval :0 

minval :0 



-24 60 -57 -30 34 -55 51 40 -44 47 -43 -48 51 -40 36 53 
-4 -28 -32 -47 -67 -24 59 -55 -2 -67 -27 0 -9 -11 -54 -36 
16 22 49 30 71 -6 -31 75 28 60 24 -11 13 5 64 10 
-23 -13 -57 -6 -63 33 -3 -81 -51 -42 -17 20 -14 0 -62 18 
28 2 54 -17 43 -57 36 72 65 17 7 -26 13 -5 49 -42 
-26 8 -43 37 -16 69 -10 -114 65 3 Input angle :288
Zaxis angle :36 
minval :0 

minval :0 



-30 -45 47 -26 21 49 -50 17 -14 -52 53 -10 6 54 -53 2 
32 13 37 -14 46 -54 27 62 61 36 20 -25 16 -6 50 -20 
-35 2 -27 28 -19 68 -48 -47 -71 -5 -7 31 -12 13 -35 40 
30 -15 12 -37 -11 -70 64 21 67 -23 -5 -30 5 -17 16 -51 
-22 27 3 38 37 61 -67 7 -53 47 17 26 0 17 5 53 
8 -34 -18 -34 -58 -40 107 32 63 -17 Input angle :296
Zaxis angle :32 
minval :0 

minval :0 



53 -17 11 55 -56 6 -2 -56 56 0 -4 56 -55 -10 14 -54 
-23 26 1 50 27 71 -70 4 -47 47 20 29 -2 12 7 56 
11 -34 -22 -45 -58 -49 61 -33 26 -61 -30 -18 -2 -12 -27 -50 
4 36 38 31 72 26 -41 56 3 67 35 4 7 10 45 32 
-17 -31 -48 -13 -76 3 16 -68 -30 -60 -34 11 -10 -6 -55 -12 
28 21 49 -7 68 -33 -51 96 -30 10 Input angle :288
Zaxis angle :39 
minval :0 

minval :0 



-62 -2 6 -62 62 13 -20 59 -57 -23 26 -57 54 30 -35 51 
32 -18 29 -45 -12 -64 67 27 46 -18 -2 -23 6 -9 13 -61 
-19 29 -10 53 37 53 -73 0 -35 35 12 18 -2 11 12 61 
8 -36 -11 -53 -55 -34 67 -30 19 -45 -17 -14 -2 -11 -36 -50 
7 37 32 43 65 6 -48 56 3 50 22 4 5 8 56 30 
-21 -28 -48 -26 -63 18 -92 127 -82 -12 Input angle :281
Zaxis angle :36 
minval :0 

minval :0 



34 -47 44 38 -42 40 -36 -45 48 -33 30 50 -53 25 -20 -54 
-11 33 33 50 58 36 -58 42 -19 64 29 14 3 12 41 42 
-2 -35 -52 -30 -68 -11 31 -64 -7 -66 -32 -1 -8 -9 -55 -22 
17 30 60 6 66 -18 -4 71 34 57 30 -11 11 6 58 -2 
-28 -19 -58 15 -52 44 -24 -67 -54 -40 -23 22 -13 0 -51 27 
33 7 47 -38 31 -61 8 -127 125 3 Input angle :288
Zaxis angle :39 
minval :0 

minval :0 



1 -57 56 6 -9 56 -55 -14 19 -53 51 24 -28 49 -46 -32 
13 24 50 18 71 0 -27 65 17 62 24 -2 11 5 56 12 
-21 -17 -53 2 -64 29 -1 -70 -43 -47 -21 12 -12 -1 -56 10 
27 6 48 -22 46 -54 29 64 58 27 13 -20 12 -4 46 -33 
-27 4 -34 41 -21 67 -54 -45 -64 1 -4 24 -8 9 -31 47 
23 -15 16 -50 -8 -71 -17 -80 -44 -7 Input angle :288
Zaxis angle :36 
minval :0 

minval :0 



-42 -29 33 -39 36 36 -39 34 -30 -41 44 -26 21 46 -48 16 
30 -1 37 -28 34 -60 37 61 66 19 9 -22 14 -11 37 -35 
-26 14 -20 42 -5 70 -57 -41 -68 7 0 23 -8 16 -21 47 
19 -23 3 -47 -21 -66 69 16 58 -35 -9 -22 0 -18 0 -51 
-8 29 17 43 46 52 -69 15 -39 56 18 15 7 16 22 46 
-6 -29 -34 -33 -64 -27 41 -64 25 -17 Input angle :283
Zaxis angle :32 
minval :0 

minval :0 



-13 47 -46 -17 19 -45 44 22 -27 41 -39 -30 33 -37 34 35 
-2 -29 -37 -32 -70 -10 53 -48 4 -59 -28 -3 -9 -10 -45 -20 
14 25 47 13 68 -18 -31 65 20 56 27 -8 13 5 49 1 
-23 -17 -48 7 -55 45 0 -71 -42 -41 -22 19 -14 0 -45 19 
28 4 42 -25 33 -62 29 65 55 21 11 -26 12 -6 31 -38 
-28 7 -26 41 -2 71 17 79 -4 0 Input angle :288
Zaxis angle :32 
minval :0 

minval :0 



-50 11 -7 -50 51 -4 0 51 -51 -4 8 -50 49 13 -16 48 
24 -16 9 -49 -23 -68 66 24 54 -22 -6 -25 4 -12 -4 -51 
-14 26 11 48 51 52 -70 1 -39 44 16 20 0 12 21 46 
3 -29 -30 -40 -67 -26 64 -29 19 -55 -23 -12 -5 -12 -41 -31 
10 28 44 24 73 -1 -46 53 2 58 26 2 9 8 50 12 
-19 -22 -49 -5 -64 33 -117 15 -15 -14 Input angle :288
Zaxis angle :32 
minval :0 

minval :0 



19 -49 47 24 -28 45 -42 -31 34 -40 36 38 -42 31 -27 -45 
-1 29 28 39 66 27 -54 33 -15 57 26 9 3 5 42 31 
-10 -27 -41 -26 -72 0 35 -54 -8 -58 -27 1 -5 -4 -52 -10 
20 21 48 5 64 -32 -9 63 33 48 24 -12 6 1 52 -11 
-26 -11 -46 13 -44 57 -18 -61 -49 -32 -17 21 -6 1 -42 32 
29 0 36 -32 19 -70 -21 -16 108 2 Input angle :288
Zaxis angle :32 
minval :0 

minval :0 



-19 52 -51 -22 26 -49 45 32 -37 42 -39 -40 43 -35 32 45 
2 -31 -39 -32 -67 -10 47 -53 0 -62 -27 -3 -5 -6 -47 -30 
11 28 48 14 66 -15 -24 67 24 57 26 -7 7 3 55 10 
-22 -22 -51 4 -53 41 -3 -71 -46 -41 -21 18 -8 0 -53 16 
28 11 43 -26 31 -60 34 62 59 18 12 -25 8 -2 42 -36 
-31 0 -27 42 -2 67 8 -65 39 2 Input angle :288
Zaxis angle :36 
minval :0 

minval :0 



-8 56 -55 -12 16 -54 52 20 -26 50 -48 -30 34 -45 42 36 
-5 -30 -44 -23 -68 -4 41 -59 -5 -59 -24 -1 -12 -5 -53 -18 
17 24 49 5 64 -24 -13 71 29 50 23 -8 13 0 56 -6 
-26 -16 -46 18 -45 51 -18 -70 -46 -34 -18 16 -12 5 -49 27 
30 4 36 -34 23 -64 45 57 57 12 9 -22 9 -10 34 -44 
-29 7 -18 46 3 68 23 111 -101 2 Input angle :272
Zaxis angle :20 
minval :0 

minval :0 



67 -18 13 68 -69 8 0 -70 69 5 -11 69 -68 -17 21 -66 
-31 18 -4 57 28 86 -68 -5 -45 38 20 20 -4 5 4 69 
21 -29 -17 -55 -62 -66 65 -20 27 -54 -27 -10 1 -7 -32 -62 
-6 35 37 43 83 38 -50 45 -2 60 29 0 1 7 55 42 
-7 -35 -52 -23 -91 0 26 -63 -24 -55 -26 12 -4 -5 -68 -15 
21 28 57 0 82 -39 -80 -112 108 10 Input angle :288
Zaxis angle :36 
minval :0 

minval :0 



66 11 -16 65 -63 -21 26 -61 58 32 -38 55 -50 -43 46 -47 
-32 2 -26 57 -12 85 -56 -35 -56 19 4 24 -8 4 -24 63 
29 -14 0 -63 -28 -81 65 7 43 -41 -15 -19 5 -7 -3 -67 
-20 25 25 58 56 65 -63 19 -22 55 21 12 -1 9 31 60 
9 -31 -48 -41 -78 -37 50 -42 -1 -60 -25 -1 -1 -9 -53 -40 
6 31 60 18 86 3 110 -64 -125 13 Input angle :288
Zaxis angle :39 
minval :0 

minval :0 



-16 -65 66 -12 7 67 -67 0 6 -67 66 11 -15 65 -62 -22 
19 31 64 -1 87 -20 -7 61 44 40 20 -20 4 6 67 -4 
-31 -20 -58 24 -73 52 -20 -58 -58 -18 -10 27 -6 -3 -59 31 
36 9 43 -47 40 -80 39 48 60 -7 -1 -29 7 1 41 -53 
-36 7 -20 60 -7 89 -56 -25 -53 29 13 26 -6 1 -14 65 
29 -22 -4 -63 -29 -84 -118 32 123 -13 Input angle :311
Zaxis angle :39 
minval :0 

minval :0 



67 26 -32 65 -62 -37 42 -59 56 46 -52 52 -47 -55 58 -41 
-37 4 -41 42 -36 89 -46 -37 -56 9 2 31 -5 -2 -40 60 
32 -18 22 -54 3 -96 57 16 48 -30 -15 -27 6 0 13 -71 
-22 30 2 59 36 90 -59 9 -31 47 24 19 -6 2 17 70 
9 -36 -28 -52 -71 -67 50 -33 9 -56 -31 -6 3 -4 -46 -55 
9 36 47 35 94 29 62 -48 -66 13 Input angle :296
Zaxis angle :36 
minval :0 

minval :0 



-59 -48 53 -54 48 59 -64 42 -38 -66 69 -34 28 70 -72 21 
38 8 49 -25 56 -74 37 43 55 -1 6 -33 -1 2 58 -49 
-38 8 -34 43 -19 91 -50 -26 -50 24 9 32 0 -3 -27 71 
31 -24 9 -54 -18 -91 57 2 36 -42 -21 -26 1 3 0 -76 
-17 34 11 54 53 76 -53 20 -16 53 29 16 -2 -2 31 69 
2 -39 -32 -44 -80 -47 -31 47 11 -14 Input angle :296
Zaxis angle :0 
minval :0 

minval :0 



-2 -69 70 3 -8 69 -68 -13 18 -67 65 24 -30 62 -58 -37 
16 30 59 13 92 -4 -10 59 28 48 32 -13 4 -3 69 8 
-27 -21 -59 10 -82 40 -15 -58 -46 -31 -23 24 -2 4 -67 19 
33 7 50 -33 58 -71 37 47 55 7 12 -33 0 -5 50 -47 
-33 6 -31 51 -23 89 -53 -27 -54 11 1 35 1 5 -28 63 
29 -18 7 -60 -15 -91 -84 32 -15 -10 Input angle :292
Zaxis angle :25 
minval :0 

minval :0 



15 67 -68 9 -3 -68 69 3 -8 68 -68 -13 17 -66 64 22 
-18 -32 -57 -3 -89 16 4 -61 -37 -45 -26 18 -4 0 -69 0 
29 23 54 -20 74 -50 20 57 53 24 16 -27 4 -1 62 -29 
-36 -9 -42 38 -48 76 -42 -45 -58 -1 -3 31 -2 3 -44 52 
36 -7 21 -53 12 -89 56 23 54 -22 -9 -30 0 -4 19 -66 
-31 21 1 57 25 87 98 -81 -55 10 Input angle :108
Zaxis angle :14 
minval :0 

minval :0 



45 -55 51 50 -52 47 -44 -55 59 -39 35 62 -64 30 -25 -66 
-9 29 33 51 72 59 -55 34 -7 62 31 6 2 1 46 54 
-2 -30 -50 -35 -91 -24 35 -55 -18 -61 -31 9 -3 0 -65 -28 
15 26 60 10 93 -14 -9 63 40 48 24 -20 2 -1 71 1 
-24 -17 -59 15 -78 52 -18 -62 -56 -29 -14 29 -1 2 -64 29 
29 6 49 -37 51 -79 -3 0 114 0 Input angle :291
Zaxis angle :29 
minval :0 

minval :0 



-50 -49 53 -46 42 57 -61 35 -29 -64 67 -23 19 68 -69 15 
29 11 50 -27 58 -68 32 51 65 13 7 -35 0 -5 59 -38 
-30 0 -35 44 -29 85 -49 -36 -65 15 7 35 1 5 -37 60 
27 -13 13 -55 -8 -89 60 12 55 -38 -21 -29 -3 -4 11 -70 
-19 23 8 55 43 79 -60 11 -32 58 30 18 5 2 17 69 
8 -29 -31 -47 -74 -51 28 96 84 -17 Input angle :291
Zaxis angle :25 
minval :0 

minval :0 



18 -67 65 23 -29 62 -59 -36 41 -54 51 46 -50 46 -42 -54 
3 28 33 30 88 29 -46 34 4 58 27 -3 0 4 60 33 
-14 -24 -42 -15 -93 4 28 -49 -31 -49 -23 14 -2 -4 -68 -4 
24 16 45 -3 82 -45 -2 57 47 34 14 -24 3 3 65 -22 
-28 -4 -39 21 -56 74 -19 -54 -57 -10 -4 27 -4 -1 -50 47 
28 -5 27 -36 19 -90 -33 -16 -66 -5 Input angle :292
Zaxis angle :32 
minval :0 

minval :0 



-17 65 -63 -22 28 -61 58 34 -39 55 -52 -43 47 -48 43 50 
-6 -26 -25 -25 -74 -14 50 -29 9 -60 -19 4 -3 -5 -59 -33 
17 20 33 13 74 -14 -33 47 16 59 16 -12 5 4 67 6 
-24 -11 -35 2 -62 43 10 -58 -39 -47 -8 18 -6 -1 -63 25 
27 0 31 -15 38 -65 10 57 54 29 1 -20 6 -1 47 -47 
-24 10 -22 27 -5 76 8 95 -70 -1 Input angle :138
Zaxis angle :25 
minval :0 

minval :0 



13 -68 67 17 -23 65 -62 -30 34 -60 57 38 -43 54 -50 -47 
3 28 42 32 80 4 -41 48 8 55 25 -2 2 3 65 23 
-14 -24 -51 -15 -75 30 16 -61 -31 -46 -22 11 -4 -2 -69 4 
23 16 52 -8 55 -58 11 62 48 28 16 -19 4 1 61 -31 
-27 -5 -45 29 -28 75 -34 -53 -55 -8 -6 24 -4 1 -42 55 
27 -5 29 -45 -4 -80 -40 -64 127 -4 Input angle :283
Zaxis angle :36 
minval :0 

minval :0 



-52 -32 36 -50 48 38 -41 45 -41 -45 49 -36 30 53 -54 27 
29 5 49 -25 31 -72 31 55 54 4 10 -30 9 5 42 -44 
-29 6 -34 44 0 79 -51 -37 -51 18 4 32 -11 0 -20 58 
24 -18 14 -54 -32 -72 62 13 40 -36 -17 -27 10 -3 -5 -61 
-14 26 7 55 59 51 -63 10 -21 50 27 18 -8 7 28 54 
2 -30 -30 -46 -75 -24 -10 15 87 -14 Input angle :288
Zaxis angle :36 
minval :0 

minval :0 



-18 -64 65 -13 8 66 -66 2 3 -66 66 9 -14 65 -63 -17 
16 29 58 12 79 -40 1 67 44 27 28 -26 5 11 66 -7 
-27 -19 -57 12 -54 69 -32 -59 -52 -2 -14 36 -9 -7 -57 33 
32 6 47 -34 25 -85 52 43 49 -15 0 -39 12 3 39 -53 
-32 7 -32 50 13 88 -65 -17 -39 33 17 34 -12 2 -16 65 
27 -18 8 -58 -49 -73 92 -80 36 -12 Input angle :296
Zaxis angle :36 
minval :0 

minval :0 



58 28 -33 56 -54 -36 41 -50 45 46 -50 41 -36 -54 55 -32 
-27 -7 -49 35 -25 80 -50 -48 -53 12 -6 36 -7 -6 -37 53 
27 -6 31 -51 -6 -84 65 23 44 -32 -8 -37 9 2 13 -64 
-24 15 -5 60 37 75 -69 2 -26 48 23 29 -9 1 14 63 
14 -24 -17 -58 -67 -50 62 -32 5 -55 -32 -18 7 -5 -37 -53 
-4 28 39 46 81 21 62 -32 123 13 Input angle :296
Zaxis angle :32 
minval :0 

minval :0 



-37 59 -55 -42 45 -52 48 50 -55 42 -36 -60 62 -31 26 64 
12 -32 -30 -54 -79 -37 54 -41 -8 -49 -37 -8 5 -10 -49 -49 
1 34 51 35 88 0 -31 60 27 42 37 -8 0 12 65 24 
-14 -31 -61 -14 -80 34 6 -67 -42 -27 -31 22 -4 -12 -69 1 
25 23 62 -10 61 -62 20 65 49 9 18 -33 8 9 62 -32 
-32 -10 -52 35 -28 83 59 -49 108 3 Input angle :296
Zaxis angle :36 
minval :0 

minval :0 



-40 49 -45 -43 48 -40 36 51 -54 31 -28 -57 59 -23 18 60 
11 -26 -16 -53 -66 -45 59 -29 5 -57 -28 -19 0 -4 -39 -49 
0 29 35 41 78 15 -44 50 17 55 34 5 1 4 57 28 
-12 -27 -49 -22 -77 20 19 -64 -38 -44 -33 8 -3 -3 -62 -2 
22 19 54 0 63 -48 11 65 50 26 27 -21 4 2 59 -21 
-28 -10 -51 21 -38 69 22 -33 -90 -1 Input angle :288
Zaxis angle :41 
minval :0 

minval :0 



-50 -50 56 -44 39 59 -63 34 -29 -65 67 -24 17 69 -70 13 
23 13 45 -19 53 -63 35 69 75 6 19 -30 5 -1 60 -39 
-26 -4 -34 35 -25 79 -61 -48 -71 23 -5 35 -4 3 -38 60 
26 -6 17 -46 -9 -83 75 19 57 -50 -11 -33 2 -5 10 -71 
-22 16 2 49 45 70 -77 8 -32 68 23 27 0 5 18 69 
12 -24 -23 -43 -67 -48 5 0 34 -19 Input angle :296
Zaxis angle :41 
minval :0 

minval :0 



22 65 -66 18 -12 -67 68 -8 2 69 -69 -1 8 -68 67 10 
-17 -20 -48 -1 -67 43 -2 -69 -47 -39 -18 19 -6 -2 -68 12 
23 13 44 -19 39 -68 30 62 59 16 8 -25 6 0 56 -39 
-26 -2 -34 34 -10 78 -54 -42 -61 8 3 26 -6 2 -33 60 
25 -9 16 -45 -25 -75 67 15 50 -35 -13 -22 3 -4 6 -68 
-19 19 3 48 50 60 121 95 -16 12 Input angle :288
Zaxis angle :36 
minval :0 

minval :0 



49 45 -50 43 -39 -54 56 -36 32 58 -60 28 -22 -63 64 -16 
-18 -14 -45 13 -43 69 -33 -67 -56 -17 -16 25 -16 5 -53 41 
22 4 35 -31 16 -80 57 47 58 -6 3 -29 12 -11 31 -59 
-22 4 -19 42 20 79 -73 -15 -49 32 9 27 -5 15 -5 67 
19 -13 0 -46 -51 -63 73 -12 33 -48 -18 -23 0 -16 -22 -63 
-11 20 18 43 72 38 -34 95 -120 14 Input angle :288
Zaxis angle :36 
minval :0 

minval :0 



39 -50 46 43 -48 41 -36 -51 54 -31 27 57 -59 24 -22 -58 
1 23 19 44 72 21 -62 40 -6 57 30 6 11 8 42 46 
-9 -21 -36 -33 -74 6 41 -61 -16 -56 -31 5 -14 -3 -57 -26 
18 14 46 16 63 -38 -13 72 39 42 25 -19 14 -2 63 0 
-22 -6 -48 3 -45 59 -18 -71 -51 -25 -15 26 -11 8 -59 21 
23 -3 43 -21 18 -72 -21 48 98 0 Input angle :283
Zaxis angle :29 
minval :0 

minval :0 



32 -62 60 35 -38 59 -56 -42 48 -50 44 54 -58 39 -34 -60 
-5 22 29 49 70 31 -58 49 -1 67 24 3 4 9 56 41 
-4 -23 -45 -34 -77 -3 39 -65 -25 -61 -24 5 -8 -6 -68 -17 
13 19 56 11 71 -29 -4 76 47 46 19 -15 9 2 68 -15 
-20 -12 -56 10 -53 55 -25 -72 -62 -23 -12 21 -10 1 -60 36 
23 3 47 -32 26 -72 13 -63 43 -2 Input angle :288
Zaxis angle :39 
minval :0 

minval :0 



1 61 -61 -1 3 -61 60 9 -15 59 -57 -21 25 -55 52 30 
-23 -25 -52 -32 -80 17 18 -57 -34 -51 -26 21 -4 -6 -60 -7 
32 14 59 12 67 -47 5 60 53 32 15 -29 7 4 59 -15 
-34 1 -59 11 -42 70 -28 -53 -61 -8 -1 33 -8 0 -45 41 
31 -15 46 -38 10 -81 48 36 59 -17 -10 -31 7 -3 25 -55 
-23 26 -27 54 23 79 65 95 40 10 Input angle :288
Zaxis angle :36 
minval :0 

minval :0 



50 28 -32 48 -45 -35 39 -42 39 42 -45 35 -31 -48 49 -27 
-27 8 -54 30 -21 71 -34 -55 -54 -4 10 27 -9 6 -34 46 
21 -19 35 -50 -8 -74 52 38 50 -20 -20 -19 6 -9 10 -56 
-10 26 -15 60 35 66 -63 -12 -39 37 27 10 -2 11 9 56 
1 -28 -10 -60 -58 -47 63 -14 21 -50 -28 0 -2 -11 -30 -49 
10 26 31 52 72 21 4 64 -110 13 Input angle :288
Zaxis angle :25 
minval :0 

minval :0 



3 56 -57 0 5 -56 56 12 -18 53 -51 -22 26 -50 48 30 
-16 -18 -53 -28 -72 16 19 -63 -32 -52 -15 26 -8 -4 -56 -7 
22 10 61 2 59 -43 7 66 50 34 5 -29 9 0 54 -16 
-25 -1 -56 21 -38 62 -33 -57 -60 -9 7 29 -8 4 -42 37 
23 -9 42 -44 8 -73 54 39 59 -15 -19 -23 6 -7 25 -52 
-17 17 -23 55 21 70 65 -1 -53 9 Input angle :288
Zaxis angle :29 
minval :0 

minval :0 



-63 3 0 -64 63 4 -9 63 -61 -15 21 -60 58 25 -28 57 
19 -14 36 -56 -5 -74 61 26 50 -39 -26 -16 7 -2 8 -63 
-12 20 -6 67 35 65 -66 -1 -32 55 31 2 -5 4 21 59 
2 -22 -16 -65 -60 -42 60 -27 6 -64 -30 8 3 -6 -40 -50 
7 22 41 53 72 16 -45 48 19 61 23 -21 0 7 57 27 
-15 -17 -59 -31 -73 12 88 95 -76 -13 Input angle :292
Zaxis angle :29 
minval :0 

minval :0 



27 56 -58 23 -16 -60 62 -9 4 62 -62 0 4 -62 61 10 
-13 -17 -57 -10 -69 36 8 -61 -47 -42 -17 17 -19 -3 -60 17 
19 10 56 -14 46 -62 18 59 58 22 8 -22 18 -4 50 -37 
-22 -2 -45 36 -17 76 -41 -46 -62 4 0 23 -15 11 -29 56 
20 -6 27 -51 -13 -77 56 27 56 -28 -10 -21 9 -17 4 -62 
-16 14 -5 58 43 65 102 127 -123 12 Input angle :288
Zaxis angle :36 
minval :0 

minval :0 



-69 19 -15 -70 71 -10 4 71 -73 -3 8 -71 71 14 -19 69 
18 -13 8 -55 -34 -72 62 12 43 -45 -18 -16 5 -12 -9 -72 
-9 19 13 54 60 52 -62 11 -23 58 23 8 0 13 37 62 
2 -21 -33 -44 -76 -25 51 -36 -1 -62 -24 1 -5 -12 -58 -43 
6 20 49 25 79 -7 -33 53 27 56 21 -11 9 9 71 15 
-14 -17 -56 -3 -69 38 60 31 -13 -11 Input angle :288
Zaxis angle :32 
minval :0 

minval :0 



-34 -45 48 -29 26 51 -52 22 -16 -54 55 -13 7 55 -56 3 
13 9 62 -6 40 -53 14 60 68 28 9 -24 6 -1 51 -26 
-15 -2 -53 31 -16 62 -37 -49 -74 3 3 25 -6 4 -35 44 
16 -3 36 -50 -10 -66 54 30 67 -31 -12 -22 4 -6 15 -55 
-12 9 -14 60 38 55 -62 -5 -50 54 20 15 0 6 8 56 
8 -14 -10 -62 -55 -35 93 -112 -10 -19 Input angle :288
Zaxis angle :32 
minval :0 

minval :0 



-24 -57 59 -20 15 60 -62 9 -5 -62 63 0 -4 62 -61 -9 
20 13 60 22 87 -38 0 70 54 31 19 -27 8 7 60 -17 
-24 -4 -64 6 -61 71 -26 -64 -62 -6 -6 34 -11 -3 -49 38 
24 -5 57 -29 24 -90 49 50 60 -16 -6 -34 11 -2 29 -55 
-19 15 -39 51 10 93 -64 -27 -47 40 19 28 -10 5 -5 62 
12 -21 14 -62 -48 -80 99 -112 -85 -15 Input angle :292
Zaxis angle :36 
minval :0 

minval :0 



-10 -45 46 -8 4 46 -46 -1 4 -46 46 8 -12 44 -43 -15 
16 20 53 11 76 -22 -14 68 51 41 29 -24 11 -5 46 -5 
-23 -10 -53 12 -62 49 -15 -69 -63 -18 -17 33 -8 9 -41 21 
26 1 45 -32 37 -69 38 58 66 -8 2 -38 4 -12 28 -36 
-23 10 -25 48 -3 79 -60 -35 -56 33 13 36 0 12 -12 45 
18 -18 5 -54 -25 -75 -101 80 0 -14 Input angle :291
Zaxis angle :29 
minval :0 

minval :0 



42 -36 32 45 -48 29 -25 -50 52 -21 16 53 -54 12 -8 -55 
-25 18 13 53 68 64 -62 12 -17 73 34 17 -14 1 29 47 
15 -27 -35 -42 -89 -28 51 -37 -14 -74 -38 0 12 -7 -46 -31 
-2 31 50 24 92 -11 -32 54 44 61 34 -15 -8 11 55 8 
-10 -30 -55 -3 -80 47 6 -62 -66 -36 -25 28 3 -14 -53 15 
22 22 50 -21 54 -75 47 -47 124 1 Input angle :292
Zaxis angle :20 
minval :0 

minval :0 



-52 -22 27 -49 46 32 -36 43 -41 -39 41 -38 36 43 -46 32 
23 7 43 -33 36 -68 32 55 69 16 2 -23 16 -3 32 -46 
-23 1 -25 48 -6 76 -50 -40 -70 11 5 23 -12 10 -10 56 
21 -10 5 -54 -24 -73 61 16 59 -39 -14 -18 7 -14 -11 -55 
-14 19 20 50 53 55 -63 11 -39 59 21 9 0 16 36 44 
6 -23 -40 -37 -72 -26 27 -64 71 -18 Input angle :283
Zaxis angle :29 
minval :0 

minval :0 



-33 -49 52 -28 22 55 -56 18 -13 -57 58 -9 3 59 -59 -1 
19 22 60 1 67 -40 5 67 60 33 22 -22 2 9 54 -25 
-27 -11 -54 25 -43 65 -33 -59 -69 -4 -10 29 -5 -7 -41 42 
29 0 41 -44 16 -77 54 41 66 -20 -1 -31 8 4 21 -55 
-27 11 -20 56 14 76 -66 -16 -49 48 15 27 -9 0 2 59 
21 -21 -6 -60 -42 -66 110 48 -34 -17 Input angle :296
Zaxis angle :32 
minval :0 

minval :0 



16 58 -59 11 -6 -60 60 0 -4 61 -60 -9 12 -59 57 17 
-19 -23 -42 -14 -65 31 28 -50 -24 -49 -15 26 -3 -11 -61 5 
27 14 45 -3 45 -56 -7 57 42 35 3 -31 8 8 53 -28 
-31 -2 -40 19 -17 70 -18 -54 -52 -13 8 29 -10 -4 -37 48 
28 -12 28 -34 -9 -71 38 43 53 -6 -20 -22 12 0 13 -59 
-22 20 -14 42 38 62 70 79 -109 7 Input angle :288
Zaxis angle :14 
minval :0 

minval :0 



57 4 -8 57 -55 -14 20 -54 52 25 -29 50 -46 -34 38 -41 
-19 0 -46 43 -10 63 -61 -47 -73 23 6 17 0 6 -16 55 
17 -7 22 -58 -18 -61 75 15 56 -52 -13 -13 -3 -5 -7 -57 
-12 14 4 63 40 50 -76 14 -30 70 17 7 4 4 28 50 
5 -18 -29 -55 -57 -28 62 -44 -1 -76 -18 0 -5 -2 -47 -33 
2 19 49 39 64 3 -122 80 109 17 Input angle :283
Zaxis angle :29 
minval :0 

minval :0 



36 -45 42 39 -43 38 -34 -45 48 -30 25 51 -54 19 -15 -55 
-13 16 14 56 53 29 -62 35 -12 71 16 0 4 6 38 43 
4 -20 -37 -44 -61 -4 42 -58 -15 -70 -15 5 -6 -3 -51 -26 
3 20 50 26 58 -20 -16 69 41 58 11 -11 7 0 57 1 
-11 -17 -57 -4 -44 42 -15 -70 -60 -39 -6 15 -7 1 -54 20 
17 11 54 -18 26 -55 33 -111 59 2 Input angle :288
Zaxis angle :32 
minval :0 

minval :0 



26 -58 55 33 -39 50 -47 -43 46 -44 43 48 -50 39 -35 -53 
-1 23 24 52 67 26 -49 32 -7 62 23 -11 0 4 51 38 
-7 -22 -44 -37 -73 -1 33 -49 -17 -61 -17 19 -1 -3 -63 -14 
15 18 55 16 66 -29 -10 58 40 49 7 -25 3 2 63 -14 
-21 -9 -57 6 -46 56 -15 -58 -57 -27 2 25 -4 -1 -52 36 
23 0 49 -30 23 -69 -1 -32 18 0 Input angle :288
Zaxis angle :25 
minval :0 

minval :0 


