
-6 -72 72 -1 -2 72 -71 -10 15 -70 69 22 -28 66 -63 -34 
27 -5 17 41 66 11 -35 30 14 90 17 -46 5 -33 72 2 
-22 17 -33 -30 -66 17 17 -43 -47 -78 1 50 9 32 -68 23 
13 -25 42 14 53 -43 0 46 75 52 -23 -44 -20 -27 50 -51 
-3 28 -44 6 -29 61 -18 -42 -90 -13 38 32 30 15 -25 67 
-9 -26 39 -22 2 -67 95 49 102 -7 Input angle :278
Zaxis angle :20 
minval :0 

minval :0 



-63 -5 11 -62 61 17 -22 59 -57 -26 30 -55 54 34 -37 49 
-5 -26 37 -5 27 -57 19 40 88 0 -38 -30 -31 -15 14 -62 
17 20 -31 20 -1 64 -32 -29 -82 33 47 13 34 2 12 62 
-23 -12 20 -32 -24 -59 42 13 61 -64 -48 7 -32 12 -35 -52 
26 2 -6 37 45 45 -44 4 -30 84 41 -26 25 -24 53 33 
-25 9 -9 -36 -61 -20 -25 15 -74 -23 Input angle :98
Zaxis angle :20 
minval :0 

minval :0 



11 -60 60 16 -19 58 -56 -25 31 -52 50 36 -40 47 -44 -43 
33 1 -6 36 50 31 -43 0 -28 81 32 -38 21 -21 57 22 
-30 14 -9 -35 -58 -8 39 -18 -9 -85 -11 49 -11 28 -61 2 
23 -24 22 29 57 -14 -27 34 41 75 -6 -50 0 -30 55 -27 
-9 32 -32 -16 -45 38 11 -42 -67 -53 27 42 13 26 -37 49 
-3 -33 37 0 24 -54 81 -111 -22 4 Input angle :274
Zaxis angle :25 
minval :0 

minval :0 



-55 14 -9 -55 56 -5 1 56 -57 -2 6 -55 55 12 -16 53 
-22 -23 36 -12 -2 -51 14 40 90 0 -33 0 -28 -26 -4 -56 
30 13 -29 25 21 47 -29 -31 -82 36 30 -13 37 12 29 48 
-33 -1 13 -36 -38 -34 39 16 62 -65 -23 24 -38 5 -44 -34 
30 -13 0 38 48 16 -43 1 -29 85 11 -31 33 -20 55 15 
-21 25 -14 -35 -50 7 -39 -97 106 -23 Input angle :122
Zaxis angle :41 
minval :0 

minval :0 



45 -50 46 49 -52 43 -38 -55 59 -32 26 62 -64 21 -16 -66 
34 31 -25 21 26 34 -41 -21 -70 52 35 -24 34 3 45 51 
-45 -11 13 -30 -37 -20 46 5 43 -75 -24 35 -32 11 -61 -27 
45 -5 0 33 43 2 -44 15 -10 86 8 -42 25 -22 67 5 
-40 22 -13 -30 -41 13 35 -30 -24 -83 9 41 -13 31 -63 25 
27 -37 23 24 32 -29 -30 16 -90 16 Input angle :122
Zaxis angle :32 
minval :0 

minval :0 



63 31 -36 61 -56 -42 47 -53 50 50 -54 46 -42 -56 59 -37 
-20 37 -26 -12 -39 37 9 -37 -65 -53 28 38 -1 37 -44 55 
6 -42 29 0 23 -49 7 37 81 23 -40 -23 -14 -34 15 -69 
10 41 -27 11 0 54 -22 -30 -83 10 47 4 25 27 14 70 
-27 -33 20 -20 -22 -49 33 19 71 -44 -45 14 -34 -14 -40 -59 
38 18 -10 27 42 33 72 -97 -45 17 Input angle :122
Zaxis angle :29 
minval :0 

minval :0 



-62 33 -28 -64 67 -21 14 68 -69 9 -4 -70 70 0 -7 69 
-13 -38 22 -13 -2 -63 13 29 70 -10 -43 -12 -34 -5 -20 -66 
28 28 -13 20 31 56 -22 -21 -59 37 44 -6 33 -10 45 53 
-38 -13 4 -24 -51 -39 29 11 41 -57 -38 24 -26 22 -64 -26 
41 -3 6 24 62 15 -31 2 -14 69 25 -37 15 -31 69 0 
-35 19 -15 -20 -63 9 -76 95 -36 -18 Input angle :271
Zaxis angle :0 
minval :0 

minval :0 



5 17 -17 3 -2 -17 17 0 0 18 -17 -2 3 -17 17 5 
-55 -85 -20 80 -48 -24 -77 7 -88 52 -29 95 70 -52 -17 0 
86 54 -9 -82 54 4 69 -36 59 -83 -7 -99 -41 77 16 -7 
-101 -12 45 69 -50 19 -45 63 -18 100 48 87 10 -87 -11 13 
99 -21 -66 -49 40 -36 21 -75 -23 -99 -80 -58 24 84 6 -16 
-82 59 80 17 -21 49 -25 1 -2 41 Input angle :281
Zaxis angle :25 
minval :0 

minval :0 



17 24 -25 15 -13 -26 28 -10 7 28 -29 5 -2 -29 29 0 
-30 -99 -54 81 -50 -10 -91 13 -88 50 -47 84 65 -42 -27 10 
66 80 20 -95 50 -9 80 -47 63 -80 8 -96 -39 67 20 -20 
-92 -46 24 94 -41 29 -51 77 -21 100 30 92 8 -76 -11 26 
103 2 -60 -76 24 -45 15 -91 -19 -100 -69 -68 22 74 -2 -29 
-95 40 85 47 -2 51 -33 -47 29 42 Input angle :290
Zaxis angle :25 
minval :0 

minval :0 



21 -11 9 22 -23 7 -5 -24 24 -4 3 24 -24 0 1 -24 
-100 -23 51 82 -35 32 -31 82 -7 101 54 80 -9 -72 7 23 
101 -19 -78 -56 20 -43 -1 -88 -31 -96 -81 -52 34 65 -15 -18 
-86 57 95 19 -1 48 38 79 67 75 96 12 -59 -42 22 9 
57 -86 -95 18 -18 -44 -67 -57 -93 -39 -93 25 72 14 -23 0 
-16 102 77 -58 33 33 52 -125 -81 0 Input angle :300
Zaxis angle :29 
minval :0 

minval :0 



21 2 -4 21 -21 -6 7 -20 19 9 -11 18 -17 -12 13 -16 
-88 -50 20 92 -49 20 -62 67 -37 93 18 95 23 -72 -6 20 
101 11 -59 -73 36 -39 29 -86 -6 -100 -58 -77 8 76 -2 -21 
-96 32 81 47 -18 50 9 91 43 90 84 47 -40 -64 9 18 
76 -67 -94 -9 -2 -53 -43 -80 -77 -64 -96 -11 62 44 -16 -13 
-44 91 90 -28 25 47 0 -29 -37 16 Input angle :294
Zaxis angle :25 
minval :0 

minval :0 



-9 -14 15 -9 7 15 -16 6 -4 -17 17 -3 1 17 -17 0 
27 98 48 -83 50 12 90 -14 93 -38 46 -85 -60 35 15 -7 
-68 -75 -12 96 -50 11 -77 49 -67 73 -6 97 41 -57 -11 12 
92 44 -28 -92 42 -29 50 -76 30 -95 -31 -92 -15 68 4 -16 
-101 -5 61 74 -26 44 -19 89 8 100 64 72 -16 -69 1 16 
96 -35 -86 -43 7 -51 127 126 74 -45 Input angle :292
Zaxis angle :25 
minval :0 

minval :0 



-18 17 -16 -19 21 -14 12 22 -23 10 -8 -23 24 -7 4 24 
100 -25 -82 -54 5 -40 -16 -92 -42 -92 -82 -50 34 61 -13 -20 
-78 67 97 11 12 39 51 78 74 68 95 15 -57 -41 20 14 
45 -93 -94 26 -27 -30 -79 -49 -97 -28 -92 29 69 14 -24 -3 
-1 104 76 -62 37 17 92 15 100 -11 75 -61 -69 12 24 -6 
-39 -96 -43 88 -41 0 62 109 -102 25 Input angle :289
Zaxis angle :29 
minval :0 

minval :0 



36 17 -20 34 -32 -23 26 -30 27 29 -31 25 -22 -33 34 -19 
-33 -97 -49 85 -51 -21 -91 33 -84 52 -45 88 64 -36 -23 31 
74 71 10 -98 55 0 72 -65 58 -80 9 -99 -43 58 8 -38 
-94 -41 35 92 -50 23 -41 88 -21 97 29 95 17 -71 6 38 
103 0 -68 -71 37 -41 1 -97 -22 -97 -65 -75 12 72 -22 -31 
-94 41 90 39 -17 53 -40 49 71 40 Input angle :297
Zaxis angle :36 
minval :0 

minval :0 



18 12 -14 17 -15 -16 17 -14 13 18 -19 11 -9 -20 20 -8 
-94 -40 46 85 -44 32 -49 84 -7 102 57 81 8 -60 -16 15 
102 -2 -77 -58 28 -46 15 -96 -35 -96 -85 -50 15 58 8 -20 
-93 42 94 22 -7 54 25 94 69 75 98 13 -38 -47 0 21 
71 -74 -96 13 -16 -52 -55 -80 -92 -44 -96 26 53 27 -9 -19 
-31 98 81 -52 34 42 53 -125 110 -3 Input angle :284
Zaxis angle :0 
minval :0 

minval :0 



-18 36 -35 -21 23 -33 30 26 -29 28 -25 -31 33 -23 20 34 
43 -93 -94 25 -38 -56 -78 -58 -95 -15 -97 24 55 -4 -32 -24 
0 103 77 -59 57 36 95 22 94 -21 77 -64 -49 26 39 9 
-40 -95 -49 84 -67 -8 -96 15 -76 59 -43 91 34 -43 -39 6 
77 67 5 -97 65 -18 82 -51 47 -84 5 -101 -13 54 33 -22 
-95 -38 32 92 -51 43 -75 47 -113 48 Input angle :289
Zaxis angle :29 
minval :0 

minval :0 



-8 -35 34 -6 1 36 -36 0 1 -35 35 7 -11 34 -32 -13 
33 95 39 -86 61 28 92 -24 93 -35 37 -92 -35 34 35 -2 
-66 -75 -5 95 -66 -1 -76 57 -69 71 4 99 19 -46 -30 17 
94 35 -38 -86 62 -25 43 -85 31 -94 -39 -91 1 50 21 -27 
-100 5 69 64 -46 48 -10 95 11 99 74 66 -23 -44 -8 34 
91 -42 -89 -33 22 -62 -108 -66 56 -45 Input angle :289
Zaxis angle :25 
minval :0 

minval :0 



-5 30 -30 -7 11 -31 29 15 -16 26 -27 -18 18 -25 23 20 
77 -67 -96 1 -15 -20 -67 -68 -71 -51 -95 -16 34 0 -29 -11 
-47 91 89 -35 20 14 89 33 86 18 94 -22 -29 11 32 -1 
4 -102 -68 68 -24 -3 -95 0 -86 16 -75 59 24 -24 -28 14 
31 98 34 -90 21 -3 87 -40 74 -48 42 -86 -10 32 19 -24 
-70 -75 2 96 -19 12 -112 -82 47 38 Input angle :289
Zaxis angle :39 
minval :0 

minval :0 



19 13 -15 18 -17 -16 18 -15 13 19 -20 11 -9 -21 21 -7 
-55 -83 -21 94 -63 5 -67 64 -81 53 2 98 28 -34 -16 16 
84 55 -19 -94 55 -30 39 -84 54 -80 -44 -88 -14 41 9 -21 
-99 -17 55 79 -37 50 5 93 -15 96 79 57 -6 -43 0 23 
97 -25 -83 -49 13 -62 -38 -85 -20 -95 -94 -28 21 38 -9 -20 
-79 61 96 13 12 62 -17 65 -30 37 Input angle :293
Zaxis angle :29 
minval :0 

minval :0 



25 -22 20 27 -28 18 -15 -30 31 -13 10 32 -33 7 -5 -33 
-35 -94 -41 90 11 -38 -68 44 -71 -2 -59 78 18 5 18 28 
70 72 -2 -99 6 39 43 -68 67 -24 21 -95 -19 2 -28 -18 
-94 -35 42 90 -22 -33 -11 80 -51 48 17 96 16 -9 33 7 
101 1 -73 -66 32 23 -19 -79 25 -66 -53 -82 -11 15 -33 8 
-90 43 95 27 -39 -8 26 -64 124 35 Input angle :252
Zaxis angle :29 
minval :0 

minval :0 



11 -12 12 12 -13 10 -9 -14 15 -8 6 15 -16 5 -3 -16 
6 -103 -59 77 -25 -10 -97 -8 -91 -6 -92 41 55 -18 10 13 
31 99 27 -93 27 -2 91 -33 87 -27 68 -74 -43 38 -15 -8 
-73 -73 10 97 -24 12 -70 66 -69 60 -37 94 22 -53 17 2 
94 42 -46 -86 18 -20 41 -88 40 -82 -2 -101 -2 58 -16 4 
-103 -4 77 60 -8 25 -47 79 8 46 Input angle :286
Zaxis angle :32 
minval :0 

minval :0 



1 40 -41 -1 3 -41 40 6 -10 39 -38 -14 16 -37 36 18 
58 -84 -99 8 -74 -27 -72 -65 -91 -35 -95 -6 77 16 -39 -5 
-25 100 89 -43 79 -6 91 32 98 -1 91 -31 -77 15 38 -12 
-15 -101 -65 75 -70 37 -96 9 -88 43 -69 66 63 -46 -30 26 
57 85 29 -95 53 -59 86 -45 62 -75 40 -87 -43 66 17 -36 
-83 -60 8 99 -24 75 -2 -34 97 46 Input angle :289
Zaxis angle :25 
minval :0 

minval :0 



15 -35 34 17 -19 32 -30 -23 26 -28 25 28 -30 23 -21 -32 
-99 28 88 46 33 53 21 96 61 77 68 67 -53 -53 30 22 
81 -64 -99 -5 -51 -35 -56 -80 -89 -42 -91 -31 72 22 -36 -8 
-44 93 94 -32 61 9 84 50 99 7 96 -4 -75 4 37 -8 
4 -103 -73 68 -60 15 -97 -16 -92 34 -86 43 68 -32 -30 22 
35 97 41 -91 50 -37 75 66 122 -34 Input angle :289
Zaxis angle :25 
minval :0 

minval :0 



7 -20 20 8 -10 18 -18 -11 13 -17 15 14 -16 14 -11 -16 
110 -5 -96 -50 82 -58 24 -106 -6 -110 -64 -90 41 93 18 10 
-98 50 108 6 -52 86 23 106 49 99 95 56 -73 -70 -20 -1 
74 -81 -102 35 15 -100 -60 -91 -83 -73 -110 -12 95 34 19 -7 
-31 106 79 -74 26 97 93 55 106 32 107 -29 -101 9 -15 13 
-10 -110 -41 100 -62 -79 121 -116 65 9 Input angle :63
Zaxis angle :20 
minval :0 

minval :0 



18 12 -13 17 -16 -14 15 -14 13 16 -18 11 -9 -19 19 -8 
-83 -59 31 92 -42 37 -63 73 -43 90 30 95 0 -79 -14 15 
100 21 -68 -68 24 -50 26 -93 0 -100 -65 -76 30 73 7 -19 
-100 20 91 31 -2 55 11 96 40 91 90 43 -61 -50 1 20 
85 -56 -97 3 -21 -51 -47 -84 -69 -71 -100 -4 74 28 -8 -19 
-53 87 88 -40 39 39 -22 -94 -34 17 Input angle :285
Zaxis angle :25 
minval :0 

minval :0 



2 -29 28 6 -9 28 -27 -11 12 -26 25 15 -17 23 -22 -20 
-99 -26 69 67 -28 28 -43 84 -13 98 21 96 -14 -57 28 7 
101 -15 -88 -39 13 -38 4 -95 -32 -93 -60 -78 38 45 -28 4 
-87 54 96 0 2 40 32 89 60 78 85 49 -53 -27 25 -14 
60 -83 -89 37 -17 -36 -63 -71 -88 -44 -97 -14 59 6 -17 23 
-21 100 64 -72 30 25 21 -61 -52 2 Input angle :278
Zaxis angle :29 
minval :0 

minval :0 



3 14 -15 3 -2 -15 15 0 0 15 -15 -2 3 -15 14 4 
-82 -62 33 91 -30 14 -54 73 -50 68 18 96 1 -58 -15 1 
100 21 -62 -75 22 -26 16 -89 17 -82 -57 -79 21 54 14 -7 
-101 17 87 43 -10 32 12 90 13 83 79 57 -38 -43 -10 11 
85 -57 -97 -3 -2 -34 -47 -77 -44 -72 -95 -21 53 24 5 -15 
-52 88 91 -32 16 30 53 -110 125 24 Input angle :292
Zaxis angle :25 
minval :0 

minval :0 



12 31 -31 10 -7 -33 33 -4 2 33 -33 0 3 -33 32 6 
-68 -51 14 50 -34 20 -26 49 -13 72 32 68 -4 -42 -33 6 
82 20 -33 -40 24 -31 5 -55 -11 -73 -58 -46 21 36 27 -17 
-84 14 47 24 -8 38 13 54 43 59 72 20 -34 -25 -17 27 
72 -46 -53 0 -7 -38 -35 -43 -62 -39 -74 9 41 9 6 -33 
-46 71 49 -18 21 32 35 33 -17 1 Input angle :292
Zaxis angle :20 
minval :0 

minval :0 



-3 -39 39 0 -4 39 -38 -5 8 -38 37 10 -14 36 -34 -16 
34 95 16 -96 59 -8 90 -36 82 -51 44 -88 -50 22 38 4 
-67 -76 19 95 -50 32 -69 68 -54 80 -2 98 37 -41 -36 12 
93 39 -55 -80 36 -48 37 -90 18 -95 -35 -91 -20 52 28 -25 
-101 -3 83 50 -9 59 1 97 19 95 66 72 -2 -56 -16 34 
95 -35 -96 -15 -14 -58 72 -66 -45 -41 Input angle :289
Zaxis angle :20 
minval :0 

minval :0 



-35 -2 5 -35 34 7 -10 33 -32 -14 16 -31 30 19 -21 27 
70 13 -24 -61 32 -75 -23 -85 -38 -70 -79 -35 25 34 9 -34 
-70 15 47 46 -1 82 52 71 64 47 87 2 -36 -21 6 34 
57 -43 -61 -23 -31 -76 -76 -44 -78 -13 -79 35 41 3 -19 -29 
-34 63 66 0 59 57 88 10 78 -15 60 -62 -40 12 29 19 
8 -71 -60 27 -78 -26 -12 -50 -125 11 Input angle :303
Zaxis angle :14 
minval :0 

minval :0 



-35 34 -32 -37 40 -29 25 42 -44 20 -16 -46 47 -13 11 47 
61 -36 -55 -23 -36 -73 -53 -62 -66 -15 -72 11 49 8 -28 -40 
-37 60 60 -1 62 52 75 34 67 -12 61 -39 -47 12 41 27 
11 -70 -54 25 -76 -26 -83 -3 -58 35 -43 59 39 -30 -48 -9 
17 68 39 -45 80 -10 77 -30 38 -56 12 -71 -23 43 48 -11 
-43 -56 -19 57 -70 41 -55 -65 -20 16 Input angle :305
Zaxis angle :20 
minval :0 

minval :0 



31 30 -34 29 -27 -36 37 -23 20 39 -41 17 -12 -42 43 -9 
-54 -47 -13 62 -82 39 -55 40 -2 67 13 65 24 -53 -36 24 
70 22 -10 -63 58 -69 34 -60 -25 -61 -37 -54 -2 59 25 -37 
-72 7 33 54 -24 87 -8 69 45 48 54 37 -20 -55 -8 43 
64 -35 -53 -35 -6 -90 -19 -66 -62 -25 -65 -8 43 39 -12 -42 
-44 58 63 11 43 79 13 81 12 -1 Input angle :293
Zaxis angle :0 
minval :0 

minval :0 



4 55 -55 0 5 -55 53 10 -15 53 -51 -19 23 -50 47 28 
-22 -87 -52 44 -96 -2 -76 29 -30 63 -10 64 38 -33 -54 -6 
56 69 31 -62 90 -37 58 -58 5 -70 -15 -63 -21 46 53 -14 
-80 -39 -2 69 -66 70 -28 77 25 65 40 51 0 -51 -41 37 
90 3 -25 -64 31 -91 -8 -81 -50 -48 -57 -30 20 46 22 -50 
-81 35 49 49 6 96 13 97 -37 5 Input angle :301
Zaxis angle :14 
minval :0 

minval :0 



-39 -38 40 -35 32 43 -45 29 -25 -47 49 -22 17 51 -52 11 
75 52 12 -71 68 -61 36 -74 -14 -64 -30 -60 -12 42 43 -31 
-89 -19 18 70 -39 82 -4 82 36 54 52 42 -4 -43 -27 46 
89 -21 -45 -56 0 -92 -26 -78 -56 -33 -63 -21 23 37 6 -53 
-74 53 63 35 36 83 58 57 65 5 66 -8 -34 -27 15 51 
49 -77 -72 -7 -67 -62 4 -17 61 5 Input angle :302
Zaxis angle :14 
minval :0 

minval :0 



55 -34 28 58 -61 23 -19 -62 63 -13 8 64 -65 1 3 -64 
-90 45 55 46 13 87 36 67 74 18 59 18 -28 -24 22 60 
63 -77 -69 -19 -48 -72 -60 -47 -75 12 -61 9 36 10 -43 -48 
-29 95 70 -12 74 47 74 21 63 -42 52 -34 -37 5 60 22 
-11 -99 -61 37 -87 -12 -75 15 -39 65 -34 51 32 -19 -64 1 
46 88 41 -57 84 -23 39 0 -26 -20 Input angle :297
Zaxis angle :14 
minval :0 

minval :0 



-21 54 -52 -25 29 -50 47 33 -37 44 -39 -42 46 -35 32 48 
27 -67 -61 6 -67 -52 -62 -31 -50 20 -60 30 43 7 -48 -32 
0 72 55 -27 82 26 69 5 40 -36 42 -52 -42 11 57 11 
-29 -65 -39 47 -86 8 -66 23 -21 49 -18 65 34 -27 -56 12 
53 49 16 -60 75 -41 52 -45 0 -54 -9 -67 -20 39 47 -33 
-68 -25 6 61 -52 69 94 -48 37 12 Input angle :293
Zaxis angle :0 
minval :0 

minval :0 



-32 43 -40 -35 39 -37 34 41 -44 31 -28 -46 48 -22 18 50 
39 -61 -61 -11 -45 -70 -51 -51 -51 9 -68 12 45 16 -37 -38 
-11 71 60 -15 70 47 67 26 44 -29 56 -40 -48 1 48 22 
-17 -70 -49 38 -82 -15 -72 5 -28 44 -34 60 43 -21 -53 0 
42 58 32 -53 82 -17 64 -33 11 -51 11 -69 -32 35 50 -18 
-61 -38 -6 62 -68 47 54 32 20 13 Input angle :303
Zaxis angle :14 
minval :0 

minval :0 



-27 64 -61 -31 36 -59 56 40 -46 51 -47 -51 55 -42 38 56 
50 -80 -73 -1 -64 -62 -68 -40 -62 39 -46 24 42 -9 -56 -39 
-11 94 68 -26 84 31 78 10 39 -61 33 -40 -35 25 67 13 
-28 -90 -53 49 -89 3 -77 19 -13 72 -14 49 22 -37 -67 14 
57 75 26 -67 81 -38 61 -50 -17 -71 -6 -52 -5 43 55 -40 
-83 -46 0 73 -58 68 -79 -32 -89 14 Input angle :297
Zaxis angle :14 
minval :0 

minval :0 



-26 63 -61 -30 36 -58 54 41 -45 51 -46 -49 53 -42 37 57 
49 -78 -72 0 -55 -62 -68 -30 -60 35 -47 28 38 -10 -56 -37 
-8 92 66 -28 74 33 75 1 39 -57 31 -45 -31 25 67 11 
-26 -89 -51 51 -82 0 -70 26 -15 68 -12 54 19 -36 -66 17 
61 70 25 -67 74 -31 51 -55 -14 -67 -8 -54 -5 40 55 -40 
-82 -44 5 71 -58 57 -95 16 -120 14 Input angle :297
Zaxis angle :14 
minval :0 

minval :0 



-36 -60 62 -32 29 63 -66 23 -15 -69 70 -10 4 69 -69 -3 
18 73 53 -27 77 -3 77 -40 21 -58 18 -68 -40 25 66 -20 
-44 -60 -36 47 -69 34 -55 66 1 62 12 69 27 -39 -52 45 
65 36 15 -57 49 -60 24 -83 -25 -57 -38 -60 -9 46 29 -63 
-75 -5 6 60 -22 74 12 85 47 40 59 39 -9 -46 0 69 
72 -21 -32 -50 -9 -77 18 -33 103 -5 Input angle :305
Zaxis angle :14 
minval :0 

minval :0 



72 8 -13 70 -68 -20 26 -67 64 32 -37 61 -58 -42 45 -53 
-85 -15 13 69 -36 78 0 81 46 51 72 35 -24 -35 -24 67 
86 -16 -35 -61 4 -86 -32 -73 -63 -28 -79 -3 35 24 -4 -71 
-71 50 58 39 30 80 58 56 69 1 74 -28 -42 -9 32 63 
47 -73 -69 -12 -56 -65 -75 -29 -66 23 -55 57 42 -10 -53 -47 
-14 86 69 -15 79 35 -63 -80 107 -13 Input angle :303
Zaxis angle :14 
minval :0 

minval :0 



-38 40 -36 -42 45 -32 28 47 -49 25 -22 -51 52 -17 11 53 
73 -42 -62 -41 -17 -79 -53 -51 -69 -16 -70 11 36 22 -31 -45 
-54 64 73 15 50 62 70 21 69 -15 57 -43 -42 -5 47 27 
16 -82 -73 16 -71 -38 -74 5 -56 43 -38 60 41 -11 -54 -6 
14 82 61 -44 80 6 65 -34 33 -62 8 -71 -33 26 52 -15 
-45 -70 -37 65 -77 23 -28 -1 -94 17 Input angle :303
Zaxis angle :14 
minval :0 

minval :0 



56 -18 13 57 -58 8 -1 -58 58 3 -8 57 -56 -13 16 -55 
-84 -4 27 72 -19 84 20 73 61 42 67 26 -23 -34 4 58 
79 -25 -53 -56 -16 -84 -48 -57 -72 -17 -73 2 35 23 -27 -50 
-63 55 71 31 48 71 68 33 74 -12 63 -35 -41 -5 46 34 
31 -77 -77 1 -73 -46 -75 0 -61 43 -43 58 39 -13 -56 -13 
2 83 70 -31 86 12 -106 48 -33 -17 Input angle :303
Zaxis angle :0 
minval :0 

minval :0 



50 -33 29 53 -56 24 -20 -57 58 -17 11 60 -60 5 0 -60 
-81 35 55 46 10 88 48 61 71 24 71 -6 -33 -25 22 55 
56 -68 -69 -18 -49 -73 -69 -36 -74 8 -64 31 40 11 -42 -42 
-27 84 71 -11 72 49 78 1 64 -39 43 -57 -41 6 55 22 
-9 -88 -60 38 -86 -18 -73 27 -46 59 -17 69 35 -22 -61 0 
40 78 40 -59 86 -19 60 -64 -88 -19 Input angle :303
Zaxis angle :0 
minval :0 

minval :0 



59 -29 24 61 -64 15 -8 -65 66 -3 -1 65 -65 -7 12 -64 
-74 29 39 53 15 91 41 66 75 22 66 0 -38 -28 14 64 
57 -55 -57 -32 -51 -76 -66 -41 -77 12 -61 23 47 11 -38 -53 
-30 73 65 5 79 47 77 7 64 -44 43 -49 -48 7 55 35 
2 -79 -61 22 -91 -12 -75 21 -40 67 -19 63 40 -26 -65 -8 
33 72 51 -42 90 -20 70 -64 -52 -20 Input angle :303
Zaxis angle :0 
minval :0 

minval :0 



15 66 -66 11 -6 -67 67 0 -6 67 -66 -11 18 -64 62 24 
-24 -91 -56 51 -100 6 -62 27 -31 68 -22 70 31 -27 -67 0 
54 76 31 -69 90 -43 50 -46 3 -74 -8 -73 -17 37 61 -27 
-82 -47 0 76 -65 77 -27 63 28 69 34 65 0 -41 -46 49 
94 10 -28 -70 33 -95 0 -68 -50 -54 -61 -41 15 38 21 -63 
-89 31 54 53 9 100 22 49 -15 6 Input angle :297
Zaxis angle :0 
minval :0 

minval :0 



40 43 -46 37 -33 -49 52 -28 22 55 -56 17 -12 -58 58 -8 
-44 -63 -27 54 -91 29 -48 30 -17 65 -9 61 26 -29 -51 29 
67 37 3 -60 71 -63 32 -47 -10 -67 -14 -60 -13 37 34 -48 
-76 -13 20 57 -40 86 -11 56 35 57 38 49 -3 -39 -12 58 
74 -20 -42 -44 1 -95 -11 -56 -56 -38 -55 -28 19 35 -12 -58 
-58 50 55 24 36 88 12 -95 0 3 Input angle :303
Zaxis angle :14 
minval :0 

minval :0 



-19 53 -52 -24 28 -48 46 34 -38 42 -39 -41 43 -37 32 45 
42 -70 -62 -18 -69 -69 -71 -32 -69 21 -67 31 40 9 -46 -32 
-16 80 65 -8 90 37 78 4 56 -45 49 -56 -40 6 55 12 
-18 -80 -57 32 -98 1 -73 25 -33 64 -23 71 34 -21 -55 10 
48 66 38 -53 89 -38 55 -55 3 -72 -11 -73 -21 35 44 -35 
-71 -41 -13 64 -67 71 102 -96 0 17 Input angle :303
Zaxis angle :14 
minval :0 

minval :0 



68 6 -12 67 -66 -17 22 -65 63 27 -33 59 -56 -39 43 -52 
-86 -24 6 67 -44 91 -9 77 31 59 49 42 1 -37 -21 64 
89 -12 -31 -60 7 -100 -22 -74 -53 -41 -62 -19 14 34 -9 -67 
-76 46 52 44 34 95 48 60 64 15 64 -6 -27 -25 35 58 
50 -75 -65 -19 -68 -73 -69 -33 -65 10 -56 31 35 12 -55 -40 
-17 88 68 -8 92 41 -38 -112 109 -10 Input angle :303
Zaxis angle :0 
minval :0 

minval :0 



21 65 -66 16 -12 -67 68 -6 1 69 -68 -6 12 -68 66 16 
-8 -88 -56 30 -101 -10 -77 24 -43 61 -15 70 38 -28 -67 10 
40 79 40 -49 97 -29 62 -52 14 -73 -15 -70 -24 41 58 -35 
-71 -53 -18 61 -74 68 -34 73 16 73 41 59 5 -48 -43 52 
85 22 -9 -63 41 -92 4 -80 -42 -62 -61 -38 14 46 15 -66 
-87 14 33 54 -3 102 0 -63 -13 9 Input angle :304
Zaxis angle :14 
minval :0 

minval :0 



-58 -35 39 -55 52 44 -49 46 -40 -53 58 -34 31 60 -62 24 
62 50 24 -61 74 -65 42 -68 -12 -74 -39 -66 -9 40 46 -47 
-79 -21 1 66 -39 90 -9 80 41 62 60 47 -6 -40 -22 63 
80 -7 -30 -58 0 -100 -22 -78 -64 -36 -76 -15 23 33 -3 -67 
-68 43 48 44 40 89 56 59 75 7 76 -15 -35 -20 31 59 
46 -66 -63 -18 -73 -66 -28 126 114 6 Input angle :305
Zaxis angle :14 
minval :0 

minval :0 



57 42 -47 52 -47 -53 57 -43 39 60 -62 34 -28 -66 66 -22 
-51 -64 -33 57 -87 42 -57 59 0 71 17 71 18 -41 -57 42 
72 38 10 -65 65 -71 30 -76 -27 -66 -44 -58 2 44 29 -64 
-82 -7 17 64 -32 91 2 82 51 49 65 34 -18 -41 -3 70 
78 -25 -42 -51 -11 -97 -36 -74 -67 -25 -73 -3 33 30 -23 -67 
-60 55 59 29 50 83 27 49 13 -2 Input angle :289
Zaxis angle :0 
minval :0 

minval :0 



-36 -63 67 -29 25 69 -71 19 -12 -72 73 -5 -1 73 -72 -6 
23 84 54 -36 100 -7 74 -42 30 -70 1 -76 -36 32 69 -21 
-57 -66 -34 55 -87 48 -51 69 2 76 28 71 20 -44 -52 50 
79 38 10 -64 63 -77 18 -83 -30 -70 -56 -50 0 49 30 -66 
-88 -4 14 63 -25 96 12 85 56 52 72 25 -17 -46 -5 72 
81 -31 -38 -52 -13 -99 -35 30 -65 -7 Input angle :303
Zaxis angle :0 
minval :0 

minval :0 



-56 -20 23 -54 53 27 -31 51 -48 -35 39 -45 40 44 -48 35 
74 43 5 -59 58 -74 24 -87 -24 -69 -46 -49 1 48 30 -51 
-85 -11 16 57 -25 90 11 90 48 56 61 28 -18 -44 -8 58 
83 -22 -40 -43 -14 -93 -47 -77 -67 -30 -68 1 36 30 -15 -57 
-66 53 55 21 49 80 78 46 74 -2 62 -27 -45 -13 37 46 
38 -76 -59 0 -80 -49 -18 110 57 7 Input angle :303
Zaxis angle :14 
minval :0 

minval :0 



61 10 -15 60 -58 -20 25 -56 54 29 -34 51 -48 -39 42 -44 
-82 -23 -8 59 -46 85 -14 81 34 58 47 48 -5 -43 -23 57 
85 -10 -17 -57 10 -96 -17 -80 -54 -41 -64 -22 24 37 -2 -61 
-73 44 37 46 36 89 51 65 66 14 68 -2 -35 -27 28 54 
51 -69 -53 -26 -65 -71 -70 -43 -68 7 -62 27 43 9 -44 -42 
-21 82 59 4 87 41 -24 -16 45 -9 Input angle :305
Zaxis angle :0 
minval :0 

minval :0 



50 -39 35 53 -55 32 -29 -57 59 -23 17 62 -63 11 -7 -63 
-72 45 44 60 24 96 44 54 63 17 70 -3 -31 -19 31 56 
49 -69 -64 -38 -61 -78 -63 -32 -65 7 -63 28 37 4 -49 -41 
-17 84 74 7 86 48 70 6 56 -35 44 -54 -35 11 62 17 
-19 -83 -73 18 -98 -12 -67 21 -40 52 -22 67 28 -23 -63 8 
48 69 57 -47 93 -32 53 -64 -78 -17 Input angle :305
Zaxis angle :14 
minval :0 

minval :0 



10 49 -50 7 -3 -50 50 1 -6 50 -50 -10 14 -48 46 18 
0 -88 -68 12 -96 -22 -75 11 -57 48 -26 70 33 -19 -50 2 
37 79 55 -41 96 -22 64 -42 32 -67 -4 -75 -24 30 45 -22 
-67 -57 -35 60 -76 62 -40 64 0 75 33 67 7 -38 -34 36 
83 28 7 -69 49 -85 13 -75 -24 -71 -58 -47 6 38 14 -47 
-88 6 19 67 -11 98 -47 48 -68 13 Input angle :303
Zaxis angle :0 
minval :0 

minval :0 



48 14 -19 46 -45 -23 26 -43 40 30 -35 36 -33 -38 39 -31 
-72 -41 -24 70 -60 70 -23 65 18 68 44 48 0 -32 -25 43 
83 10 -2 -74 28 -88 -3 -69 -42 -56 -60 -26 13 29 5 -50 
-79 25 34 65 9 92 33 60 62 32 65 3 -23 -21 14 48 
61 -56 -57 -47 -45 -81 -54 -42 -70 -6 -60 24 30 9 -32 -38 
-33 76 71 19 74 55 10 17 36 -6 Input angle :305
Zaxis angle :14 
minval :0 

minval :0 



21 -58 56 26 -31 53 -50 -36 41 -46 43 44 -47 40 -36 -50 
-50 65 62 12 84 53 68 27 83 -16 48 -47 -45 8 52 33 
19 -81 -61 19 -97 -20 -73 4 -71 46 -24 63 39 -25 -61 -11 
11 82 51 -38 97 -20 64 -33 48 -70 -2 -68 -26 38 58 -16 
-41 -71 -30 56 -80 58 -49 54 -17 83 30 61 7 -45 -48 39 
66 49 5 -63 49 -86 -84 47 64 -21 Input angle :302
Zaxis angle :14 
minval :0 

minval :0 



-56 0 0 -53 52 6 -11 54 -50 -14 17 -51 49 20 -28 44 
75 20 -16 -68 17 -83 0 -72 -53 -73 -56 -37 19 29 7 -51 
-74 16 41 54 23 82 29 64 80 44 67 10 -31 -22 14 53 
65 -38 -59 -33 -51 -70 -51 -50 -91 -7 -65 16 35 6 -33 -39 
-40 63 67 6 75 42 68 25 86 -30 54 -44 -37 8 47 25 
12 -75 -64 22 -85 -12 -11 -98 -121 15 Input angle :302
Zaxis angle :0 
minval :0 

minval :0 



52 18 -21 50 -48 -27 31 -45 42 36 -38 39 -34 -43 45 -31 
-46 -49 -18 62 -62 64 -38 52 -1 72 18 53 14 -43 -29 46 
62 26 -6 -64 30 -83 12 -63 -28 -65 -38 -41 2 45 6 -54 
-68 0 30 57 4 89 9 64 51 50 51 23 -20 -40 13 53 
62 -28 -53 -37 -40 -79 -35 -54 -66 -26 -56 0 35 28 -37 -40 
-41 53 63 15 68 57 32 -127 -21 -2 Input angle :313
Zaxis angle :14 
minval :0 

minval :0 



-34 39 -38 -36 40 -33 30 43 -45 27 -24 -47 50 -18 13 50 
43 -39 -61 -31 -54 -83 -55 -31 -73 -11 -57 27 28 13 -30 -42 
-28 51 69 2 80 59 63 6 72 -17 41 -48 -32 -1 45 26 
2 -58 -65 24 -98 -16 -62 17 -59 46 -18 60 29 -11 -52 -4 
20 54 49 -48 97 -19 49 -41 35 -65 -4 -63 -23 22 49 -17 
-40 -42 -27 64 -80 58 -35 111 -89 18 Input angle :303
Zaxis angle :0 
minval :0 

minval :0 



-48 23 -20 -49 51 -14 8 52 -53 2 1 -53 53 4 -7 52 
67 -21 -45 -58 -17 -88 -26 -73 -77 -35 -71 -11 29 20 -9 -52 
-52 46 65 34 51 72 55 54 85 1 71 -16 -34 -6 30 43 
26 -65 -73 -2 -76 -48 -74 -22 -76 37 -55 45 34 -8 -45 -27 
0 70 68 -28 89 11 77 -6 57 -63 32 -64 -28 22 52 6 
-27 -65 -52 50 -85 23 -107 15 -83 20 Input angle :308
Zaxis angle :14 
minval :0 

minval :0 



-59 19 -15 -61 62 -10 3 63 -63 -1 8 -62 60 15 -19 59 
66 1 -32 -72 -4 -88 -19 -70 -77 -46 -70 -13 25 23 -6 -61 
-60 28 60 51 39 76 42 60 88 15 70 -11 -32 -14 31 54 
45 -49 -75 -24 -67 -55 -64 -34 -86 24 -59 40 34 -1 -49 -37 
-22 62 78 -8 84 22 72 4 71 -55 38 -60 -31 15 60 15 
-5 -65 -69 38 -87 12 81 111 -96 19 Input angle :302
Zaxis angle :0 
minval :0 

minval :0 



42 -51 46 46 -51 42 -37 -54 57 -33 28 60 -61 22 -17 -63 
-62 33 66 44 45 71 62 50 77 8 61 -18 -32 -22 40 51 
44 -56 -78 -15 -71 -46 -75 -25 -75 20 -49 40 39 7 -56 -32 
-15 69 78 -15 83 12 79 -7 60 -49 28 -57 -38 8 65 3 
-10 -70 -65 45 -82 21 -69 39 -36 69 -1 63 30 -24 -62 21 
37 60 44 -66 69 -48 10 112 108 -20 Input angle :307
Zaxis angle :0 
minval :0 

minval :0 



-35 48 -44 -39 42 -42 38 45 -49 34 -30 -51 54 -25 21 55 
40 -47 -66 -22 -57 -64 -62 -31 -72 17 -54 24 30 3 -39 -43 
-19 59 70 -7 76 39 69 5 60 -43 40 -44 -29 9 55 22 
-8 -61 -60 35 -85 0 -65 24 -38 64 -19 56 23 -20 -59 1 
30 53 40 -57 79 -31 50 -48 8 -73 -4 -59 -12 27 55 -23 
-49 -37 -13 69 -59 61 81 80 11 18 Input angle :302
Zaxis angle :0 
minval :0 

minval :0 



39 48 -52 33 -28 -55 57 -22 18 59 -60 13 -7 -61 61 -2 
-31 -71 -51 57 -97 29 -67 51 -16 77 11 63 28 -29 -55 27 
59 50 21 -73 79 -64 42 -72 -15 -77 -32 -55 -17 38 40 -46 
-74 -23 8 75 -45 92 -6 84 44 65 53 35 -1 -41 -15 59 
78 -6 -35 -68 2 -102 -27 -79 -66 -43 -63 -11 17 37 -6 -61 
-67 39 61 46 33 96 63 49 -51 2 Input angle :303
Zaxis angle :0 
minval :0 

minval :0 



53 -43 39 55 -58 34 -29 -61 63 -25 20 65 -67 14 -11 -66 
-56 16 57 50 23 74 46 46 58 12 59 0 -22 -33 35 57 
45 -37 -72 -21 -48 -60 -59 -28 -58 11 -54 23 33 22 -56 -37 
-27 52 74 -9 69 36 66 -3 48 -34 40 -43 -40 -6 66 13 
6 -58 -66 35 -77 -4 -61 24 -31 50 -21 56 39 -8 -64 16 
19 55 47 -59 74 -24 27 0 39 -15 Input angle :303
Zaxis angle :14 
minval :0 

minval :0 



45 -14 10 46 -47 6 -2 -47 47 2 -5 47 -46 -9 12 -45 
-84 59 93 34 -12 96 16 96 76 71 98 14 -24 -3 4 47 
53 -88 -99 3 -25 -94 -56 -80 -97 -36 -96 20 23 -6 -21 -41 
-14 102 90 -41 60 76 82 52 103 0 79 -59 -19 13 36 30 
-22 -100 -70 70 -84 -49 -96 -19 -94 43 -49 85 12 -20 -45 -12 
62 82 37 -92 96 13 33 -110 -105 -40 Input angle :290
Zaxis angle :25 
minval :0 

minval :0 



24 10 -12 23 -22 -15 17 -20 19 18 -19 17 -16 -21 22 -13 
-16 -88 -32 63 -36 -11 -28 -15 -65 15 -25 39 4 -10 -16 20 
47 75 5 -70 37 -2 32 3 53 -39 8 -45 0 11 6 -26 
-73 -51 23 67 -33 18 -31 9 -33 57 11 45 -5 -10 5 26 
87 17 -48 -51 23 -30 25 -20 8 -66 -26 -38 8 7 -15 -22 
-87 19 63 32 -10 36 67 64 59 16 Input angle :292
Zaxis angle :25 
minval :0 

minval :0 



-19 13 -12 -20 22 -10 8 22 -23 5 -4 -23 23 -2 1 24 
61 64 8 -78 15 4 8 -10 43 -20 -4 -34 27 12 -8 -22 
-83 -31 21 75 -16 1 -3 12 -33 34 19 28 -29 0 17 16 
89 -4 -50 -60 13 -9 -2 -12 16 -45 -29 -18 27 -12 -22 -7 
-79 42 71 33 -9 13 6 10 4 48 33 5 -20 21 23 -1 
56 -69 -79 -2 3 -16 -97 -65 93 -11 Input angle :311
Zaxis angle :54 
minval :0 

minval :0 



-16 36 -34 -20 22 -33 31 25 -27 29 -27 -30 32 -24 21 34 
101 -19 -94 -31 50 -58 9 -53 -2 -101 -64 -40 55 20 -32 -23 
-87 56 99 -4 -24 73 11 53 45 90 75 10 -59 4 39 9 
53 -89 -89 44 -5 -77 -33 -43 -77 -64 -73 20 52 -28 -39 7 
-16 102 63 -77 37 67 45 29 96 32 59 -47 -39 44 32 -24 
-27 -100 -30 95 -61 -47 -38 124 85 6 Input angle :285
Zaxis angle :39 
minval :0 

minval :0 



39 -2 0 39 -40 -1 5 -39 38 8 -13 37 -36 -16 18 -34 
-99 -28 73 66 -75 6 -32 56 -37 93 37 85 -26 -35 -3 39 
103 -13 -94 -29 63 -41 5 -65 -4 -100 -68 -63 38 22 -12 -38 
-89 52 98 -7 -43 62 19 63 41 92 87 30 -43 -3 26 29 
63 -82 -87 47 13 -74 -44 -49 -75 -66 -93 5 40 -11 -36 -16 
-23 101 62 -76 16 74 18 3 81 12 Input angle :282
Zaxis angle :41 
minval :0 

minval :0 



18 -33 31 20 -23 29 -26 -25 27 -25 22 29 -31 19 -16 -31 
-92 45 99 2 -35 55 9 70 26 90 76 51 -8 -2 29 22 
65 -80 -92 37 13 -64 -36 -59 -62 -71 -90 -18 8 0 -35 -8 
-30 99 68 -72 12 64 58 40 85 41 91 -19 -7 5 37 -5 
-10 -103 -37 91 -40 -51 -69 -15 -94 -6 -76 52 4 -7 -30 19 
54 88 -3 -99 57 31 -54 -14 57 -18 Input angle :282
Zaxis angle :41 
minval :0 

minval :0 



-19 21 -20 -21 23 -18 16 24 -26 13 -12 -27 27 -10 8 28 
103 0 -87 -48 70 -41 22 -78 6 -100 -60 -77 33 45 -18 -22 
-94 42 99 9 -45 67 8 80 31 95 87 45 -49 -25 25 13 
71 -74 -95 30 17 -80 -39 -71 -68 -74 -97 -8 56 6 -28 -3 
-33 97 76 -64 19 79 65 48 93 37 93 -30 -54 15 27 -8 
-8 -102 -43 90 -47 -66 -40 108 -62 0 Input angle :279
Zaxis angle :32 
minval :0 

minval :0 



-5 -36 37 -1 0 37 -37 -4 6 -36 36 9 -12 35 -33 -15 
-85 61 102 5 -12 88 76 62 77 63 98 -1 -61 8 37 0 
53 -89 -92 43 -27 -85 -95 -26 -96 -26 -88 43 53 -32 -33 15 
-17 103 71 -73 57 68 97 -13 98 -14 62 -75 -36 50 25 -26 
-27 -101 -37 95 -81 -36 -82 53 -83 54 -26 95 14 -60 -12 34 
67 79 -3 -102 89 0 -57 -31 -100 -42 Input angle :294
Zaxis angle :36 
minval :0 

minval :0 



-5 -30 31 -3 0 31 -31 -1 3 -31 30 6 -10 29 -29 -12 
-85 60 101 -10 -21 89 54 78 68 74 95 22 -72 1 31 0 
52 -90 -86 54 -17 -90 -80 -52 -93 -37 -96 18 66 -29 -27 12 
-14 103 59 -82 51 76 94 13 101 0 80 -56 -48 53 20 -23 
-33 -99 -22 99 -79 -46 -93 20 -93 38 -54 81 21 -68 -10 29 
66 80 -21 -99 90 13 54 2 -9 -38 Input angle :283
Zaxis angle :36 
minval :0 

minval :0 



1 -16 15 2 -3 15 -14 -5 6 -14 14 7 -9 14 -13 -9 
-77 68 97 -3 -4 89 55 81 62 79 98 7 -37 4 15 5 
43 -93 -85 47 -30 -84 -82 -55 -91 -44 -92 35 32 -19 -16 2 
-1 103 58 -78 64 62 98 14 101 4 71 -68 -21 31 13 -8 
-40 -95 -22 95 -83 -32 -96 24 -94 36 -37 92 6 -36 -10 13 
71 73 -15 -96 89 -1 83 34 -116 -36 Input angle :297
Zaxis angle :47 
minval :0 

minval :0 



-31 -13 16 -30 28 18 -20 27 -25 -22 24 -23 21 26 -28 19 
44 94 17 -99 68 15 78 -60 91 -41 32 -91 -10 75 17 -28 
-79 -67 23 98 -68 9 -45 88 -65 76 7 96 -23 -72 -5 33 
99 30 -59 -81 57 -38 9 -98 31 -95 -45 -85 48 58 -7 -32 
-104 7 85 53 -41 55 31 93 7 100 73 63 -67 -34 20 26 
91 -51 -99 -11 14 -67 -108 46 -70 -46 Input angle :289
Zaxis angle :41 
minval :0 

minval :0 



18 9 -11 17 -17 -12 13 -15 14 14 -15 13 -11 -17 17 -10 
13 -103 -69 73 -43 -77 -97 3 -102 -1 -71 70 18 -64 -12 16 
31 99 33 -95 71 53 86 -44 95 -34 31 -94 7 66 5 -19 
-69 -77 3 101 -87 -19 -61 75 -74 69 3 99 -35 -56 3 20 
92 47 -45 -90 87 -15 27 -93 39 -94 -43 -90 54 38 -10 -17 
-103 -6 78 64 -75 46 36 0 -89 51 Input angle :295
Zaxis angle :47 
minval :0 

minval :0 



-10 25 -24 -12 13 -23 21 16 -18 20 -18 -19 22 -16 15 23 
104 -3 -79 -61 52 -76 -18 -97 -39 -96 -83 -50 64 43 -22 -15 
-90 50 98 21 -14 92 63 75 76 70 97 13 -77 -13 26 4 
66 -80 -98 19 -18 -91 -88 -44 -97 -38 -94 24 76 -14 -26 7 
-22 101 81 -58 59 71 98 6 104 -5 74 -63 -62 46 21 -16 
-17 -102 -54 83 -81 -44 12 -51 -90 23 Input angle :293
Zaxis angle :29 
minval :0 

minval :0 



30 21 -23 28 -27 -25 26 -25 22 28 -31 19 -16 -33 33 -13 
-50 -90 -28 96 -89 -21 -74 68 -77 68 -8 98 15 -78 -25 25 
82 62 -12 -99 90 -13 40 -92 42 -93 -32 -93 18 77 14 -33 
-101 -20 50 87 -74 52 2 100 0 102 67 72 -47 -63 0 36 
101 -21 -81 -58 45 -79 -45 -90 -42 -93 -92 -35 69 38 -16 -32 
-84 60 97 21 -15 90 98 -62 75 35 Input angle :297
Zaxis angle :36 
minval :0 

minval :0 



-9 -6 7 -9 8 8 -8 8 -7 -9 9 -6 5 10 -10 5 
81 64 -20 -97 88 0 46 -84 54 -87 -17 -94 -17 66 8 -8 
-99 -29 58 81 -80 36 -4 95 -13 102 57 76 -12 -67 -3 11 
103 -11 -83 -55 60 -63 -31 -90 -25 -100 -81 -50 37 58 0 -11 
-89 52 99 14 -30 82 63 71 65 80 95 12 -56 -39 5 10 
60 -84 -97 24 -5 -87 24 45 -117 -24 Input angle :293
Zaxis angle :32 
minval :0 

minval :0 



16 -14 13 17 -20 11 -8 -21 21 -7 5 22 -22 4 -2 -22 
-102 15 91 42 -51 75 42 87 44 93 86 42 -61 -33 11 19 
87 -55 -100 2 15 -90 -77 -59 -80 -66 -96 -2 69 6 -18 -13 
-57 86 93 -37 16 90 93 26 98 34 89 -36 -66 20 21 4 
19 -101 -66 75 -57 -70 -97 8 -103 8 -67 69 49 -48 -21 3 
25 100 30 -95 79 46 -57 34 -44 -28 Input angle :293
Zaxis angle :32 
minval :0 

minval :0 



-4 32 -31 -6 9 -31 30 11 -14 29 -27 -16 19 -26 25 22 
101 -25 -91 -44 39 -79 -64 -72 -53 -88 -89 -35 71 26 -30 -10 
-82 65 101 0 -5 88 88 41 85 58 96 -2 -75 5 31 -4 
48 -92 -92 43 -31 -82 -97 -2 -100 -24 -87 39 66 -35 -28 15 
-6 104 70 -73 62 61 90 -37 101 -22 64 -71 -46 59 18 -26 
-36 -98 -32 96 -82 -29 103 -115 105 31 Input angle :297
Zaxis angle :32 
minval :0 

minval :0 



-13 14 -13 -14 15 -11 10 16 -17 9 -8 -17 18 -7 5 18 
102 11 -77 -67 60 -61 -42 -87 -10 -102 -62 -64 52 37 -10 -16 
-100 26 96 35 -32 79 68 69 48 91 82 34 -62 -14 16 10 
80 -64 -102 6 -1 -85 -90 -36 -80 -64 -88 5 63 -11 -18 -2 
-47 92 92 -45 38 76 97 -6 98 31 81 -36 -53 35 18 -4 
5 -103 -67 77 -63 -57 -60 60 -4 7 Input angle :297
Zaxis angle :36 
minval :0 

minval :0 



9 13 -13 8 -6 -14 14 -5 2 17 -16 1 0 -16 16 1 
53 -87 -93 39 -10 -92 -92 -25 -99 -30 -88 35 61 -28 -16 4 
-9 102 71 -71 47 80 95 -10 104 -8 69 -65 -45 50 12 -10 
-22 -100 -40 92 -73 -58 -82 49 -93 46 -31 90 19 -66 -6 15 
63 81 0 -101 91 19 54 -78 65 -81 -7 -94 7 68 0 -16 
-92 -47 43 91 -91 21 52 15 -59 50 Input angle :293
Zaxis angle :36 
minval :0 

minval :0 



7 9 -9 6 -5 -10 10 -4 3 11 -11 3 -2 -11 11 -1 
-27 -100 -36 94 -85 -41 -84 50 -93 43 -38 87 8 -77 -10 4 
62 82 0 -101 94 2 56 -80 66 -79 -7 -94 23 73 7 -8 
-89 -51 44 91 -88 31 -23 95 -31 97 40 86 -50 -58 -3 11 
103 4 -78 -64 65 -68 -23 -95 -13 -102 -72 -62 71 30 -1 -11 
-96 38 96 31 -36 87 -83 49 -7 44 Input angle :293
Zaxis angle :44 
minval :0 

minval :0 



-10 32 -30 -14 17 -29 27 19 -21 26 -24 -23 25 -22 20 27 
54 -89 -95 36 -23 -81 -94 -27 -100 -17 -95 13 56 -19 -29 -16 
-12 104 70 -73 51 67 98 -8 100 -20 83 -48 -43 40 33 3 
-23 -102 -40 93 -74 -42 -85 49 -84 58 -59 75 23 -54 -32 9 
68 79 -3 -102 84 5 54 -82 50 -88 20 -94 0 59 25 -22 
-93 -46 45 91 -79 29 -73 -113 -85 51 Input angle :293
Zaxis angle :36 
minval :0 

minval :0 



8 28 -29 6 -4 -29 29 0 -1 30 -30 -4 6 -29 29 8 
50 -90 -93 39 -19 -70 -82 -18 -91 -40 -85 -4 35 -13 -30 3 
-12 104 68 -75 44 56 82 -14 100 1 79 -32 -27 26 26 -15 
-30 -100 -36 95 -65 -32 -68 47 -92 38 -60 60 14 -34 -18 23 
71 76 -8 -101 70 6 47 -69 66 -75 35 -78 0 37 6 -29 
-96 -40 49 88 -69 23 5 -113 -61 47 Input angle :297
Zaxis angle :44 
minval :0 

minval :0 



23 -17 15 25 -25 13 -10 -27 27 -7 5 28 -28 2 0 -28 
-94 42 93 39 -53 74 57 76 50 88 88 34 -52 -36 10 26 
70 -76 -101 2 19 -89 -84 -44 -81 -60 -94 5 61 15 -20 -20 
-38 96 91 -43 15 89 95 9 98 23 84 -43 -62 9 26 9 
-8 -103 -67 74 -49 -76 -91 29 -100 15 -62 71 52 -36 -28 1 
46 92 33 -95 76 49 -83 -14 58 -28 Input angle :293
Zaxis angle :36 
minval :0 

minval :0 



11 -13 12 12 -13 11 -10 -14 15 -9 8 15 -16 6 -6 -16 
-99 29 89 48 -67 56 45 87 35 95 78 52 -49 -20 11 13 
78 -68 -101 -7 40 -78 -75 -63 -69 -75 -92 -20 54 0 -15 -8 
-47 92 96 -33 -8 87 94 29 93 40 92 -20 -49 20 17 1 
6 -103 -76 67 -30 -82 -98 14 -102 3 -74 58 37 -39 -16 6 
39 95 41 -93 59 65 -10 50 -91 -21 Input angle :293
Zaxis angle :41 
minval :0 

minval :0 



-18 17 -15 -20 21 -14 11 22 -23 9 -7 -24 25 -5 3 24 
96 -37 -94 -37 65 -60 -50 -83 -42 -91 -87 -45 39 24 -12 -22 
-73 72 101 -5 -33 82 80 54 78 63 98 3 -45 -6 20 15 
40 -94 -91 44 0 -89 -94 -21 -96 -31 -91 37 44 -11 -24 -6 
0 103 69 -74 32 83 95 -16 100 -7 72 -66 -35 28 25 -4 
-45 -92 -30 96 -65 -60 65 -115 116 26 Input angle :289
Zaxis angle :39 
minval :0 

minval :0 



-22 -22 23 -20 18 25 -27 16 -14 -28 29 -11 9 29 -30 7 
43 94 33 -95 71 60 84 -50 90 -46 41 -89 -35 42 26 -17 
-73 -73 9 100 -89 -26 -61 76 -63 78 -1 98 12 -53 -15 27 
98 32 -51 -86 92 -13 20 -95 28 -97 -33 -92 8 54 4 -30 
-103 4 81 59 -81 45 18 96 11 100 67 71 -31 -45 8 30 
94 -42 -98 -20 56 -74 83 -114 0 -44 Input angle :289
Zaxis angle :39 
minval :0 

minval :0 



36 -13 9 38 -39 7 -4 -39 38 0 -3 38 -38 -7 8 -38 
-104 0 72 71 -84 43 9 97 2 101 56 77 -35 -51 6 38 
98 -34 -94 -35 59 -74 -46 -85 -42 -91 -84 -44 53 32 -18 -33 
-75 72 100 -3 -26 91 77 60 75 67 95 3 -61 -10 32 21 
40 -96 -91 43 -10 -94 -94 -29 -95 -34 -91 28 60 -17 -37 -6 
3 104 67 -75 46 83 53 -29 105 -4 Input angle :293
Zaxis angle :39 
minval :0 

minval :0 



17 22 -23 15 -13 -24 26 -10 9 26 -26 7 -4 -27 27 -2 
24 -100 -80 61 -34 -86 -97 -8 -100 -15 -83 44 45 -18 -25 11 
15 102 51 -86 65 66 92 -29 96 -29 58 -74 -34 35 17 -21 
-59 -84 -11 100 -85 -36 -72 64 -77 64 -25 90 16 -47 -11 26 
89 52 -26 -97 93 -9 37 -89 43 -91 -15 -92 1 49 -2 -27 
-103 -13 67 75 -85 36 -52 63 -45 50 Input angle :294
Zaxis angle :39 
minval :0 

minval :0 



-20 -12 13 -18 17 15 -16 16 -15 -17 19 -13 11 20 -21 9 
-13 103 51 -49 17 39 63 11 66 13 53 -39 -28 11 14 -18 
-30 -100 -26 66 -32 -29 -61 16 -66 14 -34 56 22 -21 -7 21 
65 82 -1 -71 40 14 52 -37 56 -38 11 -65 -11 28 -2 -23 
-94 -47 33 63 -43 2 -30 56 -36 57 16 64 -1 -31 10 20 
104 4 -53 -47 39 -19 37 -96 39 -17 Input angle :286
Zaxis angle :29 
minval :0 

minval :0 



-42 -2 6 -42 41 10 -13 40 -38 -17 20 -37 35 24 -26 33 
-5 103 79 -63 27 88 98 10 99 18 81 -56 -49 32 9 -41 
-33 -98 -44 91 -60 -69 -95 27 -98 24 -54 82 31 -49 6 41 
69 77 5 -101 81 44 73 -67 81 -59 15 -98 -11 57 -21 -36 
-94 -42 33 95 -92 -5 -43 89 -51 86 23 96 -13 -56 34 24 
103 0 -73 -70 86 -32 92 0 72 -51 Input angle :289
Zaxis angle :36 
minval :0 

minval :0 



-15 11 -10 -17 17 -8 7 17 -18 6 -4 -18 19 -3 1 19 
-57 -83 -19 95 -90 -38 -67 58 -57 86 -13 98 13 -66 -9 -18 
85 54 -19 -95 97 -5 37 -80 17 -102 -27 -95 11 67 16 12 
-100 -13 59 77 -87 44 0 88 24 100 63 77 -37 -56 -19 -4 
96 -29 -84 -47 62 -74 -35 -81 -60 -84 -87 -47 57 36 20 -2 
-79 63 96 13 -30 93 -31 34 63 24 Input angle :54
Zaxis angle :29 
minval :0 

minval :0 



22 6 -8 22 -21 -9 12 -20 19 14 -15 18 -16 -16 18 -14 
-49 89 90 -34 17 97 79 39 104 10 95 -29 -73 3 -10 22 
11 -101 -69 67 -53 -83 -88 0 -99 31 -76 64 66 -30 1 -24 
31 97 37 -89 85 50 83 -33 77 -70 43 -89 -47 56 8 22 
-68 -75 0 97 -98 -13 -62 63 -44 94 -5 99 24 -69 -16 -17 
93 42 -36 -90 96 -23 3 16 -57 -53 Input angle :57
Zaxis angle :20 
minval :0 

minval :0 


