
4 -59 58 11 -17 57 -56 -21 25 -54 52 29 -33 49 -46 -37 
-4 28 47 29 92 1 -45 44 15 40 19 -18 0 30 57 16 
-8 -28 -56 -6 -85 34 20 -59 -31 -30 -9 25 -11 -28 -59 10 
19 22 54 -15 62 -66 2 63 41 15 -1 -27 22 21 50 -32 
-26 -12 -44 34 -34 84 -27 -57 -43 2 11 25 -28 -10 -34 48 
29 1 26 -49 -3 -91 -100 -16 -41 -6 Input angle :288
Zaxis angle :25 
minval :0 

minval :0 



56 -17 13 58 -58 6 -2 -59 59 3 -9 58 -57 -15 20 -55 
-18 2 -26 51 5 72 -72 -23 -59 33 10 25 6 8 1 59 
16 -9 2 -58 -35 -64 76 -7 39 -55 -20 -19 -9 -4 -27 -52 
-10 16 21 53 58 44 -66 38 -15 66 26 9 10 0 44 39 
2 -18 -40 -42 -71 -16 45 -62 -10 -67 -27 0 -9 3 -58 -14 
4 18 55 17 71 -15 -104 32 39 14 Input angle :286
Zaxis angle :20 
minval :0 

minval :0 



-63 34 -30 -64 67 -24 17 69 -70 10 -4 -71 72 1 -4 70 
31 -19 7 -47 -41 -71 63 11 25 -28 -17 -15 10 -11 -20 -68 
-20 30 10 46 65 49 -61 17 -13 34 22 6 -6 14 48 52 
6 -36 -29 -38 -79 -19 50 -39 -3 -37 -23 3 -1 -16 -64 -28 
7 36 41 22 80 -17 -28 57 18 32 19 -12 6 14 71 2 
-21 -30 -47 -6 -69 43 -118 -33 75 -6 Input angle :288
Zaxis angle :32 
minval :0 

minval :0 



-47 -34 38 -45 40 43 -46 36 -32 -49 51 -28 25 53 -54 20 
19 15 55 -7 55 -58 32 68 63 15 12 -25 4 7 41 -42 
-24 -8 -47 30 -28 75 -56 -49 -64 12 0 28 -7 -4 -21 55 
24 -3 29 -47 -8 -79 72 20 53 -38 -9 -26 9 1 -2 -59 
-21 13 -8 55 36 71 -74 8 -36 55 19 20 -8 2 22 55 
14 -19 -13 -54 -60 -52 44 48 -56 -17 Input angle :292
Zaxis angle :36 
minval :0 

minval :0 



-61 0 5 -61 60 10 -15 59 -57 -21 26 -55 52 32 -35 49 
23 2 36 -37 7 -75 63 35 59 -34 -5 -25 3 0 12 -60 
-22 7 -19 48 25 72 -72 -6 -40 55 15 20 -2 0 14 59 
17 -15 -2 -52 -51 -56 70 -20 15 -66 -22 -13 2 -2 -37 -48 
-10 21 24 46 71 28 -55 46 14 67 26 2 -1 2 53 29 
0 -23 -41 -31 -76 1 98 111 -79 -15 Input angle :296
Zaxis angle :36 
minval :0 

minval :0 



52 25 -29 50 -48 -32 36 -45 41 40 -44 38 -34 -47 48 -31 
-17 -8 -46 24 -36 64 -44 -53 -70 0 -6 27 0 2 -32 47 
20 0 31 -41 6 -73 63 29 62 -30 -5 -27 -1 -2 12 -57 
-18 7 -13 50 21 70 -69 -2 -49 50 16 22 2 1 13 56 
14 -13 -9 -51 -48 -56 66 -19 23 -66 -23 -15 -2 0 -33 -46 
-8 18 30 42 65 33 27 -32 -120 17 Input angle :291
Zaxis angle :25 
minval :0 

minval :0 



-59 0 4 -58 58 7 -13 57 -56 -17 22 -55 51 27 -32 48 
22 1 32 -45 -2 -74 64 28 50 -44 -7 -22 4 0 7 -58 
-21 7 -12 53 29 67 -70 2 -28 61 16 17 -3 2 17 56 
17 -14 -10 -54 -55 -49 64 -27 4 -67 -21 -9 2 -4 -37 -44 
-8 21 32 44 70 22 -47 51 23 63 23 0 -1 4 53 25 
0 -22 -49 -23 -73 5 52 -49 -66 -12 Input angle :162
Zaxis angle :29 
minval :0 

minval :0 



14 28 -29 12 -10 -30 31 -7 3 31 -32 1 1 -32 31 4 
55 -25 -46 33 -49 43 0 2 -49 62 59 31 21 -8 -30 7 
-40 44 28 -50 28 -59 0 -2 19 -77 -67 -4 -16 16 25 -19 
20 -57 -9 56 -5 65 1 1 11 79 64 -21 8 -21 -16 27 
3 60 -12 -56 -20 -63 -1 -1 -38 -70 -52 42 0 23 4 -31 
-27 -53 32 47 43 49 -3 33 33 24 Input angle :355
Zaxis angle :36 
minval :0 

minval :0 



-2 -32 32 1 -4 32 -31 -7 9 -31 30 12 -14 29 -27 -16 
-50 24 43 -19 42 -28 3 17 59 -71 -65 -8 -5 35 32 6 
36 -41 -33 33 -29 41 -9 -15 -26 89 63 -18 -7 -35 -31 6 
-21 51 16 -44 10 -50 15 9 -8 -93 -53 39 20 29 28 -16 
2 -55 -2 47 5 51 -17 -3 43 82 35 -55 -29 -19 -19 26 
18 52 -16 -44 -25 -44 -70 93 84 -30 Input angle :320
Zaxis angle :20 
minval :0 

minval :0 



-30 3 -1 -30 30 1 -4 30 -29 -7 10 -28 27 13 -15 26 
2 41 -34 -44 -20 -62 6 15 -38 -54 -41 63 8 10 4 -30 
-15 -38 48 28 44 48 -12 -12 57 34 17 -74 -11 -6 6 29 
28 29 -55 -9 -57 -32 16 5 -65 -15 12 75 13 1 -17 -24 
-38 -15 54 -14 65 3 -17 0 65 -14 -40 -64 -13 3 26 15 
40 0 -45 33 -62 18 71 -2 -34 18 Input angle :220
Zaxis angle :20 
minval :0 

minval :0 



-40 -19 22 -39 37 26 -29 34 -32 -32 34 -28 25 37 -39 22 
-28 39 -17 -42 -25 -61 16 0 -39 -63 -47 33 8 16 29 -34 
14 -46 31 34 44 49 -15 4 60 43 30 -49 -13 -12 -15 42 
5 48 -41 -21 -60 -28 12 -10 -72 -18 -11 57 17 5 -3 -45 
-23 -42 46 2 66 1 -8 14 74 -8 -12 -57 -18 2 19 40 
38 30 -43 14 -62 22 19 94 96 21 Input angle :221
Zaxis angle :36 
minval :0 

minval :0 



-44 -1 5 -43 43 8 -12 42 -41 -16 19 -40 38 22 -25 36 
-10 41 -12 -42 -32 -61 7 -7 -50 -43 -40 44 7 8 9 -43 
-6 -42 28 33 52 44 -4 10 62 21 23 -54 -9 -5 5 43 
20 36 -38 -22 -66 -18 0 -10 -67 2 1 59 11 1 -21 -39 
-33 -25 43 5 68 -5 3 10 60 -28 -26 -53 -11 2 35 26 
40 11 -42 11 -61 32 -101 110 -8 24 Input angle :314
Zaxis angle :20 
minval :0 

minval :0 



16 46 -48 12 -7 -49 49 -3 -2 49 -49 -5 8 -48 47 12 
50 -13 -50 41 -46 53 -10 5 -22 66 53 29 -9 -5 -49 5 
-41 31 33 -56 23 -66 8 -8 -5 -69 -61 -5 10 1 42 -24 
27 -45 -4 65 1 69 -4 11 27 63 58 -16 -10 2 -31 38 
-4 52 -17 -62 -27 -64 0 -12 -51 -47 -47 36 7 -5 15 -47 
-12 -50 41 51 48 49 -127 32 11 3 Input angle :307
Zaxis angle :39 
minval :0 

minval :0 



-50 13 -7 -50 51 -3 -1 50 -50 -6 10 -49 49 13 -17 47 
0 41 -31 -39 -36 -54 7 -1 -57 -35 -29 55 8 7 0 -51 
-15 -38 43 24 55 33 -4 5 65 9 4 -63 -10 -2 19 47 
28 28 -48 -7 -65 -10 3 -6 -65 15 17 61 11 -1 -36 -34 
-38 -16 48 -10 65 -13 0 7 53 -39 -40 -50 -10 5 48 20 
41 0 -38 29 -52 38 -71 63 12 7 Input angle :215
Zaxis angle :20 
minval :0 

minval :0 



40 -3 0 40 -40 -3 6 -40 39 9 -13 38 -37 -16 18 -35 
-1 -34 21 20 44 44 -19 7 56 39 14 -57 -23 -16 -5 39 
13 32 -27 -11 -56 -25 15 -14 -66 -18 10 58 28 5 -10 -39 
-24 -24 29 0 62 0 -9 18 68 -10 -28 -51 -28 5 24 31 
32 12 -27 11 -57 24 2 -20 -58 36 45 37 25 -14 -33 -21 
-34 0 21 -20 43 -44 55 -127 65 -29 Input angle :223
Zaxis angle :20 
minval :0 

minval :0 



34 -33 29 37 -38 26 -22 -41 43 -19 15 44 -44 12 -10 -44 
-30 -36 30 10 49 0 -6 25 79 -9 -17 -44 -26 20 24 40 
42 19 -31 2 -45 20 -2 -26 -69 39 33 33 16 -28 -38 -28 
-47 -2 29 -13 35 -35 12 23 50 -62 -43 -20 -4 32 46 8 
45 -17 -21 24 -17 46 -20 -16 -24 76 48 1 -6 -32 -46 6 
-37 29 11 -30 0 -49 -14 95 -23 -11 Input angle :314
Zaxis angle :29 
minval :0 

minval :0 



31 -41 39 35 -39 37 -32 -41 43 -30 26 45 -48 20 -16 -49 
-63 -18 37 15 72 15 11 33 88 -46 -26 -45 -19 34 32 39 
67 -6 -40 0 -72 15 -21 -24 -65 77 40 33 5 -40 -45 -23 
-60 28 40 -15 60 -36 29 15 36 -94 -50 -17 7 39 53 4 
42 -48 -29 28 -44 55 -34 -3 2 102 53 -4 -23 -31 -49 14 
-22 65 16 -38 18 -68 -88 -65 103 -12 Input angle :314
Zaxis angle :0 
minval :0 

minval :0 



-57 -18 21 -55 54 27 -31 49 -48 -34 40 -42 41 45 -46 36 
4 59 0 -43 0 -76 23 -23 -73 -73 -39 39 31 1 32 -50 
-25 -56 15 41 29 69 -13 28 97 39 22 -50 -30 10 -10 59 
42 42 -29 -32 -52 -51 1 -31 -103 -3 0 55 23 -23 -12 -59 
-56 -19 40 18 68 30 13 30 95 -39 -20 -50 -15 28 33 50 
60 0 -45 -2 -75 -1 98 -1 -59 8 Input angle :314
Zaxis angle :0 
minval :0 

minval :0 



4 52 -53 2 2 -53 53 8 -12 52 -50 -17 21 -49 46 24 
52 -27 -39 17 -60 38 -30 -12 -35 100 54 15 -12 -33 -53 -5 
-38 46 29 -32 42 -56 33 0 -4 -107 -57 6 21 28 51 -15 
18 -56 -15 40 -20 68 -30 14 44 96 50 -28 -31 -15 -41 33 
3 59 -2 -43 -9 -70 24 -22 -79 -70 -36 45 35 3 27 -45 
-26 -53 17 39 34 62 -59 48 15 5 Input angle :314
Zaxis angle :0 
minval :0 

minval :0 



-53 -3 7 -53 52 13 -17 50 -49 -21 24 -47 45 28 -32 42 
16 55 -12 -39 -27 -64 16 -22 -92 -44 -19 54 36 -5 12 -52 
-37 -45 27 31 50 49 -7 26 101 12 -2 -58 -30 18 8 53 
51 26 -36 -19 -67 -25 -3 -28 -99 25 21 54 22 -28 -25 -47 
-58 -6 41 2 70 1 14 24 81 -62 -40 -42 -9 34 41 34 
55 -15 -40 12 -66 25 -105 -65 49 11 Input angle :314
Zaxis angle :0 
minval :0 

minval :0 



12 50 -50 7 -2 -51 51 1 -6 51 -49 -9 14 -49 47 18 
55 -20 -38 18 -58 34 -26 -16 -40 100 54 10 -7 -37 -52 0 
-44 40 28 -30 40 -52 31 4 -7 -105 -54 12 21 30 48 -18 
25 -54 -15 39 -19 63 -31 5 38 99 47 -30 -32 -19 -37 34 
-3 59 0 -42 -5 -67 26 -16 -75 -76 -29 46 38 5 20 -47 
-19 -55 16 38 33 58 -59 -32 41 5 Input angle :312
Zaxis angle :14 
minval :0 

minval :0 



-14 52 -50 -17 20 -50 48 26 -30 45 -41 -35 37 -38 35 40 
49 0 -33 10 -63 11 -10 -23 -63 76 52 23 6 -30 -49 -21 
-47 19 26 -23 54 -34 19 16 31 -94 -56 -5 3 31 53 5 
37 -33 -16 31 -36 51 -23 -9 0 98 54 -17 -15 -27 -53 14 
-22 46 5 -34 15 -62 24 0 -34 -92 -44 34 24 21 43 -33 
3 -50 8 35 6 64 -122 -48 16 9 Input angle :318
Zaxis angle :14 
minval :0 

minval :0 



55 1 -3 53 -54 -11 14 -53 52 16 -20 49 -48 -26 29 -46 
-14 -42 16 29 23 55 -17 12 82 46 8 -55 -31 -2 -12 54 
25 35 -25 -19 -41 -44 11 -18 -94 -11 12 53 29 -10 -7 -55 
-39 -22 31 8 56 22 -4 21 91 -25 -31 -45 -23 22 30 47 
45 8 -31 2 -59 0 -3 -21 -75 56 46 29 15 -28 -44 -32 
-43 9 29 -15 58 -19 96 -96 -87 -11 Input angle :320
Zaxis angle :14 
minval :0 

minval :0 



-46 33 -30 -50 52 -24 20 54 -56 15 -12 -57 56 -8 2 56 
40 33 -32 -18 -62 -33 0 -21 -94 19 19 51 28 -18 -24 -52 
-49 -14 36 5 69 10 7 19 82 -49 -36 -41 -19 28 41 40 
51 -2 -35 8 -69 15 -13 -14 -60 77 48 25 6 -33 -53 -23 
-45 23 31 -20 56 -41 19 9 29 -92 -54 -5 5 34 57 0 
32 -39 -19 31 -37 60 17 0 50 12 Input angle :314
Zaxis angle :14 
minval :0 

minval :0 



19 -55 51 23 -27 50 -46 -33 36 -43 41 40 -43 37 -33 -45 
-56 -3 38 2 72 0 12 18 77 -62 -41 -39 -12 34 48 32 
54 -13 -36 12 -67 26 -18 -12 -47 87 51 22 0 -37 -56 -11 
-45 31 29 -24 54 -47 21 5 13 -98 -57 -4 15 33 56 -9 
30 -47 -17 33 -33 63 -22 3 21 96 52 -20 -26 -25 -49 30 
-8 54 3 -38 5 -72 -114 -49 -98 -11 Input angle :314
Zaxis angle :0 
minval :0 

minval :0 



-53 8 -3 -55 54 1 -6 53 -52 -11 14 -52 50 18 -24 49 
21 53 -15 -34 -28 -59 12 -23 -91 -37 -17 53 36 -3 5 -54 
-42 -40 27 25 51 41 -4 24 99 4 -3 -55 -32 16 17 52 
52 23 -35 -14 -62 -20 -7 -24 -94 32 27 48 23 -28 -35 -40 
-57 2 38 0 65 -2 15 20 73 -66 -40 -38 -10 34 48 27 
53 -21 -34 14 -60 24 -87 -1 63 11 Input angle :314
Zaxis angle :0 
minval :0 

minval :0 



-49 -14 18 -48 46 23 -27 44 -41 -31 34 -38 35 37 -39 32 
-2 52 -8 -36 -7 -57 21 -12 -64 -65 -29 44 32 11 25 -45 
-17 -49 20 30 26 51 -14 20 84 38 12 -51 -34 1 -7 51 
35 38 -30 -22 -43 -39 6 -24 -91 -5 9 50 30 -13 -12 -50 
-47 -20 37 8 53 20 2 25 88 -27 -26 -46 -23 24 30 42 
52 2 -37 5 -58 1 116 111 -89 7 Input angle :314
Zaxis angle :14 
minval :0 

minval :0 



-2 53 -55 -9 14 -54 53 17 -21 51 -49 -24 29 -47 42 35 
58 -19 -42 21 -61 16 -21 -17 -46 82 49 17 -5 -32 -53 -19 
-46 41 30 -36 52 -36 25 8 12 -95 -52 -1 18 29 55 -5 
28 -55 -14 45 -33 54 -27 1 19 93 48 -22 -26 -21 -50 24 
-6 62 -1 -46 11 -61 24 -12 -55 -78 -40 35 33 8 37 -42 
-17 -58 18 42 12 62 -95 -96 78 6 Input angle :314
Zaxis angle :0 
minval :0 

minval :0 



-29 -36 52 -22 7 41 -55 15 -7 -56 55 0 -13 48 -45 -15 
-31 38 24 -41 35 -35 26 8 13 -88 -54 1 14 27 37 -6 
32 -52 -7 44 -24 47 -26 3 30 86 47 -36 -26 -24 -43 25 
4 49 -12 -47 4 -45 26 -11 -52 -66 -29 36 38 6 29 -50 
-11 -51 28 36 19 43 -20 22 74 43 6 -57 -36 10 -14 40 
32 41 -39 -22 -34 -39 86 -99 -19 1 Input angle :314
Zaxis angle :0 
minval :0 

minval :0 



3 64 -63 -1 6 -62 62 11 -16 61 -59 -20 26 -57 54 31 
48 -36 -38 39 -53 28 -22 -16 -25 99 53 8 -30 -19 -62 -12 
-32 50 23 -50 39 -46 27 7 -13 -101 -53 13 35 9 62 -12 
11 -59 -6 54 -20 57 -28 3 49 89 45 -30 -36 6 -51 36 
10 59 -16 -53 0 -61 23 -13 -78 -64 -31 44 30 -18 35 -53 
-30 -51 34 43 22 56 -60 -48 -21 3 Input angle :318
Zaxis angle :14 
minval :0 

minval :0 



-45 -15 19 -44 42 23 -27 39 -37 -30 34 -35 31 36 -38 27 
-10 45 1 -45 7 -65 40 -10 -24 -83 -46 18 7 32 26 -40 
-3 -46 16 42 16 63 -32 26 55 68 35 -34 -19 -25 -7 48 
23 39 -32 -32 -39 -51 22 -36 -76 -42 -19 44 28 16 -8 -48 
-36 -27 41 17 57 30 -5 42 86 12 2 -48 -33 -2 26 40 
44 12 -45 -1 -63 -10 88 -17 -82 2 Input angle :314
Zaxis angle :0 
minval :0 

minval :0 



-54 0 3 -54 53 8 -13 52 -51 -16 21 -50 47 27 -30 43 
23 61 -15 -49 -26 -85 17 -28 -85 -51 -34 58 35 12 15 -51 
-43 -50 30 42 54 71 -6 32 99 16 10 -68 -37 1 5 54 
58 30 -44 -28 -76 -45 -6 -32 -98 17 12 66 34 -15 -26 -48 
-66 -5 51 7 88 13 18 27 83 -56 -37 -57 -26 27 43 33 
63 -18 -49 12 -86 24 -113 63 -77 10 Input angle :314
Zaxis angle :0 
minval :0 

minval :0 



-45 -2 7 -45 44 11 -14 43 -42 -16 20 -41 39 23 -27 36 
14 33 22 -70 -1 -93 25 -12 -52 -93 -65 19 43 13 12 -43 
-25 -26 3 73 36 85 -18 20 83 68 51 -46 -45 4 5 45 
35 13 -32 -65 -65 -67 8 -27 -103 -29 -32 59 40 -22 -20 -41 
-36 0 53 50 83 41 2 27 106 -13 4 -69 -31 34 35 28 
35 -14 -69 -23 -93 -3 62 95 52 6 Input angle :302
Zaxis angle :0 
minval :0 

minval :0 



0 32 -32 -3 5 -31 31 8 -11 30 -29 -13 15 -27 26 18 
38 -9 -71 2 -85 34 -6 -13 -57 76 41 51 -6 -51 -31 -8 
-32 23 65 -29 66 -64 11 9 26 -92 -56 -34 24 45 32 -5 
20 -34 -49 51 -40 82 -14 -5 3 95 66 10 -38 -34 -29 13 
-7 39 28 -65 9 -91 15 0 -43 -85 -65 12 48 17 21 -24 
-7 -39 -1 71 26 88 94 2 80 30 Input angle :299
Zaxis angle :0 
minval :0 

minval :0 



9 -19 18 11 -12 17 -16 -14 16 -14 13 17 -18 11 -10 -19 
-26 -16 51 25 86 -9 9 12 79 -49 -30 -65 -10 48 17 14 
30 6 -57 -5 -76 41 -13 -8 -52 77 51 50 -9 -48 -21 -8 
-31 5 54 -19 56 -66 15 2 18 -91 -66 -27 23 44 22 0 
26 -16 -43 37 -30 81 -15 4 18 91 72 -2 -38 -31 -20 9 
-18 25 24 -52 -5 -86 122 -50 -70 -41 Input angle :302
Zaxis angle :25 
minval :0 

minval :0 



-3 13 -13 -3 4 -12 12 6 -7 11 -10 -8 9 -10 9 9 
10 21 -45 -24 -82 6 0 -18 -86 35 22 66 22 -42 -12 -6 
-18 -15 51 5 73 -38 8 17 66 -66 -44 -54 -4 47 13 1 
22 8 -50 12 -57 60 -13 -13 -37 86 60 34 -13 -46 -13 3 
-23 0 42 -30 29 -77 17 7 2 -94 -69 -5 30 37 10 -8 
21 -10 -26 44 2 82 35 65 -78 43 Input angle :288
Zaxis angle :32 
minval :0 

minval :0 



-21 1 1 -21 21 3 -4 21 -20 -6 8 -20 19 10 -11 18 
-10 18 13 -62 -24 -80 16 -2 -55 -74 -54 39 47 6 4 -21 
3 -20 9 62 54 64 -13 8 81 44 34 -58 -46 12 3 21 
5 20 -32 -54 -72 -42 9 -13 -92 -11 -11 66 39 -27 -12 -18 
-12 -17 50 38 83 9 -3 16 89 -25 -17 -65 -24 41 17 13 
17 11 -61 -14 -81 21 -92 -19 -20 27 Input angle :223
Zaxis angle :39 
minval :0 

minval :0 



-2 20 -20 -3 5 -19 19 7 -8 18 -18 -9 11 -17 16 12 
10 8 -49 -32 -79 0 5 -13 -83 29 17 64 18 -33 -19 -6 
-13 -4 58 9 73 -31 0 14 65 -59 -41 -52 -5 38 20 -1 
13 -1 -57 13 -56 56 -5 -13 -39 78 56 35 -8 -37 -19 7 
-12 5 49 -33 33 -72 10 10 8 -87 -65 -11 20 32 14 -14 
9 -10 -33 48 -5 79 -77 -80 -22 42 Input angle :214
Zaxis angle :32 
minval :0 

minval :0 



3 -15 14 6 -7 13 -12 -9 8 -12 12 10 -10 10 -10 -10 
-21 -7 50 33 75 19 0 11 88 -12 -4 -69 -32 30 12 6 
23 0 -58 -10 -75 7 -4 -12 -75 46 30 62 20 -38 -14 -2 
-20 6 59 -10 64 -39 10 8 53 -71 -52 -44 -1 45 15 -3 
13 -16 -51 31 -45 62 -10 -5 -23 85 65 25 -11 -42 -11 9 
-7 21 35 -48 18 -73 -75 47 -118 -45 Input angle :302
Zaxis angle :0 
minval :0 

minval :0 



-9 -24 24 -8 6 25 -24 4 -1 -25 26 0 -2 26 -25 -4 
-17 7 60 11 77 -29 7 14 66 -65 -41 -56 -1 38 25 -3 
12 -14 -61 10 -59 58 -11 -11 -37 85 59 38 -12 -36 -22 13 
-8 17 52 -33 38 -73 16 5 1 -93 -68 -14 24 29 15 -21 
0 -18 -35 50 -7 83 -16 1 35 86 69 -13 -34 -18 -8 24 
6 17 16 -59 -23 -80 4 -2 -25 -35 Input angle :299
Zaxis angle :0 
minval :0 

minval :0 



-16 -15 16 -15 13 18 -19 11 -10 -20 20 -8 7 21 -21 5 
-19 17 68 -18 57 -57 11 9 32 -86 -55 -33 14 37 18 -12 
12 -23 -56 43 -33 74 -14 -4 -2 92 63 11 -25 -30 -13 18 
-1 26 36 -60 3 -81 14 0 -35 -85 -63 12 35 17 6 -22 
-8 -25 -7 70 27 77 -13 6 61 68 53 -35 -40 -2 3 23 
16 20 -16 -68 -54 -60 86 45 -32 -20 Input angle :299
Zaxis angle :0 
minval :0 

minval :0 



-16 25 -24 -19 21 -22 20 23 -25 17 -14 -27 28 -13 11 28 
20 2 -47 -44 -72 -35 -3 -9 -89 -1 -11 69 37 -20 -21 -22 
-19 5 60 24 81 7 6 7 81 -37 -15 -69 -27 32 27 14 
16 -11 -65 -4 -77 24 -9 -4 -64 61 41 57 12 -40 -31 -2 
-11 17 62 -20 64 -50 10 1 37 -81 -59 -38 3 42 29 -9 
3 -20 -47 44 -37 71 -39 -17 -3 44 Input angle :302
Zaxis angle :0 
minval :0 

minval :0 



1 -26 26 3 -5 25 -25 -7 9 -24 23 11 -14 22 -20 -16 
-28 17 59 26 85 7 3 17 82 -45 -16 -61 -13 47 25 5 
18 -27 -65 -3 -81 27 -9 -15 -56 74 38 49 -6 -48 -26 2 
-7 32 61 -22 64 -56 14 9 27 -89 -55 -31 23 43 23 -11 
-4 -33 -49 42 -41 74 -17 -4 8 93 62 10 -37 -32 -17 20 
15 29 29 -58 8 -85 -98 94 64 -42 Input angle :299
Zaxis angle :0 
minval :0 

minval :0 



34 -14 11 36 -36 8 -6 -36 37 -3 0 37 -37 -3 6 -36 
-19 -25 44 58 49 77 -6 -12 87 34 11 -67 -45 10 7 37 
27 15 -62 -37 -75 -53 10 9 -94 0 15 66 38 -26 -20 -31 
-31 -5 72 12 89 20 -13 -5 86 -36 -39 -55 -24 39 30 22 
30 -6 -71 15 -91 13 14 0 -64 67 57 37 8 -46 -36 -9 
-25 18 59 -42 80 -44 44 1 -32 -44 Input angle :226
Zaxis angle :20 
minval :0 

minval :0 



-20 27 -26 -22 24 -24 22 26 -28 19 -17 -29 31 -14 13 31 
12 18 -34 -77 -52 -79 -8 5 -89 -29 -30 57 45 -41 -22 -26 
-19 -11 60 59 78 53 6 -8 93 -12 7 -64 -25 56 30 16 
22 4 -77 -33 -92 -20 -2 10 -84 41 18 62 4 -61 -34 -3 
-22 4 84 1 93 -15 -1 -10 61 -71 -39 -51 20 58 34 -7 
18 -12 -79 30 -81 48 3 47 -60 44 Input angle :202
Zaxis angle :20 
minval :0 

minval :0 



-17 -35 37 -14 9 38 -39 6 -3 -39 39 0 -3 40 -39 -6 
-17 18 73 14 93 -5 -12 -14 76 -39 -29 -66 -4 54 39 -7 
8 -23 -74 11 -84 40 16 9 -53 67 53 48 -15 -52 -34 20 
0 25 66 -35 63 -69 -18 -3 25 -82 -66 -28 34 43 23 -32 
-9 -23 -46 59 -35 86 18 -3 6 86 72 0 -47 -28 -11 38 
17 18 21 -72 1 -93 -64 30 -82 -39 Input angle :226
Zaxis angle :0 
minval :0 

minval :0 



0 -43 43 4 -8 42 -42 -11 15 -41 40 18 -21 38 -36 -23 
-9 13 53 49 86 23 2 -8 84 -18 -17 -73 -25 53 43 7 
2 -16 -68 -25 -89 12 0 8 -70 50 40 63 4 -58 -43 6 
3 16 73 0 77 -45 -3 -7 47 -72 -61 -43 16 56 38 -22 
-8 -13 -67 26 -57 68 6 5 -17 85 74 15 -36 -46 -27 34 
13 9 51 -51 26 -85 105 15 -98 -43 Input angle :297
Zaxis angle :0 
minval :0 

minval :0 



-48 -16 20 -48 45 24 -27 44 -41 -32 34 -39 36 37 -40 32 
-3 11 33 -76 9 -121 -5 -14 -69 -89 -75 19 79 -11 25 -46 
0 -11 0 84 31 119 10 10 98 55 62 -47 -67 41 -5 53 
4 9 -31 -78 -75 -98 -14 -5 -113 -14 -37 68 46 -63 -11 -51 
-8 -7 57 62 103 65 15 0 109 -31 13 -76 -21 76 32 42 
11 4 -75 -35 -120 -23 72 111 -59 8 Input angle :315
Zaxis angle :25 
minval :0 

minval :0 



39 21 -23 36 -34 -26 29 -32 29 33 -36 25 -23 -37 38 -20 
-4 -10 -61 54 -55 78 9 17 12 91 79 15 -54 -30 -30 32 
8 8 37 -74 23 -92 -15 -13 -46 -80 -79 15 61 12 16 -41 
-10 -5 -10 83 13 95 18 7 72 56 67 -45 -60 14 1 45 
10 0 -22 -80 -53 -79 -20 0 -88 -28 -46 66 52 -35 -16 -41 
-10 3 49 65 76 57 -35 -126 77 -5 Input angle :313
Zaxis angle :0 
minval :0 

minval :0 



-48 -25 29 -46 43 33 -36 40 -35 -41 44 -32 28 45 -48 25 
8 5 76 -18 76 -66 -17 -22 18 -83 -76 -36 44 59 36 -41 
-11 -2 -62 47 -43 89 23 15 14 82 85 6 -62 -40 -19 52 
10 -1 42 -67 6 -101 -28 -4 -47 -69 -81 26 73 9 -2 -54 
-9 5 -14 77 32 94 27 -6 68 49 64 -55 -71 19 23 49 
7 -8 -15 -77 -66 -75 90 -81 -65 -3 Input angle :297
Zaxis angle :0 
minval :0 

minval :0 



32 -4 2 32 -32 0 2 -32 32 4 -7 31 -30 -10 13 -28 
12 -1 4 85 46 82 -1 25 86 38 54 -61 -57 35 -2 32 
-10 6 -37 -77 -72 -60 -8 -23 -94 -3 -25 78 41 -53 -10 -31 
6 -10 62 58 90 28 16 19 88 -32 -7 -82 -15 65 20 26 
-3 12 -79 -32 -94 3 -21 -12 -72 61 35 74 -6 -67 -28 -16 
-1 -12 86 1 85 -41 93 -111 102 -43 Input angle :302
Zaxis angle :36 
minval :0 

minval :0 



-9 38 -37 -13 16 -36 35 19 -22 32 -30 -25 28 -28 25 29 
0 -7 -55 -63 -89 -43 -15 -4 -88 12 -13 81 36 -51 -34 -19 
3 6 75 37 99 7 16 -1 76 -46 -19 -79 -16 60 39 5 
-5 -4 -84 -3 -95 27 -14 8 -57 68 45 68 -6 -63 -39 8 
6 2 81 -24 79 -59 11 -12 24 -85 -66 -47 30 55 31 -24 
-7 0 -66 52 -49 85 68 32 -124 44 Input angle :297
Zaxis angle :0 
minval :0 

minval :0 



38 -44 41 42 -45 37 -34 -49 50 -29 24 53 -55 20 -14 -56 
-13 0 46 83 83 97 24 9 94 13 41 -75 -54 37 33 48 
12 -5 -74 -58 -113 -59 -26 1 -89 30 -13 84 37 -56 -50 -33 
-9 10 91 24 127 14 23 -10 73 -59 -25 -82 -11 65 58 9 
5 -13 -94 7 -121 39 -17 19 -45 83 51 70 -13 -65 -58 13 
-1 13 83 -44 104 -73 26 -32 79 -12 Input angle :317
Zaxis angle :0 
minval :0 

minval :0 



28 -22 20 30 -31 18 -15 -32 34 -12 9 35 -35 6 -3 -35 
-10 13 1 51 26 69 21 6 49 18 35 -35 -34 12 15 32 
3 -17 -20 -47 -48 -55 -22 1 -53 1 -21 45 27 -24 -26 -24 
2 17 37 35 65 34 19 -10 48 -19 2 -50 -18 32 34 13 
-8 -15 -46 -21 -73 -4 -14 17 -37 37 18 46 4 -36 -36 1 
14 10 52 0 70 -22 79 -112 -61 -13 Input angle :293
Zaxis angle :0 
minval :0 

minval :0 



30 -15 12 31 -33 9 -6 -33 34 -3 0 34 -34 -2 4 -33 
-13 11 -17 45 3 71 15 17 44 28 44 -21 -36 3 7 33 
8 -15 -1 -48 -30 -65 -21 -10 -52 -7 -33 36 32 -17 -20 -27 
-1 16 20 44 51 49 23 1 52 -10 15 -47 -23 28 29 18 
-5 -16 -35 -33 -67 -25 -22 7 -44 28 2 49 9 -35 -34 -5 
10 13 45 18 72 -1 122 -112 51 -11 Input angle :293
Zaxis angle :0 
minval :0 

minval :0 



26 20 -22 24 -22 -24 26 -19 16 28 -30 13 -11 -31 31 -10 
-19 -9 -43 9 -61 27 -3 20 -6 50 33 30 -21 -27 -26 20 
20 1 37 -23 46 -48 -3 -20 -14 -48 -44 -12 30 16 15 -29 
-20 6 -24 36 -27 61 10 17 30 40 45 -3 -34 -5 -3 32 
16 -13 9 -43 0 -67 -16 -12 -44 -24 -40 20 33 -7 -8 -32 
-10 18 7 43 25 62 -54 -112 118 1 Input angle :293
Zaxis angle :0 
minval :0 

minval :0 



-15 37 -35 -18 20 -33 32 23 -27 30 -27 -29 31 -24 20 33 
10 -17 -21 -35 -43 -49 -15 0 -45 14 -12 40 11 -32 -32 -24 
-3 20 33 25 58 29 14 -6 38 -30 -4 -41 0 34 39 9 
-5 -20 -40 -11 -65 -4 -11 11 -24 41 19 37 -12 -31 -40 4 
12 16 41 -5 62 -18 5 -14 7 -48 -31 -28 22 25 35 -18 
-18 -11 -36 20 -51 41 48 32 -72 11 Input angle :303
Zaxis angle :0 
minval :0 

minval :0 



-42 -22 25 -40 38 28 -32 35 -33 -34 37 -29 25 40 -42 20 
12 16 42 -16 60 -40 -3 -20 -1 -44 -37 -19 23 25 30 -37 
-17 -11 -34 30 -40 60 11 17 19 40 42 4 -30 -14 -17 44 
20 2 20 -41 20 -68 -17 -12 -32 -31 -41 10 34 1 -3 -47 
-20 4 0 46 12 71 20 5 41 17 34 -25 -33 11 18 43 
17 -11 -15 -43 -37 -61 78 -49 3 0 Input angle :297
Zaxis angle :0 
minval :0 

minval :0 



-44 -4 7 -44 43 10 -13 42 -41 -16 20 -39 37 24 -27 34 
18 2 28 -36 25 -68 -12 -18 -33 -42 -45 0 36 6 12 -42 
-18 4 -11 44 2 73 17 12 46 26 41 -19 -35 7 4 44 
15 -10 -8 -44 -29 -67 -21 -5 -53 -6 -31 32 30 -20 -20 -39 
-10 15 22 40 52 50 22 -3 51 -14 16 -41 -19 31 33 29 
3 -18 -35 -29 -67 -28 84 -33 117 8 Input angle :303
Zaxis angle :0 
minval :0 

minval :0 



-72 21 -14 -75 76 -7 0 76 -76 -5 11 -76 74 17 -22 72 
37 -12 33 -87 6 -127 -30 -44 -87 -53 -77 13 70 -18 -7 -76 
-27 27 5 94 42 119 47 26 102 10 64 -45 -59 41 34 68 
17 -35 -37 -86 -81 -97 -53 -8 -100 21 -42 65 40 -59 -56 -52 
-1 40 68 65 113 56 53 -12 85 -59 14 -77 -12 71 72 26 
-13 -36 -87 -35 -127 -6 -112 -1 -13 10 Input angle :297
Zaxis angle :0 
minval :0 

minval :0 



-66 -33 39 -64 59 44 -49 56 -51 -54 60 -44 38 64 -65 33 
19 10 93 -23 94 -65 8 -54 -9 -96 -76 -39 58 62 51 -55 
-21 -2 -82 50 -65 95 12 53 38 89 86 10 -76 -35 -26 70 
21 -5 56 -78 28 -112 -30 -45 -73 -62 -82 24 84 4 -1 -74 
-17 13 -19 93 17 115 45 29 90 36 67 -54 -81 26 29 69 
12 -17 -15 -95 -58 -100 62 -1 30 0 Input angle :297
Zaxis angle :0 
minval :0 

minval :0 



78 6 -11 79 -77 -17 23 -75 72 31 -37 70 -66 -44 48 -61 
-43 3 -65 69 -54 115 34 24 63 72 93 -1 -74 -21 -24 75 
40 -18 32 -89 4 -125 -39 -11 -85 -45 -87 33 78 -5 -6 -79 
-31 32 -1 95 42 120 41 -5 95 7 66 -66 -67 37 36 71 
16 -41 -34 -88 -84 -96 -36 18 -93 23 -39 84 49 -60 -60 -52 
-1 44 64 70 109 61 -100 -48 18 -7 Input angle :302
Zaxis angle :0 
minval :0 

minval :0 



-93 22 -13 -94 95 -4 -4 95 -94 -12 21 -93 91 28 -35 87 
34 -8 48 -66 35 -123 -22 -40 -82 -67 -78 15 78 3 0 -95 
-27 20 -24 79 10 127 35 28 101 30 68 -43 -75 23 35 88 
17 -29 -4 -82 -55 -115 -44 -14 -106 6 -49 64 63 -48 -65 -70 
-5 33 33 74 90 90 46 -1 97 -41 23 -76 -40 68 86 44 
-7 -34 -59 -57 -117 -51 109 15 -94 9 Input angle :297
Zaxis angle :0 
minval :0 

minval :0 



43 9 -13 41 -41 -17 20 -38 37 24 -27 35 -33 -28 31 -30 
-18 -9 -37 19 -47 47 5 19 19 51 39 8 -33 -18 -20 38 
20 3 27 -31 29 -59 -11 -16 -37 -39 -40 5 38 3 3 -44 
-19 5 -14 39 -2 66 16 10 50 24 36 -19 -37 10 13 42 
16 -12 -1 -42 -21 -63 -19 -3 -54 -5 -26 30 31 -23 -27 -35 
-10 17 18 37 44 49 -46 80 -102 -5 Input angle :297
Zaxis angle :0 
minval :0 

minval :0 



-10 43 -41 -14 19 -40 38 21 -25 35 -33 -28 31 -30 28 32 
1 -21 -23 -31 -47 -46 -24 6 -45 21 -9 39 18 -27 -39 -20 
7 20 32 21 59 26 21 -14 34 -36 -6 -40 -5 32 44 3 
-14 -15 -38 -8 -66 -1 -14 20 -18 46 20 35 -7 -31 -42 14 
18 9 38 -8 60 -23 5 -24 1 -50 -32 -25 17 27 34 -26 
-22 -1 -33 19 -48 43 76 64 -94 11 Input angle :289
Zaxis angle :14 
minval :0 

minval :0 



-62 58 -51 -68 72 -45 41 75 -77 35 -28 -80 83 -21 13 83 
27 -43 -5 -76 -32 -125 -41 -20 -94 -9 -60 52 54 -29 -41 -75 
-10 49 33 69 79 103 47 2 89 -29 34 -71 -38 47 66 53 
-7 -49 -57 -51 -109 -67 -44 15 -74 56 -6 79 20 -58 -82 -23 
25 43 72 27 127 20 35 -32 44 -82 -24 -76 6 61 85 -6 
-41 -29 -77 3 -125 29 -24 -81 -43 11 Input angle :293
Zaxis angle :14 
minval :0 

minval :0 



-9 -37 38 -5 2 38 -39 0 3 -39 38 6 -9 37 -36 -12 
4 31 39 23 72 22 17 -8 41 -46 -9 -42 0 43 39 0 
-16 -26 -44 -8 -75 8 -13 14 -20 59 23 35 -16 -40 -36 14 
25 18 43 -9 66 -36 5 -18 -3 -62 -36 -21 30 31 27 -27 
-30 -9 -35 26 -48 58 0 19 25 57 41 8 -40 -17 -16 35 
31 -3 24 -37 24 -71 74 111 35 -11 Input angle :297
Zaxis angle :0 
minval :0 

minval :0 



16 -38 37 19 -23 35 -32 -26 29 -30 28 31 -34 25 -22 -35 
-11 19 16 37 35 55 20 -2 48 -5 17 -36 -23 28 33 25 
3 -22 -29 -28 -55 -35 -18 9 -44 21 -2 40 11 -35 -40 -11 
5 21 36 17 63 16 13 -16 30 -38 -12 -38 2 36 42 -4 
-13 -17 -40 0 -65 11 -6 20 -14 46 26 30 -16 -34 -37 19 
19 11 38 -13 55 -34 -16 -81 -64 -13 Input angle :297
Zaxis angle :0 
minval :0 

minval :0 



59 57 -64 52 -46 -68 72 -40 32 75 -78 27 -21 -79 80 -16 
-25 -43 -88 9 -127 17 -11 39 -17 90 53 59 -26 -53 -69 46 
39 31 76 -46 110 -68 -3 -40 -20 -89 -71 -32 45 39 48 -67 
-47 -14 -54 70 -81 100 18 36 50 76 77 4 -54 -23 -21 80 
49 -3 28 -84 37 -122 -30 -27 -74 -53 -76 21 59 1 -9 -83 
-44 22 5 89 8 0 -78 64 -115 2 Input angle :297
Zaxis angle :0 
minval :0 

minval :0 



-3 -35 35 0 -3 35 -35 -6 9 -34 33 13 -15 32 -31 -17 
-6 23 29 29 55 35 25 -4 38 -30 5 -42 -8 38 35 5 
-3 -24 -38 -17 -65 -8 -21 14 -25 42 9 41 -5 -38 -34 7 
11 20 42 1 65 -11 15 -20 8 -48 -27 -32 21 32 29 -20 
-18 -15 -40 14 -55 34 -7 24 7 49 35 23 -31 -23 -19 29 
23 7 32 -27 39 -52 -108 -65 -102 -11 Input angle :297
Zaxis angle :0 
minval :0 

minval :0 



-28 -30 31 -26 22 33 -36 19 -16 -37 38 -12 8 39 -40 4 
12 25 40 1 66 -1 6 -26 21 -46 -26 -27 15 31 36 -19 
-19 -19 -38 13 -60 26 3 27 -1 51 33 16 -26 -23 -27 30 
25 10 30 -26 46 -47 -13 -24 -17 -47 -37 -2 32 12 13 -39 
-27 0 -16 36 -26 61 22 16 35 37 35 -12 -35 0 3 41 
25 -10 2 -39 1 -66 71 31 15 -6 Input angle :297
Zaxis angle :0 
minval :0 

minval :0 



38 -21 17 40 -41 14 -12 -42 42 -9 4 43 -43 1 1 -43 
-26 14 -12 40 -6 65 17 18 51 13 32 -15 -36 7 14 41 
19 -23 -2 -41 -20 -62 -22 -11 -52 8 -25 25 30 -21 -28 -33 
-8 28 18 38 40 51 25 1 46 -26 13 -33 -19 31 37 23 
-2 -29 -30 -27 -56 -34 -23 7 -33 41 0 35 8 -35 -43 -7 
12 27 38 16 64 10 66 16 95 -13 Input angle :289
Zaxis angle :0 
minval :0 

minval :0 



-72 -63 68 -66 58 75 -80 50 -43 -84 88 -37 28 91 -91 21 
34 44 90 16 122 -23 24 -42 -1 -104 -36 -55 38 63 82 -51 
-48 -27 -87 26 -106 66 -6 48 42 95 53 40 -59 -43 -53 80 
54 6 73 -54 77 -99 -11 -48 -74 -72 -66 -14 71 17 21 -92 
-54 13 -49 76 -35 121 28 40 96 39 67 -8 -72 8 14 95 
44 -34 14 -89 -14 -124 50 -81 34 0 Input angle :63
Zaxis angle :0 
minval :0 

minval :0 



44 1 -5 43 -42 -11 13 -41 40 18 -21 39 -37 -23 25 -35 
-24 0 -36 29 -40 56 12 29 30 41 35 3 -37 -17 -11 42 
23 -10 22 -40 17 -67 -20 -23 -42 -27 -34 9 40 2 -4 -45 
-19 16 -4 45 7 69 28 14 51 7 28 -21 -38 12 19 40 
10 -22 -11 -45 -32 -61 -32 -3 -50 12 -18 30 30 -26 -33 -29 
-2 24 26 37 53 43 -84 96 -96 -8 Input angle :289
Zaxis angle :0 
minval :0 

minval :0 



-98 -21 27 -95 94 33 -43 89 -84 -54 60 -80 76 66 -70 70 
66 25 71 -52 86 -95 -7 -47 -93 -80 -52 -3 79 9 44 -90 
-71 0 -47 75 -54 115 23 43 115 44 49 -15 -79 15 -11 100 
67 -26 16 -87 -2 0 -37 -31 -122 5 -39 34 67 -44 -28 -96 
-50 50 16 87 46 119 46 13 113 -48 25 -46 -44 66 66 76 
30 -65 -49 -74 -87 -95 82 31 -47 10 Input angle :297
Zaxis angle :0 
minval :0 

minval :0 



31 30 -31 29 -26 -34 36 -23 19 38 -40 15 -11 -41 42 -7 
-13 -33 -45 4 -65 2 -4 21 5 53 23 18 -24 -27 -37 22 
25 24 41 -21 59 -28 -5 -21 -25 -47 -28 -8 32 16 25 -35 
-32 -14 -29 35 -46 46 11 19 40 35 29 -2 -35 -5 -12 41 
35 1 13 -44 22 -61 -18 -12 -51 -17 -26 13 35 -9 -6 -42 
-33 12 5 45 0 65 -41 -96 30 -1 Input angle :297
Zaxis angle :0 
minval :0 

minval :0 



58 -39 31 62 -64 26 -23 -66 67 -17 11 68 -70 5 1 -69 
-48 10 -5 92 -6 115 44 8 99 18 35 -49 -74 32 21 66 
40 -28 -28 -87 -34 -109 -44 8 -100 20 -14 58 55 -57 -46 -53 
-25 42 62 70 70 90 37 -24 83 -59 -6 -59 -33 74 62 32 
11 -48 -81 -45 -100 -54 -26 36 -57 83 29 53 3 -79 -70 -6 
9 48 93 12 112 17 40 112 -112 -13 Input angle :297
Zaxis angle :0 
minval :0 

minval :0 



1 69 -69 -7 12 -67 67 18 -24 64 -62 -28 34 -59 55 39 
19 -57 -82 -39 -100 -63 -34 31 -69 79 21 49 4 -82 -65 -18 
5 60 90 7 115 24 19 -42 31 -99 -37 -36 26 77 68 -14 
-25 -55 -88 26 -117 23 -1 46 7 104 49 20 -53 -61 -59 34 
44 40 70 -58 98 -66 -16 -43 -46 -94 -52 0 70 40 43 -53 
-56 -22 -48 78 -70 97 -102 -80 9 9 Input angle :303
Zaxis angle :0 
minval :0 

minval :0 



-69 -15 21 -67 64 28 -35 61 -58 -41 45 -55 51 49 -51 46 
50 31 66 -69 87 -80 -25 -45 -64 -85 -53 8 81 30 32 -64 
-59 -8 -30 90 -41 111 42 31 92 56 46 -28 -85 2 -7 70 
58 -11 -1 -95 2 -119 -50 -16 -106 -18 -33 43 78 -35 -19 -68 
-50 31 31 89 34 114 52 -5 106 -21 12 -53 -57 62 45 54 
34 -49 -63 -71 -77 -91 74 -65 82 7 Input angle :303
Zaxis angle :0 
minval :0 

minval :0 



-28 -70 72 -22 15 75 -75 9 -1 -76 76 4 -12 75 -74 -15 
0 71 90 19 126 22 23 -43 40 -105 -32 -37 18 88 76 -14 
-27 -65 -90 18 -125 19 -7 48 3 112 44 21 -49 -76 -67 37 
47 53 78 -48 108 -66 -10 -47 -47 -102 -49 -1 73 51 47 -61 
-65 -28 -55 73 -73 104 28 40 80 80 46 -17 -87 -23 -22 74 
70 3 21 -89 35 -122 46 -65 66 -6 Input angle :297
Zaxis angle :0 
minval :0 

minval :0 



-20 -51 52 -17 12 53 -54 7 -3 -54 55 1 -6 55 -53 -11 
4 50 77 43 91 42 25 -32 33 -83 -32 -44 -3 80 54 -8 
-21 -45 -86 -14 -99 -8 -11 39 -1 90 48 29 -24 -78 -48 27 
38 33 86 -20 94 -31 -4 -41 -28 -85 -53 -11 52 63 33 -43 
-47 -17 -71 53 -79 60 18 37 57 68 54 -7 -72 -39 -13 53 
51 -1 47 -74 47 -87 87 15 127 -5 Input angle :289
Zaxis angle :0 
minval :0 

minval :0 



8 48 -48 4 0 -48 49 3 -8 48 -47 -12 16 -46 44 20 
8 -73 -70 -41 -74 -29 -25 63 -46 104 25 46 3 -82 -49 0 
24 69 81 12 80 0 -1 -69 3 -114 -41 -32 26 78 46 -16 
-47 -56 -78 18 -73 30 24 65 41 105 51 12 -57 -62 -37 32 
65 33 66 -46 57 -57 -49 -50 -76 -85 -51 7 76 33 19 -46 
-73 -3 -40 71 -30 74 -43 16 78 5 Input angle :57
Zaxis angle :0 
minval :0 

minval :0 



26 -29 26 29 -31 24 -21 -33 35 -18 14 37 -38 11 -8 -38 
-79 13 -4 66 14 78 83 8 97 -17 16 -49 -63 27 21 33 
68 -42 -24 -61 -44 -66 -81 21 -83 54 5 52 47 -50 -32 -22 
-43 67 46 47 66 43 63 -54 58 -80 -25 -46 -22 65 39 7 
16 -78 -61 -25 -78 -14 -38 74 -20 97 40 33 0 -69 -39 9 
15 78 66 4 78 -16 -126 63 78 -50 Input angle :313
Zaxis angle :0 
minval :0 

minval :0 



-3 -36 36 0 -2 36 -36 -5 9 -35 34 11 -15 33 -31 -18 
-40 52 45 44 72 51 67 -37 61 -77 -31 -49 -29 62 36 5 
20 -63 -58 -25 -86 -21 -50 59 -30 94 48 33 1 -69 -35 10 
6 66 64 0 87 -12 21 -74 -14 -98 -56 -14 22 65 29 -22 
-33 -57 -59 24 -76 45 12 76 54 82 58 -8 -46 -51 -18 32 
51 41 45 -44 51 -72 0 61 -53 -31 Input angle :313
Zaxis angle :0 
minval :0 

minval :0 



44 -1 -1 45 -45 -5 8 -44 43 12 -16 42 -41 -19 21 -39 
-51 -51 -51 21 -71 48 14 63 76 72 49 -19 -53 -39 -7 44 
66 26 41 -38 52 -69 -38 -51 -97 -38 -36 36 62 16 -11 -43 
-71 -1 -22 52 -17 85 55 33 104 0 20 -48 -65 8 23 38 
67 -25 2 -56 -20 -84 -64 -9 -96 40 0 53 56 -33 -38 -24 
-53 48 19 52 51 70 -110 32 -108 -10 Input angle :297
Zaxis angle :0 
minval :0 

minval :0 



-1 24 -24 -3 6 -23 23 8 -10 22 -21 -11 12 -20 19 14 
53 -59 -35 -62 -55 -60 -71 30 -55 80 33 48 20 -60 -23 -8 
-25 75 55 45 74 33 50 -59 22 -95 -48 -32 6 63 24 -1 
-4 -79 -68 -20 -81 -2 -22 74 20 95 58 9 -30 -55 -22 11 
36 70 70 -9 75 -31 -5 -77 -57 -79 -57 11 49 39 15 -19 
-59 -52 -61 35 -59 55 -99 -46 6 27 Input angle :303
Zaxis angle :0 
minval :0 

minval :0 



0 -64 64 3 -10 64 -62 -14 19 -61 58 26 -30 57 -53 -34 
-25 48 11 75 50 46 81 -19 55 -107 -23 -48 -15 50 62 12 
1 -53 -41 -63 -64 -23 -65 51 -9 119 42 34 -3 -53 -64 11 
15 50 61 45 68 -2 39 -73 -33 -116 -51 -15 22 47 54 -32 
-33 -41 -75 -16 -62 26 -11 84 76 94 53 -2 -39 -35 -36 52 
47 24 74 -12 48 -49 39 -97 -3 -8 Input angle :63
Zaxis angle :49 
minval :0 

minval :0 



-15 -53 53 -11 8 53 -54 4 0 -54 54 5 -9 54 -53 -13 
-8 62 32 50 53 34 54 -56 27 -116 -49 -35 5 44 54 -5 
-15 -62 -49 -33 -63 -8 -30 72 20 118 58 15 -20 -39 -47 24 
36 51 59 13 62 -15 0 -79 -63 -103 -59 11 36 25 33 -43 
-56 -30 -58 12 -51 36 29 71 100 68 51 -32 -43 -11 -16 52 
64 9 49 -33 35 -52 17 63 6 -3 Input angle :297
Zaxis angle :0 
minval :0 

minval :0 



-32 26 -25 -34 35 -21 18 38 -39 14 -11 -40 41 -8 4 41 
48 -3 48 -36 26 -60 -54 -59 -94 -4 -22 43 38 0 -18 -37 
-43 22 -31 52 -2 66 73 32 89 -31 4 -49 -35 14 32 26 
33 -36 9 -60 -26 -60 -80 -1 -70 62 14 47 27 -27 -39 -13 
-15 45 12 59 45 48 75 -26 44 -83 -31 -38 -15 35 41 -3 
-5 -48 -36 -48 -61 -24 -16 -1 -1 46 Input angle :32
Zaxis angle :0 
minval :0 

minval :0 



23 29 -30 21 -19 -31 32 -17 13 34 -35 10 -6 -36 36 -3 
8 -56 -46 -40 -73 -22 -54 71 3 93 57 18 8 -49 -32 17 
12 55 58 19 76 -4 25 -86 -35 -86 -59 3 9 49 23 -28 
-31 -47 -61 4 -68 34 9 89 67 65 54 -25 -27 -42 -11 34 
47 31 54 -27 50 -56 -47 -76 -87 -34 -39 44 41 28 -2 -36 
-56 -9 -41 45 -23 72 -17 -62 117 -3 Input angle :9
Zaxis angle :0 
minval :0 

minval :0 



-39 6 -3 -39 39 0 -2 39 -39 -6 10 -38 37 14 -18 35 
29 41 62 -14 57 -40 -30 -85 -73 -51 -43 37 41 38 3 -39 
-42 -29 -52 37 -39 58 59 68 88 20 26 -50 -53 -20 12 37 
49 11 36 -52 13 -68 -81 -40 -89 14 -6 57 56 -3 -26 -29 
-50 10 -10 63 14 69 90 4 77 -47 -17 -54 -51 24 35 16 
42 -29 -13 -62 -41 -56 106 -18 -115 37 Input angle :0
Zaxis angle :0 
minval :0 

minval :0 



20 41 -42 18 -15 -44 45 -10 6 45 -45 3 2 -46 45 7 
35 -43 -23 -61 -45 -54 -85 43 -35 99 41 41 24 -42 -44 11 
-15 53 45 47 61 34 63 -69 -1 -105 -53 -22 -6 48 35 -28 
-3 -55 -60 -22 -70 -8 -29 90 46 94 57 0 -12 -47 -23 39 
25 48 65 0 69 -18 -4 -95 -75 -73 -53 21 29 38 5 -45 
-42 -37 -59 25 -53 45 -58 112 -120 4 Input angle :12
Zaxis angle :0 
minval :0 

minval :0 



41 9 -12 40 -39 -15 18 -37 35 22 -25 32 -30 -28 30 -28 
-22 -66 -51 -9 -71 7 -12 86 56 78 52 -7 -18 -38 -19 37 
46 52 51 -10 63 -34 -20 -85 -83 -48 -44 27 31 28 2 -41 
-63 -28 -43 28 -46 55 50 71 96 13 31 -42 -40 -12 15 38 
70 5 30 -42 22 -69 -74 -46 -95 19 -14 50 42 -1 -27 -30 
-65 24 -11 50 5 72 115 -62 -89 -29 Input angle :18
Zaxis angle :0 
minval :0 

minval :0 



-30 -10 12 -29 28 14 -18 26 -24 -20 23 -22 20 24 -26 18 
15 58 53 13 68 -7 12 -90 -57 -77 -59 7 11 44 17 -27 
-33 -48 -54 9 -59 32 24 88 82 50 52 -29 -30 -37 -6 31 
51 30 47 -27 44 -51 -54 -73 -95 -18 -37 46 40 24 -6 -32 
-58 -8 -33 43 -18 66 76 49 94 -21 15 -57 -47 -6 17 27 
57 -14 12 -53 -4 -67 -123 13 -102 27 Input angle :18
Zaxis angle :0 
minval :0 

minval :0 



6 -37 35 9 -12 34 -33 -16 20 -31 29 22 -24 27 -25 -26 
-60 31 33 53 47 43 68 -55 41 -86 -57 -40 -31 60 34 14 
43 -52 -52 -35 -60 -23 -44 76 -5 95 68 17 7 -67 -37 -1 
-18 65 61 12 64 -3 8 -87 -34 -89 -69 11 18 64 34 -14 
-11 -67 -62 11 -57 28 24 84 63 71 61 -34 -42 -52 -26 26 
33 59 53 -33 43 -47 81 -67 98 -22 Input angle :286
Zaxis angle :14 
minval :0 

minval :0 



-9 33 -33 -12 15 -32 30 18 -20 28 -26 -22 25 -25 22 26 
36 18 33 -49 20 -56 -77 -54 -94 18 -18 60 41 8 -30 -16 
-40 -1 -12 58 1 60 93 15 80 -53 -7 -63 -40 10 34 4 
37 -14 -10 -58 -25 -54 -92 18 -55 78 29 56 34 -23 -33 9 
-29 27 32 50 44 40 78 -52 22 -93 -49 -40 -22 35 27 -22 
17 -35 -48 -34 -56 -20 -121 -16 97 47 Input angle :18
Zaxis angle :0 
minval :0 

minval :0 



-18 21 -19 -20 21 -17 16 23 -24 13 -11 -25 26 -8 7 27 
79 9 9 -46 3 -63 -76 -28 -97 6 -12 67 62 -10 -16 -22 
-78 18 10 46 18 60 81 0 88 -41 -12 -67 -52 35 23 15 
65 -47 -27 -38 -42 -47 -72 36 -67 71 40 54 33 -53 -28 -4 
-37 70 39 25 56 30 55 -59 32 -92 -56 -38 -9 62 27 -7 
9 -80 -46 -8 -63 -5 49 -64 52 49 Input angle :313
Zaxis angle :0 
minval :0 

minval :0 



-7 55 -53 -11 16 -53 51 21 -26 48 -46 -31 35 -43 41 36 
59 -33 -5 -42 -23 -47 -78 9 -93 63 27 69 42 -36 -52 -20 
-39 53 22 37 39 36 70 -35 68 -90 -49 -54 -24 49 55 -2 
19 -65 -34 -25 -50 -18 -50 59 -22 111 67 30 3 -55 -51 23 
6 66 41 10 53 -2 20 -75 -22 -110 -75 -1 18 50 37 -41 
-35 -59 -42 6 -47 22 0 112 -100 11 Input angle :313
Zaxis angle :0 
minval :0 

minval :0 



-22 52 -49 -30 35 -47 44 38 -39 43 -38 -42 46 -34 30 50 
56 -8 9 -46 -2 -55 -70 -21 -104 28 0 76 46 -26 -48 -33 
-47 29 6 45 21 53 71 -11 87 -65 -28 -70 -32 42 58 14 
31 -46 -25 -39 -40 -39 -63 36 -53 95 52 54 14 -52 -57 9 
-13 54 40 29 52 21 46 -58 15 -107 -68 -28 6 53 52 -30 
-8 -55 -46 -13 -55 6 54 -96 76 13 Input angle :297
Zaxis angle :0 
minval :0 

minval :0 



38 -44 41 41 -45 36 -33 -47 50 -28 25 53 -54 23 -18 -54 
-66 4 -16 42 -6 55 70 26 112 -11 13 -75 -59 20 36 45 
60 -27 0 -45 -14 -53 -75 0 -98 56 17 74 46 -40 -52 -27 
-42 50 17 42 32 45 68 -30 73 -87 -41 -64 -29 54 57 7 
20 -62 -32 -32 -50 -26 -47 58 -30 110 62 42 7 -61 -57 14 
1 66 42 17 55 7 -21 -113 -49 -15 Input angle :297
Zaxis angle :0 
minval :0 

minval :0 


