
31 43 -44 27 -24 -47 48 -19 14 50 -51 10 -8 -52 52 -5 
7 -73 -33 -22 -57 -17 -37 59 -14 118 70 29 -7 -62 -47 22 
21 69 40 4 58 -6 12 -69 -29 -115 -77 -2 27 55 36 -37 
-43 -58 -38 10 -51 27 17 68 73 93 71 -27 -48 -39 -17 49 
64 34 32 -25 36 -46 -41 -57 -103 -57 -55 52 59 20 -1 -52 
-72 -7 -19 35 -14 57 -18 80 -82 1 Input angle :313
Zaxis angle :0 
minval :0 

minval :0 



46 21 -26 44 -42 -30 34 -39 36 37 -39 34 -28 -42 44 -25 
-23 -74 -45 -2 -59 10 -3 80 34 109 78 1 -33 -59 -31 41 
49 59 42 -16 51 -31 -27 -75 -73 -88 -73 28 53 42 16 -49 
-67 -39 -33 29 -36 47 56 57 100 55 55 -55 -66 -17 2 51 
77 11 19 -41 15 -58 -72 -35 -113 -14 -30 72 67 -5 -23 -46 
-74 20 -4 45 6 60 -33 -112 64 -4 Input angle :297
Zaxis angle :0 
minval :0 

minval :0 



35 -29 25 37 -39 21 -18 -41 42 -14 11 43 -44 7 -6 -44 
-69 -36 -32 48 -22 54 85 53 110 27 41 -68 -71 -8 19 41 
79 8 11 -57 1 -58 -97 -19 -112 16 -13 79 70 -17 -33 -29 
-77 22 9 58 21 54 98 -19 97 -56 -18 -78 -57 42 41 16 
61 -49 -32 -49 -38 -43 -84 55 -71 87 43 68 36 -61 -45 0 
-38 68 47 33 53 24 59 112 66 -14 Input angle :0
Zaxis angle :0 
minval :0 

minval :0 



43 22 -25 41 -39 -28 32 -37 34 33 -36 32 -28 -39 42 -24 
5 -70 -46 -7 -47 -8 -20 75 0 114 78 7 -16 -57 -30 37 
23 67 46 -10 46 -11 -10 -78 -47 -103 -74 22 36 47 13 -46 
-46 -52 -37 29 -37 28 41 67 82 78 60 -48 -52 -30 5 48 
64 31 27 -40 23 -41 -61 -48 -106 -40 -39 67 59 8 -22 -43 
-71 -6 -9 46 -7 46 -28 16 61 -1 Input angle :302
Zaxis angle :0 
minval :0 

minval :0 



36 -16 12 38 -39 9 -5 -39 40 -2 0 40 -40 -3 7 -38 
-50 -50 -33 27 -41 35 32 65 74 64 57 -45 -51 -25 8 39 
66 26 20 -38 23 -48 -54 -48 -94 -27 -38 63 56 3 -21 -34 
-71 0 -2 43 -1 54 69 21 97 -9 9 -72 -54 18 33 22 
64 -30 -14 -40 -18 -51 -71 10 -86 45 19 70 42 -38 -38 -9 
-49 51 28 32 37 39 3 66 -45 -38 Input angle :289
Zaxis angle :0 
minval :0 

minval :0 



37 9 -12 36 -35 -15 18 -33 31 22 -24 29 -27 -27 28 -25 
14 -72 -58 -10 -51 -1 -15 92 14 96 78 15 -14 -67 -18 34 
14 72 58 -10 48 -19 -21 -91 -51 -82 -79 12 37 57 3 -38 
-42 -60 -49 32 -36 37 54 76 78 57 67 -42 -57 -38 10 36 
61 41 33 -49 21 -47 -79 -50 -94 -23 -47 65 67 13 -24 -30 
-72 -13 -11 57 0 51 9 -29 55 -5 Input angle :43
Zaxis angle :0 
minval :0 

minval :0 



27 -19 17 29 -30 15 -13 -31 32 -11 7 32 -33 3 0 -33 
-16 -30 -47 7 -42 13 18 86 65 61 66 -37 -21 -40 14 30 
27 20 40 -25 33 -29 -49 -73 -83 -34 -48 57 35 30 -24 -22 
-33 -9 -27 38 -19 39 74 47 90 0 21 -72 -43 -13 31 12 
34 -3 10 -46 3 -44 -86 -13 -82 36 8 75 45 -4 -33 0 
-30 16 9 47 13 42 -20 113 -9 -34 Input angle :26
Zaxis angle :60 
minval :0 

minval :0 



-65 -59 66 -57 53 70 -72 49 -42 -78 80 -36 30 83 -83 22 
-32 49 32 -15 77 -30 -9 -29 1 -29 -12 -43 -3 -46 70 -53 
8 -57 -24 28 -58 60 21 23 9 28 30 32 24 41 -39 79 
16 55 10 -34 25 -79 -29 -12 -19 -22 -40 -18 -39 -26 5 -88 
-40 -43 6 36 6 83 31 0 27 10 44 1 46 8 31 82 
53 27 -19 -32 -42 -72 -61 -33 100 0 Input angle :356
Zaxis angle :41 
minval :0 

minval :0 



-23 105 -102 -35 43 -100 95 51 -56 93 -87 -64 72 -81 74 78 
86 10 -32 -5 -51 -63 -18 14 -4 16 -27 23 -33 30 -102 -38 
-80 28 32 -7 73 37 11 -21 -3 -16 17 -31 21 -40 108 -1 
65 -56 -24 21 -81 -2 0 23 11 14 -2 36 0 46 -96 48 
-32 80 14 -30 76 -31 -7 -22 -14 -9 -14 -33 -18 -41 65 -86 
-3 -86 0 32 -57 59 35 -64 61 0 Input angle :341
Zaxis angle :44 
minval :0 

minval :0 



-106 -35 45 -104 98 54 -65 92 -84 -74 78 -78 74 87 -89 70 
-16 86 31 -42 72 -40 -15 -36 -17 -16 -30 -40 -20 -40 55 -99 
-22 -87 -13 51 -48 67 29 28 22 7 44 23 34 28 -9 113 
54 67 -9 -52 10 -80 -35 -13 -24 2 -49 -3 -43 -10 -38 -105 
-76 -39 29 45 24 79 39 -1 20 -10 47 -19 47 -8 75 84 
88 4 -43 -29 -51 -64 -27 -1 84 2 Input angle :341
Zaxis angle :44 
minval :0 

minval :0 



66 -90 82 75 -82 75 -69 -89 94 -63 57 97 -102 47 -36 -104 
-79 -24 26 36 14 83 36 -21 22 -12 42 -16 55 2 76 81 
82 -8 -39 -22 -48 -68 -23 36 -14 22 -33 30 -50 19 -102 -43 
-71 41 45 4 73 40 7 -43 5 -24 17 -42 35 -39 112 -10 
46 -68 -42 17 -84 -2 12 42 7 23 0 46 -17 52 -96 55 
-16 81 33 -30 81 -26 -32 -49 -118 -3 Input angle :352
Zaxis angle :32 
minval :0 

minval :0 



-96 -28 34 -94 91 42 -50 86 -80 -59 66 -75 70 72 -76 63 
19 84 18 -30 52 -50 -28 -24 -32 -23 -21 -23 -36 -45 46 -88 
-49 -70 -2 35 -26 67 35 10 39 9 28 12 51 26 -4 100 
76 39 -11 -34 0 -73 -37 5 -38 7 -31 -1 -58 -4 -34 -93 
-85 -6 24 27 32 63 31 -20 30 -25 28 -12 54 -22 71 69 
80 -29 -33 -14 -56 -46 -36 -49 -125 4 Input angle :346
Zaxis angle :32 
minval :0 

minval :0 



71 62 -68 67 -59 -76 79 -51 44 85 -88 37 -30 -89 89 -25 
33 -84 -30 28 -78 21 16 9 15 20 0 26 13 68 -73 61 
5 88 15 -38 60 -53 -18 -2 -24 -10 -9 -24 -41 -52 43 -86 
-40 -80 0 39 -39 70 17 -4 24 0 18 19 58 34 -5 93 
71 56 -17 -37 3 -80 -13 12 -23 10 -24 -9 -69 -9 -33 -90 
-88 -20 30 26 30 71 38 -64 -118 -3 Input angle :352
Zaxis angle :14 
minval :0 

minval :0 



-24 -93 95 -16 6 95 -97 -1 9 -97 94 19 -27 92 -89 -32 
-63 62 33 -12 87 27 -5 -24 1 -36 7 -31 43 -45 96 -3 
33 -82 -26 23 -91 8 15 19 10 33 4 31 -20 58 -87 42 
6 87 13 -33 80 -46 -22 -12 -24 -25 -18 -27 -1 -63 58 -75 
-41 -77 2 35 -50 75 25 0 33 13 27 16 29 55 -23 94 
69 54 -16 -31 15 -89 -72 -81 59 0 Input angle :341
Zaxis angle :32 
minval :0 

minval :0 



-62 -43 47 -59 54 54 -59 47 -42 -63 66 -37 33 69 -70 26 
-10 90 19 -25 76 -32 -32 -38 -15 -34 -22 -36 16 -46 53 -54 
-23 -88 -9 31 -57 60 44 22 27 25 34 24 7 48 -28 71 
58 69 -5 -31 27 -77 -49 1 -35 -12 -41 -5 -24 -42 -3 -76 
-82 -38 17 27 7 82 44 -18 37 -5 41 -11 39 28 31 69 
91 3 -27 -18 -40 -72 -64 -49 118 2 Input angle :341
Zaxis angle :41 
minval :0 

minval :0 



-35 -68 70 -29 23 73 -74 15 -7 -76 77 -1 -1 77 -77 -5 
-68 66 27 -5 77 3 -3 -40 2 -34 0 -39 26 -18 74 -21 
35 -88 -23 14 -72 29 18 34 13 32 16 35 -16 28 -55 52 
2 96 14 -22 51 -56 -30 -25 -24 -25 -29 -25 2 -33 30 -69 
-44 -85 -3 27 -25 73 37 9 32 13 37 10 9 31 0 76 
73 60 -8 -26 -7 -77 -69 -81 97 0 Input angle :208
Zaxis angle :39 
minval :0 

minval :0 



-81 17 -9 -82 80 -3 -4 81 -82 -9 19 -79 76 24 -28 74 
9 73 14 -21 46 -75 -33 -4 -11 -15 -36 -3 -3 -22 2 -80 
-36 -60 -2 23 -9 87 35 -11 16 9 32 -9 12 20 33 74 
62 39 -5 -22 -23 -85 -26 23 -20 0 -24 21 -17 -13 -62 -53 
-71 -8 16 17 60 64 14 -31 16 -6 14 -29 22 2 77 26 
71 -23 -21 -9 -81 -36 -28 127 -76 1 Input angle :53
Zaxis angle :41 
minval :0 

minval :0 



-13 -79 79 -7 2 79 -78 -6 16 -78 77 21 -23 75 -74 -29 
-80 27 27 13 78 35 6 -34 23 -23 2 -30 25 -5 79 -3 
63 -55 -29 0 -84 -3 8 33 -11 31 10 28 -19 15 -70 37 
-31 78 27 -12 79 -32 -20 -27 -1 -33 -19 -23 13 -22 48 -63 
0 -84 -20 22 -58 62 31 16 16 29 27 12 -1 24 -18 77 
34 77 9 -28 29 -80 -52 -49 127 -3 Input angle :356
Zaxis angle :39 
minval :0 

minval :0 



-60 -48 51 -56 53 55 -61 46 -41 -65 67 -36 30 70 -72 28 
-43 81 29 -15 82 -28 -22 -31 -2 -34 -18 -23 24 -20 56 -53 
7 -91 -19 28 -62 60 35 19 15 30 26 15 -14 28 -30 71 
28 87 7 -33 34 -79 -39 -4 -26 -20 -29 -2 1 -31 0 -77 
-62 -68 6 33 0 87 38 -12 32 10 29 -8 11 29 31 70 
83 38 -20 -28 -37 -78 -69 95 -45 0 Input angle :194
Zaxis angle :36 
minval :0 

minval :0 



-76 -15 20 -75 73 25 -31 71 -68 -39 44 -64 62 47 -51 57 
-10 86 21 -25 67 -60 -34 -17 -12 -27 -27 -15 13 -20 24 -73 
-25 -82 -8 32 -38 82 38 0 21 21 31 3 -3 25 7 78 
57 64 -4 -33 0 -91 -35 13 -28 -10 -30 9 -8 -24 -38 -68 
-79 -34 18 28 36 83 26 -26 30 -2 24 -21 16 19 61 47 
86 -1 -28 -19 -66 -63 -52 127 -10 1 Input angle :352
Zaxis angle :32 
minval :0 

minval :0 



-63 46 -40 -67 68 -37 31 72 -74 26 -18 -76 77 -14 8 76 
46 58 1 -25 8 -87 -37 7 -16 -6 -34 3 -5 -13 -35 -70 
-64 -36 7 24 23 86 29 -20 17 -1 28 -18 12 11 58 51 
74 6 -17 -18 -58 -67 -17 32 -16 8 -19 26 -15 -5 -76 -18 
-70 25 22 10 82 36 5 -36 11 -13 6 -32 14 -2 75 -12 
52 -51 -24 0 -90 -2 -7 31 48 2 Input angle :356
Zaxis angle :41 
minval :0 

minval :0 



64 31 -36 62 -60 -40 46 -57 51 50 -54 50 -43 -57 61 -37 
23 -73 -25 12 -81 39 31 9 4 28 17 22 -21 21 -41 60 
7 77 17 -22 56 -69 -32 1 -16 -25 -24 -15 9 -29 12 -71 
-41 -64 -7 28 -25 86 29 -15 24 17 29 3 2 31 16 71 
64 42 -4 -27 -13 -88 -19 25 -29 -6 -28 8 -15 -26 -41 -60 
-75 -15 15 23 49 75 57 0 24 -1 Input angle :195
Zaxis angle :32 
minval :0 

minval :0 



26 62 -64 22 -15 -66 67 -9 3 67 -68 -1 7 -68 66 12 
46 -74 -31 9 -76 -4 16 39 1 23 7 42 -19 36 -65 15 
-16 86 24 -21 69 -28 -32 -28 -10 -21 -24 -36 2 -41 55 -39 
-17 -85 -15 28 -54 53 39 14 17 14 36 24 13 39 -34 58 
54 69 3 -32 26 -70 -42 1 -22 -7 -43 -7 -29 -30 5 -67 
-78 -39 13 30 5 75 46 48 -72 -1 Input angle :341
Zaxis angle :36 
minval :0 

minval :0 



-69 -33 41 -65 62 46 -50 59 -54 -54 59 -48 42 64 -67 38 
-14 91 13 -24 64 -39 -42 -18 -31 -19 -20 -11 15 -57 49 -61 
-20 -90 -3 28 -44 59 47 2 35 6 23 1 7 58 -17 75 
51 77 -8 -26 15 -72 -42 18 -35 7 -23 7 -32 -47 -13 -76 
-81 -45 18 22 18 72 30 -34 29 -21 15 -17 49 30 42 64 
92 6 -26 -13 -44 -59 -35 -113 17 4 Input angle :57
Zaxis angle :32 
minval :0 

minval :0 



-3 -64 64 0 -4 63 -62 -9 15 -62 61 20 -25 58 -55 -30 
-53 57 37 3 66 -2 -25 -42 -7 -34 -8 -31 34 -25 64 7 
28 -73 -35 10 -60 26 41 26 22 28 21 24 -20 37 -58 23 
7 77 25 -25 42 -50 -49 -6 -31 -15 -29 -14 3 -43 47 -41 
-37 -69 -13 34 -18 63 48 -14 36 2 32 1 13 40 -21 60 
64 47 -3 -36 -10 -64 -67 -113 -53 1 Input angle :176
Zaxis angle :20 
minval :0 

minval :0 



-14 88 -86 -20 29 -83 80 36 -42 77 -73 -50 55 -69 66 59 
78 -39 -31 -2 -60 -44 1 48 -2 41 1 30 -47 15 -83 -27 
-57 65 29 -11 74 13 -21 -43 -14 -37 -12 -27 38 -34 87 -10 
24 -83 -21 23 -71 19 38 30 30 26 23 18 -21 46 -77 43 
11 86 12 -28 59 -45 -46 -14 -38 -14 -29 -8 1 -51 51 -72 
-44 -75 1 31 -36 65 82 -48 -82 -1 Input angle :194
Zaxis angle :25 
minval :0 

minval :0 



81 -41 35 84 -86 26 -19 -88 89 -10 4 90 -90 -3 10 -89 
-80 -63 7 8 -10 83 48 -38 33 -16 17 -15 31 42 24 87 
99 19 -12 -4 -24 -79 -27 55 -24 29 -9 20 -44 -26 -58 -69 
-100 19 13 0 55 62 3 -61 10 -36 0 -22 53 7 82 38 
83 -58 -10 5 -75 -33 22 56 5 37 8 19 -50 15 -90 0 
-47 89 7 -9 83 1 -40 79 -46 -5 Input angle :185
Zaxis angle :25 
minval :0 

minval :0 



70 -6 2 69 -69 -3 9 -69 67 17 -22 65 -65 -27 30 -62 
-66 -68 -1 32 -26 56 35 -19 22 -7 23 1 36 40 -1 70 
87 37 -12 -29 0 -61 -24 32 -17 16 -22 8 -48 -24 -27 -65 
-95 3 22 21 26 55 7 -39 8 -22 15 -16 53 0 50 48 
87 -37 -29 -11 -45 -40 7 39 1 25 -7 22 -49 21 -66 -23 
-60 74 31 -4 59 17 -26 -65 75 -3 Input angle :205
Zaxis angle :14 
minval :0 

minval :0 



3 -80 79 10 -16 79 -77 -22 31 -74 70 38 -42 68 -62 -48 
-88 23 22 -4 48 34 -4 -35 -18 -26 2 -17 47 -6 79 16 
70 -58 -19 14 -57 -10 17 32 29 15 6 16 -40 24 -79 15 
-41 81 12 -19 56 -13 -29 -20 -33 -2 -12 -13 26 -39 64 -46 
5 -90 -2 22 -46 35 35 6 30 -10 16 7 -8 46 -39 71 
33 85 -6 -22 27 -51 -48 63 -21 2 Input angle :192
Zaxis angle :29 
minval :0 

minval :0 



63 -33 25 67 -70 18 -11 -70 71 -5 0 72 -71 -8 13 -70 
-81 -57 8 26 7 62 25 -21 20 -31 21 0 37 28 16 69 
99 14 -18 -19 -34 -53 -12 30 -2 36 -19 8 -47 -9 -46 -53 
-96 27 25 9 52 34 0 -33 -9 -35 15 -14 47 -8 65 30 
78 -63 -27 0 -63 -7 14 29 23 28 -8 20 -39 26 -72 -2 
-41 90 25 -11 61 -15 -67 15 -59 -3 Input angle :207
Zaxis angle :14 
minval :0 

minval :0 



41 55 -58 37 -33 -60 63 -28 23 66 -67 16 -11 -68 68 -6 
32 -78 -10 22 -60 17 28 13 37 27 3 16 -27 41 -61 32 
3 85 0 -24 47 -38 -31 0 -45 -8 -8 -15 8 -48 42 -55 
-37 -76 9 23 -30 55 29 -10 45 -8 15 10 9 48 -18 67 
62 58 -17 -17 4 -61 -21 22 -38 26 -17 -2 -30 -38 -12 -67 
-82 -21 23 9 22 58 44 112 -42 -6 Input angle :199
Zaxis angle :25 
minval :0 

minval :0 



3 -78 77 11 -19 74 -74 -24 28 -72 70 34 -40 66 -63 -44 
-90 32 15 -13 57 37 -4 -41 -14 -34 0 -14 45 -7 76 19 
70 -66 -7 17 -67 -9 19 36 25 28 5 12 -39 22 -76 17 
-35 89 0 -19 66 -17 -32 -23 -35 -13 -9 -9 25 -36 64 -44 
-3 -96 7 18 -53 42 39 8 37 -1 12 4 -8 44 -42 66 
41 86 -13 -13 31 -61 -68 -65 30 2 Input angle :192
Zaxis angle :36 
minval :0 

minval :0 



-81 -9 16 -80 79 21 -29 76 -73 -34 39 -69 67 45 -53 60 
44 88 -2 -29 38 -44 -40 13 -26 5 -22 -9 -20 -47 24 -77 
-74 -63 14 25 -14 57 30 -29 19 -17 24 -1 39 32 14 80 
95 26 -22 -16 -8 -58 -17 39 -11 23 -21 10 -50 -12 -40 -70 
-97 13 28 6 33 48 1 -42 2 -26 15 -18 52 -5 68 44 
84 -49 -28 6 -50 -30 17 -96 42 3 Input angle :199
Zaxis angle :25 
minval :0 

minval :0 



68 -14 8 69 -69 2 2 -70 70 8 -14 68 -66 -19 26 -64 
-61 -60 3 2 -15 76 34 -43 36 -4 6 10 13 51 3 70 
80 30 -3 -1 -14 -76 -14 52 -33 15 -9 -6 -33 -41 -32 -62 
-87 4 4 0 44 63 -7 -54 22 -30 11 3 48 23 53 44 
77 -39 -3 2 -67 -40 29 46 -6 36 -12 2 -53 -1 -67 -17 
-56 66 2 -3 77 9 -15 -81 107 -5 Input angle :341
Zaxis angle :14 
minval :0 

minval :0 



55 21 -26 53 -53 -30 35 -48 45 39 -44 40 -36 -47 50 -32 
-4 -85 10 23 -67 47 38 -8 34 18 23 -2 -7 45 -32 50 
36 76 -19 -16 38 -72 -30 23 -39 -2 -20 10 -13 -44 10 -59 
-66 -53 25 7 -5 82 19 -33 38 -13 14 -19 30 33 18 57 
82 23 -27 2 -27 -77 -4 38 -29 25 -4 23 -42 -20 -38 -47 
-84 13 22 -13 57 57 30 112 106 -5 Input angle :179
Zaxis angle :32 
minval :0 

minval :0 



-33 55 -52 -36 41 -49 46 45 -48 41 -37 -52 57 -30 25 59 
87 25 -19 3 -22 -68 11 52 -18 15 1 17 -43 -21 -48 -43 
-89 8 17 -11 50 50 -29 -43 11 -21 -8 -15 48 0 61 18 
82 -39 -9 16 -65 -29 44 28 -2 24 15 10 -44 17 -64 8 
-52 73 3 -19 71 -1 -52 -6 -9 -22 -17 -3 32 -35 57 -31 
19 -88 6 19 -63 31 35 64 11 2 Input angle :179
Zaxis angle :32 
minval :0 

minval :0 



24 57 -58 18 -13 -59 61 -7 4 61 -61 0 4 -61 59 11 
60 -66 0 8 -87 -10 40 36 7 40 -1 0 -47 24 -61 12 
-32 83 -4 -8 84 -28 -50 -15 -22 -34 1 0 34 -40 49 -35 
-5 -90 7 6 -63 62 53 -6 33 22 0 1 -13 49 -32 53 
41 82 -8 -2 37 -80 -46 28 -42 -7 0 -1 -6 -51 8 -59 
-71 -56 8 0 2 85 81 48 117 -2 Input angle :333
Zaxis angle :25 
minval :0 

minval :0 



-56 2 3 -56 54 10 -15 53 -51 -19 22 -51 48 29 -30 46 
61 55 -14 -5 21 -78 -33 38 -54 3 0 2 -20 -49 8 -55 
-78 -29 15 0 13 80 16 -49 46 -24 -1 -2 38 36 15 53 
83 -9 -14 6 -49 -66 5 51 -34 41 2 2 -50 -17 -35 -43 
-69 44 10 -11 69 43 -28 -42 13 -52 -3 0 53 -5 49 27 
48 -67 -5 15 -81 -14 15 64 -34 6 Input angle :333
Zaxis angle :20 
minval :0 

minval :0 



-58 13 -10 -60 60 -6 0 60 -61 -4 9 -59 59 13 -18 56 
71 52 -17 0 0 -82 -26 51 -53 19 0 10 -19 -55 -5 -61 
-86 -22 15 -7 33 75 6 -58 41 -38 -4 -9 37 45 29 53 
87 -14 -11 13 -62 -54 22 53 -19 53 8 6 -54 -24 -49 -36 
-73 49 4 -16 78 27 -42 -40 -3 -57 -10 -1 58 0 60 11 
45 -76 1 17 -82 12 50 -112 109 6 Input angle :333
Zaxis angle :25 
minval :0 

minval :0 



-63 15 -11 -64 65 -5 0 66 -66 -4 10 -65 63 15 -22 61 
57 65 -21 -5 23 -76 -39 36 -35 0 -8 2 -5 -43 -2 -64 
-80 -35 22 -2 4 81 23 -48 32 -13 6 -6 23 37 27 60 
87 -2 -19 11 -40 -70 0 54 -24 25 -4 7 -37 -24 -53 -40 
-78 35 12 -18 64 48 -23 -49 10 -33 -1 -8 43 5 64 14 
56 -65 -2 22 -79 -17 8 -96 103 4 Input angle :197
Zaxis angle :29 
minval :0 

minval :0 



14 -66 65 19 -26 63 -61 -31 35 -59 55 39 -45 51 -46 -49 
-82 30 28 -25 77 42 -29 -63 13 -64 -11 -15 61 10 64 24 
61 -63 -15 36 -88 -3 52 44 16 63 15 8 -60 16 -70 1 
-30 82 0 -39 82 -32 -66 -17 -40 -51 -18 -2 47 -40 63 -29 
-5 -87 15 35 -61 64 67 -11 59 31 18 -5 -30 54 -42 53 
43 76 -27 -26 28 -84 122 -97 0 -1 Input angle :339
Zaxis angle :25 
minval :0 

minval :0 



-65 34 -29 -67 69 -23 16 71 -72 10 -5 -73 73 -1 -4 73 
82 43 -33 -13 -14 -84 -36 53 -54 22 -14 16 -24 -52 -24 -69 
-93 -5 37 -4 47 70 8 -63 41 -41 5 -21 44 36 50 53 
86 -33 -31 19 -71 -47 14 62 -20 54 3 21 -54 -15 -67 -30 
-67 63 21 -31 85 9 -40 -49 -3 -57 -12 -19 56 -9 74 0 
31 -86 -8 35 -83 19 51 96 -91 6 Input angle :179
Zaxis angle :29 
minval :0 

minval :0 



-62 -15 19 -60 59 24 -29 56 -53 -33 39 -50 47 42 -46 42 
37 83 -13 -32 45 -74 -61 18 -50 -19 -18 -1 6 -53 25 -58 
-67 -61 26 23 -12 85 46 -44 54 -6 18 -6 17 51 2 63 
86 25 -33 -10 -24 -82 -24 58 -47 26 -15 12 -34 -41 -25 -58 
-91 4 35 -2 55 65 0 -65 33 -43 8 -18 50 19 47 42 
79 -45 -29 18 -77 -37 -22 47 -49 6 Input angle :185
Zaxis angle :29 
minval :0 

minval :0 



33 46 -48 29 -23 -51 53 -19 13 55 -56 8 -4 -57 56 1 
15 -86 -16 19 -85 24 51 27 18 43 2 15 -37 30 -51 25 
18 85 8 -24 66 -58 -59 -4 -37 -30 -10 -13 20 -42 35 -44 
-52 -70 3 25 -34 81 55 -20 45 15 14 8 -2 48 -19 52 
75 44 -13 -22 4 -87 -43 40 -48 3 -17 -1 -17 -44 -5 -56 
-86 -10 20 16 33 82 86 -80 46 -3 Input angle :194
Zaxis angle :20 
minval :0 

minval :0 



-10 61 -60 -16 20 -59 57 25 -29 55 -51 -35 40 -47 45 41 
81 -44 -33 7 -66 -51 21 64 -18 38 -2 12 -46 -18 -59 -21 
-58 72 26 -18 80 17 -44 -51 0 -42 -3 -12 49 -3 62 -5 
25 -88 -16 30 -81 13 62 28 15 39 7 10 -42 25 -54 30 
14 91 3 -33 66 -48 -67 0 -28 -30 -11 -5 32 -37 39 -49 
-45 -81 11 32 -44 69 76 16 0 2 Input angle :183
Zaxis angle :20 
minval :0 

minval :0 



57 -19 16 57 -59 10 -6 -60 60 -1 -4 60 -59 -10 15 -57 
-75 -49 14 8 -22 70 46 -46 28 -8 9 0 13 37 9 59 
87 21 -17 -1 -11 -72 -24 61 -22 19 -9 5 -29 -27 -32 -51 
-87 22 15 -6 39 60 -6 -66 12 -26 5 -8 38 15 50 32 
70 -56 -13 11 -61 -40 31 58 0 30 -1 9 -41 3 -60 -7 
-45 78 5 -15 72 13 -25 63 -112 -4 Input angle :186
Zaxis angle :29 
minval :0 

minval :0 



-9 69 -69 -13 18 -67 65 24 -29 62 -60 -34 39 -57 54 43 
80 -40 -15 0 -50 -46 8 47 2 24 -5 5 -44 -9 -66 -20 
-54 69 15 -4 64 22 -25 -41 -10 -22 2 -9 45 -8 69 -10 
24 -86 -11 11 -67 8 41 26 18 14 0 9 -36 26 -60 35 
14 88 5 -15 61 -29 -47 -6 -23 -5 -4 -8 23 -39 38 -59 
-48 -74 0 16 -41 54 48 -96 -116 -1 Input angle :199
Zaxis angle :32 
minval :0 

minval :0 



-54 22 -18 -55 58 -13 8 59 -59 3 1 -58 58 5 -10 57 
80 46 -11 -13 12 -70 -37 30 -16 12 -6 -4 -13 -34 -16 -57 
-92 -11 15 9 13 69 21 -41 10 -17 8 1 26 26 38 46 
87 -31 -18 0 -42 -55 -2 48 -1 21 -8 1 -35 -12 -53 -26 
-69 62 17 -6 60 35 -16 -44 -8 -18 6 -5 37 -2 59 0 
33 -86 -12 13 -70 -7 31 -80 -28 1 Input angle :207
Zaxis angle :14 
minval :0 

minval :0 



63 -35 30 66 -68 25 -21 -70 72 -15 8 73 -72 1 5 -73 
-75 -63 22 19 -17 74 50 -40 30 -16 1 -10 7 51 24 69 
94 24 -29 -7 -14 -75 -29 57 -20 28 1 10 -26 -44 -48 -56 
-96 10 29 -4 44 62 2 -64 7 -34 -6 -8 41 32 68 29 
83 -52 -25 16 -66 -39 25 60 7 34 9 4 -51 -9 -73 1 
-56 79 17 -25 76 6 -41 -65 82 -4 Input angle :181
Zaxis angle :0 
minval :0 

minval :0 



-26 -68 70 -19 14 70 -72 8 -2 -72 72 3 -10 71 -69 -16 
-69 81 0 -21 68 29 -43 -52 -8 -28 -8 -1 39 -17 71 -12 
34 -102 7 18 -74 0 62 28 21 23 9 -3 -30 29 -58 42 
10 105 -15 -14 68 -29 -68 0 -28 -13 -6 5 14 -39 40 -61 
-57 -91 20 4 -49 55 62 -25 30 0 3 -8 4 42 -8 72 
87 60 -20 3 23 -71 -57 127 -102 1 Input angle :331
Zaxis angle :36 
minval :0 

minval :0 



61 50 -53 57 -51 -59 64 -45 38 67 -71 32 -26 -74 74 -20 
38 -90 -11 20 -70 -2 59 36 26 27 14 3 -46 11 -61 49 
1 97 3 -23 65 -25 -68 -9 -36 -13 -14 1 36 -30 35 -71 
-40 -89 6 23 -47 51 66 -20 37 -1 13 -8 -22 42 -1 78 
75 62 -15 -19 22 -66 -52 44 -33 17 -8 13 3 -48 -30 -73 
-93 -26 22 10 0 70 45 -16 23 -4 Input angle :192
Zaxis angle :0 
minval :0 

minval :0 



-33 65 -63 -37 42 -59 56 49 -51 51 -48 -56 59 -42 38 62 
103 10 -17 -2 -22 -66 -13 63 -19 28 5 11 -36 -44 -60 -42 
-95 38 16 -6 47 52 -12 -64 5 -34 -10 -9 49 27 72 12 
73 -73 -13 11 -64 -28 38 52 8 33 12 3 -57 -4 -72 17 
-37 94 7 -16 71 0 -56 -31 -21 -27 -13 2 54 -19 57 -48 
-1 -102 0 17 -65 27 62 -64 4 2 Input angle :317
Zaxis angle :0 
minval :0 

minval :0 



-51 33 -29 -54 57 -24 18 58 -60 13 -6 -61 62 0 -1 61 
93 52 -27 -9 16 -74 -45 60 -33 12 -5 13 -19 -59 -23 -58 
-105 -12 30 -2 15 76 18 -73 24 -24 0 -14 42 45 44 43 
101 -36 -24 14 -45 -62 13 74 -12 33 6 12 -57 -24 -58 -21 
-76 76 16 -24 67 38 -42 -61 -3 -35 -10 -8 62 0 61 -6 
42 -99 -5 28 -76 -7 35 16 -44 3 Input angle :326
Zaxis angle :25 
minval :0 

minval :0 



-26 61 -58 -29 35 -55 51 39 -44 49 -44 -48 50 -41 35 54 
96 -9 -20 5 -27 -66 -9 58 -23 30 -1 11 -30 -40 -56 -33 
-85 46 16 -12 51 49 -15 -56 8 -38 -4 -11 45 24 64 7 
57 -77 -9 18 -67 -24 33 48 6 37 9 8 -50 -4 -63 18 
-22 94 1 -20 71 -2 -50 -29 -21 -31 -11 -4 49 -15 50 -41 
-18 -94 8 19 -63 34 67 16 96 2 Input angle :327
Zaxis angle :20 
minval :0 

minval :0 



-56 22 -15 -58 59 -9 5 60 -60 0 6 -60 58 11 -14 57 
85 61 -4 -11 20 -60 -41 44 -22 13 5 -6 -12 -51 -11 -59 
-101 -24 10 7 10 64 17 -57 16 -21 -1 8 33 41 35 49 
102 -21 -11 -3 -34 -54 4 60 -5 26 -2 -9 -47 -25 -52 -30 
-85 58 12 0 52 36 -30 -51 -5 -25 6 7 52 4 59 6 
54 -89 -11 6 -62 -12 32 0 -82 2 Input angle :341
Zaxis angle :0 
minval :0 

minval :0 



26 -41 39 29 -32 37 -33 -36 39 -28 24 42 -44 20 -18 -45 
-83 1 15 3 33 60 -17 -39 9 -31 1 -8 50 24 36 33 
76 -35 -14 3 -53 -41 32 28 4 33 3 7 -56 -2 -45 -14 
-55 63 11 -9 65 14 -40 -12 -16 -28 -5 -5 52 -17 48 -4 
22 -81 -7 13 -66 13 43 -4 27 18 8 3 -41 36 -43 24 
12 83 2 -15 57 -36 -65 -97 6 -1 Input angle :183
Zaxis angle :14 
minval :0 

minval :0 



19 30 -32 17 -14 -32 34 -12 9 34 -35 6 -3 -36 35 0 
8 -81 2 16 -61 10 48 -13 31 13 9 0 -39 41 -33 14 
23 78 -9 -13 51 -34 -38 31 -33 0 -8 4 17 -54 24 -26 
-55 -59 14 8 -32 53 23 -43 31 -13 5 -7 5 56 -11 34 
75 31 -16 -2 8 -61 -3 50 -23 24 -2 9 -25 -51 -3 -36 
-81 -1 16 -4 16 59 98 80 32 -16 Input angle :192
Zaxis angle :20 
minval :0 

minval :0 



-49 -4 10 -48 49 14 -16 49 -45 -20 28 -43 41 31 -34 38 
33 74 -8 -15 37 -47 -57 44 -54 2 -1 11 11 -63 14 -50 
-61 -55 16 9 -14 58 37 -64 51 -24 -3 -10 14 62 5 51 
79 21 -18 -2 -12 -59 -3 73 -35 42 6 8 -38 -49 -29 -44 
-81 10 16 -5 34 49 -23 -70 16 -53 -9 -4 56 32 41 29 
69 -45 -12 11 -50 -31 14 -32 -24 6 Input angle :326
Zaxis angle :0 
minval :0 

minval :0 



-35 -47 50 -31 26 53 -55 22 -17 -57 58 -13 8 58 -58 3 
-12 63 8 -5 62 -12 -80 -23 -47 -33 -12 -2 54 -27 53 -28 
-11 -64 -4 8 -49 37 82 -7 56 12 11 -3 -36 47 -38 46 
35 53 1 -9 32 -54 -70 42 -56 11 -8 7 18 -58 14 -57 
-55 -34 2 8 -6 63 45 -68 47 -35 4 -10 10 59 10 59 
64 10 -6 -6 -20 -59 -56 47 113 6 Input angle :192
Zaxis angle :0 
minval :0 

minval :0 



26 45 -48 21 -19 -48 50 -15 12 50 -51 6 0 -52 51 1 
20 -48 -9 10 -62 8 69 19 47 27 16 2 -56 29 -49 18 
0 52 5 -12 54 -32 -70 8 -54 -6 -16 4 42 -49 36 -38 
-20 -48 0 14 -36 52 61 -34 52 -16 12 -10 -18 62 -19 48 
36 37 -5 -12 15 -62 -43 56 -42 34 -6 14 -6 -63 -4 -53 
-49 -17 10 8 11 62 49 -96 -24 -7 Input angle :183
Zaxis angle :0 
minval :0 

minval :0 



-9 60 -59 -14 19 -57 55 24 -29 51 -49 -34 39 -45 42 41 
49 -31 -6 5 -59 -26 46 60 20 56 14 3 -67 -16 -57 -18 
-34 47 3 -7 64 3 -66 -39 -41 -43 -14 1 67 -12 59 -5 
13 -57 0 9 -61 22 76 11 55 24 12 -6 -57 39 -53 28 
9 57 -4 -7 44 -47 -74 20 -60 1 -8 11 38 -58 37 -47 
-32 -47 6 5 -22 62 108 16 -75 -4 Input angle :333
Zaxis angle :0 
minval :0 

minval :0 



-28 43 -41 -31 34 -38 35 37 -40 32 -29 -42 44 -25 20 47 
64 -10 -8 2 -38 -42 18 62 7 52 5 3 -62 -43 -39 -34 
-55 31 6 -5 53 20 -42 -49 -29 -44 -6 -1 73 16 49 15 
37 -51 -4 9 -57 2 59 26 45 27 6 0 -73 14 -53 4 
-13 63 0 -9 52 -25 -66 0 -52 -7 -6 4 61 -44 44 -27 
-15 -63 4 8 -37 43 102 96 -24 -3 Input angle :324
Zaxis angle :14 
minval :0 

minval :0 



-31 39 -37 -35 38 -32 28 41 -44 25 -22 -46 47 -17 13 49 
65 8 -9 1 -28 -53 7 65 -7 48 3 8 -58 -49 -32 -38 
-63 21 7 -7 50 37 -38 -52 -11 -47 -6 -7 72 23 44 23 
46 -45 -5 8 -58 -15 55 34 29 39 7 2 -75 10 -51 -4 
-27 61 0 -8 60 -9 -65 -10 -44 -22 -9 0 66 -38 48 -18 
-1 -67 2 9 -52 34 101 -16 58 0 Input angle :333
Zaxis angle :0 
minval :0 

minval :0 



55 0 -4 54 -53 -9 12 -53 52 17 -20 50 -48 -24 28 -46 
-49 -50 7 14 -25 59 28 -51 45 -27 6 -14 -6 71 -6 54 
65 26 -13 -10 -3 -64 -4 59 -28 44 0 16 -24 -66 -17 -52 
-69 0 15 4 29 58 -17 -56 11 -51 -6 -15 49 51 35 42 
64 -28 -16 2 -49 -41 40 43 12 51 11 10 -66 -26 -51 -22 
-48 52 14 -9 61 19 -66 127 -68 -6 Input angle :195
Zaxis angle :0 
minval :0 

minval :0 



62 4 -9 62 -59 -17 21 -59 57 24 -28 56 -53 -33 39 -49 
-41 -60 4 11 -27 54 31 -53 46 -27 -4 -8 -14 71 -15 62 
62 39 -9 -9 4 -60 -7 62 -31 43 8 5 -16 -72 -12 -62 
-73 -7 12 6 18 58 -16 -59 11 -52 -9 -2 46 58 34 52 
70 -17 -12 1 -40 -43 42 46 9 53 9 -1 -63 -37 -51 -35 
-57 45 11 -5 54 24 -59 -97 112 -6 Input angle :317
Zaxis angle :0 
minval :0 

minval :0 



-32 53 -51 -36 39 -47 44 43 -47 41 -36 -50 53 -33 29 54 
70 -3 -21 -3 -36 -55 24 64 0 52 3 2 -45 -38 -51 -36 
-61 33 21 -6 55 35 -51 -46 -21 -48 -4 0 57 15 61 14 
43 -54 -17 15 -66 -10 64 22 39 35 4 -1 -58 9 -61 10 
-20 66 9 -19 64 -17 -69 4 -50 -17 -3 3 48 -33 51 -35 
-10 -69 -1 21 -51 41 106 16 98 -1 Input angle :189
Zaxis angle :14 
minval :0 

minval :0 



-32 -59 62 -27 21 64 -66 16 -9 -66 68 -5 0 68 -68 -4 
-30 63 2 -3 60 -10 -45 -18 -37 -18 0 -2 48 -27 65 -22 
4 -69 0 4 -52 32 50 0 42 3 2 2 -30 44 -49 47 
28 64 -2 -3 32 -52 -45 21 -38 16 -2 -1 10 -53 24 -63 
-51 -48 2 2 -9 60 35 -36 29 -29 2 0 13 53 2 68 
64 24 -3 0 -15 -59 -31 -97 -10 4 Input angle :197
Zaxis angle :14 
minval :0 

minval :0 



36 53 -56 30 -26 -59 61 -21 16 63 -63 11 -4 -64 63 0 
22 -69 -14 11 -67 10 60 21 48 26 2 -2 -58 18 -60 25 
7 73 7 -16 56 -37 -63 4 -54 -6 -1 2 44 -39 44 -49 
-40 -62 0 18 -36 57 56 -30 52 -16 0 -3 -26 54 -21 61 
57 44 -6 -17 11 -65 -39 48 -41 36 1 4 2 -59 -6 -65 
-72 -17 12 12 15 66 41 112 -104 -7 Input angle :183
Zaxis angle :0 
minval :0 

minval :0 



-48 41 -36 -52 55 -32 28 58 -60 22 -18 -62 63 -13 7 63 
68 15 -8 -15 -27 -66 -7 71 -17 47 0 0 -30 -54 -30 -58 
-68 14 12 11 48 51 -22 -68 -2 -50 0 1 49 37 50 39 
55 -40 -16 -3 -67 -27 48 53 22 45 0 0 -60 -14 -62 -16 
-36 59 16 -2 72 0 -65 -28 -38 -33 0 0 60 -12 64 -11 
10 -68 -14 9 -64 30 97 -64 -82 1 Input angle :207
Zaxis angle :0 
minval :0 

minval :0 



-58 -29 35 -54 51 40 -44 46 -44 -48 50 -39 35 54 -57 29 
5 79 10 -14 51 -37 -81 16 -58 -13 -8 5 42 -37 40 -51 
-40 -68 -3 17 -32 56 67 -49 59 -9 5 -8 -24 51 -18 63 
64 46 -3 -17 3 -63 -38 73 -48 35 -1 10 1 -56 -9 -64 
-77 -15 11 14 20 60 7 -82 30 -51 -4 -9 21 52 35 54 
77 -15 -16 -7 -41 -47 -17 95 126 7 Input angle :192
Zaxis angle :0 
minval :0 

minval :0 



44 32 -36 41 -38 -39 42 -35 33 45 -46 30 -26 -48 51 -22 
6 -66 -5 19 -64 32 61 -5 52 12 3 -7 -45 27 -38 41 
22 63 -2 -19 47 -56 -52 33 -53 10 0 6 31 -43 21 -52 
-44 -49 9 17 -22 70 35 -49 45 -29 -2 -5 -13 51 3 56 
62 27 -15 -11 -8 -72 -7 61 -30 44 4 4 -10 -52 -25 -49 
-67 -2 19 3 37 64 15 80 30 -7 Input angle :317
Zaxis angle :0 
minval :0 

minval :0 



51 62 -66 46 -40 -71 74 -34 30 76 -79 23 -15 -80 81 -8 
14 -86 19 16 -65 29 62 15 62 24 16 3 -44 30 -71 42 
23 83 -24 -6 49 -51 -62 11 -66 -1 -16 3 27 -44 50 -65 
-56 -66 25 -3 -22 68 54 -35 61 -25 14 -10 -5 51 -17 80 
79 37 -20 13 -6 -71 -33 55 -45 47 -7 14 -16 -49 -18 -80 
-87 -1 13 -21 34 63 46 -96 29 -8 Input angle :341
Zaxis angle :36 
minval :0 

minval :0 



-46 -52 56 -40 36 60 -63 32 -28 -64 66 -22 16 68 -68 8 
-41 84 -4 -17 69 -3 -73 -35 -44 -18 3 16 54 -11 60 -35 
3 -95 9 14 -61 30 81 4 48 -1 -9 -14 -43 33 -39 59 
38 87 -15 -8 44 -53 -75 30 -43 18 14 9 28 -46 15 -68 
-68 -64 17 2 -21 66 55 -59 32 -35 -17 -2 -6 54 15 69 
90 28 -16 4 -11 -67 -32 95 -45 5 Input angle :327
Zaxis angle :0 
minval :0 

minval :0 



53 55 -60 48 -43 -65 69 -36 29 72 -74 23 -19 -76 76 -13 
34 -83 3 3 -70 1 68 33 44 28 -5 -19 -49 6 -66 40 
1 91 -3 -2 62 -32 -76 0 -53 -7 13 14 41 -29 45 -64 
-40 -81 5 0 -45 53 70 -31 50 -15 -17 -8 -24 43 -11 77 
69 58 -4 0 18 -68 -52 54 -41 33 20 0 6 -49 -20 -76 
-86 -27 3 -3 9 69 46 16 -19 -7 Input angle :327
Zaxis angle :14 
minval :0 

minval :0 



-37 62 -58 -44 51 -52 46 56 -58 43 -39 -60 63 -35 31 65 
85 20 -13 11 -26 -66 -27 59 -18 41 19 14 -10 -52 -53 -50 
-87 9 6 -16 52 47 2 -65 0 -45 -23 -4 31 41 69 26 
74 -45 0 17 -68 -21 23 59 17 41 23 -7 -47 -23 -72 7 
-49 72 -8 -15 70 -5 -44 -47 -35 -29 -18 14 52 1 63 -38 
11 -86 14 10 -61 37 87 48 -66 1 Input angle :313
Zaxis angle :0 
minval :0 

minval :0 



55 24 -29 52 -50 -31 35 -49 45 40 -44 40 -37 -48 50 -32 
-5 -73 8 -2 -60 35 59 10 44 33 0 1 -44 36 -31 51 
34 64 -6 7 38 -58 -58 14 -55 -11 0 -2 25 -50 10 -60 
-58 -44 4 -9 -13 67 48 -35 54 -13 0 2 -4 56 14 59 
71 16 2 10 -15 -68 -29 51 -45 33 -1 -2 -21 -53 -38 -47 
-72 12 -4 -8 42 54 51 80 -63 -7 Input angle :340
Zaxis angle :29 
minval :0 

minval :0 



-47 -31 34 -43 41 38 -41 36 -33 -45 47 -29 23 50 -51 21 
-19 64 -4 -21 72 -5 -72 -47 -46 -30 -15 2 72 0 41 -39 
-9 -66 13 17 -64 34 84 12 54 10 14 -8 -67 26 -20 52 
34 57 -19 -12 44 -57 -83 17 -54 12 -9 12 48 -54 -2 -57 
-54 -38 22 1 -18 69 66 -52 43 -34 2 -16 -21 69 25 50 
65 12 -21 7 -15 -71 -50 -1 81 6 Input angle :324
Zaxis angle :25 
minval :0 

minval :0 



-48 -23 27 -46 43 31 -35 40 -37 -38 41 -33 30 44 -46 26 
-3 75 -3 -14 60 -20 -72 -4 -38 -20 -12 -2 55 -29 31 -44 
-28 -71 9 12 -47 43 68 -24 43 2 13 -2 -38 49 -8 53 
56 50 -13 -7 28 -57 -50 51 -42 12 -9 7 14 -61 -11 -54 
-71 -26 15 1 0 63 26 -68 31 -30 6 -11 11 61 33 43 
75 -4 -14 5 -25 -58 -37 -33 34 5 Input angle :195
Zaxis angle :14 
minval :0 

minval :0 



17 -64 64 21 -25 61 -59 -30 36 -56 52 41 -46 49 -45 -49 
-92 23 19 -16 49 58 14 -79 19 -64 -3 -22 38 35 61 30 
77 -55 -10 22 -68 -34 18 78 9 66 12 19 -50 -16 -67 0 
-45 85 1 -25 77 1 -49 -63 -35 -56 -19 -12 51 -4 63 -25 
8 -95 9 24 -71 29 71 37 55 37 21 3 -42 28 -45 50 
35 89 -18 -17 53 -55 123 -49 -99 -2 Input angle :324
Zaxis angle :25 
minval :0 

minval :0 



-52 43 -39 -56 60 -35 30 61 -62 27 -22 -65 66 -16 7 67 
71 17 -3 19 -13 -64 -35 39 -26 42 12 11 -21 -50 -32 -60 
-72 14 -3 -19 38 52 14 -52 4 -50 -16 -6 39 39 57 39 
59 -43 12 16 -56 -33 6 53 16 47 17 -1 -52 -17 -68 -12 
-35 64 -17 -8 64 5 -27 -45 -32 -38 -15 8 55 -2 68 -13 
6 -73 19 0 -61 21 92 -112 106 2 Input angle :278
Zaxis angle :0 
minval :0 

minval :0 



-54 26 -22 -55 56 -18 12 58 -59 7 -2 -60 59 3 -9 58 
73 28 -32 -4 5 -76 -56 57 -53 44 -12 23 -1 -42 -15 -59 
-79 5 30 -10 24 73 25 -76 31 -61 0 -26 19 38 40 44 
68 -38 -24 22 -51 -56 5 79 -4 68 9 24 -32 -26 -53 -27 
-50 62 14 -29 71 28 -35 -71 -22 -64 -18 -19 40 13 60 0 
17 -77 1 33 -78 1 97 0 44 6 Input angle :326
Zaxis angle :20 
minval :0 

minval :0 



-48 -21 25 -47 44 30 -33 41 -38 -36 40 -33 31 43 -45 28 
22 70 -6 -8 61 -33 -72 -9 -40 -18 -16 0 34 -30 28 -43 
-51 -54 8 6 -41 56 70 -20 43 0 16 -5 -19 43 -9 53 
67 31 -10 -1 16 -67 -55 48 -41 16 -12 11 0 -46 -15 -50 
-74 0 9 -2 13 69 32 -66 32 -29 7 -15 18 43 33 41 
68 -29 -7 7 -40 -56 -33 47 54 5 Input angle :326
Zaxis angle :25 
minval :0 

minval :0 



-50 -4 8 -50 48 12 -16 48 -46 -20 23 -45 42 26 -29 40 
31 66 -11 -18 62 -52 -76 4 -55 -12 -20 4 42 -28 11 -49 
-55 -49 17 13 -35 73 70 -32 56 -11 16 -13 -25 43 4 51 
70 21 -20 -6 1 -82 -44 62 -47 31 -9 19 3 -50 -29 -42 
-73 11 21 -3 29 75 21 -74 29 -49 1 -21 15 48 43 28 
61 -42 -18 11 -59 -55 -14 -113 46 7 Input angle :324
Zaxis angle :0 
minval :0 

minval :0 



-55 -21 27 -54 52 31 -35 49 -46 -38 40 -44 40 45 -47 36 
23 78 -19 -17 59 -48 -80 4 -55 -12 -24 12 39 -35 28 -53 
-59 -57 25 8 -34 71 69 -40 55 -12 17 -21 -20 49 -8 59 
76 31 -26 1 0 -78 -49 63 -45 34 -7 27 -1 -52 -18 -57 
-81 3 22 -13 30 73 16 -78 28 -48 -5 -27 24 48 40 44 
74 -34 -15 22 -56 -51 -7 -33 19 7 Input angle :330
Zaxis angle :25 
minval :0 

minval :0 



-46 25 -21 -48 50 -15 11 51 -53 8 -3 -53 53 0 -4 52 
65 29 -32 -7 11 -77 -35 82 -51 47 -7 28 4 -58 -17 -51 
-72 0 33 -8 21 75 -1 -89 25 -65 -3 -29 19 54 37 39 
66 -32 -26 20 -51 -59 36 82 1 69 14 25 -40 -41 -50 -20 
-48 54 16 -28 70 34 -64 -61 -27 -64 -24 -16 52 23 53 1 
22 -68 -4 33 -78 -2 108 16 -66 5 Input angle :326
Zaxis angle :0 
minval :0 

minval :0 



-39 18 -14 -40 42 -11 9 42 -43 6 -1 -43 43 1 -5 43 
69 18 -23 2 16 -70 -38 75 -40 25 0 24 -3 -52 -11 -42 
-70 11 20 -12 15 71 1 -84 26 -40 -10 -21 24 47 27 33 
59 -39 -14 19 -42 -58 31 78 -7 47 18 15 -41 -33 -39 -19 
-38 60 4 -23 62 35 -59 -60 -11 -46 -22 -6 51 13 43 1 
12 -70 4 23 -72 -7 -19 -96 -73 18 Input angle :330
Zaxis angle :20 
minval :0 

minval :0 



-31 -39 40 -28 24 43 -46 19 -16 -46 48 -12 7 49 -48 3 
3 67 -10 -35 81 -25 -91 -5 -56 -30 -25 9 58 -33 44 -23 
-30 -59 22 27 -66 53 88 -26 63 3 19 -20 -40 55 -28 41 
52 43 -32 -16 38 -76 -65 63 -59 22 -10 25 13 -66 13 -49 
-65 -15 36 0 0 85 33 -86 45 -43 -1 -28 13 66 12 49 
66 -12 -32 13 -31 -79 -45 15 -119 7 Input angle :333
Zaxis angle :14 
minval :0 

minval :0 



-35 33 -29 -39 40 -24 22 42 -44 19 -17 -44 46 -10 7 47 
66 0 -30 6 -17 -81 -20 83 -31 46 -1 25 -24 -55 -26 -40 
-62 27 24 -17 46 67 -18 -84 9 -54 -9 -25 43 38 40 25 
45 -51 -16 28 -70 -42 48 71 13 53 18 19 -57 -14 -46 -7 
-21 65 0 -31 81 5 -73 -44 -36 -42 -24 -8 59 -4 46 -11 
-6 -69 9 31 -78 28 97 0 31 3 Input angle :328
Zaxis angle :20 
minval :0 

minval :0 



-15 -55 56 -10 6 57 -57 3 1 -57 57 7 -12 55 -54 -17 
-40 64 2 -29 72 3 -65 -57 -37 -45 -20 1 62 -8 56 -5 
6 -75 10 28 -68 25 83 24 53 26 17 -8 -51 35 -47 32 
21 73 -22 -20 51 -53 -85 14 -59 -1 -12 15 34 -52 31 -49 
-54 -52 28 9 -24 70 70 -49 55 -24 3 -18 -9 62 -10 57 
69 29 -30 2 -4 -72 -82 -97 107 5 Input angle :326
Zaxis angle :14 
minval :0 

minval :0 



-61 13 -8 -62 62 -4 -1 63 -62 -6 13 -61 60 18 -23 58 
59 48 -37 -9 16 -71 -63 65 -55 31 -4 30 3 -52 -3 -63 
-75 -10 38 -4 11 72 31 -85 40 -47 -8 -28 15 50 27 57 
75 -14 -32 20 -40 -60 6 91 -17 61 19 23 -35 -38 -47 -42 
-64 43 21 -31 60 42 -48 -76 -11 -61 -27 -13 47 22 61 18 
37 -67 -6 37 -73 -8 72 -64 -102 6 Input angle :328
Zaxis angle :0 
minval :0 

minval :0 



-2 -58 56 2 -8 56 -55 -12 17 -54 52 22 -27 50 -47 -31 
-49 50 14 -30 63 37 -57 -66 -15 -56 -26 -15 55 8 57 9 
24 -66 0 33 -73 -8 76 38 39 43 29 2 -53 16 -54 15 
9 69 -13 -31 70 -24 -86 0 -53 -25 -28 8 43 -35 43 -37 
-33 -62 23 23 -55 50 82 -30 58 0 23 -19 -24 50 -26 51 
57 42 -31 -12 31 -68 -110 -81 -63 2 Input angle :333
Zaxis angle :20 
minval :0 

minval :0 



-14 -54 56 -8 3 57 -56 -1 7 -55 54 12 -16 54 -52 -20 
-40 62 1 -39 77 16 -73 -50 -35 -42 -37 -9 62 0 56 -2 
11 -73 12 37 -77 19 86 16 49 22 38 -4 -57 22 -51 25 
18 71 -27 -28 62 -47 -87 19 -54 -4 -34 19 43 -44 37 -43 
-47 -56 36 13 -39 69 70 -53 50 -18 20 -32 -19 58 -14 55 
64 34 -39 1 7 -79 -79 -49 -47 4 Input angle :331
Zaxis angle :20 
minval :0 

minval :0 



34 -46 46 38 -44 38 -38 -44 48 -32 29 53 -53 22 -19 -56 
-72 3 26 -17 35 60 -7 -81 15 -54 -11 -20 40 49 39 41 
67 -37 -14 26 -56 -43 39 71 6 54 19 14 -56 -28 -54 -23 
-45 58 1 -30 72 16 -62 -50 -28 -46 -21 -4 64 2 58 -2 
19 -73 11 26 -71 15 81 19 51 28 22 -9 -60 22 -51 26 
17 73 -21 -21 55 -46 -118 -49 14 -1 Input angle :330
Zaxis angle :0 
minval :0 

minval :0 



-14 50 -49 -19 22 -47 46 25 -30 43 -40 -34 36 -38 35 38 
66 -30 -14 29 -54 -48 29 73 8 54 19 12 -52 -41 -48 -22 
-52 51 1 -33 69 21 -57 -53 -29 -45 -22 -2 64 16 53 2 
24 -68 11 31 -72 10 74 25 46 28 22 -5 -65 13 -49 19 
3 73 -22 -24 64 -34 -77 3 -53 -11 -19 14 54 -39 37 -37 
-37 -62 30 11 -42 59 107 64 52 -2 Input angle :328
Zaxis angle :20 
minval :0 

minval :0 



-13 -50 52 -10 7 51 -52 3 3 -51 52 9 -13 50 -49 -16 
-40 54 3 -27 73 11 -64 -50 -25 -43 -28 -7 59 12 52 -3 
14 -66 9 26 -71 16 80 18 42 26 29 -4 -58 15 -46 26 
14 66 -18 -19 58 -46 -80 13 -50 -9 -25 16 49 -35 31 -42 
-42 -53 25 9 -35 65 68 -44 48 -12 16 -24 -29 52 -10 52 
58 33 -26 3 8 -73 -80 15 -20 3 Input angle :326
Zaxis angle :0 
minval :0 

minval :0 



-18 53 -51 -22 26 -49 47 30 -33 44 -41 -37 41 -37 34 43 
69 -22 -20 18 -50 -53 23 79 -4 56 21 21 -46 -38 -49 -26 
-52 50 10 -25 69 23 -56 -60 -21 -52 -26 -11 56 18 56 2 
26 -68 1 27 -72 3 74 35 37 41 29 0 -58 6 -53 17 
2 72 -12 -25 65 -32 -83 -3 -52 -20 -27 12 51 -31 40 -38 
-32 -66 20 18 -46 55 112 -48 -64 -1 Input angle :328
Zaxis angle :0 
minval :0 

minval :0 



15 52 -53 10 -5 -55 54 0 -4 55 -54 -8 13 -53 51 17 
35 -62 0 39 -75 -7 74 39 39 43 29 3 -69 -3 -55 3 
-12 71 -15 -35 72 -22 -83 -12 -53 -24 -27 9 64 -24 48 -28 
-21 -69 27 27 -58 49 80 -24 58 -1 22 -20 -49 47 -32 45 
45 55 -36 -12 31 -70 -63 56 -53 25 -12 28 24 -64 13 -53 
-66 -28 38 -4 2 77 75 -112 -122 -6 Input angle :328
Zaxis angle :0 
minval :0 

minval :0 



-20 -47 49 -15 9 51 -51 7 -3 -51 52 0 -3 51 -50 -9 
-27 58 1 -33 78 7 -75 -43 -35 -41 -28 -6 57 2 51 -10 
1 -65 12 31 -74 24 87 8 49 23 28 -6 -53 21 -42 30 
24 59 -23 -24 59 -51 -84 25 -55 -2 -23 16 40 -41 24 -46 
-46 -45 31 12 -32 71 64 -60 49 -23 13 -25 -18 55 -5 51 
62 19 -33 0 2 -79 -74 47 -14 4 Input angle :333
Zaxis angle :0 
minval :0 

minval :0 



-47 -1 3 -47 46 7 -12 45 -44 -15 18 -42 42 22 -25 39 
38 53 -28 -12 35 -69 -65 51 -48 18 -9 23 21 -52 7 -46 
-56 -33 29 0 -6 78 36 -73 36 -36 0 -24 0 56 10 46 
66 9 -28 11 -25 -74 -5 83 -18 48 11 22 -25 -50 -30 -35 
-62 20 20 -21 55 55 -28 -77 -2 -51 -20 -16 41 37 40 21 
48 -44 -10 28 -71 -33 43 -80 -1 5 Input angle :328
Zaxis angle :0 
minval :0 

minval :0 



32 -28 25 35 -37 22 -18 -39 40 -15 12 41 -42 9 -5 -43 
-60 -14 23 -3 4 71 28 -78 27 -38 2 -25 5 44 20 38 
61 -8 -19 13 -31 -64 9 82 -10 46 8 23 -24 -37 -35 -25 
-51 34 11 -20 56 43 -41 -72 -12 -46 -17 -17 36 25 42 10 
32 -52 -2 23 -69 -18 67 48 29 37 24 8 -44 -7 -42 9 
-9 61 -7 -22 70 -12 -91 94 95 -11 Input angle :328
Zaxis angle :14 
minval :0 

minval :0 


