
-27 -16 18 -25 23 21 -22 21 -20 -24 26 -17 15 28 -28 13 
15 63 -9 -25 78 -13 -84 5 -35 -17 -28 4 47 -28 21 -24 
-39 -51 18 19 -64 45 73 -40 39 -1 24 -15 -32 44 -8 31 
57 30 -25 -11 38 -69 -49 67 -36 15 -15 23 9 -54 -4 -32 
-64 -4 26 0 -10 78 16 -81 25 -29 4 -28 12 53 17 26 
61 -23 -24 10 -23 -76 -82 79 39 19 Input angle :326
Zaxis angle :20 
minval :0 

minval :0 



-21 -16 18 -20 18 19 -21 16 -14 -22 24 -13 11 25 -25 8 
20 66 -16 -5 71 -23 -81 -6 -28 -9 -17 22 39 -23 20 -18 
-45 -52 17 -1 -57 48 78 -21 30 -1 6 -27 -29 34 -11 25 
62 29 -15 8 30 -68 -62 52 -26 13 5 27 12 -44 1 -28 
-68 -3 10 -13 0 75 35 -73 19 -22 -15 -23 8 45 10 26 
64 -23 -4 16 -29 -69 -54 -97 -74 14 Input angle :313
Zaxis angle :14 
minval :0 

minval :0 



38 -19 15 40 -41 12 -8 -42 42 -5 1 43 -43 -1 5 -42 
-57 -32 16 4 -23 68 53 -62 23 -8 0 -35 -19 50 12 42 
65 5 -16 3 -6 -72 -20 79 -16 19 16 31 -3 -54 -30 -31 
-60 24 13 -10 37 63 -13 -81 7 -24 -28 -21 24 48 40 17 
44 -48 -9 14 -59 -41 44 69 2 25 33 10 -41 -34 -43 0 
-23 60 2 -16 71 15 -105 127 -10 -12 Input angle :326
Zaxis angle :0 
minval :0 

minval :0 



-27 35 -32 -30 32 -30 27 35 -37 24 -21 -39 40 -18 16 41 
63 0 -15 7 -10 -71 -22 79 -14 19 16 30 0 -49 -30 -33 
-57 25 11 -13 39 60 -15 -81 5 -23 -27 -20 20 44 41 17 
41 -47 -5 16 -62 -36 48 67 4 23 33 8 -37 -32 -45 1 
-19 60 -2 -17 71 10 -69 -44 -13 -19 -33 6 46 16 40 -19 
-4 -63 8 14 -70 18 -92 -16 -29 6 Input angle :326
Zaxis angle :14 
minval :0 

minval :0 



7 44 -44 2 1 -45 44 3 -7 43 -43 -10 14 -41 40 18 
55 -41 -3 12 -52 -47 30 75 5 22 34 14 -31 -35 -44 0 
-37 58 -1 -13 66 22 -59 -55 -14 -19 -37 0 43 18 40 -18 
9 -68 7 12 -69 7 76 28 20 11 33 -15 -47 0 -30 33 
18 66 -10 -9 63 -31 -81 2 -23 -2 -25 27 43 -17 15 -42 
-44 -52 13 3 -44 54 -74 0 -5 -5 Input angle :328
Zaxis angle :20 
minval :0 

minval :0 



-48 -2 2 -47 44 5 -9 44 -43 -18 22 -41 38 24 -28 34 
31 51 -5 -6 55 -43 -84 23 -24 -11 -19 34 43 -21 9 -47 
-54 -36 8 7 -34 66 62 -57 30 -1 8 -36 -24 43 7 48 
61 10 -4 -4 0 -74 -32 73 -19 9 10 36 9 -52 -30 -37 
-63 11 10 -2 18 69 -1 -89 13 -24 -33 -32 14 51 38 22 
53 -34 -9 7 -47 -55 -30 47 59 11 Input angle :317
Zaxis angle :0 
minval :0 

minval :0 



-52 -4 7 -52 51 12 -17 50 -49 -20 25 -47 44 29 -32 41 
24 57 -1 -7 57 -40 -89 19 -25 -5 -18 29 44 -24 16 -51 
-47 -40 5 6 -34 60 72 -57 25 -4 5 -34 -30 39 7 53 
60 18 -7 -3 6 -68 -41 81 -21 16 8 35 12 -48 -30 -43 
-62 7 7 0 21 67 5 -92 14 -22 -22 -26 8 49 45 29 
53 -33 -7 3 -48 -50 -5 95 87 3 Input angle :317
Zaxis angle :0 
minval :0 

minval :0 



12 -58 56 17 -20 55 -55 -26 29 -51 49 33 -38 46 -43 -40 
-13 -9 -4 66 -20 -20 -1 9 13 1 24 7 6 -39 54 22 
14 2 -25 -60 29 11 -2 -9 -12 6 -22 2 10 40 -60 2 
-14 2 47 45 -29 3 5 8 6 -10 20 -11 -26 -32 54 -28 
13 -9 -63 -21 27 -14 -9 -4 -3 12 -13 18 37 19 -37 48 
-8 13 65 -2 -19 25 -4 -113 51 -1 Input angle :271
Zaxis angle :36 
minval :0 

minval :0 



-119 -7 16 -118 112 28 -40 111 -107 -46 55 -107 97 63 -69 97 
-27 28 122 0 -22 58 12 -13 -22 -34 11 -34 -82 11 25 -113 
15 -38 -112 46 -2 -61 -8 21 33 26 1 37 74 -44 17 115 
0 42 80 -87 22 58 1 -24 -39 -8 -22 -30 -48 71 -63 -96 
-17 -36 -40 113 -46 -37 7 18 35 -10 27 21 13 -84 98 60 
31 28 -12 -120 58 18 -15 -97 -63 0 Input angle :22
Zaxis angle :39 
minval :0 

minval :0 



-87 -86 95 -75 68 93 -106 61 -52 -111 109 -44 37 110 -116 25 
-61 14 93 80 -43 28 5 -1 -5 -25 24 -32 -62 -34 97 -70 
54 -37 -124 -28 25 -41 -7 -1 17 24 -14 36 70 5 -62 102 
-31 55 127 -18 -7 49 6 -6 -20 -12 -3 -43 -68 16 12 -119 
3 -69 -108 69 -13 -44 -5 7 27 1 18 35 50 -43 28 117 
25 60 66 -108 33 35 -14 15 74 0 Input angle :271
Zaxis angle :36 
minval :0 

minval :0 



24 111 -116 15 -4 -120 116 3 -14 117 -117 -25 33 -110 107 44 
28 24 -34 -115 76 5 -17 -28 -43 33 -39 4 38 91 -117 7 
-39 -8 75 91 -71 26 26 17 24 -47 29 -17 -75 -59 104 -51 
34 -6 -106 -50 53 -55 -28 -5 -2 50 -20 30 87 30 -77 88 
-32 24 121 3 -27 74 28 -6 -19 -51 6 -36 -97 5 27 -111 
16 -35 -109 42 -5 -77 18 80 61 1 Input angle :271
Zaxis angle :29 
minval :0 

minval :0 



8 122 -125 0 14 -124 121 25 -31 116 -119 -36 41 -115 112 50 
20 11 -18 -121 78 20 -5 -30 -60 18 -37 4 28 103 -121 -4 
-26 -5 62 102 -85 7 11 21 50 -34 29 -13 -67 -85 112 -42 
24 -8 -99 -67 70 -44 -18 -15 -28 55 -20 32 94 52 -88 81 
-23 14 117 27 -52 67 25 4 2 -59 5 -37 -109 -11 42 -118 
10 -22 -116 27 21 -78 10 -32 -67 1 Input angle :278
Zaxis angle :25 
minval :0 

minval :0 



82 -84 80 85 -96 71 -59 -102 104 -53 44 109 -109 37 -23 -115 
0 -20 -76 93 -32 -75 -23 17 52 38 29 20 59 -94 70 91 
14 17 30 -114 57 57 10 -23 -59 -16 -35 -10 -23 106 -102 -59 
-15 -14 13 118 -78 -29 -1 28 63 -11 36 -5 -22 -107 117 11 
24 5 -66 -99 81 -3 -10 -29 -50 38 -29 16 66 87 -111 37 
-20 1 102 65 -72 39 16 16 41 -2 Input angle :278
Zaxis angle :29 
minval :0 

minval :0 



107 -58 48 106 -110 41 -27 -111 117 -16 5 117 -119 1 7 -119 
0 -23 -101 66 -2 -83 -22 18 39 44 17 27 79 -61 29 109 
8 21 69 -101 36 74 13 -25 -54 -29 -26 -18 -46 86 -76 -90 
-16 -17 -20 117 -58 -50 -1 28 58 0 32 8 6 -98 103 52 
18 6 -28 -120 78 21 -7 -24 -57 24 -35 6 30 93 -114 -3 
-25 -1 78 95 -80 10 21 112 -82 -2 Input angle :265
Zaxis angle :29 
minval :0 

minval :0 



-117 22 -14 -122 118 -2 -7 123 -123 -17 29 -118 115 38 -51 111 
-7 21 117 -40 -15 77 17 -6 -25 -52 -14 -34 -89 40 0 -120 
4 -23 -96 81 -13 -82 -16 16 43 39 24 28 62 -71 48 109 
8 24 46 -114 43 63 7 -21 -53 -15 -33 -14 -23 94 -90 -79 
-17 -18 0 123 -70 -38 0 21 53 -7 37 -4 -12 -95 111 34 
22 9 -54 -113 77 8 -24 111 -32 0 Input angle :278
Zaxis angle :29 
minval :0 

minval :0 



87 -9 3 87 -87 -2 11 -87 85 17 -23 84 -82 -29 36 -79 
14 -27 -94 27 7 -55 -11 3 19 27 3 31 58 -26 -5 86 
-2 31 74 -63 15 54 8 -7 -30 -15 -16 -26 -42 47 -30 -81 
-11 -29 -44 87 -36 -42 -4 10 34 2 26 16 19 -61 59 62 
22 22 3 -97 50 24 0 -11 -31 12 -31 -4 7 64 -81 -29 
-29 -11 37 90 -56 0 94 -32 -5 -7 Input angle :271
Zaxis angle :20 
minval :0 

minval :0 



76 -26 19 78 -79 11 -4 -80 81 1 -6 80 -80 -11 16 -78 
15 -22 -81 36 3 -55 -9 3 23 28 9 26 56 -32 14 78 
-5 26 58 -67 20 52 7 -7 -33 -16 -19 -20 -38 52 -45 -66 
-5 -26 -26 85 -41 -38 -3 9 37 0 26 9 15 -63 67 43 
15 22 -13 -89 52 18 0 -10 -34 13 -28 0 12 63 -78 -12 
-22 -14 44 77 -56 1 103 -16 82 -7 Input angle :283
Zaxis angle :29 
minval :0 

minval :0 



3 -72 71 7 -15 70 -68 -23 28 -66 64 32 -38 61 -57 -43 
-32 -20 4 93 -23 -7 -7 -1 5 -4 35 -4 11 -33 70 15 
37 5 -47 -81 24 -2 7 -1 -2 6 -31 17 3 34 -71 11 
-37 10 75 56 -21 10 -6 4 0 -6 20 -29 -16 -30 58 -43 
29 -24 -91 -23 15 -19 3 -6 2 6 -6 34 28 20 -33 63 
-17 34 91 -20 -6 23 -21 -81 -43 -2 Input angle :268
Zaxis angle :29 
minval :0 

minval :0 



-45 -59 64 -38 33 67 -70 27 -20 -72 73 -15 8 74 -74 2 
-48 7 71 63 -21 5 -6 6 1 3 24 -16 -11 -37 68 -30 
41 -25 -91 -27 17 -13 3 -8 -2 -2 -15 25 25 29 -48 57 
-28 39 94 -11 -10 19 0 8 3 1 4 -29 -34 -18 21 -71 
7 -47 -81 48 2 -21 -3 -8 -3 0 8 28 38 1 10 74 
13 46 53 -78 7 20 12 -64 123 -1 Input angle :271
Zaxis angle :0 
minval :0 

minval :0 



83 3 -10 82 -81 -16 23 -80 77 28 -35 75 -72 -41 48 -67 
4 -36 -95 16 23 -33 -11 -10 -20 20 -3 27 59 28 -19 80 
8 36 82 -49 -9 39 14 5 11 -26 -6 -26 -65 0 -20 -80 
-23 -28 -52 80 -8 -39 -15 1 0 28 18 21 59 -28 49 67 
34 15 16 -94 23 32 13 -7 -11 -26 -25 -12 -44 48 -71 -41 
-37 -3 23 93 -35 -21 87 -16 -77 4 Input angle :258
Zaxis angle :20 
minval :0 

minval :0 



-66 -40 46 -62 58 51 -55 54 -48 -60 65 -41 35 69 -72 30 
-21 22 80 27 -46 20 4 13 25 -13 0 -24 -56 -30 50 -58 
10 -29 -85 6 34 -38 -9 -10 -17 22 11 22 64 1 -19 75 
1 31 76 -38 -13 49 13 5 6 -27 -17 -17 -61 20 -5 -77 
-13 -27 -52 67 -5 -50 -14 0 4 28 23 7 47 -42 38 67 
23 20 22 -82 24 44 -61 -97 -19 -7 Input angle :258
Zaxis angle :32 
minval :0 

minval :0 



-55 -65 70 -49 44 73 -76 39 -33 -79 81 -26 18 83 -84 11 
-11 13 51 54 -52 17 7 0 21 -7 28 -12 -30 -59 75 -40 
5 -17 -68 -29 41 -36 -6 2 -16 16 -20 22 52 41 -50 68 
2 17 75 -4 -22 49 4 -5 9 -21 7 -29 -64 -18 14 -84 
-9 -15 -67 33 0 -54 -2 6 0 23 3 30 66 -9 18 83 
14 9 47 -58 21 50 -41 -65 -82 -6 Input angle :256
Zaxis angle :25 
minval :0 

minval :0 



-77 -89 93 -68 64 98 -106 55 -44 -109 109 -30 19 113 -115 13 
-4 25 90 57 -78 8 10 4 37 -25 24 -24 -88 -70 101 -60 
-6 -24 -106 -18 67 -36 -11 -3 -24 36 -14 30 112 32 -67 95 
11 20 107 -28 -49 60 11 -3 4 -46 -1 -33 -113 10 21 -113 
-20 -11 -86 68 18 -76 -9 3 10 42 15 27 96 -56 21 113 
22 4 49 -98 13 75 -16 -97 -23 -2 Input angle :251
Zaxis angle :25 
minval :0 

minval :0 



30 -81 77 38 -46 73 -69 -53 59 -63 57 65 -69 53 -48 -71 
-23 1 -16 82 -17 -44 -9 0 13 21 30 14 30 -67 74 43 
20 -10 -17 -82 32 34 8 -3 -22 -14 -34 0 1 74 -85 -9 
-15 17 49 67 -45 -16 -6 8 25 4 31 -13 -30 -69 81 -28 
6 -21 -73 -39 45 -3 2 -8 -25 6 -22 25 52 52 -64 57 
2 23 83 6 -42 19 84 96 51 -4 Input angle :253
Zaxis angle :0 
minval :0 

minval :0 



107 42 -53 106 -97 -62 68 -96 88 77 -83 79 -76 -86 98 -64 
20 -35 -106 -24 42 -25 -1 -2 -6 20 -27 33 77 24 -61 97 
-5 39 107 -20 -28 41 1 0 1 -18 13 -42 -81 11 14 -118 
-12 -38 -87 62 10 -41 -1 3 9 21 10 38 73 -42 38 108 
28 30 64 -95 10 44 2 -2 -12 -13 -23 -36 -50 66 -73 -89 
-33 -14 -14 108 -27 -37 10 112 61 0 Input angle :258
Zaxis angle :32 
minval :0 

minval :0 



-123 0 9 -121 122 20 -30 116 -115 -40 53 -111 105 60 -69 99 
-3 39 107 -26 -33 37 15 7 6 -29 4 -33 -95 16 21 -119 
-14 -36 -83 64 11 -50 -10 -5 8 28 8 34 77 -53 30 117 
24 24 53 -97 6 53 13 -1 -19 -20 -21 -28 -48 74 -72 -98 
-32 -11 -9 108 -26 -43 -12 4 21 12 29 17 12 -91 108 55 
33 -3 -32 -105 40 29 -14 -1 -29 -1 Input angle :258
Zaxis angle :25 
minval :0 

minval :0 



-119 22 -14 -119 120 -7 -4 122 -121 -18 31 -117 116 41 -51 109 
3 42 112 -38 -17 52 10 5 0 -30 0 -36 -87 34 1 -120 
-16 -37 -82 84 -2 -52 -13 -2 19 22 19 31 69 -60 42 114 
31 26 48 -110 25 45 14 -6 -23 -17 -28 -25 -33 82 -89 -86 
-40 -11 3 114 -36 -34 -5 7 30 4 35 9 4 -93 116 45 
45 -4 -48 -107 48 12 -14 -1 64 0 Input angle :263
Zaxis angle :25 
minval :0 

minval :0 



13 87 -87 6 -2 -88 88 2 -10 86 -85 -18 27 -83 80 33 
20 6 -30 -85 40 10 -6 -8 -22 8 -28 0 25 61 -87 -2 
-22 2 61 67 -41 7 9 4 16 -16 26 -10 -45 -49 80 -33 
19 -10 -84 -34 36 -21 -9 -1 -9 21 -19 20 63 22 -60 62 
-13 17 90 0 -24 33 10 -2 0 -23 9 -26 -66 0 30 -81 
5 -21 -82 38 7 -41 39 -64 47 5 Input angle :267
Zaxis angle :29 
minval :0 

minval :0 



81 -79 74 88 -96 66 -58 -100 103 -49 39 106 -113 31 -19 -113 
-23 -12 -65 98 -16 -57 -8 6 28 25 19 37 58 -68 65 93 
26 2 19 -115 35 43 0 -7 -35 -11 -34 -24 -25 86 -96 -61 
-25 7 29 116 -52 -29 -3 10 37 -1 39 8 -13 -87 113 11 
18 -14 -72 -92 53 5 -4 -9 -34 18 -41 4 45 77 -113 32 
-15 24 104 52 -54 19 11 -48 -2 -2 Input angle :255
Zaxis angle :29 
minval :0 

minval :0 



103 58 -70 99 -92 -81 86 -87 81 91 -99 72 -60 -108 111 -52 
15 -17 -106 -39 45 -35 -7 -11 -14 34 -31 31 79 21 -80 94 
-9 22 111 -2 -28 49 8 5 -1 -38 13 -40 -80 13 39 -117 
0 -26 -103 49 6 -58 -7 0 16 35 2 41 73 -37 9 123 
10 21 74 -89 15 55 12 -5 -31 -27 -20 -36 -49 65 -54 -109 
-16 -15 -31 110 -39 -45 17 16 74 0 Input angle :271
Zaxis angle :29 
minval :0 

minval :0 



-70 93 -89 -78 82 -84 73 89 -99 60 -49 -108 109 -39 33 111 
29 18 73 -88 11 63 12 -3 -23 -31 -32 -41 -48 69 -76 -83 
-31 -1 -31 112 -38 -48 -7 9 33 19 44 23 14 -84 101 54 
32 -11 -18 -115 52 28 4 -12 -39 -5 -49 -6 19 80 -115 -3 
-25 19 62 95 -63 -7 0 12 34 -14 47 -16 -54 -64 107 -46 
12 -32 -100 -62 60 -22 -15 -33 -45 0 Input angle :255
Zaxis angle :25 
minval :0 

minval :0 



0 118 -117 -7 22 -116 115 28 -40 110 -108 -50 62 -103 97 63 
36 -6 -20 -108 38 22 0 -13 -28 13 -39 -13 32 78 -116 -22 
-31 16 66 85 -43 -6 6 9 19 -27 41 -6 -61 -55 115 -27 
23 -30 -95 -51 45 -11 -11 -8 -7 33 -33 18 80 30 -92 73 
-8 32 104 15 -39 26 13 2 -5 -31 22 -34 -84 3 56 -105 
-10 -35 -105 32 23 -41 8 0 -58 0 Input angle :271
Zaxis angle :32 
minval :0 

minval :0 



125 -7 -6 123 -122 -13 23 -119 116 29 -39 111 -109 -50 58 -103 
6 -40 -106 29 33 -39 -14 0 17 19 -10 41 86 -36 -11 119 
13 34 89 -69 -12 53 14 -8 -21 -16 -2 -46 -61 67 -33 -117 
-19 -28 -49 100 -9 -52 -9 13 30 4 21 38 34 -87 79 89 
33 17 2 -110 32 42 2 -15 -26 5 -37 -26 4 91 -106 -52 
-39 -4 35 105 -46 -28 11 96 126 -1 Input angle :271
Zaxis angle :36 
minval :0 

minval :0 



70 43 -49 66 -61 -54 60 -56 50 66 -69 44 -38 -73 75 -31 
28 -4 -53 -54 35 -5 -33 -15 -5 15 -45 6 33 41 -57 59 
-24 15 70 27 -30 19 36 1 -1 -15 38 -24 -46 -25 29 -77 
15 -23 -75 3 20 -29 -33 14 7 13 -26 37 52 3 6 82 
-4 28 68 -32 -7 35 24 -26 -11 -9 8 -44 -50 16 -36 -74 
-7 -27 -48 58 -9 -34 60 -48 -15 0 Input angle :57
Zaxis angle :44 
minval :0 

minval :0 



-73 -22 27 -71 68 33 -39 65 -61 -45 51 -56 52 55 -58 48 
-30 34 72 48 -35 7 28 0 6 -12 51 -35 -40 -39 35 -67 
15 -43 -86 -13 29 -21 -26 12 -1 14 -34 51 53 20 -7 75 
1 46 85 -16 -18 31 18 -21 -4 -14 10 -61 -56 0 -23 -72 
-21 -41 -69 53 5 -36 -9 27 9 10 14 60 50 -25 50 57 
35 28 40 -77 10 34 -52 -113 -109 -2 Input angle :258
Zaxis angle :39 
minval :0 

minval :0 



31 -63 61 36 -41 58 -54 -45 50 -49 44 55 -59 39 -32 -62 
-33 -19 -63 57 20 -42 -14 26 6 32 35 52 76 -29 58 40 
38 5 36 -77 0 47 2 -29 -17 -27 -53 -35 -62 54 -69 -16 
-36 10 0 86 -18 -43 9 28 27 17 62 11 35 -74 70 -11 
30 -23 -32 -79 34 32 -20 -22 -32 -6 -62 14 -3 82 -59 39 
-18 33 61 60 -43 -18 -127 -32 90 -2 Input angle :271
Zaxis angle :44 
minval :0 

minval :0 



60 -24 18 62 -64 12 -7 -65 65 -2 -4 65 -64 -11 16 -63 
1 -43 -90 11 29 -28 -22 35 12 21 10 62 99 -11 11 63 
16 40 76 -50 -15 37 4 -42 -20 -14 -33 -54 -86 50 -34 -54 
-29 -30 -53 73 0 -41 11 40 24 5 51 36 61 -79 54 35 
39 17 18 -89 16 37 -27 -32 -24 3 -62 -15 -25 95 -64 -10 
-43 1 16 89 -29 -28 81 0 -112 -4 Input angle :60
Zaxis angle :47 
minval :0 

minval :0 



73 -36 30 76 -77 25 -18 -79 80 -13 7 80 -81 -1 8 -80 
-11 -43 -92 20 23 -33 -17 37 7 21 13 64 95 -16 19 78 
25 37 77 -53 -10 39 1 -41 -14 -18 -36 -54 -81 51 -50 -63 
-38 -23 -49 80 -6 -39 14 39 20 10 56 34 52 -80 72 35 
45 5 14 -93 22 33 -28 -29 -23 -1 -65 -9 -17 95 -80 -5 
-44 11 21 91 -32 -23 89 -80 31 -2 Input angle :26
Zaxis angle :41 
minval :0 

minval :0 



64 43 -48 60 -56 -52 56 -53 47 61 -65 41 -35 -69 69 -31 
29 -25 -61 -71 37 6 -37 0 -18 16 -52 42 54 75 -52 56 
-16 35 83 42 -37 7 35 -13 11 -22 30 -59 -80 -47 24 -72 
2 -39 -93 -2 30 -23 -25 28 -2 25 -3 67 92 12 7 76 
15 36 86 -34 -18 33 14 -34 -8 -23 -23 -62 -90 22 -34 -69 
-27 -27 -65 68 4 -38 70 -48 -117 4 Input angle :194
Zaxis angle :56 
minval :0 

minval :0 



-30 76 -74 -35 42 -70 65 49 -54 60 -55 -61 66 -48 41 69 
31 26 60 -75 3 40 -8 -36 -22 -14 -53 -40 -59 68 -68 -43 
-39 -10 -25 94 -18 -35 22 29 26 5 63 20 31 -85 79 14 
40 -3 -10 -97 30 25 -32 -19 -26 6 -65 10 3 91 -78 19 
-35 20 49 83 -37 -10 37 4 21 -16 56 -36 -40 -80 64 -49 
24 -32 -80 -54 38 -7 -55 95 -50 5 Input angle :256
Zaxis angle :39 
minval :0 

minval :0 



24 77 -78 19 -15 -79 80 -8 0 81 -80 -5 12 -80 77 19 
37 -5 -5 -93 30 27 -27 -23 -26 2 -69 4 -4 93 -79 13 
-32 18 42 83 -38 -12 34 9 22 -11 61 -31 -31 -88 70 -40 
24 -27 -71 -60 40 -4 -36 4 -16 20 -45 52 63 68 -46 65 
-12 35 88 27 -36 19 32 -16 7 -25 22 -65 -85 -39 20 -77 
-3 -37 -92 6 25 -31 10 48 101 6 Input angle :253
Zaxis angle :36 
minval :0 

minval :0 



14 73 -74 9 -1 -75 75 4 -12 74 -72 -17 24 -71 68 29 
44 8 14 -88 25 25 -28 -22 -15 6 -67 -7 -15 77 -75 -1 
-44 9 20 87 -32 -15 34 11 11 -11 65 -18 -11 -78 68 -29 
38 -25 -53 -71 35 0 -36 4 -6 15 -54 41 44 65 -49 56 
-24 38 79 42 -33 13 30 -19 0 -16 29 -61 -66 -43 27 -70 
8 -45 -89 -11 25 -26 28 0 -62 3 Input angle :54
Zaxis angle :47 
minval :0 

minval :0 



-62 2 2 -62 62 9 -14 61 -59 -18 22 -58 56 26 -31 53 
-3 41 81 26 -33 14 21 -31 11 -4 26 -64 -78 -36 7 -61 
-13 -40 -85 8 25 -27 -6 37 -8 8 4 69 85 2 14 61 
27 31 77 -37 -13 34 -7 -37 4 -11 -29 -63 -80 29 -38 -49 
-37 -18 -56 64 -1 -37 21 31 0 11 52 46 62 -60 54 30 
41 4 29 -80 14 33 -17 47 69 -3 Input angle :244
Zaxis angle :25 
minval :0 

minval :0 



-50 -24 29 -48 46 32 -35 44 -41 -38 42 -37 33 45 -46 30 
-27 40 57 66 -45 -7 37 -14 20 -3 45 -53 -61 -70 31 -46 
8 -47 -78 -36 44 -12 -27 28 -17 11 -22 66 82 44 -11 54 
9 47 87 4 -35 29 15 -36 12 -17 -3 -70 -94 -4 -10 -54 
-28 -38 -82 29 21 -41 0 39 -5 20 33 62 88 -31 32 45 
41 25 63 -60 -4 46 -15 -1 -42 -6 Input angle :244
Zaxis angle :29 
minval :0 

minval :0 



-36 56 -53 -40 43 -50 47 47 -51 42 -37 -55 59 -31 24 61 
39 40 79 -56 -13 44 0 -36 -6 -22 -42 -62 -78 41 -47 -47 
-52 -22 -48 84 -6 -47 14 33 14 17 62 40 54 -70 62 22 
56 0 13 -96 21 42 -27 -25 -20 -9 -73 -13 -24 85 -66 4 
-52 21 26 93 -37 -28 34 12 22 1 72 -17 -10 -88 59 -30 
38 -41 -64 -73 45 12 -84 -49 -26 1 Input angle :248
Zaxis angle :36 
minval :0 

minval :0 



-9 -65 66 -3 -3 66 -65 -9 14 -65 64 18 -24 61 -58 -29 
-41 -10 -21 94 -20 -38 20 33 28 -1 63 21 30 -80 66 3 
42 -7 -15 -95 35 25 -31 -24 -25 12 -66 2 0 86 -61 23 
-34 23 52 81 -42 -10 38 9 19 -21 59 -30 -39 -77 46 -46 
23 -35 -80 -52 42 -8 -38 7 -7 27 -42 51 65 56 -24 60 
-6 42 94 16 -36 23 -12 -49 -54 -8 Input angle :63
Zaxis angle :47 
minval :0 

minval :0 



68 11 -17 66 -64 -24 29 -62 60 33 -37 58 -55 -42 45 -51 
16 -36 -85 -50 52 -4 -43 12 -14 26 -38 55 73 59 -23 64 
-1 39 99 14 -46 24 37 -26 3 -29 13 -65 -91 -26 -4 -68 
-13 -37 -95 27 34 -39 -23 38 9 28 13 66 95 -12 32 60 
27 29 79 -60 -16 50 6 -44 -20 -22 -39 -54 -82 47 -53 -44 
-36 -16 -47 87 -5 -51 111 32 10 3 Input angle :256
Zaxis angle :41 
minval :0 

minval :0 



-11 -66 67 -5 1 67 -66 -4 10 -66 64 16 -22 63 -61 -27 
-34 -13 -26 87 -23 -40 25 34 28 1 58 20 22 -82 67 0 
36 0 -9 -91 36 28 -37 -21 -26 11 -62 4 11 84 -61 26 
-33 16 42 80 -45 -10 42 5 20 -19 55 -28 -43 -73 46 -48 
24 -27 -71 -57 45 -6 -41 11 -10 26 -39 48 68 50 -22 63 
-11 34 88 23 -39 25 -1 127 -35 -8 Input angle :57
Zaxis angle :47 
minval :0 

minval :0 



35 -56 52 41 -45 48 -45 -48 51 -42 38 54 -58 33 -28 -59 
-30 -24 -73 58 9 -47 -4 38 14 30 45 52 85 -53 50 42 
38 8 40 -84 9 47 -11 -36 -23 -23 -61 -32 -58 82 -62 -22 
-39 4 -5 93 -26 -40 24 30 31 8 69 2 19 -99 66 -6 
33 -21 -31 -88 40 26 -34 -17 -32 3 -65 23 18 98 -60 27 
-23 31 60 71 -48 -7 114 16 -3 -5 Input angle :258
Zaxis angle :36 
minval :0 

minval :0 



56 19 -25 53 -51 -30 33 -49 45 38 -43 41 -38 -46 48 -34 
24 -38 -80 -57 46 -5 -32 15 -13 20 -42 60 66 59 -28 51 
-6 44 96 18 -40 23 22 -26 5 -24 16 -72 -83 -29 8 -58 
-10 -44 -97 18 27 -37 -9 34 5 24 11 73 88 -8 18 56 
27 36 80 -58 -10 45 -3 -35 -14 -20 -40 -62 -79 40 -38 -45 
-39 -23 -52 83 -7 -46 86 32 107 3 Input angle :256
Zaxis angle :39 
minval :0 

minval :0 



-57 17 -10 -59 59 -6 0 60 -60 -3 9 -59 57 16 -19 56 
6 50 90 5 -42 16 27 -12 15 -23 0 -78 -90 -36 -6 -59 
-25 -44 -86 27 30 -33 -20 22 -5 27 29 72 97 -4 29 51 
41 29 67 -60 -16 42 9 -28 -6 -27 -56 -53 -86 45 -48 -35 
-49 -11 -37 82 -1 -45 1 30 16 22 73 24 59 -77 59 10 
49 -8 0 -90 21 39 -97 127 -77 -4 Input angle :253
Zaxis angle :32 
minval :0 

minval :0 



-6 -73 73 -2 -3 73 -73 -9 16 -71 69 23 -31 66 -64 -34 
-43 6 -7 101 -20 -59 11 14 24 13 75 15 25 -92 72 6 
38 -21 -30 -97 42 45 -16 -9 -28 -3 -76 13 13 94 -69 23 
-24 36 68 76 -57 -23 18 1 26 -8 66 -40 -47 -83 55 -48 
11 -42 -90 -47 62 0 -17 5 -21 18 -44 63 75 58 -31 66 
7 42 101 5 -58 22 48 112 -110 -7 Input angle :255
Zaxis angle :32 
minval :0 

minval :0 



-59 -24 28 -57 55 33 -38 51 -47 -43 46 -44 40 49 -53 35 
-40 29 68 67 -38 -6 38 -1 14 -15 43 -54 -52 -67 32 -55 
25 -43 -90 -32 38 -8 -35 16 -6 19 -20 66 75 38 -7 63 
-5 49 95 -4 -33 21 25 -28 0 -21 -8 -69 -85 -6 -16 -62 
-13 -49 -85 44 21 -32 -13 36 9 19 32 61 80 -26 40 49 
31 39 61 -73 -5 39 -64 -113 -93 -4 Input angle :63
Zaxis angle :47 
minval :0 

minval :0 



68 -26 20 70 -71 14 -8 -72 73 -3 -3 72 -72 -10 17 -70 
-5 -34 -96 1 40 -31 -26 16 -3 34 2 75 96 12 13 71 
20 28 87 -41 -23 45 18 -25 -9 -33 -30 -68 -94 24 -37 -62 
-28 -20 -66 69 4 -50 -5 30 22 26 58 46 76 -59 61 39 
34 5 32 -90 14 48 -5 -30 -31 -15 -71 -22 -44 86 -71 -11 
-33 9 10 96 -33 -38 -120 -80 70 0 Input angle :255
Zaxis angle :39 
minval :0 

minval :0 



73 9 -14 72 -70 -21 28 -67 64 34 -40 62 -60 -43 46 -57 
18 -39 -91 -38 42 -6 -35 4 -22 16 -37 69 77 61 -23 69 
-1 43 99 0 -37 21 32 -16 13 -24 5 -79 -95 -23 -5 -73 
-15 -40 -89 41 23 -35 -21 28 -2 27 25 74 96 -16 36 63 
30 31 66 -72 -7 42 9 -34 -8 -26 -52 -59 -81 55 -58 -44 
-40 -16 -24 95 -6 -42 71 -48 46 5 Input angle :248
Zaxis angle :36 
minval :0 

minval :0 



55 -29 24 58 -60 19 -13 -61 63 -8 3 62 -63 -1 8 -62 
-13 -28 -83 21 37 -21 -28 21 -7 31 20 76 112 -9 19 59 
24 19 66 -54 -25 34 16 -32 -6 -31 -49 -61 -98 53 -41 -47 
-29 -10 -42 75 12 -42 -2 36 18 26 69 37 68 -87 57 26 
31 -3 7 -86 7 44 -11 -33 -27 -17 -78 -4 -29 107 -62 -2 
-26 16 29 81 -25 -35 127 -80 -35 0 Input angle :256
Zaxis angle :32 
minval :0 

minval :0 



29 66 -68 24 -19 -70 71 -12 5 73 -73 -2 9 -72 71 14 
39 -10 2 -103 23 37 -5 -25 -26 -31 -82 8 -23 92 -71 16 
-31 27 39 96 -36 -24 14 21 37 17 72 -39 -12 -95 58 -43 
19 -36 -73 -73 43 8 -22 -13 -40 -3 -52 63 53 79 -36 62 
-1 41 96 37 -43 9 25 3 38 -13 19 -79 -78 -54 8 -72 
-14 -38 -103 4 36 -25 -116 -17 50 7 Input angle :245
Zaxis angle :29 
minval :0 

minval :0 



-4 70 -69 -12 18 -67 66 25 -28 64 -62 -33 38 -59 54 43 
39 3 19 -76 1 52 -29 -30 -36 -24 -49 -18 -69 103 -68 -16 
-37 12 12 77 -20 -48 38 18 43 9 52 -3 24 -122 69 -10 
29 -25 -42 -66 38 36 -42 0 -43 8 -47 22 20 123 -61 33 
-19 34 65 45 -48 -19 39 -16 36 -25 34 -39 -72 -102 40 -57 
4 -39 -76 -17 52 -1 -98 79 46 9 Input angle :256
Zaxis angle :36 
minval :0 

minval :0 



-60 32 -27 -62 64 -22 16 66 -68 8 -2 -68 68 1 -6 67 
34 36 79 -25 -38 34 7 -31 6 -46 -17 -66 -115 9 -23 -63 
-45 -20 -63 52 21 -46 5 32 11 44 42 54 102 -53 45 49 
49 2 39 -73 0 51 -17 -27 -30 -34 -59 -35 -72 90 -61 -28 
-46 17 -5 82 -17 -48 26 18 40 21 68 7 34 -110 67 2 
36 -34 -23 -80 34 37 72 111 54 -1 Input angle :237
Zaxis angle :25 
minval :0 

minval :0 



70 -6 2 70 -70 -1 8 -70 69 13 -20 67 -65 -27 32 -61 
0 -45 -89 -16 49 -15 -16 25 -16 19 -11 72 95 36 -3 68 
17 40 88 -22 -39 33 3 -30 7 -24 -20 -71 -101 8 -23 -66 
-33 -29 -74 53 23 -47 6 29 2 25 44 58 92 -43 47 51 
42 15 44 -80 -5 52 -18 -24 -11 -22 -66 -33 -67 76 -64 -27 
-43 2 -13 90 -17 -49 81 0 1 4 Input angle :242
Zaxis angle :32 
minval :0 

minval :0 



65 34 -39 63 -60 -43 48 -56 52 52 -56 48 -43 -60 62 -37 
16 -31 -64 -63 55 17 -33 8 -34 28 -51 40 76 98 -43 59 
-2 35 86 26 -57 8 26 -22 19 -40 32 -57 -108 -60 14 -72 
-11 -33 -91 1 51 -29 -16 30 -1 44 -8 65 123 11 10 72 
22 26 81 -40 -35 45 3 -34 -13 -43 -19 -63 -118 37 -38 -62 
-31 -16 -60 67 15 -56 124 0 8 8 Input angle :256
Zaxis angle :36 
minval :0 

minval :0 



-44 -44 48 -40 36 52 -55 31 -26 -57 59 -21 15 61 -61 10 
-28 20 38 73 -49 -20 31 0 28 -17 55 -24 -45 -85 52 -33 
19 -29 -63 -54 53 -1 -29 11 -19 28 -40 45 73 62 -35 51 
-5 34 79 24 -48 21 23 -22 6 -32 16 -58 -93 -26 8 -61 
-8 -34 -82 8 36 -38 -12 29 6 32 4 60 95 -11 14 61 
21 28 73 -39 -20 49 -71 111 -22 -8 Input angle :256
Zaxis angle :36 
minval :0 

minval :0 



63 46 -51 59 -53 -57 61 -48 41 66 -70 35 -30 -73 74 -25 
15 -22 -54 -75 44 17 -31 -8 -37 9 -53 48 53 89 -60 50 
-5 27 78 49 -47 0 33 -4 31 -23 34 -63 -83 -62 35 -70 
-6 -26 -92 -13 43 -20 -27 17 -19 33 -4 71 101 25 -3 78 
15 22 90 -22 -30 35 18 -27 3 -39 -24 -67 -103 17 -29 -72 
-23 -14 -74 56 15 -45 45 64 26 9 Input angle :255
Zaxis angle :29 
minval :0 

minval :0 



84 -2 -5 84 -84 -12 17 -83 82 22 -29 79 -76 -37 43 -71 
0 -31 -89 -20 44 -14 -29 8 -27 31 -10 64 98 33 -12 83 
10 29 90 -13 -35 30 21 -20 12 -40 -16 -63 -104 0 -21 -82 
-21 -23 -78 49 20 -41 -13 27 4 41 39 51 97 -40 54 64 
28 13 48 -77 -3 46 1 -30 -20 -37 -56 -32 -67 80 -76 -36 
-31 0 -15 90 -16 -43 -122 64 118 6 Input angle :253
Zaxis angle :32 
minval :0 

minval :0 



48 -62 59 51 -56 53 -48 -61 66 -40 35 68 -72 28 -24 -73 
-9 -22 -79 50 17 -37 -11 32 12 36 46 50 92 -50 50 59 
19 15 51 -77 0 41 -2 -34 -25 -28 -63 -26 -63 85 -68 -35 
-23 -8 -19 91 -13 -39 15 30 34 18 69 0 26 -102 76 1 
24 -1 -21 -91 29 29 -27 -22 -38 0 -62 27 14 105 -72 26 
-22 11 56 74 -38 -15 -112 -96 -75 -4 Input angle :256
Zaxis angle :36 
minval :0 

minval :0 



60 38 -44 56 -53 -48 51 -49 45 56 -60 39 -33 -63 65 -28 
24 -11 -57 -65 38 14 -39 -8 -32 21 -47 44 57 82 -47 53 
-18 19 76 41 -40 1 39 -7 21 -32 25 -60 -87 -50 22 -67 
8 -25 -87 -7 36 -18 -33 22 -5 38 0 65 100 11 6 70 
2 26 83 -28 -27 29 21 -34 -8 -38 -28 -58 -96 30 -35 -62 
-12 -24 -64 59 12 -38 91 0 -77 7 Input angle :256
Zaxis angle :39 
minval :0 

minval :0 



-41 63 -60 -45 50 -56 51 56 -59 46 -40 -64 67 -34 29 69 
11 22 67 -54 -18 41 16 -35 -17 -37 -48 -44 -85 56 -54 -51 
-19 -16 -42 75 1 -45 0 37 30 28 60 23 55 -86 70 27 
24 7 7 -85 16 41 -15 -35 -39 -13 -64 2 -14 102 -75 3 
-25 2 25 82 -32 -32 26 27 41 -2 58 -27 -27 -99 68 -30 
21 -13 -59 -63 41 17 112 111 -2 4 Input angle :256
Zaxis angle :36 
minval :0 

minval :0 



26 67 -69 20 -15 -71 71 -9 3 72 -72 -3 8 -72 70 13 
20 7 -3 -83 23 38 -22 -36 -38 2 -61 9 3 96 -70 13 
-21 0 34 76 -37 -24 34 25 35 -16 54 -30 -37 -88 59 -40 
20 -8 -61 -56 44 9 -42 -6 -25 28 -37 49 68 67 -39 60 
-15 16 77 31 -44 9 42 -6 11 -36 14 -60 -91 -29 9 -71 
7 -20 -83 5 36 -26 13 80 121 9 Input angle :262
Zaxis angle :39 
minval :0 

minval :0 



73 -6 0 73 -73 -5 11 -72 70 18 -23 68 -67 -27 32 -64 
10 -18 -79 -24 42 -12 -41 11 -13 35 -12 61 92 31 -3 72 
-2 21 82 -12 -33 29 32 -28 -4 -37 -13 -60 -98 11 -26 -68 
-7 -20 -70 43 18 -40 -18 38 17 33 37 50 86 -47 50 52 
13 16 45 -69 0 44 0 -42 -29 -23 -54 -31 -59 78 -67 -28 
-19 -9 -14 81 -17 -40 -111 -32 -53 2 Input angle :57
Zaxis angle :44 
minval :0 

minval :0 



41 -53 50 45 -49 46 -40 -53 57 -35 30 60 -63 24 -19 -64 
-4 -32 -74 39 15 -37 -14 32 9 16 35 60 75 -38 43 51 
17 27 52 -66 1 40 0 -35 -15 -10 -57 -40 -56 63 -60 -29 
-26 -19 -16 82 -17 -37 13 32 19 2 69 11 27 -80 67 0 
32 4 -17 -82 30 27 -25 -25 -18 3 -69 11 10 84 -64 22 
-32 5 46 70 -38 -13 62 64 46 -3 Input angle :26
Zaxis angle :41 
minval :0 

minval :0 



-17 61 -60 -20 25 -58 56 29 -35 52 -47 -42 45 -45 42 47 
18 31 59 -68 0 37 5 -33 -11 -18 -56 -30 -54 54 -57 -26 
-29 -20 -26 86 -14 -34 10 32 17 11 63 8 33 -69 63 5 
35 7 -6 -90 28 25 -20 -27 -20 -4 -61 17 -1 77 -60 22 
-35 5 39 81 -34 -15 29 17 20 -3 49 -40 -28 -71 46 -43 
30 -19 -69 -57 37 -1 -69 -65 59 3 Input angle :37
Zaxis angle :36 
minval :0 

minval :0 



-1 65 -65 -5 9 -64 64 14 -21 61 -59 -27 32 -56 54 35 
28 31 33 -76 11 30 -5 -27 -14 -9 -66 -19 -37 67 -64 -12 
-39 -17 -3 83 -21 -24 14 23 17 3 68 -9 5 -77 64 -13 
42 1 -32 -76 30 12 -22 -15 -17 4 -60 33 22 73 -51 39 
-39 17 61 57 -32 0 26 5 13 -11 44 -52 -49 -60 33 -55 
30 -30 -76 -33 30 -13 -36 -33 -38 3 Input angle :139
Zaxis angle :56 
minval :0 

minval :0 



16 -67 66 21 -26 64 -62 -31 37 -58 55 42 -46 52 -48 -49 
-17 -22 -52 69 0 -41 6 28 14 17 63 31 55 -61 63 29 
24 14 23 -84 15 38 -18 -23 -20 -11 -70 -5 -24 79 -69 0 
-28 -2 12 86 -30 -28 25 15 22 3 67 -21 -7 -82 64 -25 
28 -8 -45 -75 39 13 -29 -3 -21 6 -51 48 42 71 -47 51 
-22 19 71 50 -41 3 67 0 34 -4 Input angle :41
Zaxis angle :39 
minval :0 

minval :0 



27 -67 64 33 -39 60 -58 -44 49 -53 49 52 -56 46 -41 -58 
-24 -19 -65 70 2 -48 5 40 18 26 57 43 70 -64 61 37 
30 7 32 -90 16 45 -21 -34 -26 -17 -70 -17 -42 85 -71 -12 
-31 3 1 95 -32 -36 34 21 31 4 70 -15 4 -96 69 -17 
26 -17 -40 -86 45 19 -40 -6 -30 9 -57 44 32 90 -57 43 
-18 25 73 61 -48 0 101 112 56 -5 Input angle :144
Zaxis angle :56 
minval :0 

minval :0 



-67 15 -9 -68 68 -4 -2 69 -68 -9 14 -67 66 20 -26 64 
0 24 88 7 -37 28 28 -21 0 -33 -13 -69 -96 1 -4 -68 
-8 -22 -83 29 22 -41 -17 31 11 31 36 60 89 -37 29 62 
17 16 66 -59 -6 47 4 -35 -24 -22 -57 -40 -64 72 -52 -44 
-22 -8 -37 80 -13 -45 9 34 31 12 69 11 33 -91 65 22 
24 0 5 -89 28 37 121 79 20 0 Input angle :300
Zaxis angle :0 
minval :0 

minval :0 



49 -42 37 52 -56 32 -27 -58 60 -23 18 61 -63 13 -7 -64 
-16 -29 -73 43 16 -41 -11 34 11 19 43 63 85 -43 32 54 
26 20 48 -69 1 44 -1 -35 -18 -12 -64 -42 -63 72 -53 -36 
-32 -8 -20 82 -18 -41 16 32 22 3 76 13 26 -91 62 11 
33 -4 -14 -83 32 29 -28 -22 -22 4 -75 16 11 94 -62 11 
-28 17 44 72 -42 -14 71 80 -57 -4 Input angle :252
Zaxis angle :39 
minval :0 

minval :0 



-50 -56 59 -46 42 62 -65 35 -30 -69 71 -24 18 73 -75 11 
-25 25 49 81 -45 -28 38 11 34 -13 61 -38 -38 -102 60 -44 
12 -34 -76 -55 53 9 -41 3 -27 25 -45 57 71 82 -41 62 
0 36 92 20 -51 13 36 -19 14 -33 16 -70 -99 -45 11 -75 
-15 -32 -94 15 40 -34 -25 31 0 37 11 71 109 0 17 73 
27 22 81 -49 -22 49 -56 63 106 -9 Input angle :256
Zaxis angle :36 
minval :0 

minval :0 



-49 -60 64 -43 37 68 -71 33 -28 -72 74 -23 15 76 -77 8 
-30 19 38 94 -45 -22 36 8 23 -13 64 -34 -36 -95 68 -39 
20 -28 -73 -71 50 1 -36 3 -17 21 -49 54 65 77 -50 59 
-8 34 94 37 -47 17 32 -17 8 -26 23 -69 -89 -47 20 -75 
-6 -35 -102 4 36 -34 -23 29 3 27 5 73 100 5 10 77 
19 29 91 -45 -21 45 -60 47 39 -6 Input angle :256
Zaxis angle :39 
minval :0 

minval :0 



-29 -70 72 -24 17 74 -74 9 -3 -76 76 2 -9 75 -73 -15 
-20 4 15 89 -36 -30 25 20 33 -10 73 -14 -12 -105 73 -15 
16 -12 -44 -79 45 14 -32 -11 -26 22 -63 40 50 92 -62 42 
-9 18 73 53 -47 4 33 -3 13 -32 45 -60 -83 -65 41 -62 
2 -20 -88 -22 42 -22 -29 16 -1 34 -14 74 101 29 -10 74 
5 20 90 -13 -28 38 -53 111 -58 -9 Input angle :262
Zaxis angle :39 
minval :0 

minval :0 



-33 -69 71 -26 22 73 -74 16 -10 -76 77 -3 -3 77 -76 -9 
-19 6 17 89 -40 -25 30 18 29 -12 71 -20 -20 -99 72 -21 
13 -14 -49 -76 48 8 -35 -6 -22 23 -59 44 54 85 -59 46 
-7 18 76 50 -47 8 35 -6 11 -30 37 -63 -84 -55 34 -67 
0 -19 -90 -14 38 -29 -29 20 1 32 -6 74 99 15 -3 75 
8 17 89 -22 -22 42 -58 -65 -68 -8 Input angle :263
Zaxis angle :36 
minval :0 

minval :0 



-33 68 -64 -38 44 -60 55 50 -54 52 -48 -58 61 -42 35 65 
21 14 63 -67 0 49 -4 -33 -26 -13 -57 -47 -68 72 -63 -40 
-25 -3 -25 89 -20 -44 17 29 28 2 71 21 36 -92 73 15 
25 -5 -15 -92 37 31 -28 -19 -27 9 -74 11 6 98 -73 14 
-20 15 43 81 -46 -15 33 7 21 -18 66 -35 -41 -89 62 -41 
13 -22 -72 -57 48 -3 -41 31 -57 6 Input angle :262
Zaxis angle :39 
minval :0 

minval :0 



-52 -53 55 -49 45 58 -62 40 -32 -66 70 -25 19 71 -72 14 
-24 16 45 82 -44 -15 34 7 21 -15 63 -39 -41 -88 60 -41 
14 -24 -73 -58 47 -2 -34 7 -12 23 -41 60 71 65 -39 62 
-3 29 90 22 -41 21 28 -20 3 -26 15 -72 -92 -28 11 -72 
-6 -28 -92 14 30 -35 -18 29 7 25 12 73 96 -8 15 72 
17 23 80 -49 -13 45 -65 -1 -6 -6 Input angle :256
Zaxis angle :39 
minval :0 

minval :0 



-47 -61 65 -41 35 69 -71 29 -23 -74 75 -17 12 76 -76 5 
-21 17 32 87 -46 -23 34 10 28 -13 70 -27 -32 -102 69 -34 
12 -25 -66 -65 51 4 -36 4 -20 24 -51 55 69 82 -50 58 
-2 27 86 35 -50 16 31 -17 9 -30 28 -69 -95 -50 23 -73 
-9 -26 -92 2 38 -34 -23 27 3 31 2 74 107 9 8 76 
18 21 84 -38 -20 47 -62 -97 -16 -8 Input angle :262
Zaxis angle :36 
minval :0 

minval :0 



-41 59 -55 -46 50 -50 46 54 -58 41 -37 -61 63 -33 27 65 
19 17 70 -56 -6 50 -3 -35 -25 -17 -49 -55 -80 67 -50 -50 
-24 -8 -38 81 -14 -48 15 32 30 7 64 36 52 -91 66 26 
26 0 5 -90 31 40 -27 -23 -30 6 -74 -4 -13 104 -71 1 
-23 12 31 84 -45 -22 34 10 26 -16 69 -25 -29 -100 64 -29 
16 -20 -63 -64 50 3 -67 15 -116 6 Input angle :66
Zaxis angle :47 
minval :0 

minval :0 



-56 -34 38 -53 51 42 -45 47 -42 -49 55 -36 29 58 -60 25 
-22 15 59 72 -48 -2 39 -5 11 -25 56 -50 -62 -72 43 -48 
14 -23 -84 -41 45 -19 -33 21 0 27 -33 68 86 40 -19 62 
-4 27 94 3 -33 35 22 -32 -10 -25 -1 -76 -95 1 -6 -64 
-7 -26 -86 35 15 -46 -6 38 19 18 28 69 88 -36 30 57 
16 22 67 -64 2 49 -104 -113 -38 -3 Input angle :57
Zaxis angle :44 
minval :0 

minval :0 



-17 -65 66 -12 7 67 -68 0 5 -67 66 11 -16 65 -63 -23 
-37 0 4 95 -31 -45 25 15 29 0 73 -8 1 -105 66 -8 
34 -16 -43 -84 46 30 -29 -4 -27 11 -65 33 40 98 -57 33 
-25 27 72 61 -54 -7 28 -8 20 -21 46 -57 -73 -77 42 -52 
12 -35 -90 -31 54 -11 -23 18 -10 27 -19 71 98 41 -17 65 
3 37 94 -10 -43 32 -6 63 -67 -8 Input angle :262
Zaxis angle :36 
minval :0 

minval :0 



-6 68 -67 -10 14 -66 65 20 -26 62 -59 -33 39 -55 52 43 
27 23 28 -85 9 33 -16 -27 -18 8 -70 -14 -24 81 -65 -17 
-34 -11 4 90 -22 -26 26 18 13 -15 69 -15 -9 -84 67 -7 
36 -2 -41 -79 31 15 -31 -6 -6 18 -56 44 43 73 -57 36 
-31 18 70 57 -35 -1 31 -5 -1 -20 34 -62 -67 -52 38 -55 
23 -27 -86 -27 32 -13 41 48 108 4 Input angle :15
Zaxis angle :49 
minval :0 

minval :0 



32 -52 49 37 -42 45 -41 -46 49 -37 33 53 -55 28 -23 -57 
-9 -33 -73 51 13 -33 1 33 23 4 50 48 62 -58 43 44 
22 26 43 -78 2 35 -14 -30 -23 6 -66 -22 -36 77 -56 -25 
-30 -16 -13 88 -14 -33 24 21 19 -14 70 -4 3 -85 61 -2 
34 4 -28 -85 27 22 -31 -9 -12 20 -62 31 32 79 -57 22 
-33 11 58 68 -34 -10 9 -16 30 -6 Input angle :18
Zaxis angle :51 
minval :0 

minval :0 



59 26 -30 56 -54 -35 40 -50 46 44 -49 41 -36 -53 54 -33 
32 -9 -67 -63 41 4 -33 3 5 30 -40 59 76 47 -38 51 
-26 21 86 33 -38 15 28 -15 -17 -25 13 -70 -89 -13 15 -62 
14 -30 -92 4 29 -29 -19 27 26 17 16 70 87 -23 13 62 
-1 33 82 -44 -15 38 9 -32 -30 -5 -38 -61 -73 52 -34 -54 
-9 -32 -61 70 0 -41 121 -64 88 -2 Input angle :26
Zaxis angle :49 
minval :0 

minval :0 



53 -44 40 56 -59 35 -30 -62 64 -24 20 66 -68 13 -7 -68 
4 -21 -86 30 19 -39 -16 28 33 21 35 60 87 -48 33 60 
3 22 66 -62 0 43 4 -32 -39 -7 -58 -38 -60 79 -52 -44 
-11 -19 -34 83 -13 -41 9 31 39 -8 68 14 20 -98 67 16 
18 12 1 -90 32 29 -21 -24 -31 25 -68 14 19 98 -68 10 
-22 -4 36 83 -40 -16 76 -64 35 -9 Input angle :26
Zaxis angle :47 
minval :0 

minval :0 



3 63 -63 -2 7 -63 62 12 -17 61 -60 -21 26 -58 55 31 
25 24 28 -89 14 36 -17 -30 -24 17 -70 -13 -9 88 -62 -6 
-33 -12 8 93 -29 -25 27 23 15 -25 70 -15 -26 -84 60 -18 
35 -1 -43 -83 38 11 -33 -9 -5 29 -56 43 57 67 -50 38 
-32 14 72 60 -39 2 35 -3 -6 -28 39 -60 -78 -40 27 -56 
23 -25 -91 -22 35 -17 74 -96 -96 5 Input angle :41
Zaxis angle :49 
minval :0 

minval :0 



-56 8 -3 -57 57 1 -6 57 -57 -10 14 -55 54 18 -21 52 
-23 24 82 17 -36 19 29 -15 -16 -26 8 -66 -89 -3 0 -57 
11 -32 -83 15 25 -32 -19 26 25 18 14 65 82 -34 21 53 
3 33 69 -47 -10 39 8 -32 -30 -6 -43 -51 -63 62 -40 -39 
-17 -29 -45 70 -3 -40 4 32 30 -5 58 32 32 -83 53 20 
25 22 14 -83 21 35 -107 47 56 4 Input angle :26
Zaxis angle :49 
minval :0 

minval :0 



-54 24 -20 -56 57 -14 8 58 -59 4 0 -59 59 5 -11 58 
-14 28 87 -2 -31 29 22 -24 -22 -21 -10 -66 -87 22 -15 -57 
2 -31 -79 36 17 -39 -11 31 28 9 37 55 70 -55 38 44 
11 29 57 -66 1 43 -4 -32 -30 2 -56 -36 -40 80 -52 -25 
-20 -23 -24 85 -17 -39 16 28 27 -14 66 12 10 -89 59 4 
28 13 -8 -87 30 30 -80 79 7 6 Input angle :41
Zaxis angle :49 
minval :0 

minval :0 



-18 -59 60 -14 9 61 -62 3 1 -62 62 6 -10 60 -59 -16 
-20 -14 -8 85 -22 -38 24 24 26 -16 68 -5 -11 -97 60 -9 
24 4 -31 -79 36 26 -31 -13 -16 26 -59 31 49 84 -52 31 
-24 5 58 63 -43 -9 34 0 6 -30 41 -53 -75 -64 37 -49 
19 -15 -78 -35 43 -9 -30 14 6 30 -19 65 95 25 -15 59 
-12 21 85 5 -36 25 -69 63 -115 -7 Input angle :26
Zaxis angle :49 
minval :0 

minval :0 



1 74 -74 -4 9 -73 72 15 -21 70 -69 -27 34 -65 61 39 
26 3 32 -94 13 48 -20 -30 -35 -5 -70 -15 -35 103 -71 -11 
-26 6 11 98 -31 -38 31 18 35 -10 70 -10 -8 -109 71 -16 
20 -18 -49 -86 43 23 -35 -4 -27 23 -60 38 48 98 -57 45 
-12 23 79 58 -49 -3 34 -9 17 -32 39 -60 -86 -66 36 -64 
3 -26 -96 -25 48 -12 -16 47 30 9 Input angle :263
Zaxis angle :39 
minval :0 

minval :0 



-67 26 -20 -69 71 -15 8 72 -72 1 4 -72 72 10 -14 70 
9 31 93 -14 -37 23 14 -28 -4 -32 -17 -69 -105 5 -13 -70 
-22 -24 -77 52 24 -35 -2 31 18 27 40 59 95 -45 43 57 
29 13 52 -78 -6 43 -10 -29 -27 -18 -61 -36 -69 78 -60 -38 
-32 -2 -20 91 -6 -43 19 24 31 6 71 11 35 -98 71 9 
30 -11 -20 -92 24 36 126 79 -59 1 Input angle :265
Zaxis angle :39 
minval :0 

minval :0 



5 71 -71 -1 6 -71 70 12 -18 68 -66 -25 30 -64 61 34 
26 -2 12 -88 14 45 -21 -24 -31 0 -70 1 -22 104 -70 -5 
-23 13 24 85 -31 -35 28 15 28 -12 66 -24 -18 -105 67 -21 
16 -20 -54 -70 43 20 -32 -2 -22 22 -49 49 56 90 -54 44 
-7 25 77 44 -48 -1 30 -10 11 -29 24 -65 -87 -59 30 -63 
-3 -26 -88 -9 44 -16 6 16 -44 7 Input angle :265
Zaxis angle :39 
minval :0 

minval :0 



27 -66 64 32 -35 62 -57 -42 47 -54 50 51 -55 45 -39 -59 
-26 -13 -50 74 12 -46 7 31 28 20 57 37 75 -80 59 39 
30 1 21 -87 6 47 -19 -25 -33 -8 -67 -11 -40 102 -70 -11 
-28 10 17 88 -24 -41 27 15 34 -6 65 -20 -6 -109 69 -15 
21 -20 -51 -73 38 28 -32 -2 -29 18 -54 41 49 98 -58 40 
-12 27 75 49 -47 -10 77 -80 -43 -8 Input angle :265
Zaxis angle :36 
minval :0 

minval :0 



-66 -16 19 -65 64 23 -28 61 -59 -33 38 -55 51 43 -47 46 
-14 30 84 30 -44 3 26 -15 7 -18 19 -66 -88 -41 26 -61 
2 -34 -88 7 39 -20 -18 24 0 18 10 69 97 5 0 67 
10 32 81 -38 -27 33 7 -29 -8 -17 -38 -58 -91 33 -28 -60 
-22 -26 -57 68 11 -43 5 29 14 12 57 38 69 -67 49 45 
31 14 25 -85 5 43 -73 -1 106 -2 Input angle :265
Zaxis angle :39 
minval :0 

minval :0 



-12 67 -65 -19 24 -64 61 28 -33 60 -56 -38 43 -52 49 46 
27 17 33 -84 0 45 -12 -29 -26 -4 -68 -19 -44 93 -63 -26 
-31 -6 7 90 -18 -41 23 20 25 -6 70 -11 -2 -104 67 1 
32 -6 -41 -81 32 30 -30 -9 -20 15 -61 37 42 95 -61 28 
-26 19 66 61 -41 -17 31 -1 13 -22 41 -57 -75 -72 46 -50 
17 -27 -86 -29 44 0 -10 -81 -98 6 Input angle :271
Zaxis angle :36 
minval :0 

minval :0 


