
56 44 -48 51 -47 -53 57 -42 36 61 -63 32 -27 -65 67 -21 
34 -26 -62 -72 49 20 -28 0 -22 6 -52 52 71 81 -54 45 
-19 38 86 39 -53 2 25 -12 17 -14 25 -70 -97 -47 28 -64 
3 -42 -94 -3 48 -21 -18 21 -10 20 6 73 108 8 -2 70 
13 40 90 -31 -35 38 8 -27 0 -22 -32 -66 -101 37 -23 -66 
-27 -32 -68 65 18 -49 30 80 61 5 Input angle :258
Zaxis angle :32 
minval :0 

minval :0 



62 37 -40 59 -54 -47 52 -49 44 55 -59 40 -35 -62 64 -31 
44 -31 -76 -66 43 9 -28 8 -13 11 -41 60 82 72 -46 53 
-26 47 97 28 -42 8 22 -19 8 -16 12 -72 -102 -34 22 -67 
6 -53 -100 11 35 -25 -11 27 -1 17 15 71 108 -9 4 70 
13 52 89 -49 -24 36 0 -30 -6 -17 -42 -59 -96 52 -32 -63 
-33 -42 -60 82 7 -42 49 16 33 3 Input angle :256
Zaxis angle :36 
minval :0 

minval :0 



-26 -65 68 -20 14 69 -70 10 -4 -70 71 1 -6 70 -69 -12 
-47 -6 16 100 -30 -29 34 5 18 -12 67 -11 -29 -104 68 -14 
47 -11 -48 -88 39 14 -34 5 -11 18 -57 38 66 85 -56 40 
-37 31 81 60 -42 1 28 -19 3 -21 38 -57 -95 -51 36 -60 
22 -42 -98 -22 37 -19 -19 28 5 21 -11 67 107 8 -9 69 
-4 48 99 -18 -28 31 -56 -17 -70 -5 Input angle :59
Zaxis angle :39 
minval :0 

minval :0 



-63 32 -27 -65 67 -22 15 68 -70 8 -2 -70 70 3 -9 69 
0 40 99 -17 -27 43 3 -38 -19 -21 -25 -61 -104 43 -19 -66 
-15 -37 -85 55 9 -49 13 36 26 12 44 49 79 -81 43 54 
28 28 56 -84 12 49 -26 -29 -29 0 -61 -27 -38 106 -62 -31 
-37 -13 -13 100 -30 -40 34 17 27 -10 67 0 -3 -113 69 6 
40 -1 -24 -98 44 25 -86 -97 -67 4 Input angle :56
Zaxis angle :41 
minval :0 

minval :0 



-38 -62 66 -32 26 69 -71 21 -16 -71 72 -7 2 73 -73 -3 
-36 6 29 98 -44 -23 39 0 21 -25 61 -30 -56 -102 68 -27 
29 -20 -65 -78 49 2 -36 16 -8 32 -43 52 94 68 -50 53 
-17 30 88 51 -46 18 28 -28 -4 -33 20 -65 -112 -31 27 -66 
5 -36 -101 -13 36 -34 -16 36 17 28 7 68 113 -18 2 72 
7 35 97 -31 -20 45 -107 127 126 -5 Input angle :255
Zaxis angle :29 
minval :0 

minval :0 



69 10 -15 68 -68 -20 24 -66 62 31 -37 59 -56 -42 46 -52 
21 -35 -93 -43 45 -18 -23 28 4 31 -17 64 113 26 -18 67 
-4 40 102 -1 -35 35 11 -34 -17 -26 -8 -65 -114 21 -9 -68 
-10 -39 -94 42 17 -46 2 37 26 17 34 57 94 -66 36 59 
26 30 68 -77 4 49 -15 -33 -31 -5 -55 -38 -64 97 -56 -40 
-36 -18 -36 95 -19 -45 124 48 46 -2 Input angle :56
Zaxis angle :47 
minval :0 

minval :0 



69 22 -29 67 -65 -33 38 -62 60 42 -48 55 -49 -54 57 -44 
13 -37 -90 -52 52 -14 -24 16 6 35 -24 63 113 30 -37 61 
1 39 103 13 -40 36 15 -25 -20 -30 -3 -68 -117 15 7 -71 
-16 -36 -99 30 24 -48 -4 29 30 19 28 61 102 -58 21 68 
28 27 81 -66 -4 54 -7 -28 -35 -8 -47 -49 -77 89 -45 -55 
-37 -14 -51 90 -15 -52 -114 16 96 -2 Input angle :56
Zaxis angle :44 
minval :0 

minval :0 



-17 34 -34 -20 25 -32 30 25 -29 27 -23 -31 33 -21 17 35 
105 -15 -15 -99 -91 34 27 49 49 -92 -75 32 -101 -31 -31 -25 
-89 59 48 88 70 -68 -42 -35 -10 105 59 -59 105 -11 39 10 
62 -86 -78 -61 -39 90 50 19 -30 -101 -29 77 -92 51 -40 5 
-25 103 97 24 1 -97 -56 6 68 79 -4 -82 66 -82 34 -19 
-18 -104 -97 20 40 89 4 125 -10 -23 Input angle :212
Zaxis angle :20 
minval :0 

minval :0 



0 30 -30 -1 3 -30 30 6 -9 29 -28 -12 14 -27 25 16 
94 -39 -28 -61 -47 36 21 18 13 -114 -21 32 -111 -5 -31 -4 
-71 73 50 44 31 -50 -28 -7 30 111 7 -37 104 -40 30 -9 
35 -96 -63 -20 -9 59 28 -4 -71 -90 8 37 -78 78 -24 20 
5 101 67 -6 -14 -57 -24 14 103 51 -22 -31 41 -103 14 -27 
-45 -91 -58 33 37 46 49 94 59 -1 Input angle :212
Zaxis angle :20 
minval :0 

minval :0 



-21 -37 39 -19 16 40 -41 12 -8 -42 43 -4 2 43 -43 -1 
-83 65 66 72 65 -73 -56 -17 10 104 33 -64 103 -22 41 -17 
46 -95 -85 -47 -29 93 58 -7 -47 -94 -5 72 -86 60 -31 30 
-7 106 97 5 -7 -98 -49 30 80 67 -24 -68 55 -89 14 -42 
-35 -100 -93 29 48 85 35 -46 -100 -30 46 54 -19 104 0 44 
69 80 73 -65 -78 -58 65 -61 -105 -7 Input angle :212
Zaxis angle :25 
minval :0 

minval :0 



-2 23 -23 -4 6 -22 22 8 -9 22 -21 -10 13 -19 18 14 
78 -44 -27 -46 -35 29 20 11 2 -104 -9 36 -97 3 -23 -6 
-53 72 44 30 21 -40 -22 -3 39 96 -5 -37 88 -41 24 -3 
19 -87 -52 -11 -3 45 22 -6 -75 -72 18 32 -65 73 -20 13 
16 88 53 -6 -14 -44 -19 14 96 39 -29 -22 33 -91 13 -19 
-50 -75 -44 30 30 34 94 94 15 0 Input angle :221
Zaxis angle :25 
minval :0 

minval :0 



-5 -33 34 -3 0 34 -34 -2 5 -33 33 8 -11 32 -31 -13 
-76 71 64 74 56 -75 -37 -16 21 102 16 -60 102 -25 34 0 
40 -96 -89 -40 -17 92 40 -1 -61 -84 11 61 -81 66 -31 15 
6 104 98 2 -20 -91 -37 15 90 53 -35 -51 48 -93 22 -25 
-43 -95 -89 39 53 77 27 -29 -104 -7 53 32 -5 105 -11 32 
80 67 65 -73 -82 -44 25 -29 121 -17 Input angle :256
Zaxis angle :60 
minval :0 

minval :0 



21 18 -20 20 -19 -21 23 -17 14 24 -26 11 -10 -27 27 -8 
23 -101 -95 -26 11 93 38 -16 -69 -79 25 67 -67 79 -21 20 
20 102 97 -17 -46 -82 -28 30 96 41 -51 -50 33 -98 11 -26 
-58 -86 -82 54 76 55 13 -39 -104 0 66 27 10 103 0 29 
90 51 51 -84 -93 -19 3 41 95 -41 -71 0 -49 -91 -11 -26 
-104 -10 -13 98 92 -19 -64 13 72 38 Input angle :209
Zaxis angle :25 
minval :0 

minval :0 



22 -1 0 23 -23 -3 4 -22 22 6 -9 21 -20 -10 12 -19 
-25 -94 -64 20 32 42 16 -16 -101 -45 30 22 -30 98 -3 23 
56 80 50 -45 -46 -26 -9 21 110 -7 -37 -7 -12 -102 -6 -23 
-86 -47 -28 62 52 8 0 -23 -101 44 36 -8 51 88 15 19 
97 12 3 -68 -51 15 9 21 71 -84 -31 21 -81 -62 -21 -11 
-93 29 25 63 39 -34 100 -1 -22 25 Input angle :212
Zaxis angle :32 
minval :0 

minval :0 



31 -16 14 32 -33 11 -8 -34 34 -4 0 35 -35 -2 3 -34 
-85 -58 -61 79 90 32 13 -44 -97 38 76 -4 51 90 12 33 
102 20 23 -97 -96 5 4 46 75 -73 -71 30 -80 -66 -24 -26 
-102 21 15 98 85 -44 -24 -39 -39 97 53 -56 101 26 32 14 
84 -61 -55 -83 -61 73 37 27 -1 -105 -26 71 -103 13 -35 0 
-56 88 84 52 26 -92 117 -47 -82 46 Input angle :217
Zaxis angle :25 
minval :0 

minval :0 



37 -4 2 37 -37 0 4 -37 37 8 -10 36 -35 -12 15 -34 
-50 -91 -89 44 65 70 27 -33 -104 -14 72 36 -5 104 -1 38 
83 63 64 -76 -89 -37 -10 42 100 -29 -81 -5 -41 -96 -12 -36 
-101 -23 -25 96 96 0 -5 -43 -76 71 77 -26 77 71 27 26 
102 -21 -13 -99 -87 41 22 36 47 -93 -56 58 -98 -35 -35 -13 
-84 61 52 85 63 -72 -6 15 107 52 Input angle :212
Zaxis angle :25 
minval :0 

minval :0 



40 -7 3 40 -40 0 1 -40 40 5 -8 39 -39 -11 14 -37 
-62 -83 -84 54 71 64 22 -35 -105 2 77 28 19 103 2 41 
89 53 56 -82 -92 -27 -5 41 97 -40 -81 4 -55 -88 -16 -37 
-104 -9 -17 98 96 -9 -10 -40 -72 76 72 -37 85 60 30 26 
100 -28 -20 -98 -84 46 26 32 30 -100 -53 62 -103 -17 -39 -10 
-80 67 58 81 56 -78 94 80 55 52 Input angle :212
Zaxis angle :29 
minval :0 

minval :0 



-9 37 -36 -12 15 -35 34 17 -20 33 -30 -23 26 -28 26 28 
103 -14 -7 -99 -90 34 18 38 48 -93 -59 52 -96 -39 -36 -15 
-89 54 47 88 68 -67 -32 -28 -8 104 34 -72 104 -2 39 0 
61 -84 -79 -61 -39 88 40 14 -32 -99 -3 79 -95 43 -35 16 
-24 101 96 25 4 -96 -42 3 70 77 -28 -74 73 -74 26 -28 
-18 -102 -99 13 38 88 10 -83 -88 -23 Input angle :221
Zaxis angle :25 
minval :0 

minval :0 



-32 -1 4 -31 31 6 -9 31 -30 -12 15 -28 26 18 -20 24 
22 102 98 -14 -42 -88 -35 31 97 39 -59 -57 23 -102 7 -32 
-62 -84 -85 52 75 63 17 -43 -105 5 78 28 15 104 5 32 
91 51 55 -82 -94 -27 1 46 95 -44 -82 6 -52 -91 -17 -27 
-104 -7 -14 98 96 -13 -19 -42 -68 80 73 -38 84 61 27 17 
99 -33 -25 -96 -84 49 -20 80 -99 -51 Input angle :212
Zaxis angle :25 
minval :0 

minval :0 



-30 7 -5 -30 31 -1 0 31 -31 -3 5 -30 30 8 -11 28 
51 90 91 -41 -67 -70 -24 40 104 8 -75 -36 -2 -105 -3 -31 
-87 -58 -64 76 90 39 7 -47 -100 31 83 5 44 95 15 27 
102 22 34 -93 -97 3 13 46 79 -69 -77 30 -80 -67 -25 -18 
-103 18 7 99 91 -34 -28 -38 -47 94 58 -59 99 34 30 7 
86 -58 -50 -86 -67 71 27 -16 117 -53 Input angle :212
Zaxis angle :29 
minval :0 

minval :0 



38 -8 5 38 -38 2 0 -39 38 3 -6 38 -38 -8 13 -36 
-67 -79 -86 49 81 53 3 -34 -105 7 72 19 17 103 2 39 
93 47 63 -77 -95 -20 8 33 92 -50 -74 6 -53 -90 -16 -36 
-104 -9 -26 95 96 -19 -22 -26 -65 82 65 -36 87 57 30 25 
98 -36 -14 -98 -81 53 30 15 27 -101 -43 61 -103 -18 -37 -11 
-76 71 49 86 47 -85 -111 0 -77 51 Input angle :212
Zaxis angle :25 
minval :0 

minval :0 



-3 38 -38 -6 9 -37 37 12 -14 36 -34 -18 22 -32 29 24 
103 15 24 -95 -96 4 17 51 69 -79 -73 34 -79 -68 -38 -10 
-101 26 17 96 86 -41 -37 -39 -32 100 53 -60 101 25 38 -7 
82 -65 -53 -82 -61 74 49 19 -12 -104 -24 77 -103 15 -33 21 
-45 94 82 53 25 -93 -54 0 53 90 -8 -80 89 -53 21 -33 
9 -104 -96 -15 12 95 97 -51 -98 -32 Input angle :212
Zaxis angle :25 
minval :0 

minval :0 



-26 -29 31 -23 21 33 -34 18 -15 -36 37 -13 10 37 -38 7 
-49 92 68 70 27 -93 -39 -6 37 98 7 -76 94 -44 33 -23 
16 -103 -90 -36 10 97 40 -8 -72 -75 24 73 -69 76 -22 33 
27 101 97 -1 -51 -83 -32 24 98 36 -51 -57 33 -98 7 -39 
-64 -83 -88 41 79 57 20 -35 -105 2 69 33 6 104 9 39 
94 46 63 -74 -95 -18 -11 82 -98 -23 Input angle :212
Zaxis angle :29 
minval :0 

minval :0 



-30 14 -11 -31 33 -8 5 33 -33 2 0 -33 33 4 -6 32 
64 61 43 -49 -53 -14 -14 17 97 -25 -32 -13 -37 -96 -8 -33 
-82 -32 -24 62 55 -5 6 -21 -76 64 35 0 72 74 20 27 
89 -7 -5 -65 -45 30 3 22 44 -90 -32 14 -97 -35 -30 -16 
-79 42 30 59 29 -47 -12 -18 0 100 22 -27 103 -9 34 1 
54 -71 -51 -41 -10 53 103 15 -104 -24 Input angle :217
Zaxis angle :25 
minval :0 

minval :0 



-19 -20 20 -17 15 22 -24 13 -11 -25 26 -9 6 26 -27 4 
-61 80 54 33 8 -64 -17 -5 39 104 13 -43 91 -59 22 -17 
21 -99 -64 -4 19 61 18 0 -82 -76 7 44 -54 95 -14 25 
23 98 61 -19 -44 -47 -16 8 104 40 -24 -38 14 -108 3 -28 
-58 -83 -49 41 59 26 10 -15 -111 5 38 25 30 106 7 27 
88 50 26 -58 -64 0 -116 -15 -17 -14 Input angle :212
Zaxis angle :29 
minval :0 

minval :0 



-24 -14 15 -23 21 17 -20 19 -18 -21 23 -16 14 24 -25 12 
-28 93 64 11 -16 -61 -16 0 74 77 -6 -43 61 -90 17 -23 
-14 -96 -63 16 41 48 15 -6 -100 -40 22 36 -17 107 -6 28 
53 82 49 -43 -58 -25 -10 12 108 -8 -35 -24 -32 -103 -6 -29 
-84 -50 -28 59 63 1 4 -16 -93 53 42 7 71 82 16 23 
97 11 -1 -65 -58 24 12 1 -126 -22 Input angle :212
Zaxis angle :29 
minval :0 

minval :0 



28 8 -11 28 -26 -14 17 -24 23 18 -20 22 -20 -22 23 -18 
5 -106 -63 -7 23 64 21 -11 -91 -64 13 39 -52 96 -14 27 
39 99 60 -20 -48 -49 -14 18 109 25 -27 -31 16 -109 1 -31 
-74 -76 -47 42 63 26 6 -23 -110 20 37 17 31 105 12 28 
99 39 26 -58 -68 2 4 23 91 -64 -41 0 -71 -83 -22 -22 
-106 3 0 63 61 -30 13 95 -1 23 Input angle :224
Zaxis angle :25 
minval :0 

minval :0 



36 -21 18 38 -40 15 -11 -40 41 -9 5 42 -42 1 1 -42 
-90 -54 -56 80 99 12 -11 -43 -96 41 78 14 54 91 15 40 
104 16 25 -94 -95 28 27 35 71 -77 -77 20 -88 -57 -30 -29 
-101 30 17 96 77 -63 -40 -19 -33 100 62 -48 104 19 40 14 
79 -70 -51 -84 -45 88 44 4 -10 -104 -38 68 -103 23 -42 3 
-47 94 83 51 6 -99 -120 65 -23 46 Input angle :212
Zaxis angle :25 
minval :0 

minval :0 



21 -38 37 23 -26 34 -31 -29 32 -28 24 36 -37 22 -19 -38 
-105 4 -9 95 89 -43 -33 -46 -59 87 76 -35 96 41 34 27 
92 -51 -29 -91 -64 75 49 28 18 -104 -56 62 -105 2 -43 -7 
-68 81 68 68 26 -96 -57 -5 25 102 24 -80 97 -40 43 -8 
29 -101 -88 -38 11 98 54 -17 -64 -83 8 84 -71 77 -35 25 
19 104 96 -6 -51 -85 -22 18 -13 23 Input angle :212
Zaxis angle :25 
minval :0 

minval :0 



19 -14 12 20 -21 11 -9 -21 22 -6 5 22 -23 3 0 -23 
-100 -42 -23 55 68 -12 -5 -15 -93 61 40 -4 76 78 12 21 
109 -3 -2 -60 -56 40 11 12 63 -92 -35 21 -100 -44 -19 -14 
-99 47 25 55 36 -59 -14 -6 -20 110 25 -32 109 0 24 5 
71 -82 -46 -38 -3 69 16 0 -31 -107 -7 40 -97 49 -24 5 
-35 104 57 17 -24 -64 19 -63 87 22 Input angle :212
Zaxis angle :32 
minval :0 

minval :0 



-20 25 -22 -24 25 -20 18 27 -28 15 -14 -29 30 -12 8 31 
104 -12 -1 -97 -83 53 17 19 49 -93 -71 46 -101 -28 -20 -24 
-89 56 39 88 55 -82 -22 -11 -6 105 44 -71 104 -15 29 13 
64 -83 -73 -63 -16 97 26 0 -38 -98 -13 83 -90 55 -32 -2 
-20 103 92 27 -24 -96 -23 9 76 71 -24 -81 59 -86 29 -13 
-21 -102 -96 17 62 77 -16 -20 -56 -20 Input angle :212
Zaxis angle :25 
minval :0 

minval :0 



-9 16 -15 -10 12 -14 13 13 -14 11 -10 -15 16 -9 7 17 
81 -66 -44 -86 -43 89 26 -15 -9 -106 -34 84 -102 24 -14 -11 
-46 93 77 59 3 -99 -17 25 51 93 -3 -91 85 -61 17 4 
5 -104 -95 -21 37 92 6 -30 -84 -64 43 80 -52 91 -17 2 
39 96 95 -20 -71 -69 6 30 103 22 -71 -57 8 -105 15 -10 
-74 -74 -80 54 94 32 -69 -4 28 10 Input angle :209
Zaxis angle :29 
minval :0 

minval :0 



-23 -28 30 -20 17 32 -33 15 -12 -34 35 -10 7 36 -36 4 
-74 74 71 69 40 -90 -34 -16 7 105 46 -84 97 -41 32 -19 
40 -98 -93 -34 2 99 38 0 -49 -93 -5 96 -75 74 -22 30 
0 106 99 -8 -40 -90 -35 15 82 66 -31 -90 38 -98 7 -36 
-49 -94 -87 46 75 63 25 -28 -102 -25 68 67 6 106 8 36 
80 69 59 -79 -95 -27 63 19 -79 -10 Input angle :212
Zaxis angle :20 
minval :0 

minval :0 



-11 32 -32 -14 15 -31 28 18 -22 26 -24 -24 26 -22 20 27 
89 42 30 -66 -70 -5 10 24 90 -63 -38 0 -68 -82 -30 -18 
-99 -5 0 73 67 -21 -19 -17 -56 94 35 -15 99 39 35 2 
90 -39 -32 -65 -50 49 25 9 16 -109 -24 28 -107 0 -34 10 
-65 74 55 47 25 -65 -26 2 30 106 12 -35 96 -46 25 -24 
27 -95 -70 -20 3 70 -37 94 122 -21 Input angle :209
Zaxis angle :25 
minval :0 

minval :0 



35 17 -20 34 -32 -22 25 -30 27 29 -30 25 -23 -32 33 -20 
9 -99 -76 -9 14 64 36 -16 -83 -74 11 35 -68 96 -22 34 
30 95 73 -24 -40 -53 -28 29 108 30 -24 -28 23 -116 5 -40 
-67 -73 -57 51 59 31 14 -37 -110 18 34 16 25 116 11 39 
91 40 31 -70 -66 -8 3 40 95 -58 -36 0 -70 -95 -25 -32 
-99 -1 0 77 62 -23 11 31 -89 23 Input angle :209
Zaxis angle :25 
minval :0 

minval :0 



11 -42 41 14 -17 40 -38 -20 23 -36 34 26 -29 32 -29 -31 
-98 33 28 95 74 -66 -39 -42 -16 103 45 -64 102 11 40 18 
79 -67 -65 -75 -39 91 53 22 -27 -101 -16 78 -98 32 -44 0 
-38 96 90 41 -2 -99 -57 2 69 78 -18 -77 78 -67 40 -19 
-3 -103 -99 0 44 89 51 -26 -94 -46 46 64 -45 93 -29 33 
48 91 90 -41 -76 -63 67 83 108 1 Input angle :212
Zaxis angle :32 
minval :0 

minval :0 



35 19 -22 33 -32 -24 26 -30 28 29 -31 24 -21 -34 35 -18 
1 -110 -80 5 33 60 33 -7 -98 -73 14 39 -58 94 -24 33 
42 101 70 -36 -53 -43 -27 19 118 28 -28 -30 13 -109 10 -40 
-81 -74 -48 63 67 17 15 -30 -120 25 38 17 30 106 6 40 
104 35 20 -77 -68 12 -4 33 102 -66 -42 0 -72 -84 -23 -34 
-110 11 14 79 57 -38 11 -81 -110 26 Input angle :212
Zaxis angle :29 
minval :0 

minval :0 



33 -7 4 33 -34 2 0 -34 33 2 -6 33 -32 -9 10 -31 
-47 -87 -50 49 59 39 11 -20 -104 -10 24 22 2 111 0 35 
79 60 28 -64 -70 -14 -2 23 100 -30 -31 -11 -48 -100 -15 -31 
-97 -22 1 70 70 -17 -6 -23 -79 69 33 -3 84 72 27 22 
97 -19 -28 -63 -56 43 15 17 45 -95 -29 16 -107 -29 -33 -9 
-82 55 51 47 34 -62 -15 127 41 26 Input angle :212
Zaxis angle :20 
minval :0 

minval :0 



13 33 -34 10 -6 -35 36 -4 0 36 -36 -1 4 -35 34 8 
93 -52 -42 -60 -42 58 29 11 25 -115 -32 35 -119 -1 -36 8 
-63 84 63 38 16 -70 -31 2 23 115 15 -45 111 -45 30 -23 
25 -103 -73 -8 16 70 28 -14 -72 -93 3 47 -78 90 -19 32 
17 104 70 -22 -42 -58 -20 24 102 58 -23 -41 39 -113 5 -37 
-59 -87 -55 48 61 38 43 62 -23 -3 Input angle :212
Zaxis angle :25 
minval :0 

minval :0 



19 -21 20 20 -22 18 -16 -23 23 -15 12 25 -27 10 -8 -27 
-74 -73 -71 69 97 27 14 -46 -105 15 92 26 26 101 20 22 
99 35 30 -95 -100 12 6 47 90 -57 -96 10 -66 -80 -27 -12 
-104 10 10 99 87 -50 -25 -41 -61 86 81 -51 95 43 29 0 
94 -46 -51 -85 -59 82 39 27 21 -104 -55 79 -104 -2 -27 10 
-63 83 79 60 20 -99 -72 64 -57 51 Input angle :212
Zaxis angle :25 
minval :0 

minval :0 



-13 24 -23 -16 17 -22 21 19 -21 19 -17 -22 24 -15 12 25 
93 49 33 -93 -101 -5 4 54 96 -46 -96 0 -59 -86 -23 -18 
-104 -6 9 98 92 -40 -23 -49 -67 81 88 -37 89 55 28 5 
96 -40 -49 -86 -67 74 44 34 25 -103 -66 69 -104 -10 -28 4 
-75 73 78 61 35 -94 -53 -14 16 105 31 -91 99 -34 24 -17 
36 -98 -97 -20 7 101 33 62 67 -44 Input angle :212
Zaxis angle :25 
minval :0 

minval :0 



-14 -29 31 -12 10 31 -32 7 -4 -32 33 -1 -1 33 -32 -3 
-72 75 80 58 35 -93 -48 -21 22 103 32 -85 97 -36 31 -11 
36 -97 -95 -25 2 100 53 0 -60 -86 8 90 -74 73 -24 23 
4 104 96 -19 -43 -89 -49 20 92 52 -42 -80 37 -97 13 -30 
-47 -92 -82 54 75 65 35 -40 -104 -16 71 57 1 104 1 33 
81 66 52 -83 -97 -23 33 83 -50 -17 Input angle :212
Zaxis angle :25 
minval :0 

minval :0 



-32 22 -19 -34 35 -16 13 37 -38 9 -6 -39 39 -3 0 39 
80 67 54 -82 -96 -27 -20 52 103 -23 -85 -28 -41 -95 -17 -36 
-100 -30 -16 97 99 -13 -2 -56 -86 61 89 -9 76 70 30 26 
103 -15 -24 -96 -84 53 26 49 49 -93 -77 46 -99 -31 -38 -11 
-88 55 60 78 54 -83 -43 -35 -8 105 51 -74 103 -10 39 -5 
60 -85 -86 -48 -17 98 -34 110 -92 -50 Input angle :212
Zaxis angle :25 
minval :0 

minval :0 



-36 2 1 -37 37 5 -7 36 -35 -9 13 -35 34 15 -18 31 
32 99 87 -45 -68 -72 -46 34 100 30 -57 -69 18 -102 2 -37 
-66 -81 -61 76 93 36 25 -51 -105 11 80 39 25 100 13 36 
93 47 28 -94 -100 0 -4 57 92 -51 -90 -5 -63 -82 -25 -27 
-104 -3 11 97 91 -40 -20 -54 -66 82 82 -34 92 47 35 14 
95 -44 -52 -83 -64 76 -78 64 121 -52 Input angle :212
Zaxis angle :25 
minval :0 

minval :0 



17 -31 29 20 -23 27 -26 -25 26 -24 23 28 -30 19 -16 -32 
-103 -23 -17 99 97 -25 -16 -38 -74 75 84 -27 82 65 30 20 
103 -22 -27 -96 -75 66 31 29 38 -98 -67 58 -101 -25 -35 -7 
-86 61 64 77 39 -93 -40 -13 10 105 35 -82 104 -15 36 -7 
49 -93 -92 -39 2 101 41 -5 -51 -92 0 89 -89 55 -29 21 
-13 105 100 3 -41 -91 -101 -30 122 32 Input angle :212
Zaxis angle :25 
minval :0 

minval :0 



-14 23 -21 -15 17 -20 18 19 -20 17 -15 -21 22 -13 11 23 
102 33 15 -65 -66 14 12 27 102 -78 -37 8 -77 -81 -21 -18 
-107 5 12 65 54 -40 -21 -19 -60 113 31 -22 103 41 26 7 
97 -45 -38 -55 -36 57 28 7 11 0 -18 34 -111 0 -27 3 
-68 82 57 35 6 -67 -29 3 40 121 2 -38 101 -46 23 -15 
29 -102 -66 -9 19 64 -111 -82 -93 -23 Input angle :212
Zaxis angle :29 
minval :0 

minval :0 



2 -11 10 3 -4 10 -10 -5 6 -9 9 7 -7 8 -7 -8 
-53 -9 -3 30 30 -7 -6 -14 -47 47 21 -5 44 40 10 5 
52 -10 -8 -29 -25 18 11 10 25 -62 -17 13 -58 -15 -12 0 
-42 32 20 23 14 -27 -14 -4 3 67 10 -19 59 -7 11 -4 
26 -47 -27 -14 -1 31 15 -2 -28 -61 0 22 -50 33 -8 9 
-3 53 31 -1 -10 -29 -97 -127 -121 21 Input angle :212
Zaxis angle :25 
minval :0 

minval :0 



-11 5 -4 -11 12 -2 2 12 -12 0 0 -12 12 1 -2 12 
17 51 26 -18 -25 -24 -8 15 63 19 -19 -14 3 -54 -2 -13 
-36 -40 -17 27 32 10 2 -17 -65 11 23 5 17 51 8 10 
50 19 5 -32 -34 2 5 16 55 -37 -23 5 -38 -38 -11 -6 
-54 2 9 31 30 -17 -12 -12 -34 56 19 -14 51 18 13 1 
49 -23 -20 -25 -21 27 86 -48 -45 -34 Input angle :212
Zaxis angle :25 
minval :0 

minval :0 



10 -35 34 13 -15 33 -31 -19 22 -29 27 23 -26 25 -23 -29 
-103 -27 -1 70 63 -11 -11 -34 -94 83 41 -11 95 68 33 18 
104 -21 -25 -65 -53 36 25 25 52 -113 -34 26 -115 -21 -38 -2 
-89 59 50 48 34 -54 -34 -12 -2 125 19 -38 114 -22 35 -13 
57 -90 -66 -21 -8 64 36 -2 -50 -115 -2 43 -96 65 -26 27 
-18 105 69 -4 -17 -62 113 -63 79 21 Input angle :212
Zaxis angle :25 
minval :0 

minval :0 



11 0 0 11 -11 -1 2 -11 11 3 -4 10 -10 -6 6 -9 
6 -54 -31 2 6 33 16 -10 -50 -41 8 16 -28 46 -2 11 
17 51 26 -16 -20 -26 -9 16 63 16 -14 -11 4 -55 -3 -11 
-38 -38 -17 26 29 14 1 -18 -64 10 18 4 17 51 8 9 
50 22 4 -30 -33 -1 6 18 55 -34 -19 2 -38 -38 -10 -4 
-54 1 6 31 31 -12 -27 110 98 27 Input angle :209
Zaxis angle :25 
minval :0 

minval :0 



-2 12 -11 -3 4 -11 11 6 -6 10 -10 -7 8 -9 8 9 
55 9 0 -32 -35 6 10 18 51 -43 -22 7 -41 -34 -12 -5 
-54 12 12 29 31 -18 -16 -13 -29 60 18 -15 51 15 13 0 
46 -32 -23 -21 -18 31 20 5 1 -67 -10 21 -53 7 -11 5 
-26 49 30 10 4 -35 -20 4 26 61 -1 -24 44 -30 8 -10 
4 -56 -31 3 10 34 117 -114 69 -23 Input angle :209
Zaxis angle :25 
minval :0 

minval :0 



-23 34 -31 -26 30 -29 27 31 -33 25 -23 -34 35 -21 18 37 
96 43 35 -93 -100 -4 10 67 89 -57 -92 16 -63 -82 -31 -28 
-105 10 3 100 90 -42 -38 -56 -50 93 78 -52 91 49 41 11 
94 -48 -48 -87 -67 73 56 36 12 -105 -48 80 -103 -10 -42 5 
-66 82 77 63 30 -95 -67 -7 31 102 13 -92 98 -31 36 -21 
25 -102 -96 -23 8 100 -55 -115 45 -40 Input angle :212
Zaxis angle :25 
minval :0 

minval :0 



-20 -16 18 -18 17 19 -20 15 -12 -22 24 -10 8 24 -24 7 
-42 88 62 26 -1 -68 -24 0 68 102 -5 -37 85 -62 20 -17 
4 -98 -68 4 27 63 22 -9 -100 -70 21 31 -51 91 -11 24 
36 91 61 -28 -51 -45 -16 17 121 20 -32 -19 8 -104 1 -26 
-73 -66 -42 53 66 19 7 -23 -118 32 38 3 38 98 11 24 
93 27 18 -65 -67 10 113 -127 -80 -21 Input angle :212
Zaxis angle :32 
minval :0 

minval :0 



-3 25 -25 -5 7 -24 23 9 -11 23 -22 -13 15 -20 19 17 
96 -12 -15 -67 -62 36 14 22 53 -111 -29 27 -97 -41 -25 -7 
-81 52 40 56 42 -59 -22 -14 1 123 15 -37 105 -3 26 -3 
54 -80 -59 -37 -13 71 27 3 -48 -113 0 40 -93 49 -22 15 
-18 95 68 9 -12 -71 -26 8 92 82 -17 -36 64 -84 14 -22 
-23 -94 -66 21 44 57 32 30 -68 -8 Input angle :212
Zaxis angle :25 
minval :0 

minval :0 



-27 -17 19 -25 23 22 -24 20 -18 -26 27 -15 12 28 -30 10 
-12 90 66 11 -16 -56 -28 6 87 73 -13 -33 69 -86 23 -23 
-23 -88 -65 16 39 43 23 -17 -108 -35 25 25 -28 106 -10 31 
60 68 51 -42 -53 -24 -14 25 112 -16 -33 -14 -8 -110 -1 -33 
-82 -38 -31 58 58 1 3 -29 -97 58 35 -2 60 91 15 29 
90 5 3 -66 -53 24 -11 -32 2 -24 Input angle :212
Zaxis angle :29 
minval :0 

minval :0 



19 -22 20 21 -22 19 -17 -24 26 -14 12 27 -28 9 -8 -28 
-88 -13 -15 67 49 -17 -5 -28 -73 79 35 -10 81 79 19 24 
87 -18 -12 -68 -38 35 17 23 34 -102 -28 24 -107 -38 -28 -13 
-70 54 38 57 21 -47 -24 -14 9 107 16 -34 113 -8 31 1 
40 -79 -59 -35 1 53 28 2 -54 -93 0 37 -100 54 -28 12 
-10 88 68 10 -22 -47 95 -15 -86 15 Input angle :212
Zaxis angle :25 
minval :0 

minval :0 



-14 -20 22 -12 10 23 -24 8 -6 -24 25 -4 2 25 -24 0 
-37 94 60 20 -7 -61 -32 2 62 101 -7 -38 88 -64 23 -11 
-4 -101 -63 5 32 53 29 -14 -97 -68 21 32 -56 93 -17 19 
42 92 57 -27 -50 -36 -20 26 116 24 -33 -20 15 -108 7 -25 
-77 -66 -41 48 60 12 8 -31 -117 22 38 4 31 104 3 25 
99 25 13 -62 -60 13 125 49 116 -19 Input angle :224
Zaxis angle :29 
minval :0 

minval :0 



41 -16 13 42 -43 9 -5 -43 44 -1 -1 44 -43 -5 8 -43 
-62 -85 -79 60 88 48 29 -55 -105 6 68 46 23 103 8 43 
89 56 51 -85 -100 -6 -7 62 96 -44 -81 -15 -61 -85 -25 -37 
-104 -15 -8 99 95 -32 -19 -60 -68 80 79 -21 90 54 38 22 
101 -29 -29 -95 -75 66 42 46 32 -100 -65 50 -104 -12 -45 -5 
-80 69 65 75 39 -92 101 96 92 52 Input angle :212
Zaxis angle :25 
minval :0 

minval :0 



-14 -19 20 -12 10 22 -22 9 -6 -23 24 -4 3 23 -23 1 
-94 57 39 51 39 -63 -30 -16 -4 126 22 -37 109 -10 22 -11 
63 -90 -56 -31 -11 74 34 3 -50 -115 -4 44 -97 51 -16 20 
-23 108 64 6 -21 -71 -32 12 90 89 -13 -41 65 -87 7 -24 
-24 -107 -61 20 47 57 24 -24 -116 -48 28 33 -23 107 4 25 
66 88 46 -44 -68 -30 -10 -31 68 -3 Input angle :209
Zaxis angle :36 
minval :0 

minval :0 



8 16 -17 6 -4 -18 18 -3 1 18 -18 0 1 -18 18 3 
81 -66 -63 -73 -44 91 50 19 -8 -106 -32 83 -103 19 -18 5 
-52 91 87 40 2 -101 -53 3 55 91 -10 -88 83 -62 14 -12 
1 -105 -96 0 44 91 47 -25 -87 -60 44 77 -51 90 -8 17 
36 99 89 -36 -75 -67 -31 43 104 19 -70 -54 9 -104 1 -19 
-72 -76 -66 70 97 29 -58 -36 -36 12 Input angle :212
Zaxis angle :25 
minval :0 

minval :0 



-13 6 -5 -14 14 -4 3 14 -15 2 0 -15 15 0 -2 14 
34 100 90 -36 -71 -72 -39 34 102 28 -63 -67 15 -103 -4 -15 
-69 -80 -68 69 94 36 21 -47 -105 15 85 34 24 101 11 11 
98 40 35 -91 -101 4 -1 52 90 -56 -92 4 -64 -82 -14 -6 
-106 -1 5 97 90 -45 -17 -48 -62 86 83 -39 90 51 16 0 
95 -46 -39 -89 -62 80 117 48 97 -53 Input angle :212
Zaxis angle :29 
minval :0 

minval :0 



1 25 -25 0 1 -25 25 3 -5 24 -24 -7 10 -23 22 12 
82 -66 -39 -53 -26 57 27 19 4 -123 -18 40 -109 14 -26 -1 
-49 92 57 34 4 -62 -32 -8 46 114 0 -44 93 -58 24 -9 
9 -104 -66 -5 27 56 32 -6 -94 -80 19 39 -63 91 -17 19 
34 99 63 -22 -45 -43 -27 19 117 37 -32 -30 23 -108 9 -24 
-70 -78 -50 43 60 19 10 126 -15 2 Input angle :212
Zaxis angle :32 
minval :0 

minval :0 



-4 11 -10 -5 6 -10 9 7 -7 8 -8 -8 8 -8 7 9 
54 13 6 -34 -32 11 4 14 47 -43 -21 6 -45 -31 -11 -5 
-54 9 7 34 25 -23 -10 -11 -26 59 17 -13 53 12 12 1 
46 -30 -21 -27 -13 31 13 7 0 -64 -9 20 -54 8 -11 3 
-29 46 31 16 1 -34 -15 -1 25 59 1 -22 47 -29 9 -8 
8 -54 -35 -3 14 31 127 -82 101 -22 Input angle :212
Zaxis angle :29 
minval :0 

minval :0 



12 22 -23 9 -6 -24 24 -4 2 25 -24 1 0 -25 24 2 
88 -64 -45 -54 -22 64 28 12 0 -126 -19 40 -108 29 -25 8 
-51 95 64 29 -5 -68 -31 0 56 112 1 -45 88 -68 19 -17 
10 -108 -71 0 32 60 28 -12 -96 -81 16 42 -52 99 -10 24 
40 100 65 -26 -56 -38 -21 22 121 31 -32 -31 6 -111 0 -26 
-75 -78 -48 52 66 16 15 94 121 5 Input angle :212
Zaxis angle :32 
minval :0 

minval :0 



33 -18 15 34 -35 12 -9 -36 37 -6 1 37 -38 -1 4 -37 
-45 -95 -85 55 79 61 43 -51 -104 -18 67 67 8 105 13 36 
81 68 55 -84 -99 -18 -17 65 103 -25 -88 -34 -49 -93 -27 -28 
-102 -29 -19 99 98 -19 -10 -66 -84 65 95 -4 84 64 36 14 
105 -14 -25 -97 -84 55 36 56 53 -91 -85 41 -103 -23 -39 0 
-90 55 59 81 50 -87 -60 -97 -75 52 Input angle :212
Zaxis angle :25 
minval :0 

minval :0 



-8 -42 44 -4 1 43 -44 -2 5 -42 43 6 -10 43 -41 -13 
-79 69 66 76 36 -92 -51 -22 10 105 40 -73 101 -29 44 0 
43 -96 -92 -41 6 97 56 4 -50 -92 -10 83 -80 68 -37 22 
-5 105 101 0 -42 -88 -51 22 85 62 -24 -80 45 -95 26 -34 
-39 -97 -93 39 74 63 38 -40 -101 -27 56 61 -6 105 -10 42 
77 71 70 -73 -93 -27 57 -109 -90 -11 Input angle :212
Zaxis angle :25 
minval :0 

minval :0 



-7 -30 30 -4 1 31 -31 0 2 -31 30 5 -7 30 -29 -10 
-89 60 44 60 27 -55 -27 -16 -9 122 23 -37 113 -16 32 -3 
57 -91 -64 -38 -1 62 32 2 -43 -115 -5 43 -95 62 -28 16 
-17 106 74 7 -22 -58 -30 9 87 86 -13 -41 60 -96 18 -26 
-28 -104 -70 24 45 42 23 -22 -114 -44 29 32 -16 112 -8 31 
68 83 55 -50 -58 -22 -20 113 4 -2 Input angle :212
Zaxis angle :29 
minval :0 

minval :0 



-30 0 3 -30 29 5 -8 29 -27 -11 13 -27 26 14 -16 24 
72 77 53 -43 -55 -13 -17 23 116 -8 -36 -16 -27 -109 5 -30 
-99 -40 -32 59 56 -10 7 -28 -104 52 40 0 63 92 7 30 
106 -2 5 -68 -48 31 4 29 71 -91 -37 16 -96 -58 -20 -23 
-95 46 22 64 31 -47 -15 -25 -29 113 28 -29 112 11 27 14 
71 -79 -47 -49 -6 56 -57 95 -33 -30 Input angle :210
Zaxis angle :32 
minval :0 

minval :0 



-32 -17 21 -30 28 24 -26 25 -23 -28 30 -21 19 31 -33 16 
-5 114 68 5 -23 -58 -33 2 87 93 -2 -43 65 -101 24 -29 
-40 -106 -63 23 45 42 28 -17 -119 -45 21 37 -18 119 -8 37 
77 83 49 -46 -58 -21 -19 27 127 -1 -34 -26 -30 -117 -6 -37 
-105 -42 -27 62 62 -3 7 -33 -114 55 42 10 74 94 21 31 
114 -4 -4 -68 -54 31 64 49 80 -25 Input angle :212
Zaxis angle :20 
minval :0 

minval :0 



-32 0 3 -32 32 5 -9 32 -30 -11 14 -29 28 15 -18 27 
37 110 65 -25 -53 -45 -31 20 118 44 -24 -42 10 -118 5 -33 
-78 -86 -49 50 68 19 21 -31 -126 5 39 28 44 110 8 32 
109 42 22 -66 -69 12 -4 37 109 -63 -47 -11 -80 -89 -22 -26 
-116 4 5 69 62 -36 -9 -35 -79 98 47 -11 112 40 30 14 
103 -53 -32 -62 -40 59 112 48 105 -31 Input angle :16
Zaxis angle :0 
minval :0 

minval :0 



-5 -29 30 -2 0 30 -30 -2 4 -30 29 7 -10 28 -27 -11 
-70 78 45 51 17 -55 -27 -10 19 125 17 -36 117 -30 31 -1 
35 -99 -61 -29 5 57 29 0 -70 -104 -1 39 -98 71 -27 14 
10 104 68 1 -30 -49 -26 13 106 68 -15 -37 53 -108 18 -25 
-53 -90 -63 27 48 32 19 -21 -124 -20 29 27 -11 120 -7 30 
83 64 43 -52 -56 -12 -27 -111 -36 -10 Input angle :212
Zaxis angle :25 
minval :0 

minval :0 



9 30 -31 8 -5 -32 32 -1 0 32 -32 -2 6 -31 30 9 
63 -95 -62 -31 -2 62 27 4 -38 -113 3 41 -99 48 -33 5 
-21 113 69 5 -25 -57 -27 6 80 88 -20 -35 69 -85 27 -17 
-24 -111 -66 23 45 43 21 -16 -109 -51 32 25 -30 106 -17 28 
72 88 50 -48 -58 -23 -12 24 120 2 -40 -8 -12 -110 6 -32 
-102 -52 -26 64 62 -2 74 14 -119 12 Input angle :217
Zaxis angle :25 
minval :0 

minval :0 



-12 0 0 -12 11 1 -2 12 -11 -2 4 -11 11 5 -6 10 
30 52 26 -18 -26 -20 -10 9 63 9 -14 -19 0 -52 0 -12 
-49 -33 -17 26 31 5 6 -12 -61 17 21 11 20 48 4 11 
59 9 4 -31 -31 7 -1 13 49 -40 -23 -2 -36 -38 -8 -9 
-58 13 9 30 26 -19 -4 -13 -27 58 22 -8 48 19 11 4 
48 -36 -20 -24 -15 28 36 0 -83 -33 Input angle :212
Zaxis angle :20 
minval :0 

minval :0 



32 27 -30 29 -26 -33 35 -23 21 36 -38 17 -12 -40 41 -7 
-32 -99 -100 0 74 61 41 0 -93 -45 33 55 -50 91 -33 26 
70 77 91 -42 -91 -30 -37 15 104 1 -52 -39 9 -103 19 -38 
-96 -41 -63 77 95 -12 28 -29 -96 38 63 14 37 97 -3 42 
104 0 29 -96 -82 49 -13 38 71 -75 -63 13 -69 -77 -15 -39 
-95 44 18 98 53 -80 -32 126 19 49 Input angle :1
Zaxis angle :0 
minval :0 

minval :0 



23 -4 3 23 -23 1 0 -24 23 2 -4 23 -22 -6 9 -22 
-115 -30 -35 63 65 -22 1 -19 -102 64 48 3 63 84 2 24 
118 -13 2 -72 -50 47 7 18 64 -101 -44 17 -91 -54 -13 -20 
-99 64 27 67 25 -64 -14 -13 -20 118 34 -34 105 8 20 13 
64 -100 -51 -50 2 69 19 6 -35 -115 -18 44 -100 34 -24 -3 
-24 116 67 26 -28 -63 63 -15 -110 22 Input angle :212
Zaxis angle :32 
minval :0 

minval :0 



-30 28 -25 -33 34 -23 20 36 -37 17 -14 -39 40 -9 5 41 
104 21 39 -92 -92 32 4 45 83 -66 -90 17 -69 -79 -22 -35 
-105 20 -4 100 77 -62 -20 -40 -52 93 73 -56 93 48 35 23 
84 -65 -36 -93 -41 89 36 27 9 -106 -46 80 -104 -6 -41 -8 
-54 92 69 73 2 -98 -43 -12 34 101 15 -91 97 -39 41 -9 
13 -106 -94 -35 37 91 -72 61 101 -39 Input angle :212
Zaxis angle :29 
minval :0 

minval :0 



-31 0 2 -31 31 6 -8 30 -29 -11 13 -28 27 16 -17 26 
62 90 53 -48 -52 -17 -10 21 118 5 -21 -18 0 -107 6 -31 
-90 -60 -29 65 56 -5 0 -23 -111 39 27 7 41 100 8 31 
107 21 -1 -71 -48 27 8 22 84 -81 -28 3 -78 -75 -20 -24 
-107 25 29 65 33 -46 -17 -16 -45 109 24 -15 102 36 28 15 
86 -67 -54 -46 -12 55 -11 47 79 -30 Input angle :217
Zaxis angle :25 
minval :0 

minval :0 



32 -18 15 34 -35 11 -8 -36 37 -5 2 37 -37 -1 4 -37 
-105 7 -23 97 89 -38 -18 -45 -66 82 67 -17 79 66 13 35 
92 -50 -14 -99 -66 71 34 34 29 -101 -54 43 -98 -32 -26 -27 
-70 79 52 84 28 -93 -46 -15 16 104 31 -62 102 -12 35 13 
25 -102 -81 -57 11 97 48 -5 -58 -87 -5 69 -87 55 -37 0 
18 104 98 20 -48 -85 -67 -126 122 29 Input angle :212
Zaxis angle :20 
minval :0 

minval :0 



22 21 -23 19 -17 -25 27 -14 12 28 -28 10 -7 -29 29 -5 
27 -120 -62 -15 14 59 35 -4 -71 -109 3 45 -76 66 -26 17 
20 121 62 -12 -39 -48 -30 17 107 74 -23 -39 41 -91 16 -27 
-68 -103 -53 34 55 28 20 -29 0 -23 35 28 0 100 -4 31 
102 67 34 -54 -61 -4 -7 35 126 -33 -44 -12 -36 -94 -9 -30 
-121 -19 -8 63 58 -20 95 -98 108 20 Input angle :212
Zaxis angle :25 
minval :0 

minval :0 



-31 -5 8 -31 30 10 -13 29 -28 -15 18 -26 25 20 -22 23 
30 102 99 -12 -61 -80 -35 49 93 52 -42 -73 37 -97 9 -31 
-70 -81 -87 49 90 44 12 -59 -105 -9 69 47 5 104 4 32 
97 44 63 -78 -100 -2 10 60 100 -35 -82 -15 -47 -93 -16 -28 
-107 -2 -20 98 93 -37 -35 -49 -78 71 82 -20 79 68 26 19 
98 -42 -19 -98 -71 71 75 -127 38 -49 Input angle :212
Zaxis angle :20 
minval :0 

minval :0 



-36 -19 21 -35 33 23 -26 31 -27 -29 32 -24 21 34 -35 18 
58 88 98 -24 -76 -60 -15 33 102 25 -46 -47 19 -102 21 -35 
-91 -53 -76 66 96 18 0 -37 -103 22 61 24 27 100 -6 40 
105 14 44 -91 -96 20 14 34 83 -65 -65 2 -66 -80 -10 -39 
-102 27 -3 101 77 -60 -26 -26 -54 90 58 -30 90 51 25 32 
82 -66 -39 -93 -49 85 108 -112 -13 -53 Input angle :209
Zaxis angle :20 
minval :0 

minval :0 



-26 0 1 -26 25 4 -6 25 -24 -8 10 -23 23 12 -14 22 
73 91 62 -38 -55 -29 -13 18 120 13 -20 -22 -4 -101 2 -27 
-102 -57 -40 61 62 2 4 -21 -116 37 27 13 47 90 7 26 
117 7 14 -71 -57 21 3 22 92 -78 -30 0 -79 -63 -17 -20 
-109 40 17 71 44 -43 -12 -18 -49 111 27 -11 99 23 25 11 
83 -82 -45 -57 -23 57 8 -96 125 -31 Input angle :212
Zaxis angle :20 
minval :0 

minval :0 



-18 17 -16 -19 20 -14 13 21 -22 11 -10 -23 24 -7 4 25 
106 33 20 -63 -66 11 0 27 103 -66 -33 -15 -61 -70 -15 -21 
-110 11 5 66 56 -37 -10 -25 -68 102 37 0 84 38 22 13 
97 -55 -33 -57 -37 56 19 18 26 -120 -33 14 -93 -2 -26 -3 
-64 91 52 40 11 -66 -26 -8 29 119 25 -27 85 -35 25 -6 
23 -108 -64 -12 18 64 -51 94 -14 -25 Input angle :212
Zaxis angle :25 
minval :0 

minval :0 



-14 -19 20 -13 11 21 -21 10 -8 -23 23 -6 4 23 -24 1 
-42 103 62 27 -6 -68 -30 -3 53 109 14 -33 72 -56 21 -12 
0 -112 -68 0 30 61 29 -8 -94 -75 0 36 -45 79 -14 20 
42 103 62 -27 -53 -43 -23 19 117 33 -12 -34 8 -91 6 -24 
-81 -76 -45 50 66 16 14 -26 -120 12 26 25 30 86 4 24 
106 33 21 -65 -67 12 -97 -79 -51 -17 Input angle :212
Zaxis angle :14 
minval :0 

minval :0 



22 -4 2 23 -23 0 1 -23 23 3 -4 23 -22 -6 8 -22 
-64 -94 -55 39 57 36 16 -24 -120 -19 18 31 1 95 0 24 
93 63 34 -58 -68 -7 -5 29 115 -36 -30 -20 -45 -83 -11 -22 
-112 -15 -9 67 64 -23 -6 -28 -91 81 35 7 74 59 19 15 
109 -30 -20 -65 -50 46 17 23 55 -108 -35 9 -92 -22 -24 -5 
-86 73 46 50 26 -62 10 80 113 30 Input angle :212
Zaxis angle :14 
minval :0 

minval :0 



-24 -2 4 -23 23 5 -7 22 -22 -10 11 -20 20 12 -14 19 
27 110 65 -19 -46 -49 -23 18 108 53 -8 -36 24 -90 5 -24 
-70 -90 -50 46 63 24 14 -25 -121 -3 22 29 16 91 4 24 
102 49 30 -61 -68 1 -2 29 112 -45 -33 -15 -51 -78 -14 -20 
-114 -3 1 68 61 -28 -9 -27 -84 87 36 1 78 51 20 13 
106 -40 -26 -63 -45 49 -102 48 61 -29 Input angle :212
Zaxis angle :25 
minval :0 

minval :0 



-5 -24 24 -3 0 25 -25 -1 3 -24 24 5 -7 24 -22 -9 
-99 53 36 57 38 -55 -23 -18 -25 117 30 -15 95 3 26 -1 
66 -92 -56 -39 -11 66 29 7 -26 -118 -21 28 -87 37 -22 12 
-21 110 67 11 -18 -63 -28 7 75 94 8 -34 64 -70 15 -20 
-24 -110 -65 18 41 53 25 -17 -103 -62 6 34 -31 90 -6 24 
70 89 53 -42 -59 -31 -32 -63 -79 2 Input angle :212
Zaxis angle :25 
minval :0 

minval :0 



-24 -8 10 -22 21 12 -14 20 -20 -16 17 -17 16 19 -20 14 
11 113 68 -7 -33 -60 -26 9 97 74 -4 -40 38 -89 13 -23 
-56 -98 -60 33 57 39 19 -19 -120 -21 19 35 -2 97 -2 26 
94 64 40 -56 -68 -13 -9 26 120 -26 -33 -23 -40 -89 -8 -25 
-111 -25 -14 67 68 -15 -1 -27 -96 75 39 10 73 65 17 19 
112 -23 -15 -66 -54 43 -26 32 -40 -28 Input angle :212
Zaxis angle :20 
minval :0 

minval :0 



-12 -22 23 -11 9 24 -24 7 -4 -25 26 -1 0 26 -26 -2 
-73 86 50 46 13 -65 -27 -9 22 119 26 -31 82 -33 25 -9 
34 -107 -64 -22 15 65 28 0 -68 -99 -11 39 -64 62 -18 19 
15 112 67 -6 -42 -52 -25 12 102 66 -6 -40 33 -82 10 -24 
-57 -98 -60 33 57 33 18 -22 -119 -16 22 34 2 89 0 27 
94 62 41 -54 -66 -6 -40 -15 -56 -9 Input angle :212
Zaxis angle :20 
minval :0 

minval :0 



27 9 -12 26 -24 -14 16 -23 21 19 -20 20 -17 -23 23 -15 
10 -119 -62 -13 25 59 25 -7 -86 -80 0 35 -58 69 -15 25 
41 112 61 -14 -48 -43 -19 17 111 38 -15 -31 29 -86 4 -29 
-82 -86 -51 37 61 21 10 -23 -117 10 26 22 15 89 8 28 
110 45 32 -54 -63 5 0 26 105 -54 -33 -12 -48 -77 -19 -22 
-119 4 -6 63 56 -30 -37 30 25 23 Input angle :212
Zaxis angle :25 
minval :0 

minval :0 



3 13 -13 2 0 -14 12 1 0 12 -14 -1 4 -13 13 4 
5 -105 -94 -25 43 89 37 -23 -78 -72 30 81 -74 71 -13 1 
35 100 97 -12 -73 -67 -22 37 100 34 -62 -60 36 -96 10 -7 
-73 -76 -85 48 94 33 8 -42 -106 5 80 34 2 103 -6 10 
98 39 55 -81 -100 10 11 43 91 -54 -87 3 -43 -93 2 -13 
-106 5 -14 97 85 -52 -10 29 -103 41 Input angle :212
Zaxis angle :29 
minval :0 

minval :0 



16 2 -2 17 -16 -4 7 -15 15 8 -9 14 -13 -10 11 -13 
-93 -49 -68 68 98 16 7 -43 -102 26 77 33 37 96 -5 16 
105 10 36 -89 -95 25 12 41 84 -63 -84 6 -77 -68 -2 -18 
-99 36 6 96 75 -64 -28 -32 -52 92 73 -38 99 27 9 14 
77 -72 -45 -85 -43 88 38 20 10 -105 -54 63 -102 11 -15 -8 
-42 97 73 61 8 -99 16 -15 -16 49 Input angle :209
Zaxis angle :20 
minval :0 

minval :0 



-5 10 -10 -6 7 -9 9 7 -8 8 -7 -9 10 -6 5 10 
61 33 16 -28 -35 -4 1 16 64 -19 -24 -6 -23 -47 -10 -7 
-69 -5 -3 32 35 -8 -7 -14 -51 43 24 -3 41 32 12 3 
65 -22 -10 -30 -27 22 13 10 31 -60 -20 13 -50 -14 -12 2 
-50 47 21 24 15 -32 -15 -4 -6 67 14 -20 52 -8 10 -7 
27 -63 -29 -13 -2 35 66 127 52 -32 Input angle :212
Zaxis angle :20 
minval :0 

minval :0 



21 26 -27 19 -16 -28 30 -13 11 31 -32 8 -5 -33 33 -3 
33 -100 -81 -57 -9 100 48 2 -42 -97 -16 89 -88 55 -29 16 
9 106 96 22 -27 -97 -46 15 76 74 -18 -88 60 -84 21 -26 
-47 -95 -97 17 64 78 35 -33 -100 -33 55 72 -17 102 -7 33 
83 66 81 -57 -91 -42 -18 45 106 -11 -79 -43 -26 -100 -6 -33 
-104 -21 -48 86 101 0 24 -83 -96 25 Input angle :209
Zaxis angle :20 
minval :0 

minval :0 



25 -29 26 28 -30 24 -21 -32 34 -18 15 35 -36 12 -8 -37 
-99 -40 -54 83 100 13 0 -58 -98 41 88 15 58 86 25 30 
106 -8 13 -98 -95 32 22 54 70 -80 -86 24 -86 -58 -34 -18 
-95 49 25 96 77 -64 -41 -41 -31 101 70 -55 103 14 39 3 
67 -83 -60 -78 -43 91 55 16 -8 -106 -41 80 -101 24 -37 12 
-29 103 88 45 2 -100 -111 -47 4 47 Input angle :209
Zaxis angle :20 
minval :0 

minval :0 



38 -20 18 39 -41 13 -10 -43 44 -5 2 43 -43 0 4 -44 
-104 -17 -32 95 98 -4 10 -53 -83 63 76 5 72 75 12 42 
102 -27 -2 -100 -87 45 13 53 55 -89 -72 24 -96 -39 -29 -32 
-82 67 45 89 61 -77 -34 -43 -14 104 54 -53 104 -1 40 17 
50 -92 -80 -60 -27 94 48 26 -32 -100 -31 70 -96 39 -43 -2 
-9 105 96 26 -15 -96 33 66 -9 39 Input angle :212
Zaxis angle :29 
minval :0 

minval :0 



-25 -9 11 -24 22 14 -15 21 -20 -16 17 -19 17 19 -21 15 
38 108 61 -5 -44 -50 -11 15 108 46 -27 -22 37 -83 13 -23 
-79 -81 -53 30 62 25 2 -18 -117 5 34 9 0 91 -2 27 
105 42 38 -47 -66 0 3 18 105 -52 -35 6 -36 -83 -9 -25 
-114 6 -10 60 60 -28 -11 -15 -77 89 29 -19 67 61 17 20 
102 -51 -13 -59 -44 50 -126 -48 -93 -29 Input angle :212
Zaxis angle :20 
minval :0 

minval :0 



27 0 -2 27 -27 -4 6 -27 25 9 -11 25 -24 -13 15 -22 
-85 -83 -49 32 62 24 4 -22 -125 2 40 12 13 87 -4 28 
112 41 33 -50 -66 5 5 22 112 -56 -42 4 -49 -74 -7 -27 
-120 8 -8 59 57 -34 -14 -18 -82 95 36 -22 75 47 18 21 
105 -57 -16 -57 -39 53 21 10 30 -122 -24 35 -87 -12 -25 -12 
-70 96 39 45 14 -65 93 16 -19 30 Input angle :212
Zaxis angle :20 
minval :0 

minval :0 



11 26 -27 8 -6 -28 28 -3 0 28 -28 -2 4 -28 27 6 
50 -99 -49 -37 5 67 15 -3 -50 -106 3 31 -77 38 -29 6 
0 111 60 16 -31 -60 -12 9 88 77 -15 -27 58 -64 23 -17 
-43 -102 -61 10 53 41 7 -13 -113 -30 25 17 -23 83 -13 26 
79 77 52 -33 -65 -17 -1 15 115 -19 -30 -5 -8 -86 3 -29 
-104 -38 -32 52 67 -8 112 110 -58 15 Input angle :212
Zaxis angle :29 
minval :0 

minval :0 



6 33 -34 3 0 -34 34 4 -6 34 -32 -9 12 -32 30 14 
87 -78 -34 -54 -14 69 14 1 -15 -118 -5 32 -87 9 -35 0 
-42 108 53 35 -14 -69 -14 4 63 102 -8 -31 75 -45 31 -16 
-3 -116 -63 -11 43 55 11 -10 -100 -66 20 24 -54 70 -23 26 
51 104 62 -15 -62 -33 -6 14 118 18 -29 -14 21 -85 11 -33 
-89 -75 -48 41 70 9 39 94 -3 6 Input angle :214
Zaxis angle :29 
minval :0 

minval :0 


