
-22 -15 16 -21 20 18 -19 19 -17 -21 23 -14 12 24 -24 10 
24 117 63 0 -52 -49 -12 18 102 42 -28 -21 40 -79 18 -21 
-72 -94 -56 27 67 23 4 -21 -111 0 34 9 -1 88 -8 26 
105 55 41 -47 -71 5 5 21 101 -45 -34 6 -34 -82 -1 -27 
-119 -8 -20 59 60 -37 -13 -17 -73 83 29 -21 62 63 14 24 
111 -41 -8 -62 -43 56 -122 -112 -84 -27 Input angle :212
Zaxis angle :29 
minval :0 

minval :0 



23 -16 13 24 -25 11 -8 -26 26 -5 3 27 -27 1 0 -27 
-104 -36 -33 66 61 -21 6 -25 -95 60 28 0 41 84 11 26 
110 -8 2 -74 -49 42 4 25 64 -92 -25 12 -74 -57 -21 -19 
-99 47 26 69 25 -59 -13 -22 -24 110 18 -20 90 24 26 9 
68 -86 -51 -54 0 65 21 13 -23 -111 -8 26 -92 17 -28 3 
-25 107 67 29 -27 -59 16 17 -113 22 Input angle :217
Zaxis angle :25 
minval :0 

minval :0 



-21 10 -8 -22 23 -7 5 24 -24 2 0 -24 24 1 -2 24 
99 18 25 -58 -64 21 -3 23 91 -65 -30 4 -50 -72 -7 -23 
-98 23 -1 63 50 -45 -6 -23 -58 95 26 -16 74 47 16 18 
84 -57 -25 -58 -29 60 14 19 13 -110 -16 26 -87 -12 -22 -10 
-50 87 46 42 1 -67 -21 -11 32 106 6 -30 83 -26 24 0 
11 -101 -60 -19 26 62 -46 -18 -87 -21 Input angle :217
Zaxis angle :20 
minval :0 

minval :0 



-13 0 1 -14 14 2 -4 13 -12 -5 6 -12 11 7 -8 10 
34 52 24 -16 -27 -18 -11 17 67 8 -15 -13 2 -45 2 -14 
-51 -35 -15 24 33 6 1 -20 -65 20 19 5 15 43 2 14 
61 10 3 -29 -32 8 6 20 51 -45 -20 2 -32 -33 -8 -11 
-60 15 9 27 27 -20 -14 -16 -30 61 17 -11 43 16 12 7 
47 -41 -19 -21 -15 30 -5 15 4 -34 Input angle :212
Zaxis angle :25 
minval :0 

minval :0 



-22 27 -25 -24 26 -23 21 28 -29 19 -17 -30 32 -15 11 33 
96 43 49 -85 -94 -25 25 49 91 -53 -82 2 -51 -90 -25 -25 
-106 1 -8 98 95 -21 -44 -34 -59 88 72 -40 88 55 33 13 
96 -43 -33 -93 -81 54 54 12 19 -104 -49 66 -102 -19 -36 2 
-68 81 65 73 48 -84 -55 8 25 103 17 -80 101 -22 32 -15 
28 -102 -92 -33 -11 97 -8 93 56 -42 Input angle :14
Zaxis angle :0 
minval :0 

minval :0 



30 25 -27 27 -25 -30 32 -23 20 33 -34 18 -15 -35 37 -12 
-57 -90 -89 37 78 56 61 -52 -105 1 70 43 2 103 -28 26 
89 59 61 -74 -94 -18 -31 74 96 -42 -81 -15 -44 -93 16 -35 
-106 -16 -26 93 94 -21 -1 -80 -67 80 80 -20 79 65 0 38 
105 -23 -7 -96 -78 56 31 74 34 -99 -64 52 -99 -27 -15 -35 
-81 69 52 81 44 -86 103 -112 57 52 Input angle :214
Zaxis angle :32 
minval :0 

minval :0 



25 -10 9 26 -26 7 -4 -27 27 -2 0 28 -27 -3 5 -26 
102 28 -42 -2 -33 -26 12 65 99 -19 -67 0 -35 -24 6 27 
-104 19 40 -16 41 11 -38 -54 -86 53 62 -27 42 8 -14 -23 
88 -58 -29 31 -42 8 59 30 50 -88 -45 51 -41 10 24 14 
-52 92 14 -40 35 -25 -65 -7 -10 101 19 -65 33 -25 -27 -3 
11 -105 3 43 -22 37 -111 -49 -126 -25 Input angle :209
Zaxis angle :0 
minval :0 

minval :0 



41 -29 26 44 -46 21 -18 -48 48 -15 10 49 -50 6 0 -50 
54 -57 4 47 -3 14 18 -31 16 -72 -6 48 25 -14 22 45 
-26 74 -21 -41 -2 -15 -4 36 15 73 -14 -46 -16 24 -37 -34 
-6 -79 36 30 7 13 -11 -35 -43 -61 32 36 6 -27 48 16 
38 69 -45 -12 -12 -9 24 27 64 38 -43 -24 4 28 -51 4 
-63 -48 47 -7 14 2 -41 -34 -18 -4 Input angle :176
Zaxis angle :0 
minval :0 

minval :0 



16 -36 34 19 -21 33 -31 -25 27 -28 25 31 -32 23 -20 -34 
22 -60 10 34 5 17 2 -16 -10 -66 9 44 17 -21 32 22 
3 64 -23 -26 -11 -14 3 15 37 56 -26 -36 -7 26 -39 -8 
-26 -58 33 16 16 8 -8 -12 -56 -36 37 25 -3 -27 38 -8 
49 39 -34 1 -17 0 14 8 65 13 -44 -7 15 22 -32 23 
-61 -17 33 -13 17 -6 -4 -98 -107 4 Input angle :176
Zaxis angle :14 
minval :0 

minval :0 



-40 3 0 -40 40 3 -6 39 -38 -9 12 -38 37 16 -20 34 
-70 19 27 -28 9 -16 -15 6 -42 45 24 -32 -27 4 3 -39 
57 -46 -12 37 -2 19 11 -11 18 -59 -11 39 23 -14 12 38 
-33 65 -4 -39 -5 -18 -6 15 5 62 -6 -40 -14 23 -26 -30 
5 -73 19 34 12 15 0 -16 -29 -55 24 33 4 -27 36 16 
24 69 -31 -25 -17 -8 -54 -32 90 9 Input angle :185
Zaxis angle :0 
minval :0 

minval :0 



11 42 -43 7 -4 -43 43 -2 -1 44 -43 -5 8 -43 41 13 
30 61 -33 -19 -13 -10 4 19 57 31 -35 -25 5 16 -43 5 
-52 -44 38 6 16 3 -11 -15 -64 -7 42 10 -11 -12 38 -22 
65 19 -38 8 -16 2 17 10 62 -19 -42 8 15 7 -24 36 
-67 6 30 -25 13 -9 -20 -2 -49 43 36 -24 -17 0 11 -42 
59 -32 -18 34 -10 13 108 64 -14 -16 Input angle :189
Zaxis angle :14 
minval :0 

minval :0 



-26 -42 44 -21 19 45 -47 16 -11 -48 49 -6 1 49 -49 -2 
-45 -57 37 17 18 1 -17 -16 -58 -29 41 13 -14 -17 46 -18 
63 36 -41 -1 -17 5 23 8 65 2 -44 3 20 10 -35 34 
-73 -6 37 -16 13 -11 -24 1 -58 28 38 -21 -22 0 18 -46 
69 -23 -29 30 -7 16 21 -10 45 -46 -28 34 20 -8 0 49 
-58 45 14 -38 0 -18 -93 -1 110 15 Input angle :172
Zaxis angle :0 
minval :0 

minval :0 



-44 3 0 -45 45 4 -8 44 -44 -12 16 -43 41 18 -21 39 
-77 14 29 -25 4 -17 -25 8 -45 47 31 -33 -22 2 4 -44 
64 -44 -17 35 3 17 20 -16 23 -61 -17 42 20 -10 14 42 
-43 65 1 -39 -9 -15 -11 24 5 65 -2 -45 -14 17 -28 -34 
12 -77 14 35 14 10 0 -26 -29 -59 19 41 6 -21 40 19 
17 76 -27 -28 -17 -3 -50 112 -127 10 Input angle :195
Zaxis angle :14 
minval :0 

minval :0 



34 -18 15 36 -37 13 -10 -38 38 -6 3 39 -40 -1 3 -38 
55 -38 -12 38 -1 12 11 -15 16 -64 -17 44 26 1 11 37 
-39 55 -2 -39 -4 -11 -4 18 9 66 0 -47 -23 9 -25 -30 
10 -67 17 35 7 9 -3 -18 -35 -57 20 43 18 -18 35 16 
14 66 -31 -24 -11 -4 10 15 56 37 -36 -30 -10 23 -39 -3 
-39 -55 37 11 12 0 -12 -98 -85 -4 Input angle :178
Zaxis angle :0 
minval :0 

minval :0 



-38 -8 10 -37 37 13 -16 35 -33 -19 22 -31 28 26 -28 26 
-70 5 35 -17 15 -15 -23 7 -55 38 41 -30 -16 -10 15 -35 
63 -29 -26 29 -7 19 19 -16 33 -58 -24 45 19 2 1 38 
-45 53 11 -38 -2 -21 -10 22 -9 66 3 -51 -19 5 -17 -34 
19 -67 3 39 9 18 0 -25 -17 -64 16 48 15 -12 28 26 
7 69 -20 -34 -15 -14 -84 -16 -34 12 Input angle :175
Zaxis angle :14 
minval :0 

minval :0 



49 2 -6 49 -48 -10 13 -47 46 18 -22 44 -41 -26 29 -39 
73 -17 -24 27 -5 17 19 -22 45 -57 -12 37 25 -1 -12 47 
-58 48 12 -34 -2 -18 -10 28 -21 69 -1 -39 -23 11 -9 -48 
34 -66 5 35 10 15 -2 -30 -6 -72 18 34 17 -19 27 41 
-7 75 -17 -31 -15 -10 15 26 33 64 -29 -25 -7 24 -40 -28 
-24 -71 28 23 18 4 19 111 29 -11 Input angle :176
Zaxis angle :14 
minval :0 

minval :0 



-26 -58 61 -21 14 62 -64 9 -3 -64 64 0 -8 64 -62 -13 
-43 -70 36 17 24 3 -37 -18 -64 -33 43 5 -7 -16 63 -12 
67 47 -39 0 -23 7 41 3 72 6 -42 11 13 13 -52 36 
-81 -16 37 -14 19 -15 -39 14 -68 23 34 -26 -17 -7 32 -55 
81 -16 -26 29 -11 21 30 -27 53 -49 -20 38 19 -1 -10 63 
-68 46 14 -37 0 -25 -116 31 -52 16 Input angle :170
Zaxis angle :0 
minval :0 

minval :0 



-50 28 -23 -52 54 -18 12 55 -57 8 -4 -57 57 0 -5 56 
-54 58 0 -45 6 -19 -21 42 -8 73 -6 -51 -13 17 -17 -54 
26 -75 18 41 1 20 1 -47 -18 -70 27 43 5 -21 36 43 
8 79 -32 -31 -8 -17 15 44 47 56 -42 -27 2 22 -50 -27 
-36 -70 41 17 15 12 -31 -35 -64 -34 50 8 -12 -18 57 2 
61 51 -45 2 -19 -5 38 -15 -3 0 Input angle :176
Zaxis angle :14 
minval :0 

minval :0 



47 -34 29 50 -52 25 -20 -54 56 -15 11 58 -58 6 -1 -58 
46 -67 0 46 0 23 17 -33 9 -71 3 43 9 -17 26 51 
-19 79 -15 -43 -9 -21 -4 37 16 71 -17 -39 -2 19 -43 -39 
-15 -80 32 33 16 17 -10 -36 -45 -57 32 28 -6 -18 55 16 
45 67 -43 -17 -21 -7 24 28 64 33 -41 -12 12 15 -58 5 
-70 -41 46 -1 23 0 -38 -50 -23 -3 Input angle :176
Zaxis angle :0 
minval :0 

minval :0 



-28 -55 57 -24 19 59 -60 14 -10 -61 62 -5 0 62 -61 -5 
-50 -64 37 7 24 4 -25 -16 -69 -24 41 10 -15 -17 60 -16 
72 39 -36 8 -24 6 30 4 73 -3 -42 7 21 9 -46 41 
-82 -4 30 -22 20 -14 -30 6 -66 31 36 -22 -22 -1 27 -55 
78 -26 -18 32 -12 21 24 -18 47 -55 -24 35 21 -8 0 62 
-60 56 3 -37 3 -24 -85 127 -37 17 Input angle :172
Zaxis angle :0 
minval :0 

minval :0 



-58 -35 41 -55 52 45 -49 48 -43 -53 57 -38 31 61 -63 25 
-73 -35 41 -10 26 -7 -35 3 -74 2 41 -10 -18 -17 46 -51 
81 5 -34 24 -22 16 30 -17 67 -32 -32 26 23 8 -21 65 
-73 33 19 -37 13 -24 -20 28 -48 56 21 -36 -25 2 -5 -68 
57 -57 -2 42 -2 28 7 -34 23 -70 -3 42 22 -12 31 61 
-24 77 -13 -40 -8 -27 18 16 -58 18 Input angle :167
Zaxis angle :0 
minval :0 

minval :0 



-60 35 -31 -63 65 -25 20 67 -69 13 -7 -70 70 0 -5 69 
-58 55 6 -36 2 -30 -13 37 -27 67 8 -41 -20 8 -23 -65 
33 -72 8 35 10 28 -4 -40 -2 -72 10 40 14 -16 48 50 
-4 80 -21 -29 -19 -23 19 35 29 66 -24 -34 -7 20 -63 -30 
-31 -74 32 17 27 12 -32 -24 -56 -45 36 22 0 -22 70 2 
55 58 -36 -4 -30 -1 21 -63 11 6 Input angle :172
Zaxis angle :0 
minval :0 

minval :0 



41 45 -48 37 -33 -51 53 -29 25 55 -57 20 -15 -59 60 -8 
65 52 -38 4 -31 0 37 4 73 10 -35 -1 12 9 -51 32 
-79 -24 33 -19 29 -11 -35 11 -70 20 33 -13 -15 -3 33 -50 
83 -9 -23 30 -22 21 29 -23 57 -46 -25 25 15 -3 -13 59 
-70 45 9 -37 13 -28 -18 32 -32 66 13 -33 -12 8 -12 -59 
46 -69 6 37 0 30 32 -32 -118 -19 Input angle :163
Zaxis angle :0 
minval :0 

minval :0 



-36 -38 41 -33 29 45 -47 23 -19 -50 51 -15 11 53 -52 8 
-59 -54 44 8 25 0 -32 -7 -67 -19 38 -2 -16 -12 45 -26 
77 22 -44 10 -22 11 32 -7 70 -6 -35 17 19 4 -31 43 
-79 6 36 -26 16 -18 -27 19 -62 32 26 -28 -20 3 10 -52 
72 -34 -22 39 -7 24 17 -29 41 -56 -10 37 17 -11 10 52 
-49 63 3 -45 -3 -25 -58 47 67 17 Input angle :170
Zaxis angle :0 
minval :0 

minval :0 



60 -21 15 63 -64 11 -6 -64 64 0 -5 65 -64 -11 16 -62 
56 -48 -22 45 -13 13 21 -32 36 -64 -9 49 9 -7 11 63 
-36 64 3 -50 8 -18 -6 38 -9 73 -8 -49 -6 11 -36 -54 
5 -74 16 48 0 19 -9 -37 -18 -71 26 41 1 -12 52 37 
21 71 -35 -36 -7 -17 22 30 45 59 -41 -28 3 11 -62 -14 
-50 -53 45 21 13 14 -10 -98 0 -9 Input angle :158
Zaxis angle :14 
minval :0 

minval :0 



-38 -57 60 -34 30 62 -64 25 -20 -66 67 -14 8 68 -68 3 
-72 -43 38 10 20 1 -33 -5 -67 -5 47 -7 -6 -18 63 -27 
83 13 -39 5 -19 7 32 -7 64 -20 -40 25 13 14 -46 51 
-81 20 33 -20 14 -14 -27 19 -52 42 29 -38 -18 -7 23 -64 
67 -49 -23 31 -9 18 17 -29 31 -60 -11 47 19 0 2 68 
-43 71 10 -38 0 -20 -31 127 -16 16 Input angle :170
Zaxis angle :14 
minval :0 

minval :0 



-69 27 -19 -71 73 -10 4 74 -75 -1 5 -74 73 13 -19 71 
-62 41 25 -40 10 -17 -14 35 -45 63 11 -53 -17 5 -14 -72 
44 -60 -11 46 -3 20 0 -38 18 -75 10 53 14 -12 42 60 
-14 73 -9 -46 -5 -19 15 35 15 76 -27 -45 -8 17 -61 -42 
-13 -74 25 40 11 16 -26 -27 -45 -64 44 31 1 -19 72 17 
45 60 -39 -27 -17 -10 13 65 -13 9 Input angle :165
Zaxis angle :0 
minval :0 

minval :0 



30 -48 45 35 -39 42 -39 -41 45 -35 30 48 -51 26 -21 -52 
22 -68 3 43 2 16 0 -32 -11 -81 23 46 8 -26 42 38 
6 72 -19 -38 -8 -14 13 29 44 70 -38 -34 2 26 -53 -22 
-33 -64 34 26 14 8 -23 -22 -67 -46 48 16 -13 -22 56 -2 
56 46 -40 -13 -16 -2 31 10 80 16 -51 4 21 16 -51 25 
-69 -19 43 -5 16 -3 -68 62 97 4 Input angle :167
Zaxis angle :14 
minval :0 

minval :0 



51 -29 25 53 -55 20 -16 -57 58 -11 6 58 -59 2 2 -58 
45 -57 -15 37 -3 17 13 -24 19 -75 -1 46 12 -10 20 55 
-21 69 0 -40 -5 -18 -1 27 10 77 -16 -43 -6 14 -40 -43 
-7 -73 16 37 10 16 -8 -26 -40 -67 31 34 0 -15 53 25 
35 63 -30 -27 -15 -9 17 21 61 48 -42 -19 5 15 -59 -1 
-58 -45 38 13 17 2 -50 78 0 -4 Input angle :164
Zaxis angle :0 
minval :0 

minval :0 



-16 -67 69 -10 6 69 -70 -1 6 -69 69 13 -19 66 -64 -27 
-40 -74 40 28 18 5 -26 -21 -67 -46 53 19 2 -15 70 -5 
66 49 -47 -11 -19 1 31 9 81 14 -57 0 4 14 -63 29 
-81 -18 47 -8 17 -10 -32 4 -80 19 52 -22 -9 -11 44 -53 
83 -10 -38 27 -11 15 28 -17 66 -49 -37 42 13 6 -23 66 
-70 45 25 -40 4 -19 81 -1 119 17 Input angle :173
Zaxis angle :0 
minval :0 

minval :0 



37 61 -64 32 -27 -66 69 -20 15 69 -70 9 -1 -71 71 4 
62 53 -39 -15 -22 1 33 8 76 22 -54 3 7 20 -67 24 
-78 -24 42 -1 20 -11 -33 4 -79 6 50 -21 -13 -16 52 -48 
81 -8 -38 17 -15 17 29 -17 69 -38 -37 39 19 9 -28 65 
-71 39 28 -32 8 -21 -20 27 -47 62 18 -51 -21 0 1 -71 
48 -66 -13 40 3 22 76 0 -108 -20 Input angle :170
Zaxis angle :14 
minval :0 

minval :0 



65 25 -31 63 -60 -37 41 -57 54 44 -49 50 -45 -54 57 -41 
84 5 -41 15 -17 14 34 -13 74 -26 -45 30 10 9 -37 59 
-80 27 34 -27 10 -20 -26 26 -58 54 28 -47 -12 -5 13 -69 
62 -57 -16 40 -1 23 16 -33 31 -73 -6 54 14 -1 16 68 
-35 77 2 -43 -6 -22 0 37 -2 79 -11 -53 -13 5 -40 -57 
0 -84 15 41 15 17 -114 -113 38 -19 Input angle :173
Zaxis angle :0 
minval :0 

minval :0 



-48 51 -47 -51 57 -41 35 60 -63 29 -26 -65 67 -22 18 67 
-33 74 0 -39 -6 -21 2 43 2 74 -17 -46 -10 11 -40 -56 
1 -81 14 37 14 17 -17 -39 -31 -68 34 36 5 -14 59 36 
34 73 -27 -28 -20 -9 32 28 55 50 -45 -19 0 15 -69 -13 
-59 -55 36 15 22 1 -41 -15 -70 -27 50 0 -6 -14 68 -15 
75 31 -40 0 -21 6 46 -47 29 -1 Input angle :172
Zaxis angle :14 
minval :0 

minval :0 



62 40 -45 58 -55 -50 53 -50 44 58 -61 41 -36 -63 66 -31 
81 18 -39 8 -20 7 35 -12 75 -14 -48 22 16 12 -52 52 
-82 17 33 -23 14 -16 -26 27 -63 43 34 -40 -20 -4 23 -69 
65 -52 -20 35 -7 20 13 -35 41 -65 -13 52 20 -4 9 73 
-40 73 4 -40 -1 -21 1 37 -13 75 -5 -53 -17 12 -32 -66 
9 -83 10 39 8 19 -77 -113 38 -19 Input angle :167
Zaxis angle :14 
minval :0 

minval :0 



55 -41 36 58 -60 31 -26 -63 65 -20 14 67 -67 9 -4 -67 
42 -66 -9 41 -1 20 5 -35 9 -75 6 53 17 -10 30 61 
-12 78 -7 -41 -5 -19 9 34 20 73 -26 -46 -11 16 -52 -44 
-20 -76 24 34 13 15 -21 -28 -47 -59 43 32 5 -19 64 22 
47 63 -35 -23 -17 -9 30 18 67 36 -52 -13 3 19 -68 5 
-67 -41 41 8 20 1 -51 -18 -90 -2 Input angle :209
Zaxis angle :14 
minval :0 

minval :0 



59 -13 8 60 -61 2 2 -61 61 6 -11 60 -58 -17 21 -56 
71 -39 -28 34 -10 20 18 -28 47 -60 -18 46 17 0 1 60 
-52 62 12 -43 1 -23 -6 33 -19 74 -2 -49 -16 6 -24 -55 
24 -78 6 45 7 21 -7 -32 -15 -75 21 44 11 -13 46 39 
10 80 -24 -38 -15 -17 19 27 40 65 -36 -33 -4 16 -57 -21 
-38 -71 36 27 21 9 -2 126 69 -11 Input angle :170
Zaxis angle :14 
minval :0 

minval :0 



-21 61 -58 -27 32 -56 54 36 -40 52 -48 -43 48 -43 38 52 
-1 80 -14 -45 -10 -14 20 35 25 67 -33 -39 -3 22 -55 -33 
-34 -74 29 37 14 10 -33 -24 -48 -52 45 22 -5 -22 64 7 
58 55 -42 -21 -17 -4 39 11 66 27 -50 0 14 18 -63 18 
-76 -27 47 3 17 -3 -41 5 -71 1 47 -16 -20 -12 50 -41 
80 -8 -44 16 -15 10 11 -15 -111 -7 Input angle :163
Zaxis angle :0 
minval :0 

minval :0 



6 -60 59 11 -16 58 -56 -21 25 -55 51 31 -35 48 -45 -38 
-17 -73 17 40 12 11 -25 -25 -37 -60 38 34 2 -21 57 19 
47 59 -34 -28 -16 -5 32 13 58 41 -48 -15 6 20 -60 5 
-65 -38 41 15 17 0 -35 0 -68 -16 50 -3 -13 -16 55 -26 
75 9 -44 3 -15 7 33 -12 70 -12 -45 23 18 9 -37 47 
-72 21 39 -18 11 -12 8 -33 22 9 Input angle :170
Zaxis angle :14 
minval :0 

minval :0 



-12 55 -53 -17 22 -51 49 26 -30 47 -44 -34 38 -41 38 41 
8 74 -19 -35 -15 -17 24 29 38 63 -41 -35 -4 21 -51 -22 
-42 -61 32 23 22 9 -33 -18 -59 -44 52 14 -3 -21 56 0 
60 43 -39 -8 -23 0 37 2 73 14 -54 6 11 18 -51 22 
-73 -14 40 -5 22 -8 -36 12 -73 13 49 -24 -17 -12 38 -41 
73 -13 -33 22 -16 16 -7 -48 -61 -11 Input angle :168
Zaxis angle :0 
minval :0 

minval :0 



-53 46 -41 -56 60 -36 29 63 -66 24 -18 -67 69 -13 7 69 
-42 69 2 -43 5 -30 3 38 -9 77 -4 -55 -18 2 -31 -62 
14 -79 11 42 7 30 -18 -33 -19 -75 26 49 16 -9 54 44 
19 78 -29 -32 -18 -25 29 24 46 61 -43 -34 -10 15 -67 -18 
-46 -66 40 18 27 16 -36 -10 -67 -38 53 15 3 -18 69 -9 
68 42 -44 0 -30 -4 52 1 74 2 Input angle :168
Zaxis angle :14 
minval :0 

minval :0 



56 -25 22 58 -59 18 -13 -61 61 -7 1 62 -62 -4 9 -61 
53 -57 -7 49 -16 22 12 -41 20 -77 -5 55 10 4 16 60 
-27 73 -10 -48 5 -27 5 42 9 79 -16 -52 -12 0 -37 -49 
-2 -78 28 40 5 26 -23 -36 -41 -68 35 41 10 -4 54 29 
32 71 -42 -25 -15 -23 33 26 64 47 -48 -25 -8 8 -62 -6 
-60 -49 48 7 23 15 -57 62 127 -6 Input angle :196
Zaxis angle :14 
minval :0 

minval :0 



31 -58 57 34 -38 55 -51 -43 46 -47 42 51 -56 36 -32 -58 
4 -82 25 42 1 34 -20 -40 -31 -73 30 47 12 -3 54 38 
26 77 -39 -31 -13 -32 33 30 59 53 -45 -33 -10 8 -64 -17 
-54 -61 48 13 24 24 -42 -15 -75 -26 54 12 6 -11 66 -10 
75 34 -49 8 -32 -12 45 -3 79 -4 -54 12 0 12 -56 35 
-82 1 41 -28 34 -3 -29 -2 16 9 Input angle :196
Zaxis angle :14 
minval :0 

minval :0 



-44 42 -38 -48 50 -35 31 53 -55 27 -23 -57 59 -17 12 59 
-32 76 -10 -50 9 -26 0 43 13 77 -10 -55 -6 1 -34 -51 
0 -83 28 42 0 28 -15 -39 -41 -66 31 46 5 -4 52 33 
31 76 -43 -27 -12 -25 31 29 63 46 -47 -30 -3 6 -60 -10 
-59 -57 50 9 20 19 -40 -14 -77 -14 55 9 1 -6 60 -13 
75 34 -49 10 -26 -9 54 -127 44 -4 Input angle :196
Zaxis angle :14 
minval :0 

minval :0 



36 -50 47 40 -44 43 -40 -48 51 -36 33 53 -56 27 -21 -57 
18 -77 16 47 -7 26 -7 -40 -22 -75 21 49 4 -4 44 44 
9 79 -34 -37 -2 -26 21 35 52 59 -37 -39 -2 6 -56 -27 
-40 -67 46 19 13 23 -32 -25 -70 -35 50 21 0 -7 62 -1 
65 45 -50 1 -22 -15 40 9 78 4 -54 1 3 6 -56 25 
-77 -17 45 -20 26 6 -45 46 65 6 Input angle :183
Zaxis angle :14 
minval :0 

minval :0 



49 30 -34 46 -43 -37 40 -40 36 44 -47 32 -28 -50 52 -23 
76 20 -39 18 -23 0 31 -8 74 -29 -45 15 3 1 -37 43 
-77 13 29 -32 20 -8 -24 21 -57 54 34 -32 -3 0 18 -54 
66 -43 -12 42 -16 15 14 -28 26 -74 -19 43 2 -1 2 57 
-44 65 -4 -43 7 -20 -1 32 5 79 1 -47 -2 2 -26 -50 
15 -77 20 39 0 23 -123 -113 -109 -19 Input angle :167
Zaxis angle :0 
minval :0 

minval :0 



53 23 -26 51 -49 -30 34 -46 43 39 -42 40 -36 -46 47 -32 
71 4 -37 22 -18 3 29 -11 69 -31 -42 24 15 0 -34 47 
-67 22 26 -34 15 -8 -22 21 -52 55 29 -38 -14 6 13 -56 
52 -49 -10 42 -10 14 11 -29 25 -71 -10 46 10 -11 11 56 
-29 64 -4 -43 3 -16 0 31 4 76 -8 -47 -5 15 -34 -46 
2 -71 24 36 2 17 103 63 105 -17 Input angle :158
Zaxis angle :14 
minval :0 

minval :0 



-38 43 -40 -43 45 -36 33 48 -50 29 -25 -53 55 -19 14 56 
-32 65 -9 -40 7 -17 0 33 9 79 -8 -46 0 13 -35 -46 
3 -72 24 33 0 19 -14 -30 -38 -70 26 38 -5 -13 50 29 
24 68 -35 -21 -7 -17 25 22 65 46 -39 -25 9 10 -58 -4 
-50 -51 41 4 13 13 -31 -9 -78 -15 46 6 -12 -5 55 -15 
66 28 -40 10 -18 -6 60 113 82 -4 Input angle :154
Zaxis angle :0 
minval :0 

minval :0 



-58 6 -2 -58 58 0 -4 57 -57 -10 15 -56 54 20 -24 52 
-72 31 17 -38 15 -15 -17 22 -41 65 20 -38 -17 8 2 -58 
52 -59 -1 42 -8 20 7 -27 11 -76 -3 42 13 -15 20 54 
-26 74 -16 -39 0 -21 5 27 19 75 -14 -40 -6 18 -38 -43 
-2 -78 30 29 9 19 -15 -22 -45 -62 28 32 -2 -19 52 23 
35 71 -39 -15 -15 -14 15 97 -48 9 Input angle :170
Zaxis angle :0 
minval :0 

minval :0 



-60 11 -6 -60 61 -1 -3 60 -60 -8 14 -59 58 19 -24 55 
-69 36 22 -38 14 -11 -16 24 -41 62 18 -39 -19 14 0 -60 
50 -61 -5 43 -8 16 8 -27 13 -73 0 43 12 -21 23 55 
-21 76 -13 -42 1 -18 4 29 16 72 -16 -40 -3 24 -42 -43 
-10 -78 28 34 5 17 -15 -25 -45 -59 30 31 -6 -23 56 22 
39 69 -39 -20 -12 -13 2 113 67 9 Input angle :158
Zaxis angle :0 
minval :0 

minval :0 



62 6 -12 62 -60 -15 21 -59 56 26 -32 53 -50 -37 40 -47 
79 -10 -31 31 -20 6 27 -21 62 -49 -32 31 16 -7 -18 59 
-69 42 15 -42 17 -15 -16 30 -35 71 16 -42 -13 12 -4 -62 
48 -63 2 44 -9 21 2 -34 4 -79 1 44 6 -16 31 53 
-16 79 -19 -41 0 -21 9 32 25 74 -17 -41 0 17 -47 -40 
-13 -79 33 30 6 22 38 -17 31 -15 Input angle :158
Zaxis angle :0 
minval :0 

minval :0 



-59 -24 29 -57 54 33 -38 51 -48 -42 45 -44 38 50 -54 33 
-80 -5 40 -26 20 -2 -31 17 -72 33 35 -24 -22 2 35 -53 
78 -24 -27 39 -17 10 23 -27 54 -57 -23 35 20 -11 -11 62 
-62 51 8 -47 12 -16 -10 34 -27 74 7 -42 -13 17 -13 -62 
35 -72 11 46 -4 19 -5 -35 -3 -80 8 42 6 -21 35 52 
-3 80 -27 -39 -3 -20 -114 -64 27 18 Input angle :159
Zaxis angle :14 
minval :0 

minval :0 



27 54 -56 22 -17 -58 59 -14 9 60 -60 2 3 -61 59 9 
46 63 -44 -10 -16 -15 29 7 77 27 -42 -9 13 12 -58 17 
-70 -34 44 -10 21 7 -29 6 -81 8 42 -8 -17 -6 45 -39 
77 4 -38 25 -22 1 25 -16 74 -36 -35 24 19 0 -28 54 
-74 23 24 -38 20 -9 -16 25 -50 64 23 -36 -16 8 1 -60 
57 -53 -8 45 -14 17 85 -64 21 -20 Input angle :158
Zaxis angle :14 
minval :0 

minval :0 



26 52 -55 21 -16 -57 57 -10 6 58 -59 0 3 -59 58 7 
48 62 -37 -9 -17 -13 24 6 77 25 -40 -15 9 11 -57 13 
-70 -37 38 -5 22 5 -25 3 -81 7 43 -2 -12 -7 47 -34 
78 7 -32 20 -22 3 21 -14 73 -36 -37 20 14 1 -31 49 
-74 25 21 -31 19 -12 -14 20 -52 63 26 -33 -14 4 7 -58 
57 -54 -7 37 -13 18 82 -16 56 -20 Input angle :165
Zaxis angle :0 
minval :0 

minval :0 



-54 -23 27 -52 50 31 -35 47 -44 -39 43 -41 36 46 -49 32 
-77 -12 35 -21 23 0 -23 10 -73 34 39 -20 -16 -4 33 -49 
77 -17 -25 33 -20 11 16 -19 52 -61 -28 33 16 -1 -10 58 
-61 49 9 -40 14 -17 -8 24 -25 76 12 -42 -13 9 -13 -57 
35 -70 8 40 -6 22 -2 -24 -4 -80 4 44 10 -13 35 47 
-7 78 -21 -36 -2 -23 -105 -96 0 18 Input angle :166
Zaxis angle :14 
minval :0 

minval :0 



38 46 -48 35 -30 -51 53 -25 19 56 -57 15 -10 -58 59 -5 
65 45 -47 3 -20 -7 32 -5 78 4 -41 8 13 8 -51 28 
-77 -18 42 -22 22 -1 -28 17 -73 28 34 -23 -15 -2 36 -46 
77 -16 -28 37 -19 10 19 -26 58 -51 -22 34 15 -4 -15 57 
-63 47 13 -45 13 -16 -6 32 -29 73 8 -41 -12 9 -8 -59 
45 -64 4 47 -7 20 6 -48 57 -20 Input angle :185
Zaxis angle :14 
minval :0 

minval :0 



5 -59 58 11 -14 58 -56 -20 24 -54 52 28 -33 48 -45 -37 
-3 -75 28 35 5 16 -23 -22 -45 -62 34 23 -5 -29 56 18 
33 67 -41 -20 -11 -12 30 11 65 41 -40 -8 16 24 -59 6 
-58 -48 45 1 15 6 -32 2 -76 -10 41 -8 -25 -16 52 -27 
72 19 -43 15 -17 0 29 -14 74 -18 -34 23 29 4 -37 46 
-74 7 32 -32 15 -6 15 79 -22 11 Input angle :162
Zaxis angle :0 
minval :0 

minval :0 



-56 10 -5 -56 56 0 -4 56 -55 -8 13 -55 53 16 -21 51 
-69 29 18 -37 16 -12 -14 24 -39 65 16 -42 -24 9 -1 -55 
52 -55 -2 41 -9 17 3 -27 9 -75 1 45 18 -17 24 50 
-22 72 -13 -39 1 -20 7 27 21 73 -19 -41 -9 24 -43 -35 
-6 -76 27 30 6 18 -16 -22 -47 -60 34 31 0 -25 53 18 
32 68 -37 -18 -13 -15 12 1 31 9 Input angle :166
Zaxis angle :0 
minval :0 

minval :0 



47 36 -41 43 -39 -45 48 -36 31 51 -54 25 -22 -55 56 -18 
71 44 -43 7 -16 1 31 0 76 -6 -31 17 24 10 -44 39 
-82 -12 38 -23 16 -6 -28 10 -68 35 23 -27 -25 0 27 -53 
81 -19 -25 36 -11 12 22 -21 46 -61 -9 35 23 -9 -1 59 
-65 52 10 -43 5 -16 -11 27 -17 74 -4 -36 -18 18 -18 -56 
40 -74 8 43 1 17 -31 -1 -30 -20 Input angle :167
Zaxis angle :14 
minval :0 

minval :0 



-44 -45 48 -41 37 51 -55 31 -26 -57 59 -22 16 61 -62 11 
-76 -30 46 -11 16 5 -41 -5 -76 13 49 -8 -18 -1 52 -35 
81 -2 -38 28 -17 1 41 -12 65 -41 -39 30 17 -6 -36 52 
-72 38 22 -42 15 -8 -32 27 -41 65 26 -43 -13 12 10 -62 
55 -60 -5 47 -11 13 18 -38 15 -76 -8 49 7 -16 15 61 
-23 78 -14 -45 4 -16 84 -32 -95 18 Input angle :180
Zaxis angle :20 
minval :0 

minval :0 



-41 49 -46 -44 48 -42 37 50 -54 34 -28 -56 60 -22 19 60 
-21 79 -16 -45 4 -17 1 43 20 76 -14 -48 0 18 -39 -50 
-11 -80 32 37 2 17 -18 -40 -46 -63 32 39 -7 -17 56 28 
42 68 -44 -19 -10 -14 33 29 68 39 -45 -22 12 13 -63 -2 
-65 -50 47 2 15 9 -41 -14 -78 -7 52 2 -17 -7 59 -23 
79 15 -46 18 -17 -3 48 33 20 -6 Input angle :158
Zaxis angle :0 
minval :0 

minval :0 



4 -62 61 8 -12 61 -59 -18 24 -57 55 29 -32 53 -50 -36 
-27 -77 38 29 6 16 -25 -35 -61 -50 40 31 -11 -16 60 16 
55 60 -46 -12 -12 -13 38 18 76 23 -50 -11 15 10 -61 10 
-74 -33 47 -8 17 5 -43 -2 -78 9 50 -8 -18 -3 52 -32 
81 1 -40 26 -18 0 41 -12 68 -39 -43 26 18 -4 -34 52 
-74 33 27 -40 15 -8 72 111 54 16 Input angle :173
Zaxis angle :14 
minval :0 

minval :0 



-59 -12 18 -58 56 22 -27 54 -51 -32 37 -48 46 40 -43 42 
-79 18 34 -33 18 -5 -40 20 -58 52 36 -35 -17 7 24 -56 
69 -43 -18 45 -14 13 28 -34 35 -70 -18 47 13 -14 0 61 
-42 70 -5 -48 7 -17 -10 43 0 78 -3 -51 -6 18 -23 -56 
11 -81 20 44 -1 19 -4 -44 -32 -71 21 46 -1 -19 45 40 
21 78 -36 -31 -8 -18 -21 -80 90 13 Input angle :158
Zaxis angle :20 
minval :0 

minval :0 



-54 -32 36 -51 48 41 -45 43 -38 -49 54 -32 28 56 -58 23 
-80 -15 44 -20 22 0 -46 6 -75 28 48 -21 -18 0 43 -45 
80 -20 -32 37 -20 7 40 -23 56 -57 -36 39 17 -6 -22 59 
-66 48 16 -46 17 -14 -27 37 -31 73 18 -50 -13 12 -6 -62 
38 -72 6 48 -8 20 8 -46 -4 -79 3 53 6 -17 28 56 
-7 82 -22 -43 0 -21 -117 64 51 18 Input angle :158
Zaxis angle :0 
minval :0 

minval :0 



-20 -59 61 -15 8 62 -63 3 1 -63 62 7 -13 62 -60 -18 
-54 -61 47 11 15 14 -39 -25 -74 -26 51 14 -13 -10 62 -6 
76 30 -48 7 -19 -8 46 5 79 -7 -53 5 16 3 -56 28 
-81 -1 41 -26 20 0 -45 11 -70 37 45 -27 -16 3 37 -50 
76 -30 -27 40 -18 9 35 -31 50 -61 -31 43 13 -9 -13 61 
-56 59 9 -47 13 -16 -92 -113 60 19 Input angle :166
Zaxis angle :14 
minval :0 

minval :0 



22 -53 52 25 -28 49 -47 -33 37 -43 39 41 -44 36 -31 -47 
-6 -79 30 40 2 17 -13 -36 -41 -65 26 40 -4 -19 46 31 
32 73 -43 -26 -9 -14 28 27 64 44 -40 -27 11 16 -56 -8 
-59 -53 49 7 14 9 -36 -14 -77 -13 48 7 -17 -10 54 -14 
76 22 -48 13 -17 -3 39 -1 75 -16 -46 12 20 1 -46 34 
-79 11 39 -31 17 -3 1 47 15 11 Input angle :163
Zaxis angle :0 
minval :0 

minval :0 



-49 19 -14 -51 52 -9 3 52 -52 -1 4 -52 52 8 -11 51 
-53 49 15 -45 10 -12 -21 28 -20 69 14 -42 -1 11 -8 -52 
29 -66 3 47 -3 15 7 -34 -9 -70 4 45 -2 -11 28 44 
-2 72 -19 -44 -1 -16 6 35 35 62 -20 -41 6 8 -44 -28 
-26 -67 37 30 8 14 -19 -29 -59 -40 36 28 -10 -5 51 9 
48 53 -46 -13 -13 -9 29 65 120 3 Input angle :164
Zaxis angle :0 
minval :0 

minval :0 



-21 55 -54 -24 28 -52 49 32 -35 47 -43 -40 45 -39 34 48 
-2 71 -27 -34 4 -17 8 30 35 62 -22 -35 16 15 -50 -30 
-21 -68 38 19 2 17 -18 -25 -55 -45 33 25 -20 -8 58 10 
49 51 -43 -3 -8 -15 27 15 69 17 -40 -11 22 0 -57 13 
-64 -30 41 -13 14 10 -32 -3 -70 11 41 -6 -19 10 45 -37 
72 1 -33 28 -17 -3 -17 32 -56 -11 Input angle :191
Zaxis angle :0 
minval :0 

minval :0 



-26 -53 55 -20 15 57 -58 9 -4 -59 59 0 -5 59 -58 -10 
-51 -53 42 8 11 14 -29 -15 -67 -17 43 9 -15 1 57 -13 
67 29 -42 9 -16 -9 32 3 68 -12 -44 8 14 -8 -47 35 
-74 1 34 -25 18 1 -31 10 -56 39 36 -25 -9 13 28 -51 
66 -32 -22 37 -18 5 24 -21 35 -59 -25 36 4 -16 -7 58 
-50 53 5 -43 14 -12 -39 -33 45 17 Input angle :166
Zaxis angle :14 
minval :0 

minval :0 



39 -43 39 43 -46 36 -32 -49 51 -28 24 53 -54 19 -15 -56 
30 -61 10 40 -3 13 1 -22 -14 -66 9 39 -6 -23 34 47 
-1 68 -25 -32 -1 -14 8 20 39 54 -23 -33 15 19 -51 -28 
-24 -64 35 21 6 12 -15 -17 -56 -36 35 20 -21 -12 58 7 
46 50 -41 -4 -11 -7 21 9 66 9 -40 -4 24 2 -55 17 
-64 -23 39 -12 13 3 -9 -34 49 4 Input angle :161
Zaxis angle :14 
minval :0 

minval :0 



-1 -62 62 4 -8 62 -61 -13 19 -59 56 25 -30 54 -52 -33 
-26 -75 44 26 6 19 -26 -33 -67 -44 36 28 -10 2 61 11 
55 58 -51 -7 -13 -16 36 22 79 13 -44 -11 8 -6 -60 14 
-72 -35 49 -13 19 9 -42 -3 -78 19 45 -7 -6 8 49 -37 
80 1 -40 32 -21 0 41 -11 65 -47 -40 22 1 -10 -33 52 
-74 30 25 -45 19 -7 87 63 96 17 Input angle :175
Zaxis angle :20 
minval :0 

minval :0 



39 -39 36 42 -45 33 -28 -47 50 -23 17 52 -54 13 -10 -54 
34 -63 2 40 -1 19 2 -23 -2 -70 0 38 -3 -22 31 45 
-9 71 -19 -36 -5 -18 7 22 31 62 -15 -34 12 19 -47 -29 
-18 -69 30 27 11 15 -15 -18 -54 -45 26 27 -19 -13 55 9 
45 56 -39 -11 -16 -9 21 10 67 20 -35 -14 22 3 -54 12 
-64 -32 40 -4 19 2 -27 46 -46 1 Input angle :158
Zaxis angle :14 
minval :0 

minval :0 



-5 -59 58 -1 -3 58 -58 -10 16 -56 54 22 -26 52 -50 -29 
-24 -74 35 21 13 21 -19 -22 -54 -47 25 31 -14 -7 57 9 
51 58 -40 -5 -20 -14 26 11 70 16 -35 -18 16 1 -57 13 
-69 -35 39 -11 24 4 -29 0 -71 10 40 1 -15 5 45 -37 
78 0 -31 26 -24 6 26 -11 62 -36 -38 12 11 -11 -27 52 
-72 29 17 -36 20 -15 91 -97 -12 14 Input angle :160
Zaxis angle :14 
minval :0 

minval :0 



-26 -55 57 -21 16 58 -59 12 -6 -60 61 -1 -5 60 -60 -10 
-48 -62 46 11 23 18 -33 -19 -72 -23 42 21 -8 3 60 -11 
69 35 -46 9 -28 -7 37 6 75 -7 -48 -2 7 -6 -49 35 
-78 -8 40 -25 28 -3 -37 10 -67 33 44 -16 -4 8 29 -53 
74 -25 -27 39 -25 14 29 -24 48 -57 -35 32 0 -10 -8 60 
-60 51 9 -46 17 -23 -69 31 -124 18 Input angle :170
Zaxis angle :14 
minval :0 

minval :0 



57 21 -26 55 -51 -32 36 -49 46 39 -43 43 -38 -47 48 -36 
76 13 -44 19 -26 2 32 -6 67 -31 -48 14 5 -4 -31 52 
-74 21 31 -37 23 -13 -28 18 -48 56 38 -30 -4 6 9 -60 
59 -49 -14 46 -16 21 19 -28 24 -69 -22 43 0 -7 14 59 
-38 67 -3 -48 7 -26 -8 32 7 73 3 -49 1 6 -36 -49 
8 -77 24 42 3 26 114 127 125 -17 Input angle :160
Zaxis angle :0 
minval :0 

minval :0 



12 63 -64 8 -2 -64 65 3 -8 63 -63 -13 19 -60 58 26 
34 68 -40 -28 -12 -20 20 25 60 39 -38 -31 9 5 -64 -1 
-59 -49 48 11 19 13 -27 -15 -71 -14 47 16 -10 -2 59 -25 
73 22 -49 10 -23 -4 32 3 70 -17 -50 4 10 -1 -45 45 
-76 11 40 -29 23 -5 -30 9 -56 45 43 -25 -9 5 24 -59 
67 -37 -25 42 -19 13 125 48 122 -17 Input angle :152
Zaxis angle :14 
minval :0 

minval :0 



-17 -61 63 -12 8 63 -63 3 2 -63 63 8 -15 62 -60 -20 
-33 -66 46 26 12 22 -22 -23 -62 -41 36 32 -8 -4 63 -4 
56 49 -53 -6 -20 -14 30 12 73 13 -46 -14 9 0 -55 30 
-71 -23 51 -14 24 4 -32 0 -72 18 49 -5 -8 3 38 -50 
74 -9 -41 33 -24 5 29 -12 60 -43 -42 25 6 -6 -15 61 
-64 37 23 -47 19 -15 102 95 53 16 Input angle :157
Zaxis angle :14 
minval :0 

minval :0 



13 -57 56 18 -22 54 -51 -28 33 -48 45 37 -40 42 -39 -43 
-4 -76 29 41 9 23 -13 -33 -44 -55 24 43 2 -8 51 28 
32 69 -42 -27 -17 -18 25 25 62 34 -39 -29 1 8 -58 -5 
-58 -50 50 8 22 11 -32 -14 -71 -7 48 11 -4 -7 55 -19 
73 24 -48 14 -25 0 35 0 68 -21 -48 9 7 4 -43 39 
-76 10 39 -31 23 -9 49 15 -71 12 Input angle :168
Zaxis angle :0 
minval :0 

minval :0 



-62 1 4 -62 61 8 -12 61 -59 -17 24 -57 54 29 -32 51 
-78 13 38 -37 20 -9 -33 24 -52 48 33 -37 -14 8 10 -60 
66 -43 -20 50 -14 17 20 -36 29 -64 -17 47 8 -13 15 59 
-43 66 -1 -54 6 -21 -5 41 -1 70 -3 -49 -2 16 -38 -48 
13 -77 23 48 2 22 -11 -40 -29 -65 21 44 -3 -16 54 28 
19 76 -40 -35 -10 -19 -42 -48 -60 11 Input angle :155
Zaxis angle :14 
minval :0 

minval :0 



-13 57 -55 -19 22 -54 52 27 -30 50 -46 -36 40 -42 39 43 
0 82 -25 -41 -9 -17 15 36 32 57 -31 -41 1 18 -53 -25 
-32 -75 39 29 14 12 -27 -28 -53 -38 45 25 -8 -16 58 1 
57 58 -48 -10 -18 -5 35 15 63 17 -51 -6 14 11 -54 20 
-77 -26 47 -10 19 -1 -39 1 -65 11 50 -13 -17 -5 42 -40 
82 -5 -41 26 -17 9 -31 32 -7 -10 Input angle :159
Zaxis angle :0 
minval :0 

minval :0 



-4 56 -56 -8 13 -55 53 18 -24 51 -48 -29 33 -46 43 36 
13 81 -36 -37 -11 -18 24 27 39 53 -40 -32 5 18 -54 -17 
-47 -67 49 18 17 12 -32 -15 -57 -34 49 14 -11 -15 56 -2 
69 45 -52 1 -21 -5 37 1 65 9 -51 6 16 10 -51 25 
-81 -14 48 -21 21 -3 -33 12 -64 17 44 -26 -19 -2 35 -43 
80 -18 -35 39 -17 12 -50 -112 60 -11 Input angle :168
Zaxis angle :0 
minval :0 

minval :0 



39 -44 42 42 -46 37 -34 -48 51 -29 25 54 -54 21 -16 -56 
29 -74 8 54 0 18 4 -38 -7 -77 9 55 5 -14 35 46 
1 80 -27 -47 -6 -18 11 37 37 68 -28 -48 0 15 -51 -28 
-31 -74 45 31 12 14 -23 -30 -60 -48 48 30 -6 -14 58 7 
57 57 -53 -12 -17 -9 33 18 73 22 -55 -11 11 10 -56 17 
-75 -27 54 -12 19 0 -49 126 -42 2 Input angle :162
Zaxis angle :0 
minval :0 

minval :0 



4 65 -65 -1 6 -65 64 12 -16 63 -62 -21 27 -59 56 33 
32 72 -46 -36 -11 -16 30 36 60 49 -45 -31 8 8 -65 -6 
-59 -53 57 14 17 10 -42 -21 -74 -22 53 12 -10 -4 63 -17 
74 28 -58 9 -19 -3 46 3 77 -6 -54 9 11 0 -51 40 
-79 5 49 -32 19 -5 -44 16 -67 38 46 -30 -10 4 32 -56 
71 -36 -32 49 -16 11 -76 80 75 -16 Input angle :169
Zaxis angle :0 
minval :0 

minval :0 



32 49 -52 29 -26 -53 55 -21 17 57 -58 13 -9 -58 59 -4 
73 41 -52 9 -23 -3 39 1 76 -1 -48 12 20 2 -54 22 
-83 -8 46 -26 22 -4 -37 14 -69 32 39 -30 -19 5 40 -43 
80 -25 -32 43 -18 13 28 -27 50 -57 -23 43 15 -13 -19 56 
-65 53 11 -52 11 -20 -15 35 -22 73 5 -49 -9 17 -3 -58 
36 -75 7 53 -4 23 -32 63 -39 -20 Input angle :161
Zaxis angle :20 
minval :0 

minval :0 



0 -65 65 5 -9 64 -63 -15 21 -62 59 25 -30 58 -55 -33 
-33 -81 44 27 18 19 -19 -37 -65 -43 40 26 -28 -10 63 11 
62 61 -51 -9 -24 -11 31 26 76 15 -47 -9 30 -1 -64 11 
-81 -32 51 -11 26 1 -39 -13 -77 13 47 -13 -27 12 53 -36 
87 -2 -41 32 -24 10 41 -4 65 -43 -39 27 20 -22 -35 54 
-80 34 27 -44 19 -17 84 47 80 16 Input angle :156
Zaxis angle :14 
minval :0 

minval :0 



46 43 -47 42 -37 -51 55 -32 27 57 -59 23 -18 -61 61 -13 
71 35 -53 3 -23 -6 37 14 75 -12 -49 6 21 -10 -52 36 
-79 -5 47 -23 24 -1 -39 1 -64 40 42 -25 -14 18 33 -54 
74 -30 -35 40 -21 11 36 -17 44 -62 -29 38 6 -22 -6 62 
-57 55 14 -51 14 -20 -25 31 -14 74 11 -47 3 22 -16 -61 
30 -73 5 52 -7 24 -62 -49 -10 -20 Input angle :162
Zaxis angle :14 
minval :0 

minval :0 



-77 -3 9 -76 74 17 -24 72 -69 -31 38 -66 62 45 -49 58 
-84 28 26 -47 26 -23 -33 41 -59 56 21 -43 -22 -2 17 -74 
66 -59 -5 54 -15 31 12 -51 26 -76 -4 49 21 -6 11 75 
-38 80 -15 -51 1 -35 9 52 4 81 -14 -47 -18 13 -38 -66 
4 -88 34 41 10 33 -27 -46 -35 -73 33 36 11 -19 63 43 
29 83 -47 -24 -23 -25 -7 80 91 13 Input angle :184
Zaxis angle :14 
minval :0 

minval :0 



-53 28 -21 -55 57 -17 13 58 -59 7 -2 -60 60 2 -7 59 
-55 48 13 -34 10 -26 -13 30 -23 72 15 -42 -21 5 -14 -57 
32 -66 1 37 1 28 0 -34 -5 -76 4 44 17 -13 38 46 
-5 73 -15 -34 -12 -25 12 31 37 66 -20 -40 -10 19 -53 -27 
-25 -68 27 25 22 18 -24 -22 -59 -47 35 28 1 -21 60 3 
50 53 -36 -11 -27 -7 42 97 -116 4 Input angle :175
Zaxis angle :14 
minval :0 

minval :0 



64 -6 1 64 -64 -4 10 -64 62 15 -21 62 -59 -25 30 -55 
76 -23 -23 35 -18 5 25 -18 36 -54 -26 30 8 -8 -6 63 
-59 54 7 -41 14 -12 -16 27 -7 65 9 -40 -3 12 -19 -61 
35 -71 8 42 -8 17 4 -31 -15 -64 5 41 -1 -11 40 49 
-2 81 -25 -33 0 -19 8 30 40 52 -20 -33 7 10 -56 -28 
-26 -76 36 21 4 19 26 -49 41 -8 Input angle :154
Zaxis angle :14 
minval :0 

minval :0 



69 22 -26 68 -64 -33 39 -60 58 44 -48 55 -49 -54 57 -44 
73 15 -34 20 -31 5 24 -23 64 -25 -27 18 14 3 -33 65 
-73 15 22 -32 26 -17 -13 32 -47 49 17 -27 -14 2 5 -72 
61 -43 -8 39 -17 27 0 -34 24 -62 -6 32 12 -6 21 69 
-38 64 -7 -39 6 -31 13 32 0 68 -7 -32 -8 11 -47 -56 
11 -74 21 34 7 31 -105 -81 94 -16 Input angle :175
Zaxis angle :14 
minval :0 

minval :0 



62 42 -48 58 -54 -51 55 -50 46 60 -64 39 -32 -67 69 -26 
71 29 -48 11 -28 -9 34 -7 78 -8 -39 5 1 -3 -54 53 
-77 -2 39 -29 30 -3 -29 19 -67 41 34 -20 0 4 28 -70 
71 -29 -24 43 -25 15 17 -31 45 -65 -23 32 -1 -3 2 74 
-50 57 5 -49 16 -25 -5 35 -18 77 8 -39 2 3 -28 -69 
28 -72 11 47 -6 29 -67 79 110 -20 Input angle :173
Zaxis angle :14 
minval :0 

minval :0 



-50 49 -46 -53 56 -41 35 61 -63 29 -25 -65 67 -18 13 68 
-37 67 -6 -46 8 -28 1 33 -1 80 2 -41 6 0 -40 -58 
7 -76 24 39 3 29 -14 -29 -30 -74 13 39 -6 3 59 37 
26 73 -37 -27 -15 -26 25 21 56 57 -26 -30 4 -5 -69 -12 
-48 -59 44 11 24 17 -31 -10 -73 -30 37 17 -1 6 69 -14 
70 31 -46 7 -29 -6 64 1 96 -1 Input angle :193
Zaxis angle :20 
minval :0 

minval :0 



69 10 -16 67 -66 -21 25 -64 61 32 -37 59 -55 -42 46 -51 
76 -8 -31 33 -28 10 27 -23 65 -42 -33 18 -2 -5 -25 64 
-66 37 15 -43 20 -21 -15 32 -45 63 23 -30 4 3 -1 -70 
45 -61 3 46 -11 27 3 -35 14 -77 -10 37 -6 -1 31 61 
-20 74 -21 -40 0 -30 12 33 17 76 -5 -38 5 -1 -53 -45 
-11 -76 36 29 12 26 67 47 101 -16 Input angle :193
Zaxis angle :20 
minval :0 

minval :0 



6 -70 70 11 -16 69 -67 -22 28 -65 62 34 -39 59 -55 -43 
-12 -75 33 34 10 24 -25 -29 -40 -64 17 31 -8 0 67 21 
39 64 -44 -18 -18 -17 34 17 63 41 -28 -23 7 -4 -71 4 
-62 -44 48 0 24 9 -38 -1 -74 -13 35 9 -5 7 63 -32 
74 19 -44 18 -25 1 36 -11 73 -18 -36 6 1 -8 -43 56 
-75 13 33 -35 23 -11 16 127 -46 11 Input angle :182
Zaxis angle :20 
minval :0 

minval :0 



-58 -29 35 -55 52 40 -44 49 -44 -48 52 -40 35 55 -57 31 
-76 -21 39 -12 18 -6 -30 11 -62 15 29 -11 -4 5 42 -50 
77 -13 -30 28 -13 13 22 -23 52 -36 -22 21 2 -6 -17 63 
-67 41 17 -38 7 -17 -12 30 -33 54 11 -28 0 6 -11 -64 
44 -65 -2 42 0 19 -1 -32 7 -63 0 31 -3 -6 34 56 
-17 77 -14 -39 -8 -17 72 -80 -118 15 Input angle :164
Zaxis angle :0 
minval :0 

minval :0 



74 14 -22 72 -70 -30 35 -67 63 41 -47 59 -53 -53 58 -48 
87 -5 -30 27 -24 8 29 -26 60 -30 -26 15 20 -8 -30 69 
-79 37 17 -37 19 -17 -17 35 -45 51 15 -24 -16 15 0 -75 
57 -66 0 40 -11 23 1 -39 19 -65 -6 29 8 -20 27 70 
-25 84 -15 -38 0 -25 13 37 7 67 -6 -29 0 22 -53 -53 
-8 -87 30 27 9 23 121 95 -4 -16 Input angle :164
Zaxis angle :14 
minval :0 

minval :0 



-41 -43 47 -37 33 50 -52 29 -24 -55 57 -18 14 58 -59 9 
-64 -46 46 -2 22 14 -26 -1 -67 2 29 4 -16 0 51 -30 
78 15 -42 19 -26 -4 24 -9 59 -30 -28 9 14 -9 -30 51 
-78 17 29 -36 25 -8 -18 18 -45 49 22 -21 -10 12 12 -58 
63 -48 -12 44 -21 16 10 -23 20 -64 -13 26 4 -16 13 58 
-40 68 -6 -46 12 -24 27 -112 -61 16 Input angle :155
Zaxis angle :14 
minval :0 

minval :0 



-8 -62 62 -2 0 63 -62 -5 10 -62 61 15 -21 59 -56 -26 
-20 -71 41 24 7 21 -9 -20 -60 -41 25 27 -11 -10 62 4 
48 56 -48 -3 -15 -16 17 14 71 15 -34 -15 14 5 -59 20 
-67 -33 45 -15 20 8 -22 -6 -72 16 37 1 -15 0 45 -43 
74 4 -35 32 -22 0 22 -1 60 -40 -34 13 14 -6 -26 56 
-70 24 22 -42 21 -7 95 -17 84 15 Input angle :164
Zaxis angle :14 
minval :0 

minval :0 



-62 -9 13 -61 60 18 -23 58 -56 -28 34 -52 49 39 -42 46 
-80 -2 34 -31 24 -12 -22 6 -59 48 37 -15 -1 9 21 -59 
73 -30 -19 42 -17 20 18 -14 32 -69 -26 30 -2 -9 3 62 
-55 57 2 -46 7 -26 -10 20 -8 76 11 -39 5 7 -26 -57 
29 -74 17 42 2 26 1 -23 -22 -73 3 40 -8 -5 49 39 
0 80 -32 -33 -13 -23 -53 80 21 14 Input angle :175
Zaxis angle :0 
minval :0 

minval :0 



70 29 -34 67 -64 -40 45 -61 55 52 -55 52 -47 -59 63 -41 
74 20 -36 17 -25 0 26 -11 68 -33 -36 15 5 -4 -41 63 
-75 12 28 -28 23 -11 -19 21 -52 55 27 -27 -3 5 12 -74 
65 -40 -12 38 -17 18 9 -27 23 -73 -15 37 0 -6 16 74 
-43 63 -1 -40 8 -24 0 29 6 76 -1 -39 1 6 -46 -60 
15 -75 18 35 2 25 124 -33 -49 -18 Input angle :168
Zaxis angle :14 
minval :0 

minval :0 



-67 -51 55 -63 58 61 -66 51 -47 -70 73 -41 36 76 -78 29 
-77 -28 37 -17 29 1 -35 9 -72 14 38 -9 -9 -7 63 -55 
82 -5 -26 31 -27 10 28 -22 62 -40 -32 23 11 3 -35 75 
-75 33 12 -39 20 -21 -16 32 -39 64 19 -34 -11 2 4 -84 
54 -61 2 41 -10 27 3 -35 14 -73 -4 39 9 -6 31 78 
-24 78 -19 -36 0 -29 79 -112 10 18 Input angle :176
Zaxis angle :0 
minval :0 

minval :0 


