
-3 75 -74 -7 14 -75 73 21 -25 72 -69 -29 37 -66 65 39 
2 -46 -61 -36 -35 0 10 -100 3 -16 -38 -45 -30 52 -70 26 
32 34 66 -22 23 -26 69 73 9 15 60 0 -21 -57 28 -70 
-46 4 -24 67 7 33 -99 7 -18 -2 -36 46 57 17 39 66 
26 -39 -32 -63 -32 -14 55 -83 12 -11 -10 -58 -53 33 -76 -9 
14 45 70 11 33 -16 1 112 11 1 Input angle :271
Zaxis angle :0 
minval :0 

minval :0 



7 -74 73 13 -19 72 -71 -23 27 -69 67 33 -36 65 -63 -40 
27 28 49 55 110 -30 -81 91 25 50 -12 87 -11 -50 71 -21 
-40 3 -73 3 -53 102 -15 -121 -55 -12 -60 -64 46 22 -28 69 
21 -33 43 -60 -48 -104 105 62 43 -36 88 -7 -47 21 -33 -66 
11 38 19 70 110 29 -116 39 0 57 -50 72 13 -49 73 15 
-37 -14 -68 -28 -92 67 69 -65 -95 -9 Input angle :282
Zaxis angle :0 
minval :0 

minval :0 



-4 -58 59 0 -3 59 -56 -6 12 -56 57 18 -22 57 -51 -25 
4 33 72 -2 55 -7 8 82 22 9 29 23 -28 -53 52 -28 
-28 -18 -41 60 -31 46 -72 -43 -21 9 -37 8 58 11 -13 58 
33 -8 -16 -70 -15 -53 80 -23 5 -24 15 -35 -43 38 -34 -47 
-14 30 66 32 51 23 -32 78 13 20 15 34 0 -58 58 2 
-14 -28 -67 30 -49 28 -25 127 -7 -1 Input angle :274
Zaxis angle :14 
minval :0 

minval :0 



-42 53 -49 -46 51 -46 42 54 -56 39 -36 -58 60 -30 27 63 
19 -40 -36 -46 -42 -63 44 -74 -5 -32 -24 -28 4 46 -65 -23 
19 41 57 1 75 5 26 82 26 15 37 0 -37 -27 58 -34 
-43 -11 -39 41 -55 53 -81 -30 -30 8 -24 29 44 -11 -7 68 
35 -26 -10 -58 -6 -76 74 -43 8 -30 -8 -35 -18 43 -48 -48 
0 45 49 28 62 42 16 -80 -55 1 Input angle :281
Zaxis angle :20 
minval :0 

minval :0 



-65 -22 25 -64 61 30 -34 59 -57 -39 43 -54 50 46 -49 47 
74 -16 48 -99 0 -100 92 11 15 -51 9 -26 -65 67 -8 -67 
-33 68 39 103 78 63 -69 61 30 42 13 24 -12 -93 55 38 
-33 -68 -107 -26 -97 23 -3 -93 -52 -2 -26 -5 80 48 -64 20 
74 15 89 -65 42 -91 73 57 35 -39 20 -18 -87 35 24 -63 
-60 45 -6 110 44 90 35 0 16 13 Input angle :278
Zaxis angle :0 
minval :0 

minval :0 



-34 67 -64 -38 42 -62 60 45 -49 56 -50 -56 59 -46 42 61 
50 -107 -51 -96 -87 -84 20 -97 -63 -33 -65 -16 30 63 -74 -8 
52 106 108 16 121 -15 61 77 65 -27 52 -40 -68 -14 51 -55 
-115 -25 -84 69 -61 106 -99 -1 -19 68 -3 66 55 -43 10 74 
94 -71 -5 -109 -46 -113 63 -75 -40 -59 -50 -44 -2 70 -61 -43 
-6 118 86 66 117 35 30 17 65 1 Input angle :289
Zaxis angle :0 
minval :0 

minval :0 



-58 19 -14 -59 60 -9 5 60 -61 0 3 -61 60 8 -14 59 
77 33 75 -55 10 -87 72 -28 26 -21 6 -50 -60 62 -38 -47 
-75 39 -6 93 60 63 -18 75 0 34 35 36 -12 -86 60 0 
17 -82 -67 -65 -86 6 -46 -62 -26 -21 -51 5 72 46 -38 47 
53 66 92 -10 49 -71 77 8 33 -7 27 -43 -82 29 -15 -59 
-84 3 -47 80 26 83 -59 -17 -45 7 Input angle :289
Zaxis angle :0 
minval :0 

minval :0 



-55 -81 85 -48 41 89 -93 32 -25 -94 96 -16 7 98 -97 0 
-61 -26 18 -54 30 75 -80 82 -12 -68 44 3 7 -3 85 -49 
66 -5 11 56 -61 -51 28 -110 43 55 -41 15 -4 6 -54 81 
-55 37 -36 -43 78 16 27 111 -63 -26 27 -35 0 -6 9 -98 
29 -59 53 21 -77 23 -74 -85 69 -8 -6 44 2 7 38 90 
5 65 -56 7 55 -58 -117 127 11 5 Input angle :181
Zaxis angle :20 
minval :0 

minval :0 



15 -36 35 18 -21 33 -31 -23 25 -30 28 28 -30 25 -23 -32 
-43 -70 33 18 -52 73 -93 0 60 -49 55 0 66 47 36 18 
72 40 -38 0 10 -89 84 -42 -25 74 -48 26 -80 -12 -40 2 
-83 -2 33 -18 32 84 -53 77 -8 -78 31 -44 76 -28 35 -19 
73 -38 -21 32 -67 -60 10 -93 45 64 -5 55 -54 60 -19 34 
-45 69 3 -38 87 23 -59 -35 -27 -18 Input angle :204
Zaxis angle :25 
minval :0 

minval :0 



4 -44 43 8 -13 42 -41 -16 18 -39 38 22 -26 35 -33 -28 
-49 -45 21 15 -48 62 -91 27 63 -73 50 -6 67 21 44 8 
65 14 -26 -2 10 -78 67 -68 -25 93 -41 30 -68 12 -42 13 
-65 19 25 -8 27 74 -26 91 -23 -94 23 -45 55 -42 31 -32 
46 -48 -17 20 -59 -50 -19 -93 64 73 2 51 -29 63 -12 43 
-20 65 6 -26 77 17 70 31 121 -4 Input angle :204
Zaxis angle :32 
minval :0 

minval :0 



13 -47 45 17 -22 43 -42 -26 27 -40 39 29 -33 36 -32 -36 
-48 -36 36 12 -53 67 -99 35 60 -85 53 -16 73 23 46 19 
58 9 -38 5 11 -85 67 -78 -12 104 -38 39 -74 17 -49 6 
-55 20 31 -23 31 79 -19 104 -42 -96 15 -52 57 -51 41 -29 
40 -44 -15 35 -66 -54 -31 -98 83 62 11 53 -27 71 -19 45 
-14 58 -4 -39 84 16 48 79 24 -2 Input angle :196
Zaxis angle :32 
minval :0 

minval :0 



17 -41 39 21 -25 37 -35 -28 31 -32 29 33 -35 26 -23 -36 
-27 -55 24 20 -64 53 -95 2 78 -58 58 1 72 37 40 21 
50 35 -30 -8 31 -78 78 -53 -38 90 -52 26 -81 0 -45 1 
-61 -7 30 -9 13 83 -45 83 -10 -97 30 -49 69 -42 39 -23 
56 -25 -21 22 -50 -66 -1 -95 52 83 -2 57 -41 69 -24 38 
-37 48 8 -30 77 33 77 111 -49 -6 Input angle :204
Zaxis angle :32 
minval :0 

minval :0 



-29 -46 50 -24 20 51 -52 15 -11 -52 54 -8 3 54 -55 0 
-57 3 37 -15 8 98 -44 87 -12 -101 36 -42 79 -37 49 -26 
48 -33 -24 32 -54 -81 0 -96 62 81 -10 55 -54 69 -27 47 
-26 53 6 -39 88 44 45 85 -93 -42 -18 -53 11 -86 3 -56 
0 -58 14 38 -98 4 -83 -47 102 -9 41 38 30 81 21 51 
28 51 -28 -28 85 -49 88 -1 -96 7 Input angle :199
Zaxis angle :32 
minval :0 

minval :0 



-36 27 -22 -39 41 -19 17 41 -44 13 -10 -44 45 -8 4 44 
8 57 -18 -29 90 -10 90 26 -101 19 -46 -26 -49 -69 -24 -39 
-32 -48 29 17 -69 55 -92 18 81 -63 53 3 76 36 41 20 
50 26 -34 -1 36 -82 71 -62 -43 94 -47 24 -85 7 -47 1 
-57 2 29 -16 5 91 -31 89 -12 -102 29 -44 73 -43 39 -24 
50 -30 -17 30 -52 -73 126 -48 53 10 Input angle :201
Zaxis angle :36 
minval :0 

minval :0 



50 6 -10 49 -49 -14 15 -48 46 18 -24 44 -41 -29 32 -38 
29 -56 8 32 -91 -27 -61 -73 101 33 18 48 8 79 -6 50 
3 63 -21 -25 93 -19 87 35 -102 24 -38 -35 -48 -64 -17 -47 
-34 -54 31 10 -74 59 -94 12 80 -70 49 12 73 30 37 35 
55 32 -32 6 35 -88 76 -56 -39 97 -48 14 -79 8 -49 -11 
-63 -2 25 -20 11 94 -33 -49 -39 -14 Input angle :175
Zaxis angle :25 
minval :0 

minval :0 



-28 52 -50 -32 38 -46 41 43 -46 38 -34 -50 53 -29 25 53 
41 52 -27 -11 64 -60 94 -14 -74 73 -58 -11 -70 -26 -49 -35 
-61 -28 29 -4 -30 83 -74 62 30 -99 56 -17 75 -10 60 3 
67 -5 -23 17 -13 -87 40 -87 24 102 -42 41 -61 44 -56 23 
-55 38 13 -27 55 68 7 97 -68 -79 15 -57 31 -68 36 -48 
29 -60 0 29 -81 -34 -59 0 54 4 Input angle :188
Zaxis angle :20 
minval :0 

minval :0 



27 -42 40 31 -33 37 -35 -36 37 -32 29 41 -44 26 -22 -45 
-45 -51 28 6 -59 62 -101 21 65 -77 59 9 67 26 41 30 
64 23 -27 9 23 -84 78 -66 -16 100 -56 19 -71 12 -51 -5 
-67 13 18 -21 22 83 -32 97 -39 -93 39 -45 57 -44 47 -19 
56 -41 -5 29 -58 -64 -17 -102 74 68 -12 58 -30 65 -32 40 
-28 63 -7 -28 80 31 58 95 0 -3 Input angle :184
Zaxis angle :32 
minval :0 

minval :0 



-1 -51 51 3 -10 51 -49 -13 18 -49 46 21 -24 45 -42 -28 
-66 -19 21 -10 -3 84 -67 74 9 -105 50 -30 74 -30 51 4 
67 -12 -13 20 -35 -77 25 -96 46 95 -29 50 -50 61 -46 20 
-51 45 2 -24 68 47 26 97 -85 -63 0 -59 14 -78 33 -38 
24 -63 9 22 -83 -11 -70 -70 105 13 26 53 21 77 -8 50 
8 67 -19 -15 80 -28 61 111 12 5 Input angle :184
Zaxis angle :32 
minval :0 

minval :0 



28 -29 27 30 -32 25 -22 -34 35 -19 16 37 -38 13 -11 -38 
-28 -43 30 4 -67 56 -91 16 66 -62 50 -6 74 32 28 29 
45 23 -28 12 31 -82 71 -60 -28 86 -43 28 -80 7 -39 -11 
-51 0 20 -23 12 87 -35 86 -17 -89 23 -45 66 -45 40 -7 
45 -24 -7 29 -50 -71 -10 -92 59 68 2 51 -37 71 -31 26 
-27 44 -7 -30 80 34 79 93 -98 -16 Input angle :181
Zaxis angle :36 
minval :0 

minval :0 



45 -18 15 47 -47 10 -6 -49 49 -2 0 50 -49 -4 9 -47 
-11 -57 27 16 -86 33 -95 -39 91 -33 41 24 49 59 17 47 
38 44 -32 -1 61 -68 102 -12 -66 70 -47 0 -72 -27 -38 -34 
-54 -22 28 -14 -21 90 -83 60 20 -95 43 -23 76 -10 49 9 
58 -4 -19 25 -22 -89 44 -93 25 93 -26 40 -63 44 -48 13 
-48 34 5 -31 67 63 112 31 -67 -9 Input angle :181
Zaxis angle :29 
minval :0 

minval :0 



27 -37 36 30 -32 33 -30 -35 37 -27 26 38 -42 21 -16 -43 
-45 -39 23 -3 -45 71 -101 29 67 -67 46 -4 67 17 36 29 
58 13 -17 15 5 -83 77 -73 -21 92 -39 25 -68 17 -46 -9 
-58 15 8 -21 33 77 -28 102 -25 -91 19 -43 51 -48 45 -14 
43 -42 2 22 -69 -47 -24 -103 66 67 2 47 -21 66 -32 33 
-17 58 -13 -17 84 9 73 -81 56 -4 Input angle :181
Zaxis angle :25 
minval :0 

minval :0 



11 -49 48 13 -19 49 -45 -26 28 -45 39 33 -32 37 -38 -35 
-49 -22 27 -6 -22 83 -77 60 25 -92 50 -21 73 -6 51 12 
56 -3 -17 15 -17 -84 33 -92 23 92 -32 39 -59 40 -52 12 
-50 31 11 -24 55 65 16 97 -63 -71 7 -51 33 -65 41 -33 
30 -50 1 25 -83 -29 -61 -76 91 28 17 49 0 73 -18 49 
0 54 -11 -19 84 -15 70 -113 -95 2 Input angle :184
Zaxis angle :32 
minval :0 

minval :0 



7 51 -51 2 2 -52 52 4 -7 51 -50 -12 16 -49 47 21 
52 -10 -8 18 -35 -81 25 -102 27 89 -25 42 -54 56 -52 3 
-41 35 -1 -20 69 54 27 101 -66 -66 1 -49 25 -75 42 -29 
20 -50 10 18 -87 -16 -73 -76 89 30 21 43 14 78 -25 46 
7 54 -17 -10 83 -30 101 31 -91 20 -40 -26 -49 -60 -2 -52 
-32 -43 18 0 -60 65 -116 32 3 -8 Input angle :175
Zaxis angle :25 
minval :0 

minval :0 



19 -49 47 24 -27 45 -43 -31 33 -40 37 36 -39 33 -31 -42 
-51 -26 22 7 -42 74 -86 44 53 -79 53 -7 75 14 48 23 
57 0 -23 3 0 -85 52 -80 -7 95 -44 32 -73 27 -53 1 
-49 28 17 -14 40 76 -10 96 -33 -90 21 -49 50 -57 47 -25 
28 -49 -8 21 -71 -46 -38 -88 74 60 2 54 -14 76 -25 47 
0 57 -3 -23 84 2 66 -33 -49 -3 Input angle :196
Zaxis angle :32 
minval :0 

minval :0 



0 53 -53 -4 9 -52 51 13 -16 49 -49 -21 24 -47 43 27 
57 17 -22 -2 11 -82 58 -71 -31 98 -53 18 -66 5 -52 -3 
-58 12 19 -8 26 79 -20 91 -22 -100 37 -42 56 -36 47 -24 
45 -38 -13 16 -59 -57 -22 -91 67 78 -12 54 -35 57 -32 43 
-22 55 3 -20 81 18 64 67 -96 -36 -15 -53 1 -66 7 -53 
-6 -58 6 21 -80 21 -53 112 98 -2 Input angle :199
Zaxis angle :32 
minval :0 

minval :0 



4 -54 53 10 -13 52 -50 -18 21 -49 47 25 -29 45 -41 -33 
-53 -23 24 3 -20 90 -67 58 36 -94 49 -13 68 -1 53 10 
58 -3 -22 9 -22 -90 30 -81 12 99 -35 36 -60 33 -51 16 
-49 32 15 -18 63 67 10 87 -59 -80 11 -48 35 -58 36 -41 
29 -51 -3 24 -88 -30 -55 -68 91 41 14 48 -2 69 -12 54 
1 59 -7 -23 91 -16 54 95 -85 0 Input angle :199
Zaxis angle :32 
minval :0 

minval :0 



55 0 -4 54 -53 -8 12 -53 52 17 -22 50 -46 -27 30 -45 
13 -54 4 16 -84 -5 -74 -50 97 17 23 54 8 70 -4 54 
16 54 -10 -12 76 -37 90 7 -93 35 -49 -34 -42 -56 -22 -51 
-39 -39 16 5 -51 65 -81 36 67 -72 58 7 63 29 44 32 
53 16 -16 2 8 -84 55 -72 -26 95 -56 19 -70 3 -55 -5 
-53 14 13 -10 33 77 -59 127 13 -12 Input angle :4
Zaxis angle :25 
minval :0 

minval :0 



54 14 -18 54 -52 -23 28 -50 46 33 -38 42 -41 -40 42 -37 
29 -43 0 18 -79 -37 -53 -74 83 44 12 54 -8 74 -19 53 
-2 52 -11 -16 86 -14 82 38 -96 5 -36 -41 -28 -68 -8 -55 
-21 -48 17 9 -72 48 -90 9 83 -47 52 20 58 47 35 45 
42 31 -18 0 40 -78 76 -50 -48 81 -56 7 -73 -13 -53 -21 
-52 -8 17 -9 2 87 4 -48 -4 -13 Input angle :184
Zaxis angle :32 
minval :0 

minval :0 



-37 -31 35 -34 30 39 -41 27 -24 -43 44 -19 15 45 -46 11 
-40 41 3 -24 62 57 32 88 -68 -61 1 -49 19 -70 35 -34 
14 -55 7 23 -83 -20 -71 -61 89 23 23 44 13 73 -15 46 
13 56 -18 -16 82 -20 91 21 -89 22 -41 -28 -48 -55 -7 -48 
-38 -43 23 5 -59 59 -90 26 67 -64 49 6 69 26 31 37 
55 17 -23 7 24 -81 -52 -33 36 11 Input angle :181
Zaxis angle :32 
minval :0 

minval :0 



-42 8 -4 -42 43 -1 -2 43 -42 -6 9 -42 41 12 -14 40 
13 54 -18 -24 84 -6 85 31 -86 13 -31 -28 -31 -63 -6 -42 
-37 -41 28 10 -69 49 -89 14 67 -54 40 9 59 38 25 35 
52 18 -30 2 38 -75 74 -52 -38 78 -40 9 -70 -10 -39 -19 
-56 8 24 -16 4 84 -37 83 -7 -87 31 -27 66 -25 43 -2 
43 -34 -13 26 -43 -73 -102 49 75 35 Input angle :184
Zaxis angle :36 
minval :0 

minval :0 



-13 46 -44 -17 19 -43 42 22 -26 40 -37 -30 34 -33 31 36 
52 14 -19 8 17 -78 70 -75 -26 90 -52 16 -74 6 -46 -15 
-53 11 12 -15 23 78 -24 101 -20 -92 38 -40 61 -41 47 -6 
42 -35 -4 18 -59 -55 -28 -99 63 70 -14 53 -32 65 -37 29 
-18 52 -6 -19 77 20 70 77 -90 -27 -12 -54 -3 -74 19 -44 
-7 -54 15 13 -78 20 -69 16 24 -2 Input angle :181
Zaxis angle :32 
minval :0 

minval :0 



5 40 -40 1 0 -40 40 3 -7 40 -39 -12 15 -37 36 17 
55 0 -18 7 0 -76 46 -77 1 88 -45 36 -63 20 -41 4 
-49 26 12 -15 35 67 0 90 -43 -77 21 -54 47 -46 34 -23 
30 -46 -3 19 -65 -38 -42 -79 76 43 6 58 -16 65 -18 37 
0 55 -6 -19 75 2 74 50 -88 -2 -35 -46 -15 -64 -2 -41 
-25 -49 14 14 -69 31 126 -78 -50 -20 Input angle :184
Zaxis angle :32 
minval :0 

minval :0 



-45 10 -6 -46 46 -2 -1 46 -46 -4 7 -46 45 12 -15 44 
12 52 -18 -15 80 -23 96 29 -90 15 -39 -42 -37 -64 -6 -47 
-35 -42 23 6 -62 55 -100 14 71 -58 56 16 62 40 28 38 
51 17 -23 6 26 -79 79 -63 -34 85 -58 10 -73 -4 -43 -21 
-53 7 18 -16 14 82 -42 91 -10 -92 44 -38 67 -30 47 -4 
42 -33 -8 22 -53 -65 112 -64 68 9 Input angle :181
Zaxis angle :32 
minval :0 

minval :0 



9 -47 45 13 -16 44 -42 -21 24 -41 38 27 -32 34 -32 -35 
-57 -11 25 -8 -14 88 -71 68 24 -90 49 -16 71 -3 46 12 
56 -16 -19 19 -27 -85 30 -94 20 91 -36 36 -61 37 -47 10 
-41 41 7 -25 64 61 22 95 -64 -68 15 -49 35 -62 34 -32 
15 -56 6 26 -87 -23 -65 -74 88 28 14 50 0 70 -14 45 
13 56 -18 -20 85 -24 70 -49 17 2 Input angle :184
Zaxis angle :32 
minval :0 

minval :0 



-20 41 -38 -23 27 -37 34 30 -32 31 -30 -34 36 -25 22 38 
47 30 -22 -6 43 -68 90 -42 -55 72 -58 -1 -67 -24 -38 -24 
-57 -5 23 -5 -4 82 -56 81 11 -91 52 -27 70 -15 45 0 
51 -24 -19 15 -33 -75 9 -98 31 86 -33 48 -56 44 -41 21 
-35 45 8 -22 66 48 36 91 -68 -60 5 -58 27 -67 26 -37 
7 -56 3 23 -81 -10 -75 -112 40 2 Input angle :188
Zaxis angle :32 
minval :0 

minval :0 



35 -24 21 37 -39 18 -15 -40 41 -12 8 42 -43 4 -2 -42 
-22 -51 9 19 -70 22 -88 -18 82 -22 46 25 41 55 22 37 
44 34 -17 -11 49 -54 87 -23 -60 61 -52 0 -63 -28 -37 -22 
-55 -9 21 1 -18 71 -65 62 27 -81 46 -25 69 -5 44 1 
53 -19 -19 8 -17 -71 26 -86 16 84 -28 44 -58 37 -40 17 
-38 41 13 -16 48 55 88 110 -22 -35 Input angle :199
Zaxis angle :32 
minval :0 

minval :0 



-23 39 -36 -27 31 -33 31 32 -35 28 -26 -36 39 -22 19 40 
42 39 -17 -11 57 -56 90 -19 -66 63 -53 -8 -60 -32 -37 -26 
-56 -13 21 0 -24 77 -70 60 30 -88 49 -19 69 0 45 6 
55 -14 -19 10 -14 -79 34 -87 11 91 -35 40 -60 32 -43 17 
-42 38 13 -17 51 61 10 91 -56 -76 11 -52 39 -56 30 -34 
19 -53 -2 20 -74 -31 -87 32 -1 4 Input angle :196
Zaxis angle :32 
minval :0 

minval :0 



40 26 -30 37 -34 -34 36 -32 31 38 -40 27 -23 -42 44 -19 
44 -40 -13 20 -61 -56 -18 -91 67 70 -5 56 -30 64 -29 39 
-21 56 2 -24 80 21 60 71 -92 -33 -21 -52 0 -72 8 -48 
-11 -59 10 21 -80 21 -85 -35 97 -14 43 35 39 60 18 45 
37 46 -19 -13 59 -57 92 -13 -75 62 -55 -9 -60 -38 -38 -31 
-55 -22 23 3 -27 78 76 48 -100 -12 Input angle :193
Zaxis angle :32 
minval :0 

minval :0 



0 40 -40 -3 6 -40 39 10 -13 38 -37 -16 20 -35 33 22 
55 6 -23 0 12 -73 53 -72 -21 87 -54 28 -74 6 -41 -3 
-51 20 19 -12 24 70 -10 90 -24 -87 30 -53 63 -40 37 -16 
36 -41 -11 20 -53 -51 -33 -83 62 65 -4 61 -36 65 -24 33 
-11 54 0 -23 71 20 65 62 -86 -27 -22 -57 1 -74 7 -40 
-16 -52 10 20 -71 19 -58 34 49 -10 Input angle :199
Zaxis angle :36 
minval :0 

minval :0 



-26 23 -21 -27 29 -19 15 31 -32 12 -10 -33 34 -7 5 34 
32 48 -19 -19 66 -37 85 -7 -74 43 -59 -13 -59 -51 -23 -26 
-52 -25 26 6 -40 64 -69 50 46 -73 59 -14 76 17 33 14 
58 -4 -26 7 3 -75 37 -78 -4 86 -43 42 -76 20 -35 1 
-50 30 19 -18 32 68 2 85 -35 -79 19 -57 56 -53 30 -18 
31 -49 -8 25 -60 -45 42 114 63 26 Input angle :196
Zaxis angle :41 
minval :0 

minval :0 



-40 6 -3 -40 40 0 -3 40 -40 -7 10 -39 38 14 -15 37 
15 49 -7 -20 66 -10 87 18 -87 17 -46 -35 -32 -57 -4 -41 
-35 -38 17 13 -52 43 -85 26 69 -56 57 11 55 34 24 33 
49 16 -21 -4 28 -61 60 -66 -32 82 -56 16 -65 -7 -37 -17 
-51 10 20 -6 3 67 -22 86 -13 -87 40 -42 58 -29 40 -3 
39 -34 -15 14 -39 -55 -82 1 101 35 Input angle :188
Zaxis angle :36 
minval :0 

minval :0 



0 47 -47 -5 9 -47 46 11 -15 44 -43 -19 21 -41 39 25 
51 0 -24 0 2 -73 40 -89 -1 94 -40 44 -69 16 -47 -5 
-45 24 21 -10 27 68 8 98 -43 -83 10 -58 49 -51 43 -19 
26 -42 -13 19 -57 -47 -52 -82 78 52 16 56 -21 67 -30 36 
-2 50 1 -23 71 12 86 46 -93 -7 -42 -42 -13 -69 9 -45 
-18 -48 8 22 -69 24 -81 112 -73 -5 Input angle :196
Zaxis angle :36 
minval :0 

minval :0 



2 -51 52 6 -9 52 -50 -12 17 -48 47 23 -26 46 -43 -28 
-49 -14 24 -5 -14 80 -53 71 13 -91 39 -32 61 -20 52 1 
48 -13 -18 16 -29 -75 15 -89 33 85 -18 47 -46 46 -48 22 
-38 33 8 -23 57 57 29 85 -70 -60 -4 -50 16 -63 32 -42 
17 -48 3 24 -78 -20 -66 -60 89 19 28 41 15 63 -7 51 
8 50 -15 -19 77 -20 77 -97 30 3 Input angle :188
Zaxis angle :36 
minval :0 

minval :0 



48 -24 21 50 -51 16 -11 -52 53 -7 2 54 -55 -3 7 -52 
-15 -57 18 19 -81 32 -100 -6 89 -32 51 20 53 57 22 49 
42 41 -25 -10 57 -65 91 -38 -62 70 -55 4 -74 -26 -44 -32 
-57 -18 27 -3 -17 84 -61 77 21 -91 45 -31 77 -13 54 10 
58 -12 -21 15 -23 -84 21 -97 26 90 -26 49 -61 48 -52 17 
-43 41 10 -25 62 59 117 31 -55 -9 Input angle :188
Zaxis angle :36 
minval :0 

minval :0 



42 32 -36 40 -38 -37 40 -35 32 42 -45 28 -24 -48 49 -18 
29 -43 -8 27 -61 -50 -42 -79 72 46 10 44 -5 64 -32 42 
-4 51 -5 -28 78 15 75 47 -85 -9 -29 -33 -25 -59 9 -53 
-21 -47 16 22 -75 25 -89 -3 79 -34 42 14 51 40 16 51 
41 31 -26 -9 53 -58 81 -39 -53 68 -44 6 -64 -11 -39 -35 
-50 -10 28 -3 -23 76 32 16 79 -11 Input angle :188
Zaxis angle :36 
minval :0 

minval :0 



-6 61 -60 -11 17 -59 56 23 -27 55 -52 -31 34 -50 47 38 
52 7 -25 3 18 -79 44 -77 -6 90 -32 33 -61 25 -61 -9 
-50 17 20 -16 18 78 0 89 -38 -82 13 -45 42 -51 60 -17 
36 -39 -10 23 -54 -61 -43 -79 72 54 8 46 -12 65 -42 45 
-10 51 -2 -26 78 21 74 49 -89 -12 -30 -35 -21 -63 18 -59 
-13 -50 14 22 -80 14 -85 48 26 -4 Input angle :184
Zaxis angle :39 
minval :0 

minval :0 



-19 -55 56 -15 10 58 -58 6 -1 -58 58 4 -9 57 -56 -13 
-52 10 23 -13 12 76 -17 104 -24 -87 28 -50 64 -42 56 -13 
41 -33 -13 23 -46 -62 -34 -99 60 66 1 57 -34 70 -43 40 
-20 50 0 -28 69 34 77 70 -85 -26 -28 -50 -1 -77 18 -55 
-5 -53 11 25 -77 5 -100 -25 88 -13 48 31 38 68 10 57 
28 46 -22 -15 65 -41 117 63 7 7 Input angle :184
Zaxis angle :36 
minval :0 

minval :0 



-24 47 -44 -29 33 -41 39 36 -39 36 -32 -42 45 -29 26 46 
54 17 -21 -3 29 -61 67 -66 -34 83 -46 22 -65 8 -45 -28 
-56 10 20 -7 2 68 -29 91 -9 -89 29 -40 53 -39 53 3 
43 -36 -15 14 -34 -59 -21 -93 48 76 -6 50 -26 59 -49 20 
-21 52 7 -20 56 38 60 74 -80 -41 -17 -48 -3 -65 32 -42 
-5 -56 4 20 -68 -3 -75 -64 -115 -1 Input angle :184
Zaxis angle :36 
minval :0 

minval :0 



45 16 -19 43 -41 -23 28 -38 36 30 -32 34 -31 -36 38 -27 
12 -60 12 16 -72 -13 -74 -57 91 10 32 38 33 65 -18 42 
16 58 -18 -7 71 -21 92 11 -88 32 -46 -18 -61 -39 -4 -47 
-43 -42 19 -2 -49 54 -86 36 58 -72 50 -7 72 8 24 40 
58 18 -15 11 17 -70 59 -72 -14 92 -40 32 -66 30 -42 -21 
-58 16 8 -18 21 71 -58 -65 -32 -12 Input angle :341
Zaxis angle :29 
minval :0 

minval :0 



-44 24 -19 -46 47 -16 12 48 -49 8 -4 -49 50 -2 -3 49 
40 40 -13 -2 57 -41 91 -23 -67 63 -52 0 -62 -15 -22 -45 
-54 -17 13 -4 -28 65 -69 65 30 -88 45 -23 62 -15 40 30 
55 -11 -10 9 -7 -70 29 -90 18 91 -29 42 -49 41 -49 -7 
-43 37 3 -13 42 57 21 92 -56 -73 4 -51 20 -61 46 -19 
18 -53 3 14 -63 -30 -82 80 50 4 Input angle :175
Zaxis angle :32 
minval :0 

minval :0 



45 19 -24 43 -41 -26 31 -38 36 35 -37 32 -28 -40 43 -25 
31 -52 1 30 -71 -34 -70 -77 90 41 22 53 -6 83 -23 43 
2 60 -16 -26 77 -1 99 31 -98 11 -46 -36 -32 -77 0 -49 
-29 -54 26 13 -67 41 -102 20 84 -50 57 8 67 51 24 44 
51 33 -30 1 41 -67 82 -65 -45 88 -55 18 -83 -16 -43 -25 
-60 -5 27 -15 -2 77 -2 111 -113 -13 Input angle :184
Zaxis angle :36 
minval :0 

minval :0 



51 25 -29 48 -45 -34 39 -42 37 43 -47 33 -30 -49 50 -27 
23 -51 0 20 -50 -38 -58 -78 80 46 12 44 -10 77 -31 49 
7 56 -10 -17 63 10 90 41 -93 -1 -33 -33 -27 -72 2 -57 
-32 -45 17 10 -59 19 -100 5 84 -37 45 13 57 52 24 52 
51 24 -19 -1 44 -46 82 -55 -55 74 -45 9 -75 -15 -48 -33 
-55 2 18 -8 -11 61 16 0 120 -12 Input angle :184
Zaxis angle :39 
minval :0 

minval :0 



9 55 -56 5 -1 -56 56 4 -9 56 -54 -13 18 -53 51 22 
60 0 -20 5 7 -86 45 -86 -5 94 -39 38 -75 24 -56 5 
-55 27 16 -13 31 80 4 95 -39 -85 17 -51 54 -56 47 -32 
35 -49 -7 19 -68 -52 -46 -84 75 55 8 54 -21 75 -25 51 
-7 59 -2 -21 84 15 83 47 -93 -10 -34 -43 -20 -75 0 -57 
-22 -57 12 17 -81 27 -82 -16 -114 -5 Input angle :196
Zaxis angle :36 
minval :0 

minval :0 



44 33 -37 40 -36 -41 44 -33 31 46 -48 27 -22 -51 52 -16 
41 -23 -11 22 -41 -76 -11 -96 54 78 -14 58 -52 65 -37 41 
-23 42 0 -26 74 44 57 77 -87 -39 -18 -57 11 -83 14 -55 
3 -47 13 22 -86 -4 -90 -36 94 -7 41 42 30 78 15 53 
22 41 -22 -14 77 -38 97 -7 -81 49 -58 -16 -64 -54 -37 -41 
-38 -28 26 0 -51 69 87 -112 125 -11 Input angle :199
Zaxis angle :36 
minval :0 

minval :0 



-38 45 -40 -41 45 -37 33 48 -51 29 -25 -53 55 -20 16 55 
35 32 -22 -7 56 -57 89 -35 -72 70 -62 -6 -72 -36 -42 -40 
-44 -14 23 -4 -27 76 -64 70 30 -96 58 -23 81 -5 56 17 
46 -11 -17 15 -14 -80 23 -92 21 98 -40 46 -69 43 -58 11 
-35 30 9 -21 51 63 24 92 -65 -77 10 -61 40 -70 45 -38 
15 -44 2 24 -73 -33 -63 0 57 4 Input angle :184
Zaxis angle :32 
minval :0 

minval :0 



35 -57 53 40 -44 49 -47 -46 50 -42 37 54 -56 32 -29 -59 
-29 -39 24 15 -67 66 -97 42 64 -71 61 1 86 40 53 40 
45 18 -28 -2 25 -90 62 -85 -20 94 -52 31 -95 5 -66 -7 
-48 5 26 -11 20 91 -17 106 -26 -92 32 -52 80 -51 61 -26 
40 -27 -18 23 -60 -71 -33 -100 66 71 -5 60 -45 84 -45 49 
-23 43 4 -28 89 30 65 95 -13 -4 Input angle :196
Zaxis angle :36 
minval :0 

minval :0 



48 -26 23 50 -51 19 -14 -53 54 -10 5 55 -56 1 1 -55 
-5 -54 22 22 -81 35 -93 -11 96 -32 52 33 59 64 24 49 
31 44 -30 -10 56 -67 89 -32 -62 79 -62 -2 -83 -29 -46 -31 
-48 -24 30 -6 -18 87 -60 74 20 -97 56 -28 86 -11 56 6 
54 -2 -23 20 -26 -84 15 -93 28 96 -35 51 -68 56 -52 20 
-45 29 10 -29 65 59 107 15 -107 -9 Input angle :188
Zaxis angle :32 
minval :0 

minval :0 



47 42 -45 44 -39 -48 51 -36 30 55 -57 26 -22 -59 60 -17 
37 -35 -9 24 -56 -61 -32 -87 75 66 -1 56 -28 74 -44 46 
-15 49 -5 -25 78 25 70 61 -97 -18 -26 -50 -7 -80 15 -62 
-11 -50 15 20 -80 18 -91 -18 95 -29 44 34 45 66 13 61 
33 37 -22 -10 63 -54 90 -23 -71 69 -55 -7 -72 -35 -42 -46 
-47 -18 25 -1 -32 77 50 16 -48 -13 Input angle :184
Zaxis angle :36 
minval :0 

minval :0 



25 -58 58 29 -33 55 -52 -37 42 -48 43 46 -51 39 -34 -53 
-44 -28 27 0 -37 78 -75 61 39 -98 61 -19 79 3 58 28 
52 3 -24 13 -9 -86 34 -91 12 105 -42 47 -70 36 -64 4 
-47 21 16 -23 46 73 14 96 -62 -85 19 -60 45 -65 55 -33 
30 -43 -2 27 -74 -44 -58 -77 95 47 14 62 -7 79 -33 55 
-6 51 -11 -26 87 0 42 31 32 1 Input angle :184
Zaxis angle :36 
minval :0 

minval :0 



-4 47 -46 -8 13 -46 44 17 -20 42 -40 -22 25 -39 37 29 
47 23 -32 2 15 -82 49 -84 -7 100 -51 36 -90 16 -46 -9 
-52 0 26 -17 25 81 -5 98 -39 -93 25 -57 71 -57 45 -15 
45 -27 -14 29 -60 -59 -44 -87 79 62 6 62 -32 85 -31 36 
-28 44 0 -32 81 24 80 56 -99 -12 -36 -51 -11 -91 11 -46 
1 -52 16 27 -82 20 -64 112 -78 -5 Input angle :184
Zaxis angle :36 
minval :0 

minval :0 



43 25 -28 41 -38 -32 36 -35 32 38 -41 28 -25 -44 45 -20 
49 -28 -21 27 -62 -59 -39 -93 71 65 1 66 -45 85 -29 42 
-29 50 7 -32 82 24 81 61 -94 -23 -29 -60 -2 -96 7 -50 
3 -57 10 32 -84 16 -99 -17 93 -25 56 35 47 83 19 47 
26 51 -24 -22 64 -57 97 -28 -67 69 -65 -7 -82 -53 -40 -32 
-46 -33 31 8 -30 81 57 32 66 -12 Input angle :204
Zaxis angle :36 
minval :0 

minval :0 



12 -61 60 16 -22 59 -57 -27 31 -54 50 35 -40 48 -44 -44 
-45 -32 34 2 -36 81 -77 71 33 -90 59 -25 87 4 61 18 
56 6 -31 13 -7 -88 36 -99 14 94 -38 53 -79 37 -63 13 
-53 20 21 -27 51 71 14 103 -59 -74 6 -64 49 -71 49 -41 
35 -44 -3 34 -78 -41 -65 -81 87 39 26 60 -10 86 -18 61 
-9 55 -11 -31 88 -5 64 15 -3 0 Input angle :193
Zaxis angle :36 
minval :0 

minval :0 



-6 70 -69 -11 17 -68 68 22 -28 65 -63 -32 36 -60 56 43 
47 16 -32 -1 27 -83 57 -81 -4 92 -53 38 -83 1 -70 -11 
-49 8 31 -11 20 84 -10 98 -38 -85 32 -56 73 -39 67 -25 
39 -29 -20 25 -56 -66 -38 -92 75 53 1 64 -46 69 -47 53 
-18 46 5 -32 82 32 79 60 -91 -11 -31 -57 5 -83 12 -71 
-3 -49 12 30 -86 9 -80 64 -41 -5 Input angle :196
Zaxis angle :36 
minval :0 

minval :0 



-31 -62 64 -25 21 66 -68 15 -9 -69 69 -4 0 70 -69 -5 
-55 18 19 -20 29 88 -3 106 -45 -93 25 -60 60 -51 64 -26 
40 -40 -8 26 -66 -67 -48 -94 84 60 5 65 -29 73 -44 54 
-14 56 -5 -27 88 31 88 57 -103 -14 -36 -54 -7 -79 12 -69 
-12 -56 18 21 -93 16 -105 -9 95 -41 57 29 46 65 22 66 
40 41 -26 -9 71 -60 126 -49 54 10 Input angle :188
Zaxis angle :39 
minval :0 

minval :0 



-48 16 -12 -49 50 -9 6 51 -50 2 2 -51 51 8 -11 48 
15 46 -12 -24 74 -20 88 -4 -92 38 -58 -23 -51 -62 -13 -48 
-34 -36 23 14 -57 50 -73 47 65 -75 62 -8 73 31 37 36 
47 13 -26 -1 26 -71 45 -76 -20 96 -50 36 -79 12 -49 -15 
-47 11 24 -11 16 74 -3 88 -31 -94 26 -57 63 -48 51 -11 
36 -33 -15 21 -48 -58 -112 -48 114 8 Input angle :193
Zaxis angle :39 
minval :0 

minval :0 



30 -21 19 32 -33 18 -16 -34 35 -12 9 36 -37 5 -2 -37 
-16 -56 18 28 -82 31 -87 -11 89 -28 51 34 47 71 20 32 
40 42 -30 -15 55 -67 82 -31 -66 65 -61 -4 -74 -42 -33 -19 
-56 -17 34 0 -19 85 -54 68 20 -91 55 -27 85 -6 38 0 
58 -10 -30 15 -23 -84 20 -85 18 91 -39 47 -77 39 -34 17 
-47 35 20 -27 62 62 3 46 34 -35 Input angle :199
Zaxis angle :36 
minval :0 

minval :0 



54 -15 9 54 -56 4 0 -56 56 4 -9 55 -55 -14 18 -52 
0 -58 9 34 -91 4 -78 -46 113 -8 39 45 22 70 8 56 
28 51 -24 -25 79 -46 90 1 -98 57 -56 -23 -54 -50 -34 -44 
-50 -30 34 8 -46 79 -80 42 56 -98 59 -6 71 18 53 20 
59 5 -35 5 3 -91 52 -75 -6 113 -50 33 -70 18 -57 3 
-53 24 25 -23 37 84 -97 -113 28 -13 Input angle :196
Zaxis angle :32 
minval :0 

minval :0 



15 -60 58 20 -25 55 -52 -30 36 -52 48 39 -44 44 -41 -47 
-50 -18 33 -2 -30 88 -67 65 22 -114 58 -22 79 0 58 20 
51 -8 -25 18 -14 -92 28 -91 31 112 -39 47 -69 36 -61 12 
-41 32 15 -28 58 72 19 92 -82 -81 10 -62 41 -67 49 -38 
19 -48 0 31 -86 -34 -63 -70 111 32 18 59 -6 79 -24 57 
3 52 -17 -27 92 -7 27 127 -7 2 Input angle :188
Zaxis angle :36 
minval :0 

minval :0 



-22 48 -46 -27 30 -44 40 34 -37 39 -36 -38 42 -32 28 44 
33 34 -37 -9 55 -71 82 -44 -59 85 -62 9 -81 -22 -47 -28 
-45 -14 38 -9 -10 88 -51 78 9 -102 50 -36 83 -11 54 0 
47 -10 -28 26 -28 -85 8 -93 40 94 -24 57 -65 53 -48 24 
-36 30 12 -37 66 60 40 83 -77 -67 -3 -62 33 -76 31 -44 
15 -45 5 39 -87 -22 -56 96 96 2 Input angle :188
Zaxis angle :36 
minval :0 

minval :0 



42 37 -40 41 -39 -42 45 -35 31 48 -51 27 -24 -52 53 -19 
39 -32 -20 31 -67 -63 -28 -98 71 78 -4 54 -35 69 -37 42 
-20 46 3 -36 90 22 67 75 -101 -31 -21 -51 0 -78 14 -56 
-2 -50 14 33 -91 21 -97 -30 103 -22 44 33 39 67 15 56 
27 43 -29 -21 68 -63 101 -19 -78 71 -54 -9 -68 -37 -39 -41 
-45 -23 36 6 -30 87 70 112 71 -13 Input angle :196
Zaxis angle :32 
minval :0 

minval :0 



46 38 -41 42 -38 -46 48 -34 31 50 -53 27 -22 -54 56 -17 
45 -28 -26 26 -56 -77 -14 -94 67 85 -7 56 -46 66 -41 42 
-26 46 12 -35 87 40 54 76 -100 -43 -18 -52 9 -80 15 -57 
1 -55 7 37 -96 7 -86 -41 108 -11 40 38 26 76 11 58 
24 48 -23 -29 80 -52 94 -8 -86 65 -55 -13 -62 -50 -40 -44 
-44 -31 35 13 -43 85 95 0 -95 -13 Input angle :199
Zaxis angle :36 
minval :0 

minval :0 



40 -39 36 43 -47 31 -26 -49 52 -23 18 54 -54 14 -9 -54 
-31 -39 29 20 -65 59 -87 18 79 -71 53 2 65 29 37 43 
48 21 -34 -5 30 -81 65 -61 -35 100 -49 18 -73 1 -54 -20 
-52 3 33 -12 11 88 -31 83 -21 -105 32 -41 60 -38 56 -6 
42 -28 -23 26 -54 -69 -14 -89 66 84 -9 52 -37 61 -47 33 
-25 44 8 -35 79 40 61 31 110 -6 Input angle :196
Zaxis angle :36 
minval :0 

minval :0 



19 -59 57 24 -28 55 -52 -33 37 -50 46 41 -45 43 -40 -48 
-46 -16 34 1 -26 91 -70 70 21 -107 53 -26 84 -2 58 22 
49 -9 -29 15 -24 -92 23 -96 30 106 -32 49 -73 44 -63 8 
-37 33 19 -27 64 69 22 96 -76 -80 6 -59 44 -72 49 -38 
20 -45 -5 33 -90 -33 -68 -71 104 32 21 55 -3 85 -27 57 
5 49 -12 -31 94 -17 40 63 -87 2 Input angle :188
Zaxis angle :36 
minval :0 

minval :0 



60 -29 24 62 -65 16 -8 -67 68 -3 0 68 -68 -5 10 -66 
-15 -53 23 27 -92 36 -89 -6 96 -48 55 26 58 61 26 63 
40 40 -34 -13 63 -76 82 -35 -59 89 -61 3 -81 -21 -52 -44 
-54 -14 36 -4 -13 97 -50 74 6 -107 51 -34 83 -18 67 13 
54 -13 -29 22 -33 -93 10 -88 45 95 -27 54 -62 57 -64 22 
-42 38 15 -32 70 69 77 -113 83 -8 Input angle :184
Zaxis angle :36 
minval :0 

minval :0 



-16 -53 54 -10 7 55 -54 2 2 -56 56 5 -9 55 -53 -13 
-59 15 36 -23 30 83 -11 94 -36 -99 22 -58 57 -56 55 -13 
44 -44 -20 38 -65 -59 -39 -86 79 69 10 62 -25 76 -41 37 
-17 60 0 -43 84 20 73 59 -103 -20 -35 -51 -12 -79 19 -52 
-10 -61 23 36 -84 25 -94 -13 102 -29 56 28 50 63 10 54 
39 47 -37 -22 62 -61 105 47 88 9 Input angle :188
Zaxis angle :36 
minval :0 

minval :0 



-49 14 -10 -50 51 -8 3 51 -51 0 4 -51 50 9 -13 49 
31 49 -32 -28 62 -46 82 -18 -90 52 -44 -6 -77 -38 -12 -50 
-50 -27 42 8 -31 71 -62 56 55 -89 42 -16 88 -4 36 37 
57 0 -40 12 -7 -77 29 -79 -3 105 -28 34 -74 46 -48 -16 
-49 30 30 -31 44 64 16 81 -45 -94 7 -44 39 -77 50 -11 
31 -49 -10 41 -67 -39 -85 -96 -40 7 Input angle :181
Zaxis angle :20 
minval :0 

minval :0 



-3 -57 57 0 -5 56 -56 -11 15 -54 54 19 -25 51 -48 -29 
-49 7 38 -18 18 78 -32 82 -18 -95 33 -45 69 -43 58 0 
37 -31 -25 36 -52 -60 -14 -87 57 76 -10 54 -40 71 -50 27 
-18 45 5 -43 74 28 48 73 -87 -42 -17 -53 1 -82 30 -49 
-5 -48 16 39 -79 10 -80 -37 96 -5 40 39 36 74 -3 57 
26 41 -33 -27 64 -48 95 111 -16 6 Input angle :184
Zaxis angle :32 
minval :0 

minval :0 



-23 -38 39 -20 16 41 -42 13 -11 -43 43 -8 5 44 -44 1 
-48 39 14 -34 58 61 15 90 -69 -84 7 -65 40 -66 39 -24 
26 -56 3 34 -80 -30 -59 -70 100 42 27 60 0 77 -23 38 
7 62 -19 -29 84 -14 86 34 -108 15 -50 -42 -38 -67 1 -44 
-33 -51 31 16 -66 54 -91 11 91 -61 64 12 64 43 21 39 
54 29 -35 0 35 -77 -93 -65 84 12 Input angle :188
Zaxis angle :32 
minval :0 

minval :0 



53 -33 29 56 -59 25 -20 -60 62 -14 9 63 -64 4 0 -63 
-49 -18 29 5 -40 70 -82 43 37 -99 49 -21 67 12 30 56 
52 -5 -28 8 3 -80 51 -77 18 104 -33 41 -63 26 -54 -34 
-43 31 20 -21 37 72 -10 92 -62 -84 7 -52 44 -52 63 4 
20 -49 -8 28 -67 -45 -37 -85 96 45 16 50 -14 65 -57 26 
2 53 -7 -29 81 8 43 15 56 1 Input angle :184
Zaxis angle :32 
minval :0 

minval :0 



49 22 -26 47 -45 -31 34 -42 39 38 -41 36 -33 -43 45 -30 
7 -54 9 39 -83 -14 -75 -62 111 11 33 48 10 85 -26 47 
15 52 -26 -31 81 -24 96 17 -100 49 -52 -25 -48 -70 -1 -54 
-40 -37 36 16 -59 59 -92 30 67 -90 58 -2 78 34 25 47 
53 10 -40 4 22 -81 68 -69 -11 112 -47 33 -85 4 -47 -26 
-53 12 32 -23 20 82 -72 -17 -101 -14 Input angle :184
Zaxis angle :36 
minval :0 

minval :0 



-26 43 -40 -28 34 -38 34 37 -39 34 -30 -39 44 -24 22 45 
29 41 -36 -8 51 -76 84 -42 -62 88 -63 10 -79 -20 -42 -31 
-43 -25 37 -11 -10 90 -54 77 11 -106 51 -39 78 -22 53 7 
51 -2 -28 27 -34 -85 9 -93 40 99 -25 59 -61 54 -49 16 
-45 23 10 -38 70 58 33 88 -85 -65 -2 -64 26 -77 33 -40 
28 -42 8 39 -90 -18 -42 0 22 2 Input angle :188
Zaxis angle :36 
minval :0 

minval :0 



45 -26 23 47 -49 18 -12 -51 52 -9 6 52 -54 2 3 -52 
-15 -54 29 23 -77 34 -92 4 102 -45 58 20 51 53 20 49 
37 41 -37 -4 52 -66 80 -46 -69 86 -61 12 -72 -18 -43 -31 
-53 -16 35 -12 -15 83 -46 78 17 -110 47 -40 73 -15 53 10 
55 -8 -25 28 -23 -81 3 -92 40 104 -22 58 -55 49 -50 17 
-44 35 10 -35 60 59 87 -1 -61 -10 Input angle :184
Zaxis angle :32 
minval :0 

minval :0 



-38 -50 54 -34 29 57 -60 25 -20 -60 62 -15 8 64 -64 3 
-42 28 21 -31 60 76 12 97 -77 -83 14 -61 46 -72 53 -36 
21 -45 -2 38 -89 -38 -60 -79 108 36 17 62 -5 84 -31 57 
3 52 -16 -33 96 -12 91 41 -110 25 -43 -46 -37 -77 0 -65 
-27 -42 30 23 -79 56 -99 9 87 -74 59 20 67 53 32 56 
46 21 -37 -4 42 -88 -88 31 53 13 Input angle :184
Zaxis angle :32 
minval :0 

minval :0 



38 -38 35 41 -42 32 -29 -45 48 -25 20 49 -51 17 -12 -52 
-25 -40 35 18 -70 70 -99 18 81 -74 65 5 81 44 36 39 
41 23 -39 0 25 -95 78 -61 -34 104 -58 29 -92 0 -51 -16 
-48 0 33 -20 23 96 -39 92 -21 -108 37 -53 79 -46 54 -8 
41 -23 -20 33 -66 -75 -11 -99 72 82 -9 65 -50 76 -43 34 
-27 39 0 -40 95 33 51 -81 -107 -6 Input angle :188
Zaxis angle :32 
minval :0 

minval :0 



16 -45 44 18 -21 42 -40 -25 27 -38 37 30 -34 33 -30 -36 
-57 -14 26 -11 0 88 -49 84 3 -105 44 -42 78 -23 44 19 
57 -18 -18 23 -42 -77 6 -96 43 94 -19 56 -59 57 -48 4 
-45 38 6 -28 70 51 44 87 -81 -65 -9 -60 27 -77 38 -27 
17 -56 7 28 -88 -9 -78 -57 103 15 35 48 13 79 -21 43 
12 58 -21 -19 81 -33 61 15 -73 4 Input angle :181
Zaxis angle :32 
minval :0 

minval :0 



29 -17 14 30 -31 11 -9 -32 33 -7 5 33 -33 3 0 -33 
-47 -42 33 10 -47 68 -85 33 59 -71 60 -12 77 20 15 30 
61 15 -34 7 8 -82 55 -73 -15 92 -47 40 -77 19 -29 -18 
-61 15 25 -23 33 77 -16 90 -30 -88 23 -57 59 -53 34 2 
47 -42 -13 32 -65 -52 -31 -86 68 63 8 61 -29 74 -31 13 
-21 60 -3 -34 82 12 42 -83 65 -12 Input angle :184
Zaxis angle :32 
minval :0 

minval :0 



44 5 -9 43 -42 -14 16 -41 39 20 -24 38 -35 -27 29 -33 
20 -61 1 39 -91 -21 -68 -66 96 28 24 50 13 71 -12 44 
9 63 -20 -35 87 -25 92 26 -99 19 -46 -33 -43 -59 -12 -43 
-38 -52 34 22 -67 63 -94 19 76 -63 55 7 69 28 30 32 
58 26 -40 -2 28 -87 68 -67 -32 93 -50 23 -74 7 -43 -12 
-64 6 36 -19 19 91 -26 15 -101 -13 Input angle :188
Zaxis angle :32 
minval :0 

minval :0 



-9 -43 44 -7 3 45 -45 0 4 -45 43 9 -12 43 -43 -14 
-68 -3 31 -27 28 84 -31 97 -22 -89 25 -55 73 -57 45 -7 
61 -31 -16 38 -66 -60 -18 -99 63 67 1 62 -38 84 -36 27 
-40 55 -4 -42 87 20 64 80 -86 -30 -32 -53 -10 -91 18 -42 
6 -68 25 33 -86 21 -94 -38 91 -14 54 31 52 76 3 45 
26 63 -36 -19 65 -60 113 -97 122 7 Input angle :184
Zaxis angle :29 
minval :0 

minval :0 



7 -56 54 13 -16 54 -52 -18 21 -52 50 26 -30 47 -42 -35 
-56 -12 27 -17 -1 94 -53 87 2 -106 43 -44 73 -18 56 9 
56 -16 -16 28 -39 -85 4 -102 52 92 -17 58 -53 53 -53 19 
-41 41 1 -32 76 54 45 92 -87 -59 -14 -60 23 -72 39 -40 
16 -55 14 29 -94 -6 -85 -58 106 0 39 47 14 74 -15 55 
11 56 -26 -18 87 -37 65 -49 -15 5 Input angle :184
Zaxis angle :32 
minval :0 

minval :0 



31 41 -44 27 -23 -45 48 -19 15 48 -49 11 -6 -50 51 -2 
55 -14 -27 31 -47 -89 -7 -102 50 93 -15 67 -55 67 -44 27 
-40 39 11 -40 81 60 55 87 -90 -56 -16 -66 18 -85 25 -46 
17 -55 9 41 -100 -13 -89 -52 106 8 48 47 26 83 0 52 
9 56 -28 -30 94 -39 103 -1 -97 43 -67 -16 -64 -57 -23 -46 
-36 -43 40 10 -62 80 127 0 -13 -12 Input angle :188
Zaxis angle :36 
minval :0 

minval :0 



-37 9 -5 -38 38 -2 0 38 -38 -3 7 -38 37 9 -13 35 
9 63 -25 -30 86 -18 92 22 -90 29 -59 -21 -48 -68 -6 -38 
-41 -49 38 13 -66 59 -91 26 66 -67 63 -7 75 39 24 30 
59 24 -40 6 31 -83 66 -68 -22 92 -49 40 -84 6 -36 -13 
-64 5 32 -25 13 87 -24 91 -20 -92 23 -59 71 -45 38 -5 
53 -37 -15 37 -53 -71 0 -110 -91 35 Input angle :181
Zaxis angle :36 
minval :0 

minval :0 



-57 -4 10 -56 54 14 -18 52 -52 -23 26 -49 47 30 -34 44 
-15 63 -12 -35 91 11 85 63 -96 -6 -40 -42 -23 -81 8 -56 
-16 -62 29 23 -84 36 -105 -11 88 -41 54 19 59 61 18 54 
43 46 -36 -7 58 -71 98 -38 -55 79 -56 12 -82 -21 -42 -37 
-62 -19 35 -10 -19 89 -72 77 15 -96 46 -34 83 -18 56 13 
64 -11 -25 28 -28 -87 64 -16 -119 11 Input angle :184
Zaxis angle :32 
minval :0 

minval :0 



56 16 -22 55 -53 -27 30 -51 48 33 -37 46 -42 -42 46 -37 
11 -59 -1 23 -88 -14 -74 -61 95 2 33 44 6 71 -21 56 
17 57 -8 -22 86 -25 95 20 -84 42 -50 -24 -40 -59 -9 -59 
-43 -41 19 13 -61 65 -91 32 51 -79 57 -2 64 30 32 49 
58 13 -23 -3 21 -87 66 -70 -7 93 -48 28 -71 4 -54 -25 
-58 15 22 -8 21 86 -74 -1 23 -11 Input angle :196
Zaxis angle :32 
minval :0 

minval :0 



-1 -48 46 3 -6 46 -46 -9 13 -45 45 17 -21 42 -40 -25 
-74 1 32 -19 20 87 -33 95 -13 -93 30 -54 73 -53 47 0 
66 -36 -19 30 -62 -66 -16 -100 56 76 0 62 -42 80 -42 21 
-37 66 2 -37 83 32 62 80 -85 -41 -28 -54 1 -91 27 -40 
2 -76 16 33 -88 13 -93 -39 93 -13 52 35 43 78 -6 47 
34 66 -29 -21 73 -53 99 -113 -41 6 Input angle :175
Zaxis angle :25 
minval :0 

minval :0 



-13 -44 46 -9 4 46 -46 0 1 -46 46 5 -8 45 -44 -12 
-69 30 22 -27 38 76 -1 98 -46 -86 10 -59 57 -63 45 -10 
47 -59 -7 34 -71 -47 -45 -88 83 53 15 58 -18 83 -35 30 
-11 75 -10 -34 86 3 80 55 -98 -11 -43 -42 -22 -82 17 -42 
-27 -71 25 24 -77 36 -98 -10 90 -41 57 17 62 59 7 46 
56 49 -35 -9 55 -66 -112 -81 108 10 Input angle :181
Zaxis angle :32 
minval :0 

minval :0 



-9 -40 41 -5 0 41 -41 -2 5 -41 41 6 -9 40 -38 -12 
-70 3 34 -21 16 83 -29 88 -21 -88 34 -55 72 -45 41 -5 
60 -35 -20 34 -55 -64 -20 -91 64 64 0 65 -42 74 -34 24 
-38 59 1 -40 79 29 61 70 -86 -29 -29 -58 1 -85 15 -38 
3 -70 18 35 -83 14 -86 -34 89 -15 53 37 41 74 1 42 
32 61 -33 -22 67 -51 -44 -115 -118 29 Input angle :188
Zaxis angle :36 
minval :0 

minval :0 



18 -49 46 23 -26 45 -43 -30 34 -41 37 36 -39 34 -29 -42 
-41 -51 37 14 -59 81 -92 40 48 -85 70 -11 81 36 46 25 
61 26 -40 5 12 -101 60 -80 -7 98 -58 41 -88 6 -53 2 
-66 7 31 -24 36 94 -14 100 -45 -87 30 -64 72 -49 44 -27 
54 -37 -16 38 -79 -64 -36 -93 82 54 4 70 -42 78 -27 45 
-28 60 -3 -40 100 14 58 -97 -63 -2 Input angle :196
Zaxis angle :32 
minval :0 

minval :0 



-22 -35 37 -19 15 38 -40 11 -8 -40 41 -4 1 42 -41 -1 
-59 10 23 -27 46 75 0 93 -53 -72 10 -62 58 -62 37 -20 
44 -40 -6 35 -77 -42 -37 -85 80 39 18 60 -25 81 -23 35 
-23 55 -10 -34 88 2 77 52 -90 2 -45 -43 -20 -83 2 -42 
-8 -59 24 25 -78 40 -92 -13 78 -43 60 17 58 62 17 38 
34 49 -34 -10 51 -72 -95 126 -31 39 Input angle :188
Zaxis angle :32 
minval :0 

minval :0 



46 15 -19 43 -41 -22 25 -40 37 28 -31 36 -33 -36 38 -29 
26 -61 3 37 -82 -21 -54 -75 105 20 28 50 -5 81 -19 43 
3 67 -21 -31 82 -20 85 34 -100 37 -49 -28 -35 -73 -3 -48 
-36 -55 33 18 -59 60 -92 11 73 -77 58 1 69 45 26 39 
59 32 -37 0 22 -82 75 -54 -21 103 -51 27 -81 -9 -43 -21 
-67 1 32 -18 16 83 -58 -17 27 -13 Input angle :184
Zaxis angle :29 
minval :0 

minval :0 



-42 -15 19 -40 38 23 -27 35 -33 -29 32 -31 28 34 -36 26 
-18 58 -10 -39 74 20 67 66 -91 -16 -36 -49 2 -83 18 -41 
-13 -59 28 28 -74 22 -90 -25 86 -34 55 25 42 72 5 44 
41 45 -39 -11 54 -54 92 -20 -60 71 -61 5 -72 -41 -25 -37 
-58 -19 39 -10 -21 74 -72 60 18 -91 50 -34 83 0 40 20 
60 -8 -30 26 -16 -75 -17 96 120 44 Input angle :37
Zaxis angle :20 
minval :0 

minval :0 


