
28 84 -85 25 -20 -86 87 -16 12 89 -88 8 -3 -89 89 0 
-86 16 30 33 -15 -26 110 27 65 -64 0 -30 13 15 -13 87 
-9 -88 -36 28 29 -10 -45 104 53 76 30 5 -15 11 -83 -23 
88 0 -22 -39 9 29 -99 -54 -78 47 -8 29 -8 -18 31 -83 
-6 88 41 -17 -30 6 58 -97 -40 -82 -28 -10 17 -8 80 35 
-87 -13 16 42 -4 -31 -81 0 -8 -5 
RSSI :-110 
Input angle :285
Zaxis angle :47 
minval :0 

minval :0 



43 -73 71 47 -48 72 -68 -53 55 -64 59 62 -66 56 -52 -67 
72 60 6 -47 -12 29 -44 -102 -92 -10 -21 10 4 -21 72 -46 
-67 65 46 11 -29 -16 103 -38 25 -88 -8 -22 21 7 41 76 
-58 -73 -14 44 18 -27 28 106 85 35 22 -7 -9 20 -80 31 
80 -49 -43 -19 25 20 -109 15 -36 84 4 23 -19 -10 -25 -82 
43 82 23 -40 -22 23 93 -97 -114 -6 
RSSI :-110 
Input angle :285
Zaxis angle :47 
minval :0 

minval :0 



86 30 -34 85 -83 -37 43 -80 77 47 -51 75 -72 -55 58 -69 
-41 82 47 1 -32 -6 89 -63 2 -94 -21 -21 23 0 64 64 
-79 -50 -4 48 10 -31 49 97 93 11 23 -20 -1 23 -71 57 
57 -73 -47 -7 30 12 -100 44 -18 91 17 26 -24 -5 -47 -77 
65 65 12 -46 -14 29 -31 -105 -90 -26 -26 16 6 -22 79 -44 
-72 59 44 19 -27 -17 68 16 2 -11 
RSSI :-110 
Input angle :288
Zaxis angle :47 
minval :0 

minval :0 



66 58 -63 63 -59 -66 69 -54 48 74 -76 45 -41 -78 80 -38 
-66 60 41 19 -25 -17 110 -23 31 -90 -14 -28 20 5 30 83 
-56 -68 -23 39 19 -22 8 112 85 42 30 -11 -8 19 -86 20 
75 -47 -37 -26 20 21 -112 0 -51 81 10 29 -19 -9 -12 -87 
39 78 29 -34 -23 18 11 -112 -75 -57 -31 5 11 -18 88 -4 
-82 33 30 33 -17 -24 0 64 45 -9 
RSSI :-110 
Input angle :295
Zaxis angle :47 
minval :0 

minval :0 



-85 14 -11 -88 87 -8 5 87 -87 0 5 -88 85 9 -16 86 
-11 -83 -35 21 30 -9 -38 96 57 76 24 5 -15 11 -85 -20 
85 -7 -16 -39 7 26 -98 -55 -79 48 -8 30 -8 -14 32 -79 
-8 86 35 -10 -30 0 64 -90 -37 -87 -27 -11 16 -9 78 38 
-81 -16 8 38 2 -27 88 69 90 -27 7 -24 5 20 -46 73 
24 -80 -40 0 32 3 44 -112 -46 11 
RSSI :-110 
Input angle :288
Zaxis angle :47 
minval :0 

minval :0 



79 29 -32 79 -77 -35 41 -74 72 44 -49 69 -67 -53 55 -62 
-40 83 43 2 -30 -9 92 -59 -2 -94 -12 -17 20 -1 57 63 
-77 -52 -5 43 10 -30 51 96 92 9 18 -9 -1 20 -69 49 
57 -72 -42 -10 28 16 -101 41 -20 92 8 18 -20 -4 -41 -74 
64 65 15 -41 -17 27 -32 -103 -91 -23 -19 6 5 -20 77 -35 
-74 55 40 19 -25 -21 69 0 36 -11 
RSSI :-110 
Input angle :86
Zaxis angle :54 
minval :0 

minval :0 



28 -75 73 32 -36 71 -70 -39 44 -68 64 47 -52 62 -58 -55 
74 45 3 -43 -17 29 -54 -95 -90 0 -12 9 2 -14 60 -52 
-53 70 44 8 -29 -19 98 -47 8 -89 -8 -12 15 4 46 65 
-61 -62 -13 41 22 -25 39 103 87 20 14 -7 -6 14 -70 38 
66 -56 -41 -16 22 26 -107 27 -26 85 6 14 -14 -6 -34 -73 
48 73 21 -38 -26 21 87 63 -77 -5 
RSSI :-110 
Input angle :289
Zaxis angle :44 
minval :0 

minval :0 



0 -110 105 10 -16 108 -107 -21 25 -109 106 32 -35 100 -100 -35 
83 5 72 90 51 85 83 -15 80 58 50 110 7 -73 55 -95 
-18 80 -99 58 -92 32 0 87 -68 68 -119 27 70 17 79 76 
-77 -30 -37 -108 -17 -97 -80 -17 -53 -77 -6 -124 -34 64 -83 67 
47 -69 110 -22 101 1 32 -80 87 -43 124 13 -57 -42 -56 -92 
62 54 2 111 -16 100 13 -64 -30 2 
RSSI :-110 
Input angle :86
Zaxis angle :0 
minval :0 

minval :0 



25 80 -81 20 -15 -83 84 -10 6 84 -84 2 2 -84 83 4 
-62 26 -94 -36 -74 -47 -55 44 -81 -7 -79 -79 24 69 -21 82 
-14 -65 50 -88 60 -64 -32 -62 19 -80 94 -61 -71 13 -76 -37 
68 0 77 66 51 72 66 -23 75 32 49 101 4 -72 49 -69 
-9 67 -77 65 -79 38 10 69 -46 68 -108 28 72 12 59 60 
-63 -23 -48 -89 -24 -85 22 -49 21 -15 
RSSI :-110 
Input angle :86
Zaxis angle :0 
minval :0 

minval :0 



76 16 -18 76 -75 -22 28 -73 70 33 -39 68 -66 -42 44 -64 
-3 62 -90 57 -84 29 12 71 -56 52 -108 18 60 30 55 56 
-61 -12 -41 -98 -11 -88 -72 0 -41 -65 0 -109 -36 56 -62 47 
23 -57 104 -22 89 0 11 -71 71 -31 108 18 -48 -46 -34 -71 
53 32 3 107 -18 87 68 23 17 75 -37 102 53 -41 76 -21 
-41 46 -106 -11 -83 -33 -55 46 57 0 
RSSI :-110 
Input angle :88
Zaxis angle :0 
minval :0 

minval :0 



-35 -69 70 -32 31 71 -73 26 -20 -74 76 -15 11 77 -76 7 
46 -29 104 17 85 34 42 -57 90 -3 98 61 -34 -73 7 -78 
20 52 -31 101 -48 79 50 49 -14 89 -74 86 76 -22 75 19 
-54 12 -93 -48 -70 -59 -57 40 -86 -26 -73 -88 9 78 -34 70 
-2 -55 64 -83 70 -60 -28 -64 39 -82 100 -55 -79 -1 -63 -45 
55 4 69 79 45 80 40 -95 -116 13 
RSSI :-110 
Input angle :89
Zaxis angle :14 
minval :0 

minval :0 



-44 73 -71 -48 51 -69 66 55 -59 64 -61 -61 65 -56 51 68 
-55 -32 -37 -101 -8 -89 -72 -13 -41 -78 5 -110 -44 58 -78 39 
38 -50 105 -19 89 6 25 -68 84 -28 108 21 -51 -52 -24 -83 
41 48 0 107 -24 87 62 38 12 87 -39 103 61 -41 86 -11 
-55 30 -105 -21 -79 -43 -47 55 -88 1 -95 -55 29 67 -7 87 
-21 -60 37 -100 54 -72 73 32 107 -22 
RSSI :-110 
Input angle :86
Zaxis angle :0 
minval :0 

minval :0 



-25 69 -67 -29 34 -66 63 37 -41 62 -60 -43 47 -57 55 49 
-42 -36 -30 -93 -12 -79 -59 3 -58 -71 -13 -110 -27 57 -61 41 
44 -33 98 -11 80 3 6 -58 81 -42 111 2 -51 -38 -32 -66 
25 49 -1 98 -12 79 57 17 32 86 -24 108 45 -46 71 -19 
-53 15 -96 -20 -75 -27 -24 54 -91 13 -103 -39 36 53 8 73 
-4 -55 35 -92 42 -67 16 -64 -15 -24 
RSSI :-110 
Input angle :89
Zaxis angle :0 
minval :0 

minval :0 



13 -70 69 17 -21 69 -67 -26 30 -65 63 34 -37 62 -59 -39 
55 14 47 81 32 76 67 -8 70 55 26 108 24 -67 49 -53 
-24 51 -88 33 -80 18 1 68 -65 60 -112 5 61 36 42 59 
-46 -33 -19 -92 -4 -82 -67 -13 -49 -74 12 -110 -46 54 -64 33 
42 -39 94 0 81 10 26 -63 83 -31 105 35 -46 -54 -16 -70 
32 47 -19 92 -27 78 82 16 -37 21 
RSSI :-110 
Input angle :88
Zaxis angle :0 
minval :0 

minval :0 



34 -68 66 39 -43 63 -61 -47 49 -59 57 52 -55 53 -48 -59 
56 30 29 94 11 87 67 17 60 70 -15 101 44 -56 65 -41 
-40 50 -97 11 -88 -5 -24 65 -79 47 -99 -30 48 52 26 73 
-41 -49 2 -98 21 -86 -60 -35 -27 -88 45 -92 -60 38 -76 13 
54 -32 96 20 81 37 46 -52 91 -14 81 62 -26 -65 -1 -78 
20 60 -39 90 -53 71 -1 -65 55 23 
RSSI :-110 
Input angle :86
Zaxis angle :0 
minval :0 

minval :0 



59 -58 54 62 -66 50 -46 -68 70 -43 40 72 -74 35 -32 -75 
42 50 -9 90 -9 78 66 27 33 78 -31 95 49 -35 81 -17 
-56 33 -88 -22 -75 -22 -38 60 -83 20 -88 -46 25 55 4 82 
-22 -61 39 -82 35 -69 -51 -50 -2 -85 65 -75 -58 14 -82 -12 
65 -12 74 52 63 46 56 -43 84 12 64 76 -2 -60 26 -78 
1 65 -65 63 -57 54 -106 63 124 20 
RSSI :-110 
Input angle :89
Zaxis angle :0 
minval :0 

minval :0 



-72 -38 42 -70 67 45 -50 65 -61 -53 57 -58 56 59 -60 54 
31 -56 89 -28 80 -20 -1 -69 69 -64 101 -4 -54 -40 -41 -71 
49 42 14 92 5 82 68 12 47 81 -15 99 50 -43 77 -26 
-50 41 -93 -4 -82 -11 -23 65 -87 34 -96 -30 34 58 12 81 
-30 -57 19 -91 23 -79 -60 -34 -18 -92 44 -91 -61 26 -82 -1 
60 -22 86 37 75 35 123 97 -62 -1 
RSSI :-110 
Input angle :89
Zaxis angle :0 
minval :0 

minval :0 



93 59 -65 91 -86 -74 74 -82 77 79 -84 70 -64 -88 90 -62 
-62 57 -93 29 -90 23 -6 80 -57 64 0 -9 67 43 47 104 
-44 -71 -10 -101 -4 -92 -77 -22 -54 -68 26 -126 -56 54 -110 24 
76 -31 97 8 93 10 34 -72 76 -43 118 52 -44 -63 -5 -111 
15 80 -28 98 -28 87 62 48 28 84 -66 108 71 -35 112 13 
-80 3 -92 -39 -84 -43 -43 -17 77 0 
RSSI :-110 
Input angle :86
Zaxis angle :0 
minval :0 

minval :0 



48 -62 61 50 -53 58 -57 -55 57 -55 51 59 -63 47 -42 -66 
36 37 25 85 14 84 73 8 66 77 4 116 40 -64 73 -29 
-44 28 -88 5 -85 -3 -23 68 -85 56 -115 -16 56 50 16 77 
-20 -48 13 -88 15 -84 -64 -35 -38 -94 37 -110 -60 44 -79 0 
51 -11 85 22 80 30 44 -58 100 -19 103 54 -36 -65 11 -78 
2 52 -37 81 -43 73 13 0 89 25 
RSSI :-110 
Input angle :89
Zaxis angle :0 
minval :0 

minval :0 



53 58 -62 48 -43 -65 68 -38 34 71 -72 31 -26 -74 74 -22 
-45 40 -102 3 -74 -10 -26 60 -73 39 -96 -30 32 42 10 78 
-31 -52 15 -101 22 -71 -52 -39 -24 -80 45 -91 -47 26 -79 -3 
57 -21 97 31 66 34 47 -45 82 -8 80 61 -16 -51 18 -76 
9 60 -51 89 -49 56 36 55 -4 83 -75 67 53 -8 73 29 
-61 0 -80 -64 -50 -56 -69 -34 119 -5 
RSSI :-110 
Input angle :88
Zaxis angle :0 
minval :0 

minval :0 



-59 -43 46 -56 53 49 -51 51 -49 -53 56 -45 40 59 -61 37 
30 -47 106 -15 84 4 29 -65 90 -43 93 23 -33 -49 -26 -68 
42 36 -4 107 -24 80 59 41 24 96 -41 86 55 -21 72 -12 
-44 35 -104 -22 -77 -33 -49 51 -99 11 -80 -51 15 57 0 73 
-28 -49 35 -101 47 -69 -39 -59 9 -100 67 -67 -59 4 -72 -11 
53 -17 89 59 59 60 -122 -95 3 6 
RSSI :-110 
Input angle :85
Zaxis angle :14 
minval :0 

minval :0 



70 82 -84 64 -56 -86 91 -54 46 93 -98 41 -35 -102 102 -32 
-71 30 -105 -28 -82 -11 -51 46 -102 18 -109 -37 29 50 17 102 
-17 -75 52 -103 26 -80 -37 -58 8 -101 57 -98 -55 17 -106 -3 
78 -4 94 68 75 41 63 -28 98 24 87 78 -10 -56 26 -106 
-8 76 -80 76 -49 66 16 64 -38 94 -89 71 61 4 98 40 
-72 -20 -63 -92 -51 -65 -45 -17 77 -2 
RSSI :-110 
Input angle :89
Zaxis angle :0 
minval :0 

minval :0 



112 -1 -3 110 -108 -8 15 -108 106 27 -30 104 -101 -37 40 -99 
-28 66 -65 67 -57 75 12 50 -33 98 -101 68 67 6 95 61 
-57 -38 -51 -76 -61 -71 -53 1 -90 -48 -43 -114 -23 65 -72 84 
48 -52 85 -41 85 -50 6 -53 67 -74 120 -24 -58 -34 -64 -88 
39 58 27 90 35 88 49 13 69 78 6 123 39 -51 98 -49 
-63 30 -95 3 -90 17 -43 -65 -64 1 
RSSI :-110 
Input angle :89
Zaxis angle :0 
minval :0 

minval :0 



-47 -25 27 -49 46 32 -34 45 -45 -35 37 -40 37 40 -40 37 
20 -23 50 -16 42 -17 10 -28 44 -29 64 0 -32 -28 -30 -46 
18 24 9 53 7 45 24 18 21 48 -12 62 33 -25 51 -18 
-29 13 -54 0 -48 0 -23 22 -53 11 -63 -19 19 37 9 55 
-11 -30 11 -53 5 -45 -17 -25 -1 -53 30 -56 -41 14 -56 1 
30 -6 50 18 44 14 53 16 76 0 
RSSI :-110 
Input angle :89
Zaxis angle :0 
minval :0 

minval :0 



-77 38 -32 -79 80 -31 29 81 -82 24 -18 -83 84 -13 7 85 
-29 -50 28 -103 29 -74 -35 -48 7 -87 62 -84 -62 16 -86 -8 
55 -18 96 47 66 44 53 -26 84 23 75 72 -5 -65 25 -83 
9 57 -64 85 -56 57 17 56 -36 79 -87 58 64 6 78 36 
-58 0 -72 -78 -46 -65 -58 8 -72 -49 -39 -96 -19 62 -47 72 
11 -57 90 -57 70 -37 -17 64 -16 -17 
RSSI :-110 
Input angle :86
Zaxis angle :0 
minval :0 

minval :0 



-59 -48 51 -56 52 54 -58 49 -46 -60 62 -44 40 64 -65 37 
12 -47 101 -40 91 -3 9 -57 83 -43 110 8 -42 -46 -20 -73 
43 18 22 106 -15 91 55 18 25 90 -27 107 52 -35 75 -11 
-26 39 -109 4 -88 -27 -27 51 -92 12 -100 -46 24 58 0 76 
-34 -32 14 -108 44 -81 -46 -35 5 -93 59 -93 -61 15 -75 -13 
37 -29 104 31 74 54 112 65 -37 4 
RSSI :-110 
Input angle :87
Zaxis angle :0 
minval :0 

minval :0 



-73 6 -2 -73 73 1 -4 73 -73 -8 12 -72 71 16 -21 69 
-18 -58 62 -90 63 -49 -25 -55 41 -80 94 -59 -65 -12 -64 -35 
60 -6 77 77 39 69 58 -15 74 51 45 101 21 -62 44 -59 
-5 60 -86 67 -76 24 4 61 -66 60 -109 21 56 34 50 53 
-59 -14 -47 -99 -9 -79 -60 -9 -47 -76 0 -111 -42 50 -62 38 
25 -54 106 -26 79 2 78 1 -126 -9 
RSSI :-110 
Input angle :82
Zaxis angle :14 
minval :0 

minval :0 



78 16 -20 77 -76 -25 30 -74 72 36 -40 69 -68 -42 43 -66 
-6 62 -85 61 -77 24 4 55 -66 59 -107 26 52 34 56 57 
-61 -16 -48 -92 -13 -79 -55 -3 -50 -73 -6 -111 -41 46 -66 46 
25 -57 99 -32 81 2 16 -53 81 -36 109 17 -35 -51 -32 -74 
50 37 6 104 -18 78 50 23 19 86 -35 105 56 -27 77 -21 
-46 42 -104 -6 -75 -29 -101 -66 50 1 
RSSI :-110 
Input angle :90
Zaxis angle :0 
minval :0 

minval :0 



21 85 -87 16 -12 -88 88 -9 5 89 -88 0 5 -89 87 10 
-53 7 -93 -40 -67 -54 -53 26 -86 -19 -67 -77 3 55 -29 84 
1 -53 56 -84 66 -55 -14 -57 34 -81 87 -54 -55 -6 -78 -42 
52 11 73 69 41 75 59 -6 72 51 34 96 18 -52 56 -68 
-21 48 -84 56 -81 28 -4 59 -64 61 -101 19 48 27 58 67 
-44 -29 -42 -92 -15 -84 39 15 105 -18 
RSSI :-110 
Input angle :89
Zaxis angle :0 
minval :0 

minval :0 



79 38 -44 76 -75 -47 50 -72 68 56 -60 64 -61 -63 64 -59 
-36 41 -88 31 -78 21 -20 46 -67 66 -107 4 50 43 44 76 
-34 -43 -18 -92 -7 -81 -42 -28 -52 -78 13 -105 -51 42 -82 33 
46 -29 94 -1 81 6 34 -37 84 -40 102 30 -32 -58 -18 -87 
18 51 -15 92 -18 78 29 40 20 91 -50 94 64 -20 89 -1 
-54 7 -88 -32 -73 -33 -121 46 -123 1 
RSSI :-110 
Input angle :86
Zaxis angle :14 
minval :0 

minval :0 



-52 62 -58 -57 59 -56 53 61 -65 49 -45 -67 68 -43 40 70 
-48 -51 -6 -96 13 -71 -50 -43 -25 -81 23 -94 -52 24 -78 24 
60 -36 96 14 67 25 52 -42 84 -11 89 38 -14 -56 -7 -81 
26 65 -27 92 -35 63 35 57 -4 85 -51 81 58 -2 81 2 
-69 15 -87 -42 -54 -48 -64 19 -82 -23 -70 -66 -8 57 -20 79 
-1 -70 61 -75 55 -46 -118 -112 57 -20 
RSSI :-110 
Input angle :89
Zaxis angle :14 
minval :0 

minval :0 



0 -84 84 5 -10 84 -83 -15 19 -82 81 24 -28 80 -77 -31 
59 -4 86 47 54 54 58 -31 80 21 70 68 14 -51 45 -71 
-5 59 -61 77 -61 46 19 63 -35 74 -84 51 48 20 62 58 
-57 -18 -65 -73 -31 -70 -65 7 -66 -50 -34 -92 -30 43 -70 46 
28 -52 85 -48 74 -19 1 -66 62 -54 95 -23 -38 -37 -36 -76 
46 38 34 92 4 77 -74 96 -107 17 
RSSI :-110 
Input angle :86
Zaxis angle :14 
minval :0 

minval :0 



71 28 -31 69 -66 -36 39 -65 63 42 -46 61 -60 -47 48 -57 
-39 49 -65 48 -67 27 7 51 -42 82 -106 26 47 41 46 61 
-42 -47 -34 -72 -16 -70 -52 0 -70 -59 -7 -108 -49 37 -68 35 
54 -32 78 -22 72 -2 10 -50 70 -60 108 9 -31 -54 -20 -74 
22 59 8 81 -11 71 47 20 47 79 -32 104 59 -19 76 -6 
-62 11 -81 -7 -69 -22 -94 14 35 8 
RSSI :-110 
Input angle :86
Zaxis angle :0 
minval :0 

minval :0 



-6 78 -77 -10 15 -77 75 20 -22 74 -73 -27 29 -73 69 33 
-56 -11 -70 -66 -39 -66 -78 25 -87 -43 -42 -88 -29 57 -47 62 
23 -53 78 -56 72 -27 -9 -81 61 -75 94 -25 -52 -38 -51 -60 
46 33 38 88 12 75 81 5 64 73 11 97 47 -43 68 -40 
-41 40 -94 20 -76 -1 -22 79 -83 50 -97 -10 33 54 29 73 
-32 -48 -3 -97 13 -76 123 111 79 -23 
RSSI :-110 
Input angle :89
Zaxis angle :0 
minval :0 

minval :0 



67 39 -43 66 -62 -46 49 -62 59 50 -54 56 -52 -58 59 -50 
-58 36 -83 6 -71 5 -27 71 -82 46 -106 -1 45 39 37 69 
-20 -65 10 -82 9 -70 -65 -40 -27 -90 22 -103 -46 37 -75 23 
67 -12 80 24 67 23 52 -56 93 -9 97 43 -28 -52 -8 -78 
0 69 -40 73 -34 62 45 62 -6 94 -58 89 56 -19 78 3 
-67 -11 -66 -49 -53 -46 -112 -18 -84 -6 
RSSI :-110 
Input angle :89
Zaxis angle :0 
minval :0 

minval :0 



105 27 -34 107 -105 -39 43 -105 99 51 -58 94 -93 -61 65 -89 
-26 60 -74 87 -82 47 0 78 -55 100 -111 35 78 22 76 85 
-53 -34 -69 -92 -35 -93 -75 -13 -89 -73 -19 -111 -38 70 -96 57 
49 -50 99 -55 94 -14 21 -70 87 -75 118 3 -61 -50 -41 -107 
37 56 36 106 3 99 66 38 58 98 -14 115 58 -52 110 -20 
-59 29 -110 14 -96 -10 -53 127 72 1 
RSSI :-110 
Input angle :89
Zaxis angle :0 
minval :0 

minval :0 



-110 25 -15 -114 112 -10 0 112 -115 -5 9 -111 112 13 -21 111 
11 -70 60 -94 61 -74 -25 -60 20 -111 105 -68 -69 -13 -105 -45 
64 28 74 82 61 73 62 -11 110 43 46 114 28 -66 58 -93 
-38 60 -93 61 -82 43 3 64 -65 94 -123 27 65 38 78 78 
-54 -48 -51 -100 -29 -92 -64 -6 -80 -83 -5 -127 -49 54 -94 67 
56 -40 110 -22 96 -11 46 -80 -39 -3 
RSSI :-110 
Input angle :89
Zaxis angle :0 
minval :0 

minval :0 



15 -86 85 20 -24 84 -83 -27 31 -81 79 37 -41 77 -74 -44 
64 10 53 82 39 70 77 -3 69 47 35 87 13 -57 57 -66 
-20 61 -89 40 -77 21 -11 76 -59 59 -93 15 54 23 54 68 
-57 -30 -24 -95 -11 -80 -73 -25 -48 -69 -2 -94 -33 48 -78 39 
42 -49 97 -7 80 7 36 -68 76 -35 93 17 -40 -42 -24 -84 
41 50 -11 97 -19 78 83 -16 99 20 
RSSI :-110 
Input angle :89
Zaxis angle :0 
minval :0 

minval :0 



-77 -66 71 -70 70 72 -74 74 -65 -80 81 -64 52 87 -89 49 
51 -50 119 -18 88 -14 21 -69 78 -64 117 0 -67 -38 -33 -97 
38 61 -6 119 2 91 69 31 47 92 -20 116 47 -58 105 -10 
-70 25 -112 -34 -87 -13 -43 61 -97 30 -111 -38 44 58 -1 102 
-7 -70 51 -110 32 -83 -54 -54 -12 -103 62 -97 -66 39 -100 -22 
75 2 99 64 73 46 50 -96 31 0 
RSSI :-110 
Input angle :89
Zaxis angle :0 
minval :0 

minval :0 



-1 -79 79 2 -5 80 -79 -9 13 -78 77 20 -24 76 -74 -26 
71 7 66 89 46 63 70 -9 85 44 42 89 17 -54 42 -69 
-19 69 -97 53 -71 33 0 71 -58 76 -94 26 49 28 59 53 
-65 -30 -34 -105 -19 -76 -70 -14 -66 -69 -8 -98 -34 45 -64 48 
43 -57 109 -15 78 -8 26 -66 81 -51 98 9 -38 -42 -35 -71 
48 52 -9 111 -7 78 -100 -16 -16 21 
RSSI :-110 
Input angle :89
Zaxis angle :0 
minval :0 

minval :0 



-75 -77 85 -74 71 92 -91 64 -56 -97 96 -50 44 106 -104 34 
69 -41 108 -2 94 0 24 -61 91 -65 114 14 -56 -50 -25 -108 
33 71 -14 109 -13 90 56 35 49 100 -35 111 59 -50 112 -7 
-79 20 -101 -36 -82 -27 -44 51 -107 27 -97 -58 33 67 -17 110 
-6 -80 55 -94 43 -80 -40 -53 -12 -110 74 -89 -73 21 -106 -32 
79 6 83 69 69 53 55 80 88 0 
RSSI :-110 
Input angle :86
Zaxis angle :0 
minval :0 

minval :0 



-68 53 -50 -71 72 -45 40 76 -79 35 -31 -80 82 -26 20 83 
-26 -56 29 -102 15 -76 -50 -42 -25 -89 36 -87 -57 40 -86 3 
59 -18 97 43 72 28 51 -40 91 -11 79 52 -33 -61 7 -86 
7 61 -58 89 -42 66 32 57 -5 92 -62 71 67 -20 83 24 
-62 -2 -77 -73 -57 -54 -62 21 -89 -23 -55 -76 6 69 -38 77 
15 -60 87 -60 64 -44 -99 -80 19 -21 
RSSI :-110 
Input angle :89
Zaxis angle :0 
minval :0 

minval :0 



69 38 -42 67 -66 -45 47 -64 61 50 -54 59 -55 -56 59 -52 
-25 50 -112 29 -82 -3 -7 83 -78 45 -109 -5 51 43 41 68 
-45 -33 -10 -116 15 -80 -79 -22 -29 -85 24 -107 -52 41 -74 29 
41 -38 116 11 74 33 32 -76 89 -14 100 44 -35 -56 -14 -78 
30 47 -29 112 -45 67 67 47 0 90 -60 90 63 -22 80 -1 
-52 20 -104 -50 -59 -56 -104 46 31 -4 
RSSI :-110 
Input angle :86
Zaxis angle :0 
minval :0 

minval :0 



27 -85 83 33 -38 81 -79 -42 48 -76 72 53 -56 70 -67 -58 
47 20 58 95 30 78 77 0 67 73 18 108 23 -69 71 -55 
-27 43 -104 43 -82 13 -13 76 -82 55 -109 5 63 37 42 79 
-36 -35 -19 -110 1 -83 -72 -26 -41 -91 18 -107 -47 55 -86 26 
42 -30 112 -1 82 15 41 -65 97 -19 103 34 -46 -57 -11 -90 
21 46 -21 110 -28 79 2 -64 75 25 
RSSI :-110 
Input angle :89
Zaxis angle :14 
minval :0 

minval :0 



-62 43 -39 -65 66 -37 33 68 -69 30 -25 -71 73 -20 18 73 
-36 -50 25 -105 32 -68 -61 -47 -11 -75 48 -95 -56 17 -76 5 
56 -25 98 45 61 44 54 -54 76 1 84 65 -11 -57 9 -75 
14 60 -62 89 -54 53 42 64 -15 74 -79 72 58 -2 72 23 
-61 4 -79 -75 -43 -62 -71 29 -69 -29 -58 -89 -10 57 -33 68 
6 -61 92 -59 69 -28 -93 -80 -63 -17 
RSSI :-110 
Input angle :82
Zaxis angle :0 
minval :0 

minval :0 



93 52 -57 87 -84 -60 66 -80 77 68 -75 71 -70 -81 84 -64 
-36 66 -111 34 -83 22 -2 85 -72 53 -117 7 62 29 49 90 
-61 -42 -14 -115 -5 -84 -85 -19 -41 -80 14 -118 -38 57 -100 35 
55 -47 118 12 84 11 36 -78 86 -25 117 32 -48 -50 -15 -104 
35 63 -27 116 -24 78 69 50 3 88 -56 104 56 -38 104 0 
-72 22 -108 -47 -76 -38 -45 79 -81 -1 
RSSI :-110 
Input angle :86
Zaxis angle :0 
minval :0 

minval :0 



-86 -23 29 -84 82 34 -39 80 -78 -42 47 -75 72 52 -55 69 
29 -64 101 -29 83 -28 13 -77 60 -58 101 -13 -56 -34 -60 -67 
60 37 9 105 15 86 72 28 42 73 -4 101 46 -48 77 -45 
-48 51 -106 -7 -88 -2 -42 66 -78 33 -98 -23 39 52 29 84 
-40 -57 28 -102 22 -85 -57 -52 -16 -83 41 -92 -59 28 -88 15 
64 -29 94 46 81 32 80 -79 82 -1 
RSSI :-110 
Input angle :89
Zaxis angle :0 
minval :0 

minval :0 



-74 75 -69 -81 81 -65 62 89 -88 59 -56 -95 93 -48 44 95 
-57 -40 -5 -110 5 -101 -76 -29 -35 -89 32 0 -60 47 -103 20 
44 -47 111 14 98 22 40 -68 92 -22 120 58 -40 -72 -7 -110 
37 57 -34 106 -35 92 61 50 9 97 -76 105 73 -23 106 17 
-62 25 -100 -53 -81 -53 -61 48 -95 -13 -88 -98 10 81 -35 101 
-13 -63 70 -88 66 -72 15 -32 33 -3 
RSSI :-110 
Input angle :82
Zaxis angle :0 
minval :0 

minval :0 



-85 -4 8 -85 84 14 -19 83 -82 -25 28 -81 79 31 -34 77 
24 -56 69 -56 61 -51 -16 -58 28 -88 96 -59 -62 0 -68 -50 
52 31 43 78 39 69 60 -5 79 46 41 105 10 -61 62 -59 
-42 44 -84 27 -74 27 -2 60 -61 70 -110 22 58 22 46 72 
-36 -49 -8 -89 -11 -79 -58 -16 -58 -70 0 -113 -32 53 -78 35 
55 -27 89 5 79 3 69 -95 -47 -12 
RSSI :-110 
Input angle :89
Zaxis angle :0 
minval :0 

minval :0 



-77 -6 11 -76 76 13 -16 75 -74 -20 25 -73 71 28 -32 69 
-5 -56 67 -74 61 -46 -26 -70 33 -72 90 -52 -71 -8 -63 -44 
56 5 60 79 34 69 75 -6 64 47 34 98 21 -68 56 -53 
-15 55 -90 44 -74 20 -5 75 -60 53 -102 19 64 34 43 64 
-51 -23 -26 -97 -6 -77 -73 -17 -39 -69 2 -104 -45 55 -71 31 
34 -45 99 -9 77 6 46 65 126 -7 
RSSI :-110 
Input angle :87
Zaxis angle :20 
minval :0 

minval :0 



-75 -12 15 -74 73 20 -23 72 -71 -27 31 -70 68 33 -36 65 
9 -53 98 -46 73 -27 0 -75 44 -62 111 -33 -63 -17 -56 -51 
51 17 28 105 11 77 73 14 52 54 6 116 29 -58 61 -45 
-28 45 -108 6 -78 -1 -25 70 -63 42 -116 -12 51 40 33 68 
-40 -35 11 -108 15 -77 -65 -37 -30 -69 32 -112 -48 44 -73 20 
42 -33 104 31 73 27 41 81 -47 -5 
RSSI :-110 
Input angle :88
Zaxis angle :0 
minval :0 

minval :0 



-39 68 -65 -43 48 -62 60 51 -54 57 -54 -57 61 -50 46 62 
-28 -34 -10 -109 2 -69 -68 -20 -47 -69 17 -117 -48 61 -71 35 
38 -22 110 11 67 12 32 -63 75 -36 112 38 -51 -59 -23 -76 
15 41 -29 106 -27 64 56 44 22 80 -58 102 67 -39 79 -10 
-44 7 -97 -52 -58 -37 -52 48 -83 5 -89 -77 26 73 -8 79 
2 -44 64 -88 47 -51 32 48 44 -21 
RSSI :-110 
Input angle :82
Zaxis angle :0 
minval :0 

minval :0 



68 -78 74 73 -79 70 -69 -82 82 -63 58 85 -88 55 -49 -92 
19 52 -13 116 -11 79 68 45 34 81 -47 126 66 -62 98 -32 
-55 13 -112 -30 -80 -24 -55 58 -88 23 -119 -67 48 77 16 102 
-1 -56 52 -104 37 -71 -52 -65 -9 -89 88 -104 -85 34 -105 -1 
56 6 94 70 65 48 70 -32 88 10 84 101 -17 -91 25 -102 
-19 56 -88 76 -58 54 -14 -81 -86 2 
RSSI :-110 
Input angle :89
Zaxis angle :0 
minval :0 

minval :0 



71 -47 40 75 -78 35 -29 -80 82 -24 20 83 -83 16 -12 -83 
6 46 -51 98 -39 64 41 53 -1 94 -79 83 70 -20 85 2 
-46 0 -87 -68 -56 -49 -61 30 -92 -14 -69 -91 6 73 -22 83 
10 -45 80 -76 58 -47 -15 -66 33 -87 103 -49 -73 -6 -79 -33 
43 17 60 93 36 65 68 -3 80 48 32 110 22 -70 46 -72 
-25 39 -104 40 -72 21 5 -1 -88 17 
RSSI :-110 
Input angle :89
Zaxis angle :0 
minval :0 

minval :0 



-53 1 1 -51 54 4 -9 52 -52 -12 16 -50 50 17 -20 50 
8 -24 42 -41 36 -29 -9 -37 14 -47 59 -30 -42 -4 -45 -26 
20 11 34 49 20 42 39 -2 43 23 16 63 11 -41 35 -41 
-16 18 -54 21 -43 13 -4 39 -31 38 -65 4 38 19 31 42 
-15 -18 -11 -58 -7 -46 -38 -8 -32 -37 7 -65 -26 33 -46 25 
21 -12 58 0 47 0 44 16 124 -2 
RSSI :-110 
Input angle :89
Zaxis angle :0 
minval :0 

minval :0 



-8 -88 88 -4 -1 88 -88 -7 12 -88 87 16 -20 86 -84 -24 
48 0 81 81 44 63 74 -25 84 30 48 105 7 -75 39 -79 
-8 46 -95 64 -71 30 13 77 -45 77 -111 30 72 21 70 54 
-45 -15 -49 -104 -19 -75 -78 1 -67 -58 -10 -115 -31 68 -65 61 
25 -40 111 -28 78 -4 16 -77 71 -54 115 8 -59 -45 -47 -75 
36 30 3 114 -9 77 -95 -80 94 20 
RSSI :-110 
Input angle :86
Zaxis angle :0 
minval :0 

minval :0 



8 49 -51 5 -2 -51 52 0 -2 51 -51 -6 7 -51 51 8 
-25 0 -51 -31 -29 -29 -34 20 -55 -5 -43 -49 10 48 -16 48 
2 -25 39 -44 35 -24 -14 -36 14 -55 60 -28 -48 4 -45 -27 
24 8 37 49 18 36 40 -9 48 25 19 64 4 -49 34 -40 
-12 21 -55 28 -40 10 0 39 -32 45 -67 8 47 13 34 40 
-19 -17 -18 -57 -4 -41 -40 -81 -119 -3 
RSSI :-110 
Input angle :86
Zaxis angle :0 
minval :0 

minval :0 



76 38 -43 74 -71 -47 50 -69 67 52 -56 64 -60 -61 63 -57 
-29 53 -98 23 -87 6 -21 67 -56 50 -105 -1 59 30 47 72 
-48 -37 -6 -100 3 -87 -63 -32 -39 -64 20 -103 -40 53 -78 35 
47 -39 100 8 84 23 42 -56 70 -28 98 37 -44 -50 -18 -84 
30 53 -30 95 -39 78 47 51 13 74 -55 89 57 -35 85 -1 
-56 22 -88 -47 -69 -53 -46 110 -18 -1 
RSSI :-110 
Input angle :87
Zaxis angle :0 
minval :0 

minval :0 



22 -76 74 27 -31 73 -71 -34 36 -70 68 40 -44 66 -62 -47 
51 21 42 90 26 78 67 2 64 54 10 105 29 -59 61 -50 
-32 45 -96 26 -83 13 -12 66 -63 55 -105 -6 56 36 39 69 
-37 -40 -4 -99 3 -83 -62 -23 -44 -71 22 -103 -47 47 -76 24 
46 -30 99 8 82 15 37 -56 77 -32 95 45 -37 -55 -10 -79 
22 51 -30 94 -32 76 68 0 -110 20 
RSSI :-110 
Input angle :86
Zaxis angle :0 
minval :0 

minval :0 



73 41 -46 71 -68 -49 52 -67 63 55 -59 60 -55 -64 64 -53 
-41 50 -96 8 -74 12 2 50 -58 61 -107 5 57 30 42 73 
-43 -48 10 -97 0 -76 -50 -6 -51 -67 12 -107 -41 49 -80 26 
57 -32 93 28 74 14 15 -48 75 -39 102 33 -40 -50 -9 -84 
23 61 -47 85 -27 69 44 25 26 81 -51 94 56 -31 85 2 
-65 11 -77 -59 -64 -38 -82 -98 124 2 
RSSI :-110 
Input angle :86
Zaxis angle :0 
minval :0 

minval :0 



-72 -1 4 -73 72 8 -12 72 -71 -14 18 -70 68 23 -27 67 
2 -55 74 -70 52 -50 -23 -68 30 -81 100 -50 -73 -6 -62 -39 
53 12 60 82 41 60 71 -15 78 40 32 108 22 -70 47 -55 
-22 50 -94 37 -66 28 -1 72 -56 66 -112 8 65 33 43 59 
-45 -31 -23 -99 -16 -71 -71 -13 -57 -65 10 -112 -46 57 -66 29 
40 -37 102 -2 72 -1 48 17 67 -11 
RSSI :-110 
Input angle :89
Zaxis angle :0 
minval :0 

minval :0 



47 -72 68 53 -57 64 -62 -60 64 -59 55 67 -70 51 -47 -72 
42 38 23 108 11 77 63 6 54 63 -8 111 26 -55 79 -36 
-43 37 -110 6 -77 -2 -19 60 -70 44 -107 -28 50 36 17 85 
-28 -49 16 -109 15 -76 -55 -30 -30 -77 45 -102 -45 43 -87 5 
53 -18 105 35 71 32 38 -51 81 -16 94 60 -33 -51 11 -86 
9 56 -49 98 -42 65 16 -32 -38 20 
RSSI :-110 
Input angle :86
Zaxis angle :0 
minval :0 

minval :0 



-25 -73 75 -21 16 75 -76 12 -8 -77 77 -4 0 77 -77 -3 
57 -17 92 43 66 51 46 -40 82 -4 74 80 -6 -62 16 -76 
6 59 -61 81 -62 55 32 51 -12 81 -92 60 62 8 72 30 
-59 -2 -69 -75 -44 -71 -57 20 -78 -26 -37 -103 -20 59 -44 64 
16 -57 86 -54 80 -24 -8 -60 42 -71 108 -19 -55 -31 -53 -56 
53 26 37 95 16 82 6 65 -37 12 
RSSI :-110 
Input angle :76
Zaxis angle :20 
minval :0 

minval :0 



-73 -6 9 -73 72 13 -16 71 -70 -20 25 -69 67 29 -33 64 
17 -51 76 -54 64 -46 -16 -76 35 -76 106 -36 -66 -18 -58 -44 
47 26 40 85 35 70 77 -1 69 48 19 111 33 -61 55 -49 
-33 42 -92 19 -76 21 -11 77 -61 56 -113 0 55 42 39 62 
-34 -42 -6 -94 -5 -79 -74 -23 -45 -70 21 -111 -50 47 -67 30 
46 -27 94 7 78 5 55 17 -45 -9 
RSSI :-110 
Input angle :89
Zaxis angle :0 
minval :0 

minval :0 



25 79 -80 21 -16 -82 82 -13 10 82 -83 4 0 -83 82 3 
-62 11 -91 -41 -69 -37 -38 47 -83 21 -90 -67 32 70 -17 81 
-3 -62 55 -83 49 -61 -43 -42 -6 -85 80 -79 -74 21 -78 -28 
62 9 71 70 52 59 52 -29 85 10 59 95 -6 -77 42 -71 
-20 59 -83 54 -68 38 17 57 -25 82 -105 41 76 10 59 59 
-54 -30 -39 -92 -30 -73 -51 126 -117 -11 
RSSI :-110 
Input angle :82
Zaxis angle :0 
minval :0 

minval :0 



44 -95 92 53 -61 86 -85 -61 67 -79 75 72 -77 72 -72 -78 
71 31 41 110 4 98 85 10 53 66 -4 125 47 -73 89 -53 
-46 66 -114 20 -96 -10 -30 78 -73 40 -125 -26 57 65 34 98 
-56 -59 3 -117 22 -95 -75 -41 -30 -78 53 -115 -75 46 -104 18 
64 -43 115 26 86 43 51 -62 84 -12 109 63 -36 -79 -6 -105 
27 73 -45 110 -58 78 0 16 -69 2 
RSSI :-110 
Input angle :83
Zaxis angle :14 
minval :0 

minval :0 



-4 -106 108 4 -12 107 -106 -15 18 -103 104 25 -29 103 -99 -33 
81 0 86 73 64 70 66 -28 92 16 63 104 8 -95 56 -91 
-15 79 -90 71 -79 46 17 65 -32 86 -117 43 93 19 85 72 
-74 -35 -57 -99 -31 -89 -73 2 -78 -46 -24 -120 -37 88 -80 71 
42 -67 105 -39 90 -16 9 -74 56 -77 124 1 -76 -49 -48 -93 
59 55 19 110 0 93 31 32 47 2 
RSSI :-110 
Input angle :82
Zaxis angle :0 
minval :0 

minval :0 



89 -14 8 90 -90 2 3 -89 90 10 -13 89 -89 -16 18 -87 
2 62 -49 88 -60 54 33 55 -16 83 -93 64 69 0 82 39 
-61 -10 -75 -66 -42 -70 -60 22 -78 -33 -46 -102 -12 68 -49 76 
20 -59 76 -67 76 -29 -11 -63 44 -72 109 -30 -64 -25 -65 -63 
54 29 49 88 14 80 64 0 62 58 11 112 36 -58 73 -52 
-40 47 -95 34 -82 0 -19 78 -53 12 
RSSI :-110 
Input angle :86
Zaxis angle :0 
minval :0 

minval :0 



89 -69 62 93 -95 53 -47 -97 98 -45 38 105 -108 32 -26 -107 
44 58 -10 113 -32 93 58 48 31 74 -49 118 65 -51 112 -9 
-61 33 -108 -28 -80 -44 -53 55 -75 13 -112 -69 34 74 -15 108 
-25 -65 45 -102 65 -74 -39 -61 0 -77 91 -95 -82 19 -107 -32 
66 -14 89 66 59 75 70 -24 76 13 71 110 -9 -83 51 -100 
-4 72 -82 76 -83 50 -14 -81 68 2 
RSSI :-110 
Input angle :83
Zaxis angle :0 
minval :0 

minval :0 



-8 107 -104 -13 14 -106 104 25 -26 100 -102 -33 37 -103 96 41 
-68 -13 -73 -85 -48 -80 -65 17 -76 -31 -52 -122 -7 68 -61 84 
21 -63 95 -57 83 -35 -7 -65 43 -68 126 -36 -68 -24 -78 -74 
53 42 33 105 27 92 68 8 61 54 6 127 33 -60 89 -62 
-43 50 -110 13 -94 1 -23 65 -65 49 0 -18 55 43 37 95 
-40 -50 1 -114 15 -92 -18 111 -91 -3 
RSSI :-110 
Input angle :86
Zaxis angle :0 
minval :0 

minval :0 



-84 -65 72 -80 77 72 -74 71 -69 -83 83 -64 60 88 -86 58 
47 -52 122 -12 93 4 28 -77 60 -50 122 24 -59 -43 -29 -100 
41 58 -11 121 -27 89 69 42 35 68 -34 118 54 -52 103 -19 
-61 32 -119 -29 -85 -40 -52 61 -74 23 -110 -62 41 60 0 105 
-14 -68 53 -108 55 -78 -54 -60 -12 -78 81 -101 -66 29 -105 -17 
68 -8 97 73 67 68 38 64 -3 -1 
RSSI :-110 
Input angle :82
Zaxis angle :0 
minval :0 

minval :0 



-52 65 -61 -56 60 -58 54 64 -66 50 -46 -70 71 -43 41 71 
-36 -23 -29 -88 0 -89 -68 -16 -37 -71 28 -113 -49 52 -79 28 
29 -33 92 -9 89 15 28 -64 77 -22 105 50 -41 -58 -12 -83 
25 36 -6 92 -33 83 56 42 4 80 -66 96 65 -30 83 3 
-38 20 -89 -24 -76 -47 -48 50 -80 -9 -80 -84 17 70 -21 81 
-12 -41 38 -84 59 -68 83 16 -105 -20 
RSSI :-110 
Input angle :83
Zaxis angle :0 
minval :0 

minval :0 



74 -48 43 78 -80 39 -36 -81 83 -30 26 85 -86 22 -16 -86 
27 49 -20 95 -23 84 53 36 30 76 -46 94 56 -35 89 -2 
-53 17 -89 -38 -77 -40 -48 42 -81 14 -80 -67 24 62 -17 87 
-7 -55 53 -81 51 -70 -37 -52 2 -82 80 -67 -66 8 -82 -34 
56 4 70 68 59 64 60 -24 79 18 51 91 2 -67 48 -75 
-14 54 -78 57 -74 47 -124 -33 10 19 
RSSI :-110 
Input angle :86
Zaxis angle :0 
minval :0 

minval :0 



-110 26 -17 -113 114 -7 4 112 -113 -1 8 -113 113 18 -21 110 
10 -78 71 -78 52 -66 -15 -63 7 -97 83 -80 -68 17 -107 -42 
74 27 70 81 54 63 62 -8 96 19 64 98 -4 -68 56 -100 
-37 67 -97 47 -73 43 -5 64 -40 88 -110 42 66 9 82 76 
-63 -51 -30 -102 -27 -81 -61 -16 -84 -55 -19 -116 -19 68 -91 69 
64 -46 107 -8 83 -15 34 -64 -38 -3 
RSSI :-110 
Input angle :89
Zaxis angle :0 
minval :0 

minval :0 



-6 77 -77 -10 15 -75 75 19 -22 74 -73 -24 30 -71 69 33 
-51 -14 -53 -80 -46 -75 -59 4 -69 -35 -39 -102 -22 66 -46 63 
24 -47 89 -37 82 -32 4 -59 48 -61 107 -22 -62 -32 -49 -60 
43 31 22 94 15 87 56 16 52 58 2 110 44 -54 66 -40 
-38 38 -96 2 -89 0 -26 53 -65 42 -109 -16 45 53 30 71 
-29 -45 13 -96 19 -86 -126 127 -27 -19 
RSSI :-110 
Input angle :89
Zaxis angle :0 
minval :0 

minval :0 



75 22 -27 73 -72 -31 33 -71 68 37 -41 66 -66 -43 45 -62 
-12 49 -98 31 -90 17 0 67 -59 53 -112 14 53 33 51 60 
-45 -21 -20 -101 0 -92 -66 -13 -41 -68 6 -113 -41 46 -69 38 
29 -41 104 1 90 17 27 -61 75 -27 108 30 -38 -49 -22 -75 
33 36 -23 101 -32 86 56 37 14 78 -48 102 56 -27 78 -10 
-42 27 -96 -40 -80 -46 -71 46 -43 -1 
RSSI :-110 
Input angle :82
Zaxis angle :0 
minval :0 

minval :0 



72 -24 20 73 -74 16 -11 -75 75 -6 3 75 -75 1 2 -75 
25 49 -61 90 -65 60 32 60 -15 82 -86 67 64 2 74 18 
-51 19 -79 -76 -45 -76 -65 20 -78 -25 -52 -95 -11 63 -33 68 
-8 -54 89 -63 81 -34 -6 -68 41 -72 104 -33 -58 -24 -63 -43 
55 0 48 97 17 87 68 7 62 54 13 108 35 -53 55 -52 
-10 53 -106 28 -89 2 1 15 -79 13 
RSSI :-110 
Input angle :78
Zaxis angle :32 
minval :0 

minval :0 



-48 65 -63 -51 54 -59 55 59 -61 52 -49 -63 67 -45 40 68 
-55 -42 3 -96 7 -79 -54 -22 -44 -56 18 -99 -39 42 -75 31 
48 -49 94 17 76 20 31 -50 61 -35 93 37 -33 -48 -15 -80 
37 58 -33 89 -34 72 43 40 21 67 -52 86 52 -25 81 -1 
-63 28 -80 -52 -65 -45 -47 35 -70 11 -73 -69 14 56 -13 80 
-16 -67 65 -69 59 -52 -1 -113 -28 -19 
RSSI :-110 
Input angle :82
Zaxis angle :0 
minval :0 

minval :0 



-28 78 -76 -33 36 -75 73 39 -43 71 -69 -46 52 -65 60 55 
-53 -35 -16 -90 -12 -82 -57 -17 -51 -50 0 -109 -30 43 -66 51 
43 -46 91 -3 83 6 28 -52 58 -40 108 14 -36 -38 -37 -74 
36 51 -17 90 -18 81 46 37 29 65 -37 102 44 -28 80 -21 
-59 23 -85 -34 -75 -36 -46 37 -70 12 -93 -58 18 49 2 83 
-12 -62 49 -77 51 -66 -11 -113 -72 -19 
RSSI :-110 
Input angle :86
Zaxis angle :0 
minval :0 

minval :0 



-69 -25 30 -68 66 32 -36 65 -61 -41 44 -60 58 46 -49 54 
19 -63 88 -34 74 -12 16 -60 41 -46 102 -13 -47 -27 -43 -61 
58 30 16 94 -1 76 56 27 37 50 -9 103 37 -39 68 -31 
-42 49 -95 0 -73 -16 -35 52 -55 27 -100 -23 33 43 20 71 
-44 -50 18 -94 28 -70 -42 -45 -17 -59 46 -92 -48 25 -74 8 
55 -34 89 32 63 40 -5 0 115 -2 
RSSI :-110 
Input angle :83
Zaxis angle :0 
minval :0 

minval :0 



-67 43 -38 -70 71 -35 32 73 -75 27 -22 -77 78 -17 12 78 
-38 -47 25 -95 27 -75 -44 -49 -11 -71 55 -100 -65 24 -80 3 
50 -32 88 44 68 41 57 -32 72 0 89 71 -9 -69 14 -80 
19 57 -56 81 -54 59 22 62 -13 71 -86 74 69 -2 76 27 
-59 10 -70 -69 -50 -62 -65 11 -66 -28 -57 -99 -12 68 -42 68 
1 -60 81 -55 70 -37 -107 -96 113 -16 
RSSI :-110 
Input angle :88
Zaxis angle :14 
minval :0 

minval :0 



-21 -84 84 -16 12 85 -86 7 -1 -86 86 3 -9 85 -84 -12 
52 -15 77 54 67 51 55 -24 75 9 77 85 -2 -65 24 -82 
5 54 -68 65 -63 55 14 58 -21 74 -102 54 65 9 76 40 
-54 -3 -53 -78 -43 -71 -61 0 -68 -34 -37 -109 -20 62 -55 66 
13 -52 87 -37 78 -30 7 -60 46 -61 114 -14 -57 -32 -53 -68 
49 23 18 93 11 83 -47 80 42 14 
RSSI :-110 
Input angle :85
Zaxis angle :0 
minval :0 

minval :0 



-53 62 -58 -56 60 -55 52 63 -66 48 -44 -69 71 -40 37 72 
-41 -41 7 -92 7 -77 -50 -40 -26 -66 32 -107 -52 38 -80 19 
50 -31 91 19 74 21 48 -43 69 -17 102 45 -26 -59 -10 -81 
25 54 -34 86 -33 70 33 55 3 71 -62 91 62 -17 82 8 
-58 9 -77 -52 -60 -49 -60 24 -70 -11 -76 -81 4 65 -21 79 
-1 -59 65 -65 59 -50 84 112 -9 -18 
RSSI :-110 
Input angle :89
Zaxis angle :0 
minval :0 

minval :0 



53 -57 54 56 -59 51 -46 -62 65 -43 39 68 -70 36 -34 -69 
46 33 -2 96 -12 79 52 37 26 67 -31 111 54 -37 76 -19 
-40 39 -94 -17 -76 -25 -43 46 -70 17 -103 -50 28 58 3 78 
-30 -48 37 -88 40 -70 -36 -52 -2 -73 71 -90 -63 16 -78 -11 
52 -22 80 52 59 55 57 -27 71 10 75 87 -2 -65 24 -75 
10 56 -65 71 -62 50 -95 -81 73 17 
RSSI :-110 
Input angle :86
Zaxis angle :0 
minval :0 

minval :0 



-11 83 -82 -17 22 -80 80 25 -29 78 -77 -33 36 -75 73 39 
-57 -14 -54 -84 -29 -76 -60 11 -67 -38 -37 -107 -19 63 -55 63 
26 -53 94 -34 81 -12 1 -61 52 -58 112 -17 -58 -30 -52 -66 
48 34 17 99 -1 81 60 11 50 59 0 113 41 -50 76 -36 
-43 40 -99 0 -79 -19 -21 57 -68 37 -112 -20 43 49 26 79 
-31 -49 22 -97 32 -75 -94 95 95 -19 
RSSI :-110 
Input angle :82
Zaxis angle :0 
minval :0 

minval :0 



67 32 -38 64 -61 -43 47 -58 55 51 -54 51 -49 -56 57 -46 
-32 52 -92 17 -75 -4 -15 58 -65 49 -111 -17 48 35 35 66 
-45 -40 2 -94 17 -74 -55 -23 -35 -73 34 -107 -44 39 -72 21 
50 -34 92 19 69 30 35 -48 77 -23 100 51 -32 -50 -10 -74 
27 54 -34 88 -44 62 41 43 8 81 -68 90 55 -23 75 3 
-58 16 -81 -47 -53 -53 -70 14 32 -2 
RSSI :-110 
Input angle :88
Zaxis angle :0 
minval :0 

minval :0 



31 74 -75 28 -23 -77 78 -18 15 79 -79 13 -8 -80 79 -3 
-53 14 -101 -36 -71 -56 -45 41 -87 0 -89 -72 16 71 -15 79 
-4 -54 53 -93 67 -62 -32 -52 12 -86 88 -74 -73 0 -75 -29 
55 4 82 68 45 78 57 -21 83 28 54 101 13 -71 43 -68 
-16 53 -85 66 -85 31 9 60 -44 75 -109 35 68 24 59 55 
-48 -26 -54 -93 -14 -89 -9 -98 97 -15 
RSSI :-110 
Input angle :86
Zaxis angle :0 
minval :0 

minval :0 



-74 -25 29 -72 72 31 -34 70 -67 -39 43 -65 63 47 -47 60 
22 -58 93 -40 84 -19 -1 -63 57 -56 105 -20 -57 -33 -49 -61 
53 34 19 99 1 85 62 10 49 63 -3 107 44 -49 69 -37 
-40 47 -100 6 -86 -9 -19 60 -72 34 -105 -20 41 51 26 73 
-38 -49 12 -100 24 -82 -54 -31 -19 -77 39 -100 -57 32 -77 15 
54 -30 97 26 78 36 67 65 -67 -2 
RSSI :-110 
Input angle :87
Zaxis angle :0 
minval :0 

minval :0 



-5 87 -87 -9 14 -86 86 17 -20 85 -83 -23 29 -82 78 35 
-69 -14 -60 -94 -30 -69 -66 2 -59 -34 -29 -100 -14 64 -52 70 
25 -66 105 -39 75 -13 12 -65 46 -50 104 -12 -59 -26 -61 -62 
59 38 17 111 -2 76 63 20 41 54 -6 104 34 -55 75 -44 
-49 51 -111 -8 -74 -16 -33 56 -61 31 -100 -29 45 46 31 82 
-39 -57 28 -109 26 -71 -77 -97 117 -17 
RSSI :-110 
Input angle :82
Zaxis angle :0 
minval :0 

minval :0 



57 61 -65 52 -49 -68 69 -46 42 72 -74 38 -34 -76 78 -28 
-52 40 -110 -31 -69 -20 -45 39 -75 22 -86 -47 25 51 16 82 
-31 -58 47 -104 31 -65 -32 -50 -8 -78 62 -76 -55 16 -84 2 
63 -20 89 70 58 43 56 -20 78 5 65 74 -8 -56 17 -82 
7 66 -85 76 -55 47 10 58 -16 77 -86 48 57 3 79 28 
-66 -3 -61 -96 -38 -62 -37 62 -44 -9 
RSSI :-110 
Input angle :86
Zaxis angle :0 
minval :0 

minval :0 



57 47 -50 55 -52 -53 55 -50 47 58 -59 45 -42 -61 62 -39 
-33 47 -110 -1 -81 -9 -29 63 -71 29 -101 -24 37 52 23 71 
-42 -39 21 -107 23 -79 -57 -40 -15 -75 44 -94 -58 27 -74 10 
48 -32 102 40 72 38 51 -49 77 -1 84 59 -17 -62 4 -75 
21 53 -58 92 -51 65 39 58 -11 76 -74 72 64 -4 73 17 
-56 13 -80 -74 -56 -60 -42 110 -84 -7 
RSSI :-110 
Input angle :80
Zaxis angle :14 
minval :0 

minval :0 



-24 77 -75 -29 32 -74 72 36 -41 69 -67 -45 46 -65 64 48 
-62 -15 -41 -98 -15 -75 -75 -5 -43 -53 -8 -99 -33 63 -59 55 
27 -58 103 -25 75 -6 20 -72 60 -33 99 8 -56 -43 -41 -69 
51 37 4 106 -9 75 68 32 19 67 -27 96 53 -47 76 -26 
-45 44 -106 -13 -71 -25 -48 58 -68 7 -88 -46 37 60 10 80 
-34 -53 33 -101 37 -65 27 96 -73 -18 
RSSI :-110 
Input angle :58
Zaxis angle :0 
minval :0 

minval :0 



-50 48 -46 -53 55 -43 40 57 -59 38 -36 -59 62 -31 27 64 
-37 -39 12 -103 22 -74 -66 -33 -22 -80 44 -102 -60 45 -68 16 
45 -29 99 31 68 35 45 -58 83 -9 92 61 -33 -68 -1 -70 
20 50 -48 92 -45 63 48 56 -7 82 -75 82 72 -20 69 11 
-53 12 -82 -64 -52 -57 -63 37 -80 -22 -65 -89 5 75 -23 66 
-2 -54 81 -65 68 -37 -100 48 68 -19 
RSSI :-110 
Input angle :82
Zaxis angle :0 
minval :0 

minval :0 



47 59 -62 42 -39 -64 67 -35 31 69 -70 28 -26 -71 71 -23 
-34 37 -100 -13 -88 -26 -37 41 -76 24 -102 -49 34 66 5 76 
-29 -41 34 -95 44 -81 -34 -44 -7 -79 67 -91 -71 23 -76 -6 
45 -21 88 49 68 61 49 -25 79 8 79 80 -7 -75 21 -73 
12 49 -64 78 -70 59 16 53 -23 76 -96 60 74 6 67 34 
-50 1 -63 -78 -44 -80 -27 126 67 -10 
RSSI :-110 
Input angle :85
Zaxis angle :0 
minval :0 

minval :0 



-77 0 2 -77 77 6 -11 76 -75 -16 20 -74 73 25 -29 70 
0 -52 89 -65 85 -40 -5 -62 48 -73 107 -44 -70 -25 -66 -40 
51 11 55 96 28 90 62 3 63 60 22 114 37 -65 52 -58 
-18 49 -105 34 -93 11 -17 60 -72 49 -116 -1 57 48 45 63 
-44 -29 -12 -110 7 -93 -55 -28 -36 -80 21 -113 -57 47 -69 35 
37 -36 110 12 90 27 90 -111 36 -5 
RSSI :-110 
Input angle :89
Zaxis angle :0 
minval :0 

minval :0 



51 46 -49 49 -46 -52 54 -42 38 58 -59 36 -33 -60 61 -30 
-24 41 -102 12 -84 -13 -19 55 -80 42 -110 -31 52 56 20 67 
-34 -33 8 -102 28 -80 -50 -29 -30 -85 53 -102 -66 39 -69 7 
38 -28 99 26 74 43 36 -45 89 -13 92 69 -27 -72 4 -70 
22 42 -45 92 -57 63 38 44 -4 90 -87 74 76 -13 68 18 
-46 11 -82 -61 -54 -65 -103 94 88 -6 
RSSI :-110 
Input angle :82
Zaxis angle :0 
minval :0 

minval :0 



72 -6 1 72 -73 -2 5 -73 72 8 -11 72 -70 -16 20 -69 
4 50 -67 71 -55 45 19 52 -28 76 -102 46 70 -3 65 33 
-50 -4 -59 -78 -32 -64 -54 8 -68 -43 -29 -109 -8 70 -45 58 
14 -49 87 -44 69 -21 3 -55 53 -61 112 -10 -67 -21 -48 -55 
45 23 26 94 5 72 53 12 50 63 -12 112 36 -60 62 -38 
-31 40 -98 5 -71 -7 -42 -98 0 9 
RSSI :-110 
Input angle :87
Zaxis angle :0 
minval :0 

minval :0 



76 -12 7 77 -78 2 0 -78 77 4 -9 77 -77 -13 16 -75 
2 51 -68 75 -66 40 17 58 -31 77 -98 55 64 3 72 29 
-51 -7 -63 -79 -29 -71 -60 6 -70 -44 -36 -106 -15 62 -43 65 
17 -49 90 -46 76 -13 5 -60 57 -60 112 -12 -59 -24 -56 -54 
44 27 31 97 0 77 59 13 49 66 -1 112 33 -54 61 -47 
-32 40 -101 11 -76 -15 -45 -66 -53 9 
RSSI :-110 
Input angle :86
Zaxis angle :0 
minval :0 

minval :0 



83 -13 8 84 -84 3 1 -84 84 6 -9 84 -84 -12 16 -81 
-5 63 -62 72 -56 57 12 50 -18 76 -89 64 66 -4 79 29 
-61 -16 -57 -76 -46 -66 -51 4 -71 -32 -48 -99 -8 66 -48 69 
29 -56 84 -45 74 -29 6 -51 47 -63 105 -29 -63 -21 -59 -61 
49 38 25 92 20 78 49 17 55 55 5 109 34 -57 69 -48 
-48 39 -95 6 -80 2 -8 94 -81 10 
RSSI :-110 
Input angle :89
Zaxis angle :0 
minval :0 

minval :0 



84 -1 -1 84 -83 -8 15 -82 81 18 -23 80 -78 -28 31 -77 
-18 60 -71 64 -63 43 7 54 -31 72 -103 51 69 1 70 46 
-55 -30 -46 -84 -26 -72 -54 -5 -65 -44 -31 -111 -15 67 -57 62 
41 -47 91 -29 76 -12 14 -52 54 -58 115 -14 -63 -27 -49 -68 
40 48 12 95 0 77 48 25 45 64 -6 115 36 -58 74 -39 
-54 31 -96 -1 -76 -13 -31 -66 33 9 
RSSI :-110 
Input angle :86
Zaxis angle :0 
minval :0 

minval :0 


