
77 6 -11 76 -75 -16 21 -74 73 24 -27 72 -70 -31 35 -67 
-3 54 -83 65 -74 34 11 49 -40 68 -101 41 56 16 61 47 
-52 -12 -46 -95 -19 -80 -50 0 -59 -52 -22 -107 -28 51 -56 53 
22 -49 101 -30 81 -4 7 -50 65 -45 110 0 -46 -36 -39 -66 
43 33 5 106 -10 81 47 18 36 70 -20 108 44 -37 73 -25 
-38 38 -105 -7 -77 -27 -53 30 -90 5 
RSSI :-110 
Input angle :82
Zaxis angle :0 
minval :0 

minval :0 



49 51 -54 46 -43 -56 58 -39 36 61 -62 34 -29 -64 65 -26 
-39 33 -106 -14 -75 -31 -28 48 -87 15 -95 -47 24 58 16 70 
-27 -43 34 -101 45 -67 -43 -35 4 -89 66 -83 -61 12 -71 1 
48 -17 92 54 57 58 45 -33 85 22 68 82 -1 -62 12 -70 
8 50 -70 80 -67 44 23 51 -37 80 -93 52 62 10 67 24 
-51 -3 -66 -83 -30 -75 -29 78 -95 -14 
RSSI :-110 
Input angle :86
Zaxis angle :0 
minval :0 

minval :0 



29 68 -69 25 -22 -70 71 -18 13 72 -73 6 -3 -74 73 -1 
-46 16 -98 -34 -74 -51 -34 43 -89 -4 -87 -72 18 62 -12 73 
-9 -48 53 -89 63 -64 -37 -41 22 -86 87 -72 -64 6 -70 -24 
49 3 77 70 50 75 48 -28 82 34 56 98 2 -65 35 -65 
-10 47 -81 65 -81 38 20 52 -47 75 -106 38 62 15 57 47 
-46 -18 -52 -89 -18 -88 -5 -34 -56 -16 
RSSI :-110 
Input angle :88
Zaxis angle :0 
minval :0 

minval :0 



-62 81 -79 -64 73 -77 69 76 -79 66 -61 -83 85 -59 59 85 
-31 -63 5 -102 0 -96 -48 -30 -38 -89 13 -125 -58 63 -95 35 
66 -21 106 24 95 24 38 -44 92 -26 124 33 -46 -67 -22 -102 
9 71 -41 97 -38 90 29 48 7 96 -63 112 75 -32 102 3 
-70 -4 -88 -60 -81 -52 -53 24 -100 -5 -105 -76 19 83 -17 103 
18 -70 72 -74 68 -72 15 -64 18 -3 
RSSI :-110 
Input angle :89
Zaxis angle :0 
minval :0 

minval :0 



47 56 -59 43 -41 -60 62 -37 34 65 -66 30 -27 -67 68 -23 
-44 30 -103 -18 -77 -31 -46 47 -73 10 -92 -45 29 59 6 74 
-20 -49 42 -95 46 -69 -39 -54 3 -74 59 -85 -63 20 -73 -4 
51 -12 87 57 60 56 60 -28 72 17 70 76 -7 -66 19 -70 
0 53 -72 75 -69 45 14 65 -30 67 -88 55 67 5 65 33 
-53 -5 -63 -83 -32 -76 6 15 -127 -11 
RSSI :-110 
Input angle :87
Zaxis angle :0 
minval :0 

minval :0 



76 8 -14 76 -75 -19 21 -74 73 23 -27 72 -70 -31 35 -67 
-6 53 -82 59 -62 43 13 57 -24 72 -92 40 71 -1 61 48 
-52 -17 -44 -92 -32 -69 -58 3 -66 -37 -25 -97 -14 70 -59 49 
27 -46 99 -24 73 -19 6 -58 48 -59 101 -6 -68 -23 -40 -66 
42 34 7 101 5 76 55 17 47 60 -16 99 37 -60 73 -23 
-42 34 -101 -13 -76 -6 -18 14 6 9 
RSSI :-110 
Input angle :86
Zaxis angle :0 
minval :0 

minval :0 



37 -74 72 41 -44 71 -69 -46 49 -67 63 53 -58 59 -55 -61 
40 28 25 87 16 91 47 14 48 50 13 108 22 -64 72 -42 
-36 33 -90 9 -93 0 -23 43 -60 35 -109 -10 57 37 31 77 
-26 -42 5 -90 18 -90 -37 -31 -24 -65 33 -105 -44 52 -82 13 
45 -19 88 24 86 32 37 -32 68 -13 98 47 -41 -54 -1 -84 
9 48 -38 82 -50 78 2 -112 -88 17 
RSSI :-110 
Input angle :89
Zaxis angle :0 
minval :0 

minval :0 



-29 -38 39 -28 27 39 -41 23 -21 -43 44 -18 16 45 -45 13 
9 -31 -3 85 -2 -49 -24 -11 -38 41 27 -80 88 27 -3 -48 
28 17 -83 -22 49 6 16 -21 -33 -45 72 42 -41 82 48 4 
-20 26 32 -79 -14 47 17 20 49 -26 -53 65 -73 -56 -13 46 
-22 -24 70 48 -44 -23 -22 15 15 53 -53 -65 68 -62 -43 -20 
27 -17 -57 63 30 -39 32 15 -98 1 
RSSI :-110 
Input angle :40
Zaxis angle :20 
minval :0 

minval :0 



28 46 -48 26 -25 -48 50 -21 18 51 -52 16 -12 -53 53 -8 
-3 23 10 -80 -11 50 22 26 47 -36 -29 58 -74 -36 -3 54 
-22 -6 77 25 -47 -20 -30 17 25 53 -54 -37 46 -68 -53 -9 
12 -20 -39 71 29 -42 -12 -33 -57 16 48 -45 60 56 19 -51 
17 15 -62 -52 37 35 34 -5 -4 -59 34 56 -68 46 45 29 
-18 14 61 -53 -40 31 -19 -32 101 1 
RSSI :-110 
Input angle :49
Zaxis angle :25 
minval :0 

minval :0 



-39 -36 39 -37 35 41 -43 33 -31 -44 46 -28 24 48 -48 23 
-7 -23 10 75 -5 -50 -33 -15 -32 43 14 -58 71 9 -11 -52 
24 -3 -75 -2 50 2 19 -31 -38 -39 56 23 -21 68 54 -4 
0 25 13 -75 -10 49 26 24 44 -32 -32 51 -62 -36 -4 54 
-24 -4 70 27 -46 -19 -28 22 23 49 -45 -39 42 -58 -52 -13 
8 -23 -37 66 25 -43 45 47 -3 3 
RSSI :-110 
Input angle :49
Zaxis angle :25 
minval :0 

minval :0 



-3 59 -59 -6 9 -58 57 12 -16 56 -55 -20 23 -54 53 24 
-10 23 50 -63 -30 37 4 36 55 -2 -55 33 -36 -64 -34 47 
-21 -15 52 61 -31 -36 -37 -1 -5 55 -25 -59 69 -26 -41 -43 
18 -17 -70 39 41 -27 8 -36 -54 -12 63 -15 14 72 49 -33 
15 21 -26 -76 18 45 34 12 23 -50 3 65 -74 1 24 54 
-23 11 80 -14 -47 10 -74 -96 0 8 
RSSI :-110 
Input angle :49
Zaxis angle :29 
minval :0 

minval :0 



55 2 -5 54 -54 -8 11 -53 52 15 -18 51 -50 -22 24 -49 
27 5 -63 -42 35 28 42 -6 -2 -53 33 49 -64 42 44 33 
-9 25 54 -54 -34 29 0 43 52 6 -54 22 -30 -70 -40 37 
-24 -13 42 64 -22 -39 -42 -7 -11 52 -14 -57 74 -19 -30 -46 
18 -20 -68 33 41 -17 15 -40 -48 -21 59 -3 4 77 50 -22 
17 21 -19 -73 8 44 116 48 -18 -12 
RSSI :-110 
Input angle :46
Zaxis angle :0 
minval :0 

minval :0 



-27 52 -51 -29 32 -49 46 35 -38 45 -42 -41 42 -40 37 44 
-29 6 82 -22 -54 18 -11 35 47 30 -62 -2 5 -72 -51 27 
-2 -29 5 85 -9 -56 -32 -16 -39 41 13 -61 69 19 -19 -56 
30 2 -85 -11 57 0 22 -29 -32 -46 56 26 -30 65 58 -7 
-8 28 23 -82 -11 55 25 27 50 -24 -34 51 -58 -42 -1 58 
-27 -12 78 35 -54 -18 63 16 -104 13 
RSSI :-110 
Input angle :46
Zaxis angle :25 
minval :0 

minval :0 



-37 -46 50 -34 30 52 -53 28 -26 -54 55 -24 21 56 -57 16 
5 -30 -16 77 5 -61 -35 -22 -52 30 36 -46 62 37 -6 -59 
28 11 -73 -30 59 16 28 -30 -23 -56 38 45 -50 52 59 5 
-16 25 45 -65 -26 55 24 34 59 -12 -52 29 -44 -58 -17 57 
-23 -19 57 55 -50 -35 -37 18 3 60 -19 -56 65 -32 -54 -26 
23 -20 -64 46 43 -43 16 -33 -65 -3 
RSSI :-110 
Input angle :33
Zaxis angle :14 
minval :0 

minval :0 



-29 46 -44 -31 32 -43 42 34 -37 39 -37 -40 41 -35 33 42 
-26 5 75 -12 -55 17 -8 45 47 34 -55 -17 13 -75 -48 24 
0 -27 -2 76 -5 -57 -43 -14 -40 41 28 -50 71 27 -13 -52 
26 4 -75 -16 58 4 24 -39 -33 -47 45 35 -37 67 53 -6 
-8 25 27 -71 -11 56 36 28 52 -24 -42 38 -62 -45 -3 54 
-23 -13 66 38 -52 -23 64 -16 3 14 
RSSI :-110 
Input angle :33
Zaxis angle :14 
minval :0 

minval :0 



2 62 -62 1 2 -61 61 7 -11 61 -60 -13 17 -59 57 21 
-21 22 53 -66 -29 49 21 36 52 -5 -54 35 -44 -72 -32 52 
-17 -24 55 65 -44 -36 -40 14 -3 53 -26 -59 79 -31 -46 -41 
27 -13 -73 41 44 -36 -7 -41 -51 -13 63 -15 20 82 47 -39 
9 28 -28 -80 27 50 42 -1 18 -50 3 65 -85 6 31 53 
-30 1 83 -16 -54 19 -79 48 -125 7 
RSSI :-110 
Input angle :46
Zaxis angle :14 
minval :0 

minval :0 



-25 -53 55 -22 18 56 -57 14 -12 -58 58 -10 7 59 -58 3 
9 -38 -29 92 7 -64 -22 -15 -52 34 40 -63 66 41 7 -58 
36 17 -87 -42 62 19 18 -19 -26 -57 57 49 -52 58 57 17 
-23 33 57 -78 -30 57 16 21 60 -15 -60 46 -50 -60 -27 52 
-28 -28 66 70 -52 -39 -24 12 5 62 -35 -67 66 -40 -48 -34 
32 -23 -80 55 46 -44 5 111 -75 -2 
RSSI :-110 
Input angle :46
Zaxis angle :25 
minval :0 

minval :0 



-12 57 -56 -14 16 -56 55 17 -20 54 -53 -23 26 -51 49 29 
-25 25 69 -61 -38 49 20 27 61 0 -73 27 -39 -75 -40 42 
-20 -29 49 79 -42 -45 -31 14 -10 60 -16 -75 81 -25 -34 -47 
32 -14 -87 31 53 -33 -8 -33 -57 -20 77 0 8 84 52 -24 
9 34 -18 -91 21 59 34 -3 29 -53 -13 76 -85 -5 16 55 
-35 2 93 -2 -61 13 -69 0 -23 9 
RSSI :-110 
Input angle :33
Zaxis angle :25 
minval :0 

minval :0 



56 25 -27 54 -53 -30 34 -51 49 36 -39 47 -44 -42 43 -42 
12 26 -29 -82 24 55 35 -2 26 -49 -7 62 -77 -3 32 51 
-28 5 85 -12 -59 13 -3 36 45 33 -59 -22 17 -75 -57 21 
-1 -29 -6 87 -4 -60 -35 -7 -42 38 29 -56 71 31 -13 -59 
28 2 -85 -17 60 6 14 -33 -30 -47 50 39 -42 65 61 -2 
-7 28 34 -80 -16 58 -45 0 2 -5 
RSSI :-110 
Input angle :33
Zaxis angle :14 
minval :0 

minval :0 



-14 -60 60 -10 7 61 -61 4 -2 -61 61 1 -5 61 -60 -7 
24 -27 -46 81 27 -57 -16 -29 -53 17 53 -55 56 55 18 -58 
24 28 -74 -58 51 36 31 -11 -7 -55 43 62 -62 46 54 29 
-31 19 68 -64 -45 43 6 33 55 0 -70 31 -37 -68 -36 49 
-12 -35 49 79 -35 -52 -33 1 -11 54 -21 -73 74 -23 -40 -46 
36 -7 -88 32 57 -27 47 -33 -65 -6 
RSSI :-110 
Input angle :46
Zaxis angle :20 
minval :0 

minval :0 



-29 -46 47 -27 24 49 -50 20 -17 -52 53 -15 11 53 -53 8 
6 -36 -13 93 12 -59 -27 -23 -42 30 33 -57 68 30 1 -54 
34 13 -89 -28 56 23 29 -21 -22 -47 50 42 -39 63 53 11 
-19 31 45 -81 -35 49 16 32 50 -15 -53 41 -53 -51 -19 51 
-27 -24 72 60 -44 -42 -34 11 5 52 -30 -59 60 -44 -47 -27 
29 -22 -71 61 49 -36 45 15 -66 -2 
RSSI :-110 
Input angle :49
Zaxis angle :20 
minval :0 

minval :0 



-54 -18 22 -53 52 25 -28 50 -48 -31 33 -47 46 34 -36 44 
-11 -29 52 87 -29 -51 -26 -10 -13 45 -18 -73 74 -6 -34 -46 
31 -5 -96 36 55 -21 14 -24 -42 -21 75 -1 -5 74 50 -27 
2 31 -22 -100 10 58 22 18 28 -38 -12 74 -72 -17 18 54 
-31 -4 102 -4 -59 0 -22 18 32 34 -72 -22 28 -68 -57 6 
9 -30 -13 101 7 -59 94 63 109 6 
RSSI :-110 
Input angle :46
Zaxis angle :20 
minval :0 

minval :0 



25 51 -52 22 -19 -53 55 -17 14 55 -56 11 -9 -56 56 -6 
-7 24 17 -89 -12 58 26 30 47 -22 -37 59 -63 -40 -3 57 
-21 -13 85 33 -54 -25 -33 21 14 50 -51 -47 50 -56 -55 -14 
17 -18 -49 77 36 -48 -15 -37 -51 5 55 -43 43 61 26 -50 
16 19 -66 -63 42 42 39 -9 4 -51 34 61 -66 34 47 32 
-22 12 69 -58 -48 36 -53 112 -30 2 
RSSI :-110 
Input angle :49
Zaxis angle :0 
minval :0 

minval :0 



-33 41 -40 -34 36 -38 36 38 -40 34 -32 -42 44 -30 27 45 
-33 -3 90 -3 -52 8 -19 36 32 32 -64 -19 14 -70 -51 15 
10 -31 -9 89 -1 -53 -32 -24 -38 26 30 -59 67 26 -9 -52 
30 15 -86 -26 52 10 29 -29 -19 -41 54 39 -41 58 53 1 
-20 27 39 -81 -17 50 24 33 45 -11 -48 46 -52 -49 -7 52 
-23 -23 73 52 -45 -28 19 64 -124 11 
RSSI :-110 
Input angle :40
Zaxis angle :20 
minval :0 

minval :0 



-35 -39 41 -33 29 44 -46 27 -23 -47 48 -21 19 50 -49 17 
7 -18 0 85 -1 -60 -31 -29 -43 34 23 -61 70 34 -9 -51 
16 10 -83 -15 59 11 34 -25 -26 -49 57 32 -44 64 52 2 
-12 15 28 -79 -19 56 21 37 52 -17 -41 51 -55 -55 -10 52 
-12 -15 75 40 -53 -27 -40 13 8 55 -41 -50 66 -40 -49 -19 
17 -9 -54 65 38 -46 34 47 -83 -1 
RSSI :-110 
Input angle :46
Zaxis angle :0 
minval :0 

minval :0 



-51 18 -15 -52 53 -13 10 53 -54 8 -4 -54 54 0 -2 54 
-15 -19 81 31 -58 -22 -32 23 12 51 -54 -40 50 -53 -53 -12 
21 -10 -39 77 30 -54 -16 -36 -53 3 49 -46 46 57 21 -50 
6 22 -68 -54 46 41 39 -9 5 -52 37 57 -67 31 45 30 
-24 2 66 -56 -48 39 3 39 51 12 -62 26 -22 -70 -36 40 
0 -23 43 75 -31 -53 -84 -81 85 12 
RSSI :-110 
Input angle :40
Zaxis angle :0 
minval :0 

minval :0 



23 -45 44 26 -28 43 -42 -29 31 -40 38 33 -37 36 -33 -38 
24 -6 -77 36 48 -23 10 -42 -42 -21 64 -3 8 70 44 -26 
0 25 -19 -83 14 51 39 18 28 -37 -6 64 -70 -3 18 48 
-24 -2 85 -5 -53 5 -24 37 33 33 -62 -17 17 -68 -50 8 
6 -24 -8 85 3 -53 -31 -30 -40 25 29 -58 64 28 -1 -51 
23 10 -82 -22 52 12 -73 -33 12 -11 
RSSI :-110 
Input angle :49
Zaxis angle :0 
minval :0 

minval :0 



-10 -55 55 -8 6 56 -55 4 -2 -56 56 0 -3 56 -55 -8 
12 -26 -38 76 22 -51 -16 -42 -48 14 42 -45 45 49 19 -52 
24 15 -69 -49 46 32 44 -10 -6 -49 38 48 -57 34 47 29 
-21 20 62 -57 -38 40 1 45 50 1 -55 28 -24 -62 -37 42 
-16 -23 44 72 -33 -44 -44 -4 -10 49 -20 -59 65 -16 -37 -42 
26 -13 -78 33 49 -26 66 -49 111 -5 
RSSI :-110 
Input angle :49
Zaxis angle :14 
minval :0 

minval :0 



-7 -54 54 -5 2 54 -54 -1 5 -54 54 7 -10 53 -52 -13 
19 -18 -43 72 27 -45 -11 -42 -46 4 45 -42 40 54 24 -48 
15 22 -64 -55 40 34 44 -2 4 -46 33 52 -60 28 44 30 
-25 10 66 -53 -40 33 -4 44 44 12 -57 24 -18 -63 -37 39 
-6 -26 39 75 -25 -46 -42 -11 -20 41 -13 -61 66 -7 -30 -45 
26 -2 -79 29 49 -18 101 47 -112 -7 
RSSI :-110 
Input angle :46
Zaxis angle :14 
minval :0 

minval :0 



55 -22 18 57 -57 16 -12 -58 59 -8 4 60 -60 0 2 -59 
24 19 -79 -22 51 13 34 -22 -16 -46 55 32 -44 53 57 14 
-22 22 35 -73 -23 47 15 39 48 -9 -41 49 -46 -51 -23 54 
-16 -26 66 49 -42 -31 -40 9 -1 49 -39 -50 59 -33 -49 -32 
29 -11 -57 58 38 -37 -2 -41 -48 -6 54 -33 26 63 39 -44 
7 30 -47 -67 29 44 62 -16 71 -12 
RSSI :-110 
Input angle :46
Zaxis angle :14 
minval :0 

minval :0 



33 -50 48 35 -36 47 -45 -38 42 -42 40 44 -46 38 -36 -46 
27 -10 -84 42 49 -28 11 -28 -52 -14 74 -15 16 71 54 -25 
5 28 -23 -91 17 54 25 17 22 -49 0 76 -73 6 13 57 
-29 0 93 -11 -56 10 -20 23 45 29 -76 -11 8 -72 -59 6 
4 -29 -6 94 0 -56 -18 -24 -36 40 24 -72 70 21 6 -59 
27 9 -91 -24 56 9 121 -81 76 -11 
RSSI :-110 
Input angle :46
Zaxis angle :20 
minval :0 

minval :0 



3 -65 65 5 -9 64 -64 -12 17 -62 61 21 -24 60 -59 -26 
23 -26 -63 69 40 -48 -13 -30 -60 4 60 -47 48 63 36 -54 
21 28 -62 -70 41 48 32 -6 5 -60 35 68 -70 36 46 46 
-30 17 79 -49 -54 33 1 33 58 15 -73 21 -20 -77 -53 38 
-12 -33 32 88 -22 -59 -33 -4 -25 55 -8 -76 79 -8 -26 -59 
34 -5 -92 20 62 -10 57 47 86 -9 
RSSI :-110 
Input angle :49
Zaxis angle :25 
minval :0 

minval :0 



59 -33 30 60 -62 27 -23 -64 65 -19 15 66 -66 12 -10 -67 
29 4 -90 -5 65 0 22 -35 -36 -38 59 27 -36 70 68 1 
-8 28 19 -89 -13 63 30 29 42 -30 -35 54 -64 -46 -13 66 
-26 -14 81 41 -61 -23 -34 25 21 48 -48 -44 54 -57 -63 -25 
18 -23 -50 76 29 -58 -20 -37 -50 14 51 -40 48 61 33 -59 
21 21 -65 -64 50 42 -20 111 -34 -14 
RSSI :-110 
Input angle :46
Zaxis angle :20 
minval :0 

minval :0 



44 41 -45 41 -38 -47 49 -35 31 51 -53 29 -27 -54 55 -24 
2 29 0 -92 11 56 31 11 34 -45 -23 64 -79 -21 13 59 
-29 -2 90 17 -57 0 -17 28 37 42 -59 -34 35 -74 -60 4 
6 -29 -29 87 10 -56 -25 -21 -48 29 44 -51 69 44 9 -60 
27 12 -78 -48 53 19 25 -21 -21 -52 42 53 -55 60 58 17 
-16 24 60 -69 -30 48 -32 112 60 -3 
RSSI :-110 
Input angle :27
Zaxis angle :14 
minval :0 

minval :0 



-54 29 -26 -55 56 -23 21 57 -58 18 -14 -59 60 -10 6 60 
-31 -7 95 4 -64 4 -22 18 32 50 -73 -23 24 -72 -61 -6 
11 -30 -19 93 11 -62 -13 -25 -54 25 37 -68 67 36 17 -59 
26 17 -87 -35 61 18 27 -9 -14 -58 60 49 -48 59 55 26 
-22 23 49 -81 -31 55 3 28 59 -5 -56 52 -48 -59 -34 50 
-17 -26 70 63 -50 -38 -20 -113 30 15 
RSSI :-110 
Input angle :46
Zaxis angle :14 
minval :0 

minval :0 



0 -64 65 4 -8 64 -64 -11 15 -63 62 19 -24 61 -59 -27 
12 -24 -49 72 28 -40 -1 -37 -53 5 57 -38 30 56 36 -54 
21 17 -57 -66 33 36 37 5 2 -53 26 64 -60 22 44 47 
-20 19 70 -51 -41 28 -9 36 52 11 -67 17 -11 -63 -53 36 
-16 -22 36 80 -21 -44 -33 -16 -20 49 -2 -69 64 4 -29 -58 
25 -11 -85 21 48 -11 80 31 54 -8 
RSSI :-110 
Input angle :56
Zaxis angle :25 
minval :0 

minval :0 



31 56 -58 28 -25 -59 61 -21 19 61 -62 16 -11 -63 64 -7 
-1 26 9 -88 -4 53 23 28 44 -33 -30 63 -57 -30 -6 64 
-24 -8 85 25 -51 -15 -31 19 25 48 -56 -40 40 -50 -63 -15 
10 -24 -42 77 23 -48 -12 -34 -52 16 50 -49 43 47 26 -59 
21 15 -70 -54 42 32 36 -5 -6 -54 39 58 -54 34 53 36 
-19 18 65 -59 -39 35 -38 0 113 0 
RSSI :-110 
Input angle :49
Zaxis angle :25 
minval :0 

minval :0 



33 54 -55 30 -27 -57 58 -22 19 60 -61 17 -15 -61 61 -12 
0 31 11 -85 -7 59 27 24 49 -28 -27 52 -60 -37 1 63 
-32 -4 82 25 -56 -19 -28 23 18 53 -47 -35 47 -52 -62 -12 
12 -30 -39 76 28 -52 -17 -32 -55 11 43 -40 45 54 21 -59 
28 15 -67 -52 46 37 35 -10 1 -56 28 51 -62 32 54 31 
-20 25 64 -56 -45 37 -35 -32 -18 2 
RSSI :-110 
Input angle :49
Zaxis angle :25 
minval :0 

minval :0 



-60 20 -16 -62 62 -13 9 64 -64 6 -3 -63 64 0 -3 63 
-31 -4 88 17 -59 -4 -29 19 27 50 -63 -34 33 -57 -61 -18 
10 -29 -30 85 15 -57 -13 -31 -54 18 46 -55 50 43 25 -58 
27 15 -76 -48 53 26 33 -7 -9 -56 47 54 -49 45 53 36 
-20 23 59 -68 -34 48 0 34 56 0 -62 36 -34 -57 -45 45 
-20 -24 56 71 -42 -43 -43 -49 -19 13 
RSSI :-110 
Input angle :46
Zaxis angle :25 
minval :0 

minval :0 



54 -19 17 55 -56 13 -9 -56 57 -6 4 57 -57 1 0 -57 
33 7 -93 -14 64 4 22 -16 -32 -49 67 37 -31 67 56 12 
-13 31 28 -89 -15 62 12 25 54 -22 -46 61 -61 -41 -22 53 
-29 -17 84 43 -59 -24 -27 7 13 58 -52 -57 50 -53 -48 -32 
24 -24 -60 72 38 -52 -2 -27 -59 3 65 -41 42 61 39 -42 
19 28 -60 -72 44 47 23 80 26 -15 
RSSI :-110 
Input angle :46
Zaxis angle :20 
minval :0 

minval :0 



13 56 -57 10 -7 -58 58 -4 0 58 -58 -3 5 -58 57 7 
-15 26 30 -89 -20 56 17 25 47 -19 -47 58 -55 -51 -18 55 
-22 -20 81 46 -53 -26 -27 12 12 50 -48 -58 59 -46 -51 -28 
24 -18 -60 72 37 -47 -7 -28 -52 4 64 -37 38 64 35 -46 
13 27 -61 -70 39 45 29 -3 6 -51 28 69 -70 25 39 43 
-28 10 81 -46 -50 31 -54 64 120 3 
RSSI :-110 
Input angle :46
Zaxis angle :14 
minval :0 

minval :0 



13 58 -58 12 -9 -59 59 -8 4 59 -60 0 3 -59 58 7 
-14 35 21 -83 -9 62 15 29 54 -23 -32 49 -58 -40 -15 57 
-33 -18 77 37 -61 -18 -32 8 13 57 -42 -41 52 -49 -53 -26 
25 -28 -50 68 29 -55 -3 -33 -58 5 46 -37 40 58 35 -48 
24 29 -61 -58 50 37 33 2 5 -59 27 52 -64 30 39 44 
-32 20 67 -52 -46 43 -25 80 -74 3 
RSSI :-110 
Input angle :46
Zaxis angle :14 
minval :0 

minval :0 



12 -56 55 15 -17 54 -54 -20 24 -52 50 27 -30 49 -47 -31 
30 -20 -59 63 33 -53 -6 -28 -57 1 64 -37 38 61 40 -40 
14 33 -53 -69 44 45 29 -1 12 -56 24 70 -65 29 32 47 
-34 9 79 -35 -52 34 -5 29 53 19 -73 13 -15 -70 -52 22 
-1 -36 19 85 -25 -57 -27 -9 -27 50 0 -73 71 -3 -14 -56 
36 3 -86 8 61 -13 79 -65 -64 -10 
RSSI :-110 
Input angle :46
Zaxis angle :0 
minval :0 

minval :0 



26 -52 50 29 -33 49 -47 -34 36 -46 44 38 -40 43 -40 -41 
27 -6 -71 45 51 -37 -7 -34 -54 -13 68 -15 22 75 50 -29 
0 28 -30 -79 26 57 35 0 23 -51 6 69 -78 9 21 54 
-28 -2 82 -17 -61 17 -9 34 46 31 -68 -8 6 -78 -57 10 
7 -27 1 84 -4 -63 -33 -12 -40 38 21 -65 76 19 0 -58 
24 13 -83 -15 62 11 -124 -49 32 -12 
RSSI :-110 
Input angle :33
Zaxis angle :0 
minval :0 

minval :0 



12 -56 56 14 -17 54 -53 -21 24 -52 51 27 -30 49 -47 -32 
23 -10 -65 58 43 -40 -13 -30 -56 -5 67 -22 34 69 40 -41 
5 24 -44 -75 28 51 32 -8 17 -53 9 70 -74 20 32 47 
-25 0 81 -33 -55 21 4 33 51 23 -70 -2 -7 -76 -52 24 
3 -25 14 86 -8 -58 -33 -3 -33 44 13 -69 76 6 -13 -56 
24 7 -87 -2 59 0 96 127 36 -10 
RSSI :-110 
Input angle :33
Zaxis angle :0 
minval :0 

minval :0 



49 35 -38 48 -46 -41 44 -43 41 47 -48 38 -36 -50 51 -33 
6 28 -44 -82 36 55 30 -2 19 -59 7 76 -77 14 20 58 
-29 1 88 -29 -59 30 -4 30 54 30 -76 -4 -2 -78 -61 12 
3 -29 10 92 -19 -64 -29 -8 -38 49 17 -74 79 8 0 -62 
27 8 -93 -3 66 -7 14 -27 -40 -47 70 29 -23 75 61 13 
-14 25 19 -91 -5 66 -49 64 44 -9 
RSSI :-110 
Input angle :33
Zaxis angle :0 
minval :0 

minval :0 



57 -5 3 58 -58 2 0 -58 58 3 -7 57 -57 -11 15 -56 
26 14 -90 -28 66 13 19 -24 -28 -54 58 48 -43 64 52 25 
-19 24 43 -84 -24 63 21 22 59 -19 -57 49 -57 -51 -33 47 
-18 -23 75 58 -58 -34 -26 16 8 61 -38 -65 61 -47 -40 -42 
25 -16 -69 63 46 -49 -11 -28 -61 -1 71 -25 34 69 48 -32 
10 28 -47 -82 40 54 52 0 -24 -16 
RSSI :-110 
Input angle :33
Zaxis angle :0 
minval :0 

minval :0 



50 23 -27 48 -46 -29 31 -45 43 33 -36 41 -38 -39 39 -37 
8 21 -35 -73 27 51 37 -5 13 -51 9 62 -74 13 28 47 
-22 5 79 -21 -56 17 0 37 48 21 -63 -3 0 -75 -52 19 
-1 -23 9 82 -6 -58 -37 -6 -28 45 11 -61 73 16 -11 -53 
23 3 -81 -4 58 0 12 -35 -39 -35 59 21 -26 70 55 -2 
-5 22 19 -79 -11 57 -85 -96 15 -8 
RSSI :-110 
Input angle :49
Zaxis angle :14 
minval :0 

minval :0 



8 53 -54 5 -2 -54 54 0 -2 54 -54 -6 8 -53 52 11 
-14 25 28 -86 -17 55 25 24 50 -22 -49 59 -62 -38 -20 50 
-22 -18 80 41 -51 -27 -27 20 12 53 -48 -59 52 -51 -45 -30 
22 -18 -58 69 35 -45 -15 -31 -55 2 65 -40 42 59 37 -38 
14 25 -62 -65 37 44 32 -10 6 -54 28 71 -66 31 32 43 
-27 9 77 -47 -50 27 -40 112 104 3 
RSSI :-110 
Input angle :46
Zaxis angle :20 
minval :0 

minval :0 



38 -46 44 40 -42 42 -41 -43 45 -39 35 47 -51 31 -28 -52 
28 -8 -80 33 58 -26 -1 -38 -48 -23 63 2 6 64 56 -19 
3 30 -21 -84 15 62 38 7 33 -42 -13 62 -65 -6 9 59 
-29 -3 87 -5 -63 5 -14 36 37 38 -57 -25 16 -63 -59 -3 
9 -29 -13 85 6 -64 -33 -18 -45 28 33 -54 60 26 13 -57 
27 12 -82 -25 61 19 -79 95 115 -13 
RSSI :-110 
Input angle :33
Zaxis angle :0 
minval :0 

minval :0 



43 -34 31 44 -47 28 -25 -48 49 -23 21 50 -51 18 -16 -52 
26 0 -86 1 62 -3 7 -42 -32 -35 54 19 -17 61 54 -5 
-3 26 10 -85 -6 63 39 16 39 -26 -27 51 -59 -23 -3 55 
-25 -6 83 20 -61 -16 -20 38 20 43 -45 -36 35 -53 -54 -11 
11 -23 -38 76 25 -58 -34 -26 -46 11 42 -39 45 44 21 -50 
20 15 -67 -52 50 37 -10 111 12 -12 
RSSI :-110 
Input angle :33
Zaxis angle :14 
minval :0 

minval :0 



17 -53 51 21 -25 50 -49 -28 29 -48 45 33 -35 43 -42 -36 
24 -15 -70 51 51 -35 -14 -40 -47 -7 56 -15 24 59 44 -34 
12 26 -40 -77 31 54 41 -9 15 -45 4 58 -62 15 27 48 
-28 6 83 -25 -59 21 0 42 42 21 -57 -8 -3 -64 -54 15 
-2 -28 12 86 -10 -61 -42 -7 -28 38 15 -56 64 7 -8 -55 
28 3 -87 -4 62 1 125 -97 -8 -10 
RSSI :-110 
Input angle :49
Zaxis angle :0 
minval :0 

minval :0 



4 55 -55 1 1 -55 55 4 -6 55 -54 -10 13 -54 53 15 
-14 24 31 -82 -21 59 30 25 48 -13 -42 47 -52 -36 -26 49 
-21 -18 75 45 -52 -34 -30 25 5 49 -36 -52 44 -45 -43 -35 
22 -17 -57 67 41 -47 -19 -34 -50 -3 57 -27 36 52 41 -36 
12 25 -53 -70 40 48 37 -13 12 -48 15 61 -57 27 27 48 
-26 9 78 -41 -55 30 -71 -48 -7 4 
RSSI :-110 
Input angle :33
Zaxis angle :0 
minval :0 

minval :0 



56 -6 5 56 -56 2 1 -55 55 7 -10 56 -54 -13 16 -53 
27 12 -83 -31 57 20 25 -28 -18 -45 47 44 -33 51 50 25 
-16 25 44 -76 -26 54 26 28 47 -12 -50 40 -48 -37 -31 46 
-21 -20 68 55 -46 -38 -32 20 0 49 -28 -58 46 -40 -39 -40 
24 -16 -65 59 45 -40 -13 -35 -48 -6 62 -17 29 53 46 -32 
13 27 -46 -75 32 51 58 64 81 -12 
RSSI :-110 
Input angle :33
Zaxis angle :0 
minval :0 

minval :0 



49 -8 5 49 -49 2 0 -50 49 2 -4 49 -49 -7 10 -48 
25 15 -82 -29 60 14 24 -27 -23 -46 45 45 -33 55 45 21 
-20 21 48 -73 -26 56 22 28 49 -16 -51 38 -49 -40 -27 41 
-17 -23 65 58 -50 -36 -31 18 5 52 -27 -58 48 -42 -35 -34 
25 -13 -67 56 44 -43 -11 -34 -52 -2 62 -14 32 55 40 -29 
8 27 -44 -75 36 51 47 16 51 -13 
RSSI :-110 
Input angle :33
Zaxis angle :0 
minval :0 

minval :0 



-37 40 -38 -38 40 -35 33 43 -45 31 -28 -46 48 -25 22 49 
-27 4 82 -33 -56 31 1 33 50 20 -67 0 -15 -62 -53 12 
0 -28 19 87 -19 -62 -32 -4 -29 45 15 -65 64 -3 -1 -54 
27 5 -88 -1 63 -7 9 -31 -40 -36 63 22 -7 63 54 6 
-8 26 13 -87 -4 64 29 14 43 -32 -35 57 -61 -19 -17 52 
-23 -14 82 32 -63 -15 104 -112 -9 11 
RSSI :-110 
Input angle :26
Zaxis angle :0 
minval :0 

minval :0 



21 52 -53 19 -16 -54 55 -13 9 55 -56 7 -4 -57 56 -2 
-5 27 0 -87 0 64 33 14 43 -31 -26 64 -59 -14 -11 56 
-25 -10 85 16 -63 -10 -20 29 25 47 -56 -41 24 -55 -52 -22 
15 -23 -33 80 19 -61 -26 -25 -50 17 47 -50 52 32 27 -49 
20 19 -75 -43 55 31 28 -21 -8 -53 40 56 -40 46 42 38 
-22 17 58 -64 -39 49 -39 -32 84 0 
RSSI :-110 
Input angle :31
Zaxis angle :0 
minval :0 

minval :0 



-9 -51 51 -7 2 52 -52 -1 4 -52 52 6 -8 51 -50 -9 
14 -26 -28 85 17 -62 -25 -22 -48 20 39 -51 53 25 18 -49 
24 17 -79 -43 59 25 27 -21 -14 -50 43 49 -34 47 43 27 
-23 19 54 -71 -35 54 17 29 52 -4 -57 31 -40 -42 -35 38 
-15 -26 59 68 -46 -45 -32 11 -1 52 -24 -60 48 -32 -30 -41 
28 -11 -75 50 51 -38 52 127 -104 -4 
RSSI :-110 
Input angle :33
Zaxis angle :0 
minval :0 

minval :0 



-1 -54 54 -1 -1 53 -53 -5 9 -53 52 11 -13 52 -50 -16 
10 -27 -33 87 17 -63 -25 -22 -53 25 45 -48 55 37 26 -47 
24 16 -78 -48 60 26 27 -20 -17 -56 39 52 -46 48 41 34 
-18 22 60 -70 -36 54 17 29 58 -8 -58 31 -40 -53 -40 35 
-19 -22 57 72 -48 -43 -32 11 -1 59 -18 -64 59 -29 -27 -47 
25 -13 -81 44 52 -40 23 -33 25 -3 
RSSI :-110 
Input angle :46
Zaxis angle :25 
minval :0 

minval :0 



-8 -50 51 -6 3 51 -51 0 1 -51 51 3 -6 51 -50 -9 
8 -23 -26 87 12 -58 -32 -21 -47 27 45 -42 55 40 20 -47 
20 12 -81 -40 53 24 25 -29 -15 -52 35 51 -47 49 44 27 
-16 18 52 -73 -32 50 24 30 53 -8 -56 26 -41 -54 -35 38 
-15 -19 64 64 -43 -40 -34 18 0 54 -16 -59 60 -31 -31 -40 
21 -11 -76 48 48 -35 41 -113 -69 -3 
RSSI :-110 
Input angle :33
Zaxis angle :0 
minval :0 

minval :0 



37 -42 40 39 -40 38 -36 -41 44 -33 30 46 -48 27 -24 -49 
27 -5 -77 32 51 -23 4 -38 -47 -21 60 -5 9 63 53 -15 
1 27 -17 -82 12 54 36 10 28 -43 -7 60 -64 -1 6 55 
-27 -3 83 0 -56 4 -16 34 36 35 -58 -15 13 -62 -56 -2 
8 -25 -12 82 7 -56 -31 -22 -42 29 26 -54 58 25 15 -53 
24 13 -79 -27 54 17 -87 -1 54 -12 
RSSI :-110 
Input angle :46
Zaxis angle :20 
minval :0 

minval :0 



-15 48 -48 -17 18 -48 47 19 -22 46 -44 -26 28 -43 41 30 
-23 12 58 -52 -45 37 13 44 46 4 -49 19 -21 -55 -38 34 
-8 -25 38 68 -30 -50 -46 3 -12 45 -9 -52 58 -12 -26 -44 
26 -3 -74 26 56 -17 4 -46 -41 -21 53 0 0 59 48 -19 
-2 26 -15 -77 6 58 44 12 27 -38 -6 52 -59 -8 11 50 
-25 -4 78 0 -58 -2 -124 -96 85 8 
RSSI :-110 
Input angle :46
Zaxis angle :20 
minval :0 

minval :0 



40 30 -31 38 -37 -33 35 -34 33 37 -39 30 -28 -41 42 -24 
4 22 -37 -76 31 55 38 4 19 -46 0 61 -66 1 16 47 
-23 0 82 -22 -61 20 -10 37 41 28 -59 -13 6 -66 -49 8 
3 -22 11 84 -9 -63 -34 -17 -34 36 21 -57 64 18 0 -50 
22 7 -85 -7 63 2 22 -31 -28 -41 54 28 -29 59 49 8 
-11 20 24 -82 -15 62 -73 0 -82 -6 
RSSI :-110 
Input angle :46
Zaxis angle :0 
minval :0 

minval :0 



-48 -22 26 -46 45 27 -29 44 -43 -31 32 -41 39 34 -37 37 
-5 -18 48 68 -31 -47 -41 2 -15 44 -8 -64 70 -14 -28 -44 
19 -2 -76 33 52 -23 6 -40 -41 -22 64 4 2 71 49 -20 
-1 19 -18 -81 13 55 38 13 29 -36 -12 63 -69 -13 10 51 
-19 -5 83 -2 -56 6 -18 36 32 34 -59 -25 24 -67 -52 1 
7 -17 -10 83 6 -56 91 -81 -48 5 
RSSI :-110 
Input angle :23
Zaxis angle :0 
minval :0 

minval :0 



-25 40 -38 -27 29 -37 35 31 -33 32 -31 -35 37 -29 27 37 
-23 0 67 -44 -51 33 1 42 47 21 -64 8 -11 -68 -43 18 
4 -22 27 74 -23 -57 -41 -7 -28 43 2 -65 70 0 -12 -45 
22 7 -79 11 60 -13 14 -40 -38 -34 63 15 -9 69 46 -4 
-11 19 -1 -80 4 61 37 21 40 -31 -26 59 -65 -24 -4 46 
-17 -14 78 16 -61 -6 96 64 99 11 
RSSI :-110 
Input angle :33
Zaxis angle :0 
minval :0 

minval :0 



44 -6 4 46 -45 2 0 -45 46 3 -6 45 -45 -8 10 -42 
13 12 -78 -26 58 18 34 -23 -16 -49 39 47 -47 47 40 19 
-14 10 41 -72 -29 53 17 37 51 -6 -53 30 -39 -55 -23 38 
-7 -15 63 54 -47 -36 -40 11 -2 50 -18 -59 60 -26 -30 -32 
17 -4 -67 50 46 -38 -2 -41 -49 -11 62 -8 19 64 37 -24 
2 18 -44 -70 33 51 75 48 -18 -13 
RSSI :-110 
Input angle :33
Zaxis angle :0 
minval :0 

minval :0 



8 61 -61 4 -1 -61 61 2 -4 60 -60 -7 10 -60 59 14 
-18 22 30 -83 -26 54 24 38 50 -16 -40 48 -44 -34 -25 55 
-19 -21 77 42 -49 -34 -42 17 7 52 -39 -49 42 -37 -50 -35 
24 -15 -58 66 43 -42 -10 -44 -53 -2 55 -31 28 48 42 -44 
11 26 -57 -67 35 49 45 -2 9 -52 21 59 -53 19 36 49 
-27 5 76 -45 -54 26 -59 0 27 5 
RSSI :-110 
Input angle :46
Zaxis angle :14 
minval :0 

minval :0 



-55 3 0 -55 55 4 -8 54 -54 -11 14 -53 53 16 -18 51 
-30 -12 83 35 -54 -22 -38 20 21 49 -39 -41 31 -46 -48 -27 
18 -27 -52 73 31 -50 -15 -40 -52 13 47 -33 39 39 35 -42 
24 23 -65 -61 44 39 42 -3 -4 -53 23 52 -45 33 36 43 
-27 19 72 -54 -47 35 0 42 53 7 -55 16 -26 -49 -48 27 
-14 -29 37 82 -26 -53 -66 -33 -14 12 
RSSI :-110 
Input angle :49
Zaxis angle :14 
minval :0 

minval :0 



-23 49 -48 -26 29 -46 44 33 -35 42 -40 -37 39 -38 36 41 
-19 14 75 -56 -40 38 1 38 58 6 -61 4 -24 -62 -49 26 
-10 -22 39 85 -26 -49 -37 -5 -17 56 5 -61 65 -10 -16 -52 
24 -6 -91 21 51 -19 13 -35 -51 -28 59 16 0 66 55 -8 
1 24 -4 -93 10 54 33 18 37 -45 -27 55 -65 -7 0 55 
-24 -1 93 12 -55 0 -100 16 12 11 
RSSI :-110 
Input angle :33
Zaxis angle :14 
minval :0 

minval :0 



51 -12 9 52 -52 7 -5 -52 53 -1 -1 53 -53 -4 7 -52 
28 4 -90 -27 59 12 30 -19 -33 -51 45 39 -26 56 50 18 
-9 26 46 -82 -22 56 12 33 57 -22 -47 35 -51 -36 -25 46 
-24 -14 75 58 -50 -33 -34 8 13 60 -30 -52 43 -46 -42 -33 
18 -21 -69 64 39 -44 -2 -36 -61 2 55 -20 35 51 39 -36 
17 22 -50 -80 38 47 23 32 -94 -16 
RSSI :-110 
Input angle :49
Zaxis angle :25 
minval :0 

minval :0 



-45 -27 29 -45 43 30 -32 41 -38 -36 39 -36 32 42 -42 30 
-16 -21 54 79 -35 -46 -35 -1 -4 55 -11 -58 51 -25 -25 -46 
23 -13 -88 37 52 -23 9 -33 -53 -17 59 -1 15 55 50 -15 
8 25 -25 -92 16 55 31 14 25 -49 -9 59 -56 7 6 53 
-26 3 95 -3 -57 7 -20 28 44 32 -56 -19 3 -57 -53 -3 
0 -27 -14 95 4 -58 99 31 -39 9 
RSSI :-110 
Input angle :49
Zaxis angle :25 
minval :0 

minval :0 



-58 -19 23 -56 54 28 -29 54 -53 -32 35 -50 49 37 -40 46 
-26 -15 76 65 -47 -40 -33 0 4 59 -22 -56 42 -31 -36 -49 
20 -23 -79 62 49 -37 5 -33 -59 -5 58 -13 24 46 55 -28 
19 24 -49 -87 28 54 31 10 14 -57 4 60 -50 15 18 59 
-27 14 95 -35 -57 22 -15 30 55 22 -59 -7 -6 -52 -61 7 
-10 -29 14 100 -10 -61 125 -17 104 12 
RSSI :-110 
Input angle :49
Zaxis angle :20 
minval :0 

minval :0 



-49 35 -33 -51 52 -31 27 53 -56 23 -21 -57 57 -18 16 58 
-32 11 96 -22 -58 19 -6 33 51 28 -58 -10 -6 -56 -60 6 
-6 -34 4 99 -11 -60 -31 -12 -36 45 22 -55 57 7 4 -60 
34 0 -98 -10 61 1 17 -28 -38 -44 49 32 -15 54 59 15 
-6 34 25 -95 -11 60 25 22 49 -31 -40 43 -51 -24 -26 54 
-32 -10 88 45 -58 -21 86 48 -117 13 
RSSI :-110 
Input angle :49
Zaxis angle :25 
minval :0 

minval :0 



-43 38 -35 -45 47 -33 31 48 -49 28 -26 -51 52 -23 20 53 
-33 7 98 -12 -63 12 -12 31 43 34 -54 -18 6 -61 -56 9 
0 -34 -3 99 -4 -64 -29 -16 -42 35 28 -49 59 14 1 -58 
34 3 -95 -26 63 9 21 -25 -28 -48 43 37 -25 55 56 11 
-9 33 41 -89 -20 61 21 26 51 -21 -43 37 -51 -33 -19 54 
-30 -16 81 56 -57 -29 47 0 -92 13 
RSSI :-110 
Input angle :33
Zaxis angle :14 
minval :0 

minval :0 



52 -3 0 52 -52 -1 3 -52 52 5 -6 51 -51 -8 12 -50 
28 10 -88 -44 59 21 27 -23 -22 -51 39 45 -32 53 46 24 
-15 26 58 -79 -29 55 19 30 56 -8 -52 28 -44 -42 -29 43 
-22 -20 69 70 -49 -39 -33 13 3 56 -20 -56 49 -38 -37 -37 
23 -19 -81 55 47 -40 -8 -35 -55 -7 58 -8 28 55 43 -30 
16 25 -43 -88 32 53 61 -96 118 -14 
RSSI :-110 
Input angle :33
Zaxis angle :14 
minval :0 

minval :0 



5 -51 52 7 -9 51 -50 -12 14 -49 49 17 -19 48 -46 -22 
15 -14 -53 62 42 -38 -16 -41 -47 0 44 -14 25 47 31 -41 
11 17 -53 -62 32 47 43 -10 8 -47 9 45 -51 16 33 39 
-19 9 70 -40 -52 23 1 44 44 17 -47 0 -5 -53 -44 26 
-4 -20 25 77 -14 -55 -44 -6 -23 41 9 -45 53 2 -18 -49 
21 0 -81 10 57 -4 107 63 51 -8 
RSSI :-110 
Input angle :49
Zaxis angle :20 
minval :0 

minval :0 



-53 -16 19 -52 51 22 -25 49 -47 -29 31 -46 44 33 -36 41 
-9 -26 70 62 -44 -45 -36 5 -8 48 -26 -58 54 -35 -36 -42 
27 -4 -75 56 52 -36 0 -37 -46 -17 62 -13 25 60 49 -25 
-1 27 -44 -82 27 57 36 5 25 -42 0 64 -62 15 19 52 
-26 -4 89 -29 -61 15 -12 34 36 32 -63 -8 -6 -64 -54 10 
10 -25 14 93 -6 -62 100 63 -90 7 
RSSI :-110 
Input angle :40
Zaxis angle :0 
minval :0 

minval :0 



-30 -34 37 -27 25 38 -39 23 -21 -40 42 -19 17 42 -42 15 
-5 -32 16 85 -12 -63 -42 -7 -29 47 10 -53 52 5 -5 -45 
33 1 -86 -2 64 0 15 -40 -42 -35 49 21 -16 50 45 2 
-6 33 16 -85 -11 64 36 23 43 -34 -27 46 -47 -22 -9 45 
-31 -13 80 31 -61 -22 -26 34 26 48 -41 -36 31 -42 -42 -17 
16 -28 -43 75 31 -56 44 -81 51 4 
RSSI :-110 
Input angle :61
Zaxis angle :32 
minval :0 

minval :0 



20 43 -43 18 -14 -44 45 -11 9 46 -46 7 -4 -47 46 -1 
-14 28 11 -86 -14 64 41 17 45 -27 -36 53 -58 -21 -7 46 
-24 -18 82 28 -59 -27 -26 36 18 49 -45 -45 29 -54 -44 -14 
23 -20 -43 75 35 -55 -30 -32 -52 7 53 -35 45 41 25 -40 
16 26 -67 -54 47 46 36 -25 0 -53 26 58 -45 42 36 30 
-29 11 65 -57 -54 36 -48 64 -31 2 
RSSI :-110 
Input angle :58
Zaxis angle :29 
minval :0 

minval :0 



20 -46 44 22 -24 43 -42 -27 30 -40 38 32 -34 36 -34 -35 
26 -13 -64 51 48 -33 -7 -46 -53 -7 55 -9 20 57 41 -28 
9 28 -37 -73 26 52 46 1 15 -51 0 56 -59 12 20 45 
-29 4 77 -28 -57 15 -8 46 48 23 -55 -9 0 -60 -48 11 
1 -29 9 81 -3 -59 -43 -18 -32 43 17 -53 59 10 -1 -50 
28 7 -82 -3 59 5 107 -65 25 -10 
RSSI :-110 
Input angle :33
Zaxis angle :0 
minval :0 

minval :0 



4 -51 51 6 -8 51 -50 -11 13 -49 48 17 -19 47 -45 -22 
14 -34 -31 83 17 -60 -24 -22 -46 27 38 -55 53 18 31 -41 
31 20 -76 -44 57 26 26 -20 -18 -50 48 46 -28 47 35 37 
-25 26 55 -69 -35 52 15 28 53 -8 -54 38 -41 -37 -44 25 
-20 -30 54 69 -42 -47 -31 10 0 53 -29 -59 43 -35 -18 -48 
33 -15 -78 41 52 -33 43 -65 74 -3 
RSSI :-110 
Input angle :46
Zaxis angle :14 
minval :0 

minval :0 



-52 -20 23 -52 50 25 -28 49 -47 -32 33 -45 44 36 -38 41 
-26 -30 77 58 -52 -43 -37 9 -3 53 -45 -51 39 -43 -35 -44 
35 -20 -73 63 52 -45 -3 -38 -52 -11 60 -33 35 46 51 -23 
14 38 -50 -82 34 59 38 2 23 -48 20 65 -53 26 15 55 
-40 6 90 -35 -64 24 -10 36 46 27 -68 9 -18 -56 -56 6 
0 -40 21 94 -13 -68 109 -81 -58 9 
RSSI :-110 
Input angle :46
Zaxis angle :20 
minval :0 

minval :0 



-61 18 -17 -61 62 -12 8 63 -64 2 1 -64 63 5 -6 63 
-32 -2 90 1 -59 -8 -27 25 28 34 -57 -22 11 -45 -61 -19 
6 -31 -15 88 20 -56 -20 -32 -39 21 31 -53 43 18 27 -58 
30 11 -83 -34 52 27 35 -14 -14 -42 44 43 -26 38 51 39 
-16 27 45 -77 -37 46 9 36 44 -6 -48 39 -34 -30 -47 43 
-24 -20 69 57 -37 -45 -9 -1 43 11 
RSSI :-110 
Input angle :49
Zaxis angle :20 
minval :0 

minval :0 



10 58 -58 6 -4 -59 60 0 -1 59 -59 -5 8 -59 58 11 
-9 31 5 -88 -11 55 21 27 36 -35 -26 61 -49 -10 -23 54 
-29 -15 86 21 -51 -22 -31 15 27 44 -56 -37 17 -47 -50 -32 
19 -27 -36 81 28 -48 -11 -34 -47 21 47 -48 42 26 41 -43 
23 25 -72 -50 40 39 35 -4 -12 -50 40 53 -32 38 35 48 
-29 16 62 -63 -45 33 -50 112 74 -1 
RSSI :-110 
Input angle :49
Zaxis angle :0 
minval :0 

minval :0 



38 32 -33 36 -35 -35 37 -33 31 39 -40 29 -26 -42 42 -25 
6 35 -28 -77 22 55 39 16 21 -49 -8 59 -51 5 16 47 
-35 0 81 -12 -59 11 -23 35 44 29 -58 -16 3 -52 -49 8 
3 -35 -1 82 -3 -60 -31 -29 -38 38 25 -54 50 13 0 -49 
33 11 -80 -17 59 9 33 -26 -31 -43 49 33 -21 47 49 8 
-15 31 30 -76 -18 57 -62 -48 -6 -7 
RSSI :-110 
Input angle :46
Zaxis angle :20 
minval :0 

minval :0 



50 -4 0 51 -51 -1 5 -50 50 8 -10 50 -49 -13 15 -48 
27 20 -83 -43 47 27 34 -18 -8 -48 39 51 -40 47 43 26 
-26 22 55 -75 -36 40 12 36 49 0 -58 29 -41 -47 -33 38 
-16 -30 62 70 -33 -43 -38 5 -9 48 -17 -62 54 -30 -33 -39 
32 -11 -78 50 48 -25 1 -39 -46 -17 64 -6 21 59 44 -25 
4 34 -38 -85 17 52 102 32 69 -11 
RSSI :-110 
Input angle :46
Zaxis angle :20 
minval :0 

minval :0 



-35 -28 29 -33 31 32 -33 30 -28 -34 36 -26 24 38 -38 21 
0 -29 28 88 -11 -53 -38 -7 -22 38 5 -62 58 -10 -13 -42 
29 4 -91 14 55 -2 13 -36 -33 -29 60 15 -3 60 44 -4 
-9 28 3 -92 -7 54 33 19 34 -27 -26 56 -58 -12 -1 44 
-26 -14 91 17 -53 -14 -24 30 22 38 -52 -34 21 -56 -44 -7 
18 -23 -32 86 23 -49 90 63 -11 3 
RSSI :-110 
Input angle :209
Zaxis angle :47 
minval :0 

minval :0 



-41 -27 29 -39 38 32 -34 35 -34 -36 37 -32 29 39 -41 26 
0 -27 27 78 -22 -48 -44 -12 -17 44 -6 -57 57 -5 -19 -45 
26 5 -82 16 52 -10 21 -40 -41 -23 57 2 -3 57 47 -11 
-9 25 -3 -83 3 53 35 28 30 -36 -14 55 -54 -16 1 49 
-23 -14 82 12 -53 -6 -33 31 31 36 -53 -21 24 -51 -48 -6 
17 -20 -28 78 17 -50 88 -113 68 6 
RSSI :-110 
Input angle :40
Zaxis angle :14 
minval :0 

minval :0 



14 -52 51 17 -20 50 -49 -23 25 -47 46 29 -31 44 -42 -32 
23 -15 -67 54 40 -42 -4 -47 -50 -3 57 -14 24 60 41 -35 
10 25 -43 -75 31 49 47 3 11 -49 3 59 -63 11 26 47 
-26 6 83 -26 -53 22 -13 45 46 21 -58 -8 -1 -65 -51 17 
-1 -28 10 86 -12 -57 -42 -20 -28 41 18 -57 64 11 -7 -53 
27 3 -87 0 58 -6 109 111 73 -9 
RSSI :-110 
Input angle :49
Zaxis angle :0 
minval :0 

minval :0 



37 -51 48 38 -40 47 -45 -43 45 -42 40 47 -50 36 -32 -52 
25 -14 -65 53 46 -29 11 -40 -45 -4 56 -23 21 45 56 -26 
10 26 -40 -74 21 51 37 18 13 -43 13 59 -47 13 15 60 
-28 5 79 -26 -53 14 -22 34 41 20 -60 2 -3 -50 -62 3 
0 -28 13 83 -4 -54 -30 -28 -27 37 8 -60 50 4 8 -62 
28 5 -84 0 54 7 -125 47 85 -9 
RSSI :-110 
Input angle :49
Zaxis angle :14 
minval :0 

minval :0 



30 -38 36 32 -35 34 -32 -36 38 -29 27 40 -41 25 -24 -42 
30 -9 -77 35 53 -25 12 -46 -45 -25 58 -10 7 62 46 -14 
4 32 -20 -82 17 56 44 16 33 -39 -3 59 -61 -2 6 48 
-31 0 85 -6 -58 6 -24 40 33 40 -58 -11 12 -60 -49 -2 
6 -31 -9 85 3 -57 -35 -31 -45 26 24 -54 57 24 11 -47 
29 12 -81 -24 57 12 -79 -113 -40 -13 
RSSI :-110 
Input angle :46
Zaxis angle :29 
minval :0 

minval :0 



-8 41 -41 -11 11 -41 39 13 -16 39 -37 -19 21 -37 35 21 
-15 14 70 -71 -38 43 -8 41 48 0 -68 14 -27 -56 -30 30 
-10 -17 59 80 -33 -47 -38 -15 -9 48 1 -69 59 -17 -24 -34 
19 -7 -91 44 52 -23 21 -36 -45 -18 68 12 4 61 37 -20 
4 19 -29 -96 15 56 32 27 25 -41 -24 65 -61 -7 10 41 
-20 0 99 -15 -57 4 -106 0 -44 7 
RSSI :-110 
Input angle :49
Zaxis angle :0 
minval :0 

minval :0 



-10 -50 50 -9 5 51 -51 3 0 -51 51 2 -5 51 -49 -9 
5 -15 -39 76 25 -48 -22 -41 -46 13 53 -21 37 52 18 -47 
14 6 -70 -51 43 32 43 -17 -5 -47 13 56 -60 25 43 26 
-8 12 64 -57 -42 35 7 45 48 3 -58 0 -14 -63 -34 37 
-10 -11 44 73 -27 -46 -46 -1 -12 47 8 -57 65 -5 -31 -40 
12 -9 -79 32 49 -22 71 63 -29 -5 
RSSI :-110 
Input angle :33
Zaxis angle :14 
minval :0 

minval :0 



0 54 -54 -3 5 -55 54 7 -11 53 -52 -15 18 -51 50 20 
-12 28 33 -86 -13 58 15 36 49 -21 -42 34 -43 -39 -29 46 
-25 -16 79 47 -54 -24 -37 7 10 52 -24 -49 47 -34 -39 -37 
20 -22 -62 68 35 -48 -3 -38 -53 3 52 -17 26 52 42 -34 
18 24 -52 -75 43 41 38 5 6 -53 5 55 -57 13 23 49 
-27 13 81 -41 -49 33 -55 48 -26 4 
RSSI :-110 
Input angle :46
Zaxis angle :25 
minval :0 

minval :0 



-12 -54 55 -10 8 55 -55 5 -3 -56 55 0 -3 55 -54 -7 
12 -26 -19 93 6 -55 -23 -35 -48 20 40 -38 44 34 18 -52 
23 16 -87 -38 53 17 39 -15 -10 -52 30 46 -42 37 49 25 
-20 20 50 -81 -24 50 9 41 53 -2 -50 22 -32 -45 -36 42 
-16 -23 71 63 -43 -34 -42 0 -10 52 -11 -54 52 -19 -35 -42 
26 -11 -75 59 41 -37 52 79 29 -4 
RSSI :-110 
Input angle :40
Zaxis angle :20 
minval :0 

minval :0 



13 49 -50 10 -7 -50 51 -5 2 51 -51 0 4 -51 50 7 
-2 25 17 -91 -6 59 27 33 36 -39 -33 53 -60 -19 -17 48 
-24 -6 88 28 -57 -15 -37 19 33 42 -46 -42 29 -56 -44 -24 
10 -23 -42 82 26 -53 -13 -40 -48 25 51 -36 49 38 32 -39 
21 14 -72 -58 47 35 42 -7 -14 -52 27 57 -47 41 33 39 
-18 17 67 -63 -41 42 -41 -32 -116 -3 
RSSI :-110 
Input angle :49
Zaxis angle :25 
minval :0 

minval :0 



-44 -44 46 -42 39 48 -49 37 -35 -51 54 -30 28 55 -56 25 
-13 -12 24 82 -15 -53 -45 -23 -23 38 11 -47 51 7 -12 -61 
15 -10 -85 10 55 -1 33 -39 -34 -29 44 19 -15 50 62 -2 
8 16 4 -86 -5 55 33 39 35 -27 -26 40 -46 -23 -7 61 
-17 6 84 18 -53 -13 -44 26 22 38 -34 -33 31 -41 -59 -19 
-2 -18 -36 77 22 -50 86 -33 -108 3 
RSSI :-110 
Input angle :49
Zaxis angle :32 
minval :0 

minval :0 



55 8 -10 54 -54 -14 17 -53 52 20 -22 51 -50 -25 26 -48 
11 12 -61 -63 40 40 51 0 -5 -48 3 50 -53 28 43 36 
-15 8 73 -47 -44 35 -11 49 47 6 -50 -4 -16 -59 -45 33 
-5 -16 31 82 -24 -51 -46 -22 -12 45 12 -49 60 -8 -26 -50 
17 -3 -86 18 53 -17 28 -42 -43 -20 46 21 -2 61 52 -19 
0 17 -1 -88 7 56 111 80 32 -10 
RSSI :-110 
Input angle :27
Zaxis angle :0 
minval :0 

minval :0 



11 -52 51 15 -17 50 -49 -19 22 -48 46 25 -29 45 -42 -31 
28 -1 -68 58 41 -42 17 -38 -53 -2 63 -21 16 51 38 -37 
-3 28 -43 -79 34 49 35 24 12 -52 7 66 -53 6 29 45 
-27 -8 86 -28 -53 24 -31 28 47 23 -67 -4 4 -53 -49 20 
12 -26 16 88 -15 -57 -23 -35 -30 43 12 -65 52 13 -9 -52 
23 17 -90 -1 59 -5 103 -33 -75 -10 
RSSI :-110 
Input angle :40
Zaxis angle :0 
minval :0 

minval :0 



-17 55 -54 -19 22 -53 51 27 -31 49 -47 -33 37 -44 42 39 
-19 1 68 -31 -53 21 -19 50 44 19 -54 0 -2 -56 -46 35 
2 -18 16 73 -13 -56 -45 -28 -25 41 9 -52 57 7 -26 -51 
18 5 -75 2 58 -1 35 -40 -35 -32 50 18 -19 54 56 -15 
-8 17 8 -75 -6 58 33 41 39 -28 -26 46 -50 -26 8 57 
-14 -11 72 21 -55 -14 88 -48 -10 10 
RSSI :-110 
Input angle :40
Zaxis angle :14 
minval :0 

minval :0 


