
-19 42 -40 -22 24 -38 37 26 -28 36 -34 -30 31 -33 32 32 
-35 6 72 -42 -58 30 -7 47 44 5 -48 18 -20 -43 -38 25 
1 -35 28 79 -21 -62 -45 -16 -13 42 -9 -51 46 -13 -18 -42 
34 6 -82 15 65 -10 24 -41 -40 -18 51 0 3 48 44 -12 
-13 33 -1 -84 -4 66 34 32 27 -34 -10 51 -48 -4 2 46 
-30 -18 82 17 -65 -13 118 16 60 8 
RSSI :-110 
Input angle :46
Zaxis angle :14 
minval :0 

minval :0 



-35 31 -30 -37 38 -27 26 39 -41 24 -21 -43 43 -18 15 44 
-15 -7 80 -10 -60 0 -25 47 43 33 -58 -13 9 -62 -47 7 
9 -14 -1 81 7 -60 -42 -33 -40 37 24 -54 60 19 1 -48 
12 12 -80 -13 58 18 40 -35 -29 -46 50 31 -28 55 47 8 
-14 10 28 -76 -29 53 28 45 51 -19 -40 42 -49 -38 -15 45 
-7 -16 69 41 -47 -38 46 96 107 13 
RSSI :-110 
Input angle :40
Zaxis angle :14 
minval :0 

minval :0 



-9 52 -52 -11 12 -51 51 15 -17 50 -49 -19 22 -48 47 24 
-22 9 49 -66 -49 39 4 47 46 -4 -52 36 -33 -45 -34 41 
-4 -23 56 61 -31 -55 -46 -2 -3 46 -25 -58 50 -26 -35 -39 
24 -2 -70 44 59 -23 9 -45 -45 -10 62 -15 18 54 45 -27 
-2 24 -29 -77 10 63 42 18 19 -42 5 64 -56 6 18 50 
-22 -8 80 -19 -64 0 -102 80 116 6 
RSSI :-110 
Input angle :46
Zaxis angle :0 
minval :0 

minval :0 



55 -22 19 56 -57 17 -15 -58 59 -11 8 59 -59 5 -1 -59 
27 4 -80 -16 60 6 26 -32 -28 -39 44 24 -24 48 58 12 
-9 26 27 -76 -14 58 28 31 43 -23 -29 40 -42 -33 -20 56 
-24 -13 71 39 -55 -25 -37 21 13 47 -33 -38 41 -35 -50 -32 
18 -21 -53 62 36 -48 -14 -40 -48 4 43 -25 26 47 39 -44 
18 21 -54 -60 42 43 16 -16 -48 -13 
RSSI :-110 
Input angle :46
Zaxis angle :25 
minval :0 

minval :0 



-55 -19 22 -54 52 25 -28 51 -50 -30 34 -47 46 36 -38 43 
-14 -24 52 54 -42 -42 -46 6 -4 45 -24 -47 47 -20 -35 -46 
25 -10 -63 41 47 -35 1 -46 -44 -12 49 -17 12 50 52 -27 
5 28 -31 -69 24 54 45 9 20 -41 8 51 -51 6 18 55 
-28 0 73 -18 -58 14 -15 44 37 26 -52 -3 5 -51 -57 10 
4 -28 4 75 -5 -59 122 47 -2 7 
RSSI :-110 
Input angle :46
Zaxis angle :14 
minval :0 

minval :0 



57 20 -23 55 -54 -27 30 -52 52 32 -34 50 -48 -36 38 -46 
9 23 -42 -60 28 49 48 1 14 -41 15 47 -48 12 36 48 
-25 4 67 -29 -53 19 -11 46 37 22 -49 6 -1 -50 -55 25 
0 -26 18 71 -10 -56 -44 -19 -27 34 2 -49 50 6 -16 -58 
25 4 -73 6 56 0 27 -39 -29 -33 48 10 -16 47 60 -5 
-8 24 9 -73 -12 55 -102 64 116 -6 
RSSI :-110 
Input angle :46
Zaxis angle :14 
minval :0 

minval :0 



41 -47 45 44 -45 43 -39 -48 51 -37 33 52 -53 32 -27 -55 
28 1 -76 19 58 -6 23 -42 -34 -30 51 0 -8 48 61 -14 
-6 26 -4 -77 -5 59 37 31 37 -27 -12 50 -45 -19 4 62 
-25 -10 77 10 -57 -14 -36 33 20 41 -47 -20 24 -42 -62 -7 
15 -23 -20 75 24 -53 -26 -41 -44 12 27 -43 37 31 17 -60 
20 19 -69 -35 49 32 -22 -97 109 -12 
RSSI :-110 
Input angle :46
Zaxis angle :14 
minval :0 

minval :0 



30 22 -23 29 -27 -25 27 -26 25 28 -29 23 -22 -30 31 -20 
74 -27 -33 5 -63 0 -24 98 -77 -50 -24 4 35 45 16 34 
18 77 0 -34 13 -62 -92 -41 65 -66 0 -24 -52 26 -37 8 
-78 4 33 6 58 24 53 -86 51 77 24 4 -17 -55 -2 -38 
9 -78 -10 32 -31 55 75 68 -83 41 -6 23 57 -8 38 5 
77 20 -29 -17 -47 -42 -94 63 83 -23 
RSSI :-110 
Input angle :98
Zaxis angle :0 
minval :0 

minval :0 



20 -35 34 22 -23 33 -31 -26 27 -29 28 29 -31 26 -25 -31 
-18 -69 -5 49 -9 63 88 36 -59 71 10 21 51 -31 36 -19 
72 -5 -47 -15 -60 -22 -48 83 -56 -72 -23 5 22 56 11 39 
-6 71 23 -44 32 -54 -73 -61 79 -44 -2 -23 -60 11 -40 5 
-70 -16 39 31 48 41 76 -58 28 86 24 2 -2 -61 2 -41 
29 -65 -37 34 -47 42 -112 62 85 3 
RSSI :-110 
Input angle :91
Zaxis angle :0 
minval :0 

minval :0 



0 33 -33 -1 3 -32 32 5 -7 32 -32 -9 11 -31 31 12 
53 45 -27 -38 -21 -57 -93 25 14 -89 -9 -13 -28 50 -17 28 
-54 44 42 -21 59 -12 -11 -96 86 28 14 -7 -44 -37 -24 -22 
-32 -62 12 46 3 60 96 4 -41 80 4 15 43 -38 26 -21 
65 -23 -47 3 -60 -11 -23 94 -71 -55 -16 1 30 49 16 29 
9 69 1 -47 19 -57 18 -47 -18 -16 
RSSI :-110 
Input angle :98
Zaxis angle :0 
minval :0 

minval :0 



33 -8 5 34 -34 3 -2 -35 34 0 0 34 -34 -2 3 -34 
38 -54 -38 33 -51 32 40 88 -92 8 -5 11 51 21 33 11 
46 47 -29 -41 -23 -55 -93 28 9 -92 -10 -6 -27 48 -17 30 
-53 39 45 -21 59 -11 -10 -96 89 26 7 -8 -41 -36 -27 -22 
-26 -61 12 49 1 61 96 7 -40 83 7 10 42 -35 25 -24 
64 -17 -50 5 -60 -7 -50 -98 -77 -14 
RSSI :-110 
Input angle :91
Zaxis angle :0 
minval :0 

minval :0 



-31 -35 37 -29 26 40 -41 23 -21 -42 43 -18 15 45 -45 13 
-66 24 36 -6 68 5 22 -79 73 43 27 -7 -32 -59 -8 -47 
-15 -69 0 36 -14 67 74 36 -55 64 3 28 64 -19 48 0 
70 -3 -36 -4 -62 -29 -47 67 -51 -67 -28 -2 9 66 -9 47 
-12 69 11 -34 39 -56 -58 -57 76 -37 7 -27 -67 -2 -44 -18 
-68 -19 33 15 49 47 93 -80 127 20 
RSSI :-110 
Input angle :91
Zaxis angle :0 
minval :0 

minval :0 



28 -18 17 28 -29 16 -14 -30 31 -12 10 32 -32 9 -7 -33 
16 -70 -16 54 -33 54 71 61 -77 51 -2 12 59 0 34 -3 
67 26 -51 -25 -47 -41 -70 62 -38 -84 -11 -3 -10 57 -3 34 
-37 62 32 -47 48 -40 -47 -81 89 -24 5 -10 -54 -21 -32 -10 
-53 -50 39 41 31 55 86 -35 6 92 9 7 30 -50 15 -31 
57 -43 -46 32 -60 18 -115 94 -64 -3 
RSSI :-110 
Input angle :96
Zaxis angle :0 
minval :0 

minval :0 



0 37 -37 -2 5 -37 36 8 -11 36 -36 -12 13 -35 33 15 
64 39 -43 -28 -36 -58 -73 35 -16 -84 -17 -9 -35 59 -20 32 
-50 56 35 -38 63 -27 -24 -77 85 -3 12 -15 -52 -44 -28 -25 
-47 -59 31 41 16 66 80 -11 -12 84 13 14 51 -45 31 -22 
65 -37 -45 24 -68 6 -6 81 -80 -28 -17 9 32 60 17 34 
23 71 -14 -49 9 -68 -98 -16 -8 -20 
RSSI :-110 
Input angle :98
Zaxis angle :25 
minval :0 

minval :0 



-36 33 -31 -37 38 -29 28 40 -42 25 -21 -43 44 -20 18 44 
0 54 20 -36 26 -56 -58 -54 69 -45 -15 -15 -58 3 -48 11 
-53 -8 31 27 50 37 62 -48 32 77 18 -13 7 -57 -3 -49 
17 -50 -32 27 -45 42 36 70 -81 17 9 20 54 19 49 6 
47 25 -20 -36 -34 -51 -76 22 -2 -83 -21 6 -26 51 -14 47 
-32 43 38 -15 56 -25 76 49 117 2 
RSSI :-110 
Input angle :75
Zaxis angle :29 
minval :0 

minval :0 



-43 -2 5 -43 42 8 -10 42 -41 -13 16 -40 39 18 -20 37 
-32 69 27 -38 58 -46 -26 -71 87 -20 2 -11 -42 -34 -34 -28 
-63 -43 33 32 31 67 75 -14 3 89 10 4 41 -37 32 -30 
52 -55 -38 27 -70 22 2 76 -89 -10 -6 9 27 48 23 37 
46 61 -19 -43 -12 -72 -75 -13 28 -84 -7 -8 -52 18 -40 16 
-67 36 45 -13 74 0 66 113 -93 10 
RSSI :-110 
Input angle :90
Zaxis angle :29 
minval :0 

minval :0 



-22 -34 35 -20 18 36 -36 17 -15 -38 38 -12 10 38 -39 9 
-69 10 55 -3 59 15 47 -55 63 81 7 -6 7 -63 0 -41 
0 -70 -8 54 -25 56 46 56 -89 51 4 8 60 18 40 7 
69 11 -53 -16 -51 -34 -63 35 -35 -97 -9 3 -25 57 -14 38 
-24 65 26 -48 43 -43 -22 -69 102 -13 -1 -9 -52 -35 -35 -21 
-59 -37 43 34 36 50 0 -80 12 26 
RSSI :-110 
Input angle :80
Zaxis angle :39 
minval :0 

minval :0 



21 -25 24 22 -23 24 -22 -25 26 -20 18 28 -28 17 -15 -29 
5 -68 12 59 -15 56 79 47 -71 63 -6 4 71 -5 32 -11 
66 18 -60 0 -52 -25 -62 68 -47 -83 -3 -7 -2 71 6 33 
-28 62 6 -59 32 -49 -57 -72 89 -33 8 -2 -70 -16 -34 0 
-56 -38 58 18 41 41 82 -42 16 94 1 8 28 -65 6 -33 
47 -49 -29 54 -48 32 -127 -50 -91 0 
RSSI :-110 
Input angle :101
Zaxis angle :14 
minval :0 

minval :0 



10 24 -24 9 -8 -25 26 -6 5 26 -26 4 -3 -26 26 -1 
43 46 -54 -38 -38 -36 -68 19 -5 -106 6 11 -42 50 -3 27 
-54 33 46 -47 41 -33 -4 -71 105 14 -12 4 -40 -51 -26 -7 
-24 -58 39 53 25 46 70 5 -35 100 -3 -12 56 -32 12 -24 
61 -13 -59 30 -50 17 -17 69 -95 -47 13 0 25 59 21 17 
4 63 -19 -63 -8 -52 6 49 7 -21 
RSSI :-110 
Input angle :34
Zaxis angle :32 
minval :0 

minval :0 



20 15 -16 19 -19 -17 18 -19 18 19 -20 16 -15 -20 21 -14 
69 2 -66 7 -58 -11 -40 66 -63 -84 7 9 3 66 10 24 
-16 66 7 -66 23 -55 -58 -51 92 -49 -11 5 -65 -9 -25 6 
-63 -26 64 16 50 32 61 -48 28 101 -4 -12 17 -63 -2 -26 
37 -57 -23 62 -37 46 38 68 -104 16 12 -2 58 30 26 2 
50 45 -56 -36 -38 -45 16 -80 -86 -27 
RSSI :-110 
Input angle :41
Zaxis angle :47 
minval :0 

minval :0 



21 -8 6 22 -22 5 -4 -22 22 -3 1 23 -23 0 0 -23 
34 -56 -27 61 -38 42 30 64 -104 17 11 2 64 26 24 4 
50 43 -54 -39 -36 -43 -67 21 -1 -106 -3 10 -41 58 -8 22 
-51 41 45 -49 49 -28 -12 -70 104 17 -9 -5 -52 -48 -20 -12 
-33 -58 40 53 19 53 71 0 -39 98 7 -8 56 -43 14 -18 
62 -22 -61 28 -56 9 -122 -50 58 -13 
RSSI :-110 
Input angle :41
Zaxis angle :47 
minval :0 

minval :0 



-11 30 -30 -13 15 -29 27 17 -19 26 -25 -20 22 -24 23 22 
-4 63 -8 -72 5 -56 -63 -42 82 -72 -12 16 -62 4 -27 18 
-61 -15 72 2 54 14 53 -54 58 93 -13 -15 8 -62 -14 -30 
26 -57 -14 72 -25 51 45 61 -102 39 16 -11 61 14 32 -8 
53 34 -69 -23 -46 -32 -69 31 -23 -107 7 18 -29 55 3 33 
-46 43 40 -61 39 -40 -73 49 -48 -1 
RSSI :-110 
Input angle :75
Zaxis angle :41 
minval :0 

minval :0 



-13 31 -30 -16 18 -28 28 19 -20 28 -26 -21 22 -25 24 24 
0 69 -21 -64 2 -52 -72 -34 69 -73 -7 -3 -72 26 -28 20 
-69 -8 66 -13 52 9 46 -65 61 80 5 -6 -11 -75 -13 -32 
22 -65 -1 68 -19 49 56 56 -89 47 6 6 76 2 34 -8 
60 32 -67 -11 -46 -26 -64 48 -28 -97 -7 5 -13 75 1 35 
-42 54 24 -63 33 -41 -109 -127 -21 -4 
RSSI :-110 
Input angle :91
Zaxis angle :36 
minval :0 

minval :0 



-40 12 -9 -41 41 -7 5 41 -41 3 0 -41 42 3 -4 41 
-57 79 0 -95 59 -70 -69 -75 92 -43 9 29 -94 -32 -41 -10 
-70 -69 94 14 57 72 88 -52 25 98 -31 6 51 -86 18 -38 
81 -55 -35 89 -81 43 35 96 -102 7 0 -31 75 66 34 25 
39 90 -80 -51 -26 -88 -100 21 9 -101 30 6 -77 63 -31 29 
-95 24 61 -73 91 -14 20 -13 20 13 
RSSI :-110 
Input angle :103
Zaxis angle :25 
minval :0 

minval :0 



22 26 -27 20 -19 -28 29 -17 15 30 -31 14 -12 -31 32 -10 
81 56 -96 -18 -71 -54 -82 60 -40 -93 33 8 -29 95 4 35 
-68 72 33 -92 63 -63 -46 -90 98 -27 -12 32 -89 -43 -35 0 
-62 -77 82 53 50 74 98 -28 8 101 -29 -18 59 -80 7 -34 
88 -46 -66 72 -81 38 11 101 -101 -13 22 -26 68 72 32 12 
28 95 -59 -77 -19 -87 -31 -48 -39 -50 
RSSI :-110 
Input angle :41
Zaxis angle :25 
minval :0 

minval :0 



-24 -5 7 -24 24 8 -9 23 -23 -11 12 -22 22 13 -13 20 
-39 88 13 -96 37 -82 -64 -70 90 -50 -36 26 -95 -17 -19 -17 
-82 -53 93 26 76 48 80 -50 36 96 -19 -41 32 -91 20 -15 
68 -69 -40 88 -61 66 35 88 -101 19 44 -11 84 47 12 22 
57 78 -76 -59 -55 -71 -92 21 0 -103 4 45 -63 73 -23 8 
-85 48 68 -69 81 -38 45 115 1 9 
RSSI :-110 
Input angle :29
Zaxis angle :51 
minval :0 

minval :0 



20 5 -6 20 -19 -7 8 -19 19 9 -10 18 -17 -11 11 -17 
28 -22 -16 29 -15 19 14 53 -69 4 1 -10 31 28 15 15 
18 31 -25 -21 -16 -18 -54 4 9 -69 10 3 -33 27 -17 12 
-34 11 26 -19 21 -13 5 -54 66 21 -4 9 -18 -38 -8 -19 
-5 -36 17 28 9 22 52 13 -31 62 -8 -6 40 -12 20 -5 
36 1 -31 11 -24 6 65 -2 -11 -22 
RSSI :-110 
Input angle :103
Zaxis angle :32 
minval :0 

minval :0 



-19 -31 32 -17 15 33 -34 14 -12 -35 36 -9 7 36 -36 5 
-4 -31 70 -15 36 17 30 -62 59 42 3 18 -7 -43 2 -37 
31 0 4 73 -22 33 55 41 -55 48 -18 0 44 1 36 8 
-7 30 -71 -14 -27 -29 -50 47 -41 -60 3 -18 -8 43 -14 34 
-29 -11 20 -69 33 -22 -36 -58 67 -28 17 6 -40 -16 -31 -20 
17 -26 64 34 15 36 60 -112 -20 17 
RSSI :-110 
Input angle :98
Zaxis angle :20 
minval :0 

minval :0 



10 36 -37 7 -5 -38 38 -3 1 38 -38 0 1 -37 38 2 
22 19 -68 14 -48 -2 -21 38 -79 0 24 -16 -1 39 -10 37 
-23 18 -3 -70 10 -47 -33 -28 15 -77 11 27 -38 -9 -34 -17 
-15 -25 69 11 44 19 34 -27 73 28 -29 6 17 -36 24 -29 
28 -8 -23 66 -27 40 20 38 -44 65 -1 -29 32 23 25 29 
2 29 -60 -37 -34 -34 19 -33 -76 -14 
RSSI :-110 
Input angle :92
Zaxis angle :41 
minval :0 

minval :0 



-11 33 -32 -12 14 -32 31 15 -16 30 -29 -17 20 -27 26 22 
17 49 -75 -35 -20 -33 -58 8 -52 -71 34 3 -36 42 -26 23 
-51 8 51 -66 36 -15 1 -59 78 -41 -8 34 -32 -44 -16 -31 
0 -52 55 62 6 39 56 15 18 86 -31 -15 49 -24 34 -10 
50 12 -71 42 -39 -1 -26 52 -88 6 19 -28 14 53 6 35 
-20 48 -29 -78 9 -38 42 112 -27 -23 
RSSI :-110 
Input angle :92
Zaxis angle :36 
minval :0 

minval :0 



-5 -33 33 -3 2 34 -34 0 2 -33 33 4 -6 33 -32 -7 
-38 -33 73 5 31 16 49 -36 76 35 -31 14 12 -50 13 -31 
40 -29 -19 70 -22 27 23 57 -54 64 -5 -33 48 21 27 20 
20 45 -64 -32 -23 -26 -59 14 -54 -64 34 0 -30 42 -24 23 
-48 12 46 -55 31 -16 0 -61 74 -40 -5 34 -34 -39 -18 -29 
-1 -50 49 54 10 34 102 32 120 20 
RSSI :-110 
Input angle :94
Zaxis angle :36 
minval :0 

minval :0 



-17 -33 33 -15 13 34 -35 11 -8 -36 36 -7 6 37 -36 4 
-28 -26 58 -17 44 1 12 -38 94 -16 -19 20 -24 -55 3 -37 
30 -25 5 60 -9 42 35 19 0 95 -16 -22 60 -11 36 8 
18 33 -60 -7 -40 -18 -27 30 -92 -20 25 -12 1 61 -16 34 
-37 11 16 -59 24 -36 -26 -31 34 -89 6 27 -60 -8 -29 -22 
-4 -38 54 29 30 32 63 1 101 13 
RSSI :-110 
Input angle :57
Zaxis angle :36 
minval :0 

minval :0 



-3 -34 34 0 0 34 -34 -2 4 -33 33 6 -8 32 -32 -10 
-17 -31 69 12 32 15 40 -31 78 45 -30 23 6 -57 14 -31 
34 -12 -22 66 -20 29 20 46 -58 69 -16 -35 55 17 28 19 
4 35 -60 -36 -24 -26 -49 13 -56 -71 37 -10 -26 51 -25 23 
-36 -1 45 -53 29 -19 -3 -51 82 -39 2 38 -44 -37 -18 -29 
7 -34 44 53 13 32 107 48 -20 21 
RSSI :-110 
Input angle :101
Zaxis angle :32 
minval :0 

minval :0 



34 1 -2 34 -33 -3 5 -33 33 7 -9 33 -31 -11 13 -30 
49 -8 -15 70 -20 32 16 47 -42 66 -11 -37 50 15 27 20 
0 49 -66 -29 -28 -25 -50 3 -54 -57 39 -3 -25 45 -24 24 
-48 -8 42 -58 30 -22 3 -50 65 -43 -3 39 -41 -32 -19 -29 
18 -46 49 52 14 34 48 13 31 73 -38 -10 38 -35 31 -13 
41 27 -59 40 -37 8 -58 78 125 3 
RSSI :-110 
Input angle :92
Zaxis angle :29 
minval :0 

minval :0 



44 0 -3 44 -44 -5 8 -43 42 11 -14 42 -41 -15 16 -40 
45 -9 -11 75 -26 16 14 70 -67 46 -23 -46 48 26 37 25 
0 46 -70 -27 -10 -29 -71 -1 -33 -74 50 -14 -34 42 -31 31 
-45 -9 40 -63 30 -4 14 -70 79 -19 3 52 -35 -42 -25 -37 
16 -43 55 51 0 31 67 26 4 80 -52 -4 48 -26 40 -18 
40 24 -61 45 -30 -5 -67 -66 10 -3 
RSSI :-110 
Input angle :94
Zaxis angle :29 
minval :0 

minval :0 



12 -41 40 14 -16 39 -38 -18 20 -37 36 22 -24 34 -34 -26 
0 -42 63 36 7 31 69 3 27 82 -45 18 38 -40 33 -26 
42 8 -43 58 -31 1 -16 67 -86 12 -9 -48 33 44 20 37 
-17 39 -48 -54 4 -32 -63 -28 2 -87 49 -1 -49 24 -41 13 
-36 -23 61 -39 31 9 41 -56 85 20 -9 48 -14 -53 -6 -42 
30 -30 26 68 -16 27 113 63 34 20 
RSSI :-110 
Input angle :99
Zaxis angle :25 
minval :0 

minval :0 



-40 -20 22 -40 38 24 -26 36 -35 -27 29 -35 33 30 -32 31 
-46 3 32 -63 33 7 13 -76 92 -6 24 47 -40 -40 -23 -39 
5 -46 56 45 -13 31 71 29 -7 92 -50 15 46 -32 43 -16 
45 13 -54 46 -28 -18 -42 65 -89 -25 -7 -52 25 51 6 45 
-21 40 -37 -61 23 -24 -58 -50 43 -83 52 4 -56 14 -46 0 
-36 -29 68 -25 19 28 35 97 -68 14 
RSSI :-110 
Input angle :103
Zaxis angle :14 
minval :0 

minval :0 



55 -4 1 56 -56 -2 6 -55 55 9 -12 54 -53 -15 16 -53 
30 -18 -6 71 -30 14 28 64 -68 50 -42 -27 51 11 48 28 
11 33 -68 -20 -7 -32 -68 16 -35 -76 34 -37 -21 48 -33 44 
-35 4 30 -64 33 -1 0 -71 83 -19 29 40 -43 -29 -36 -43 
1 -35 58 42 -3 32 69 11 6 85 -46 21 37 -37 48 -28 
34 9 -51 49 -31 -9 -84 -34 54 -2 
RSSI :-110 
Input angle :99
Zaxis angle :14 
minval :0 

minval :0 



48 5 -8 48 -47 -11 13 -46 46 15 -16 46 -44 -19 22 -42 
36 -14 -12 71 -31 5 11 79 -76 43 -45 -29 58 20 38 30 
8 38 -68 -22 0 -31 -80 -1 -26 -83 37 -38 -28 55 -35 33 
-39 1 37 -61 31 7 13 -79 87 -12 30 44 -46 -40 -24 -42 
5 -38 54 47 -12 29 75 27 -6 87 -49 21 47 -39 46 -14 
36 14 -59 40 -26 -18 -89 -18 31 -6 
RSSI :-110 
Input angle :99
Zaxis angle :0 
minval :0 

minval :0 



0 -51 50 2 -6 50 -50 -9 12 -49 48 14 -16 47 -46 -19 
-33 -27 68 -8 20 32 74 -36 65 63 -13 47 -2 -64 27 -43 
33 -27 -6 68 -34 16 20 80 -73 53 -41 -24 64 8 37 34 
19 38 -66 -17 -8 -37 -82 5 -37 -82 31 -36 -22 61 -42 29 
-41 13 29 -61 38 0 10 -81 88 -21 30 37 -54 -35 -20 -46 
-4 -43 53 42 -5 37 21 -16 -64 22 
RSSI :-110 
Input angle :108
Zaxis angle :29 
minval :0 

minval :0 



25 -43 42 27 -29 40 -38 -32 35 -35 33 37 -39 32 -30 -39 
-15 -47 62 24 -2 39 90 21 1 93 -51 31 41 -39 46 -21 
49 -5 -38 55 -38 -9 -39 83 -92 -15 -19 -56 32 47 13 49 
-4 49 -46 -48 15 -36 -75 -53 30 -88 59 -10 -52 24 -50 4 
-48 -13 57 -35 31 24 65 -64 79 49 0 60 -12 -56 6 -50 
20 -46 25 62 -28 27 1 -1 32 17 
RSSI :-110 
Input angle :101
Zaxis angle :20 
minval :0 

minval :0 



-20 -42 43 -18 16 45 -45 14 -12 -46 46 -9 5 46 -46 4 
-47 -1 48 -39 36 9 54 -81 81 37 11 52 -19 -49 2 -47 
12 -46 31 53 -15 33 68 69 -53 71 -53 0 51 -10 45 13 
43 20 -58 21 -30 -22 -81 55 -62 -64 9 -53 2 52 -19 43 
-28 38 -5 -62 27 -25 -40 -89 75 -48 50 18 -52 -9 -39 -27 
-33 -34 62 4 20 30 -113 -64 -105 20 
RSSI :-110 
Input angle :103
Zaxis angle :25 
minval :0 

minval :0 



43 -32 30 44 -45 28 -24 -47 49 -22 19 49 -51 17 -14 -51 
5 -52 44 46 -29 37 82 44 -38 76 -44 19 44 -30 53 -5 
50 14 -51 37 -33 -34 -62 71 -66 -53 -8 -47 20 49 -4 53 
-24 47 -26 -58 40 -26 -57 -76 64 -56 48 -1 -52 10 -52 -15 
-42 -31 62 -13 18 44 83 -45 43 73 -7 47 0 -53 23 -48 
40 -35 1 64 -46 8 -67 -18 -2 6 
RSSI :-110 
Input angle :103
Zaxis angle :20 
minval :0 

minval :0 



29 42 -44 27 -25 -45 47 -22 19 48 -49 16 -13 -50 50 -10 
49 14 -58 35 -36 -24 -61 74 -73 -47 -4 -52 19 52 0 52 
-23 45 -25 -63 31 -30 -57 -77 61 -62 52 6 -55 7 -51 -10 
-39 -31 67 -11 25 36 85 -46 48 72 -14 49 4 -56 19 -49 
38 -33 -2 68 -40 16 29 91 -80 34 -47 -23 54 13 44 28 
24 44 -66 -13 -9 -43 -85 -17 -113 -22 
RSSI :-110 
Input angle :99
Zaxis angle :14 
minval :0 

minval :0 



-44 21 -18 -45 45 -17 15 46 -47 12 -8 -47 47 -6 3 48 
-18 57 -35 -58 21 -37 -67 -68 56 -73 53 6 -53 9 -48 -5 
-54 -26 65 -22 33 28 77 -56 64 67 -15 51 -2 -55 12 -48 
37 -47 12 67 -33 27 38 88 -79 48 -48 -25 53 11 43 23 
39 46 -69 0 -22 -37 -93 20 -32 -87 34 -42 -23 49 -32 37 
-53 28 16 -66 42 -12 107 -95 -114 -5 
RSSI :-110 
Input angle :101
Zaxis angle :20 
minval :0 

minval :0 



48 31 -34 45 -43 -37 39 -41 39 41 -43 37 -35 -46 47 -32 
58 3 -47 53 -44 -9 -38 88 -83 -31 -11 -44 28 35 24 52 
-13 56 -43 -56 17 -41 -78 -56 48 -74 46 -3 -39 21 -55 14 
-53 -24 62 -33 37 25 68 -67 68 56 -5 46 -14 -42 -3 -57 
32 -48 19 69 -31 32 55 78 -70 54 -44 -13 45 -2 57 9 
40 42 -71 7 -25 -37 98 127 25 -20 
RSSI :-110 
Input angle :103
Zaxis angle :14 
minval :0 

minval :0 



-39 -41 42 -37 36 44 -45 35 -32 -46 48 -30 27 50 -50 25 
-58 -10 60 -40 41 16 57 -78 74 39 6 43 -21 -45 -14 -55 
20 -54 30 66 -23 38 67 70 -50 68 -43 -1 48 -14 57 -2 
49 31 -69 20 -32 -30 -79 55 -56 -63 9 -42 5 49 -7 57 
-38 44 -3 -72 36 -24 -32 -91 73 -42 39 18 -49 -5 -53 -20 
-34 -47 72 9 19 39 111 0 42 20 
RSSI :-110 
Input angle :101
Zaxis angle :14 
minval :0 

minval :0 



24 43 -44 22 -20 -45 46 -18 16 47 -48 12 -10 -49 49 -7 
56 20 -63 33 -34 -20 -74 62 -67 -57 5 -53 3 52 -1 50 
-30 51 -19 -68 29 -27 -45 -85 70 -54 51 16 -52 -6 -49 -9 
-43 -41 71 -5 21 33 91 -31 43 78 -23 48 16 -50 20 -46 
49 -35 -8 70 -36 16 10 96 -86 23 -42 -33 45 25 41 29 
24 54 -67 -23 -9 -38 -42 47 -86 -23 
RSSI :-110 
Input angle :101
Zaxis angle :20 
minval :0 

minval :0 



-47 28 -26 -49 49 -25 21 51 -53 18 -14 -54 54 -12 10 54 
-13 54 -32 -64 18 -34 -66 -69 53 -66 54 6 -47 5 -56 -1 
-50 -25 69 -17 30 24 82 -49 54 65 -18 51 2 -46 12 -54 
33 -45 6 71 -30 24 34 89 -75 42 -47 -26 45 11 52 20 
37 42 -71 -6 -18 -34 -95 14 -25 -82 34 -42 -21 42 -31 46 
-48 28 21 -68 37 -12 88 97 21 -3 
RSSI :-110 
Input angle :103
Zaxis angle :20 
minval :0 

minval :0 



32 -33 32 34 -35 29 -27 -37 39 -25 23 40 -42 20 -18 -42 
2 -56 52 54 -6 32 84 51 -40 78 -53 7 45 -19 45 -10 
54 15 -63 40 -29 -12 -68 72 -69 -53 3 -54 11 47 1 47 
-24 51 -28 -69 17 -27 -60 -78 66 -57 52 14 -49 1 -46 -6 
-45 -33 73 -17 22 23 88 -42 44 76 -24 48 9 -48 15 -44 
41 -38 0 76 -26 19 -79 78 -20 6 
RSSI :-110 
Input angle :103
Zaxis angle :20 
minval :0 

minval :0 



-40 -19 22 -39 38 23 -25 37 -35 -28 30 -34 32 31 -33 30 
-55 19 37 -68 29 -2 28 -96 84 13 23 52 -29 -39 -24 -39 
-7 -58 59 50 -3 29 88 48 -33 78 -56 13 43 -22 43 -16 
58 1 -58 51 -27 -9 -64 77 -70 -48 0 -57 14 46 8 44 
-14 57 -38 -67 14 -25 -64 -76 57 -63 56 10 -48 7 -45 0 
-53 -24 73 -24 22 19 -60 -64 87 17 
RSSI :-110 
Input angle :217
Zaxis angle :39 
minval :0 

minval :0 



-18 -44 45 -15 13 46 -46 11 -9 -46 47 -6 3 47 -47 0 
-49 -18 62 -25 29 20 80 -54 54 62 -7 49 -2 -45 7 -47 
27 -44 12 66 -26 24 40 88 -71 39 -48 -16 45 5 45 16 
38 35 -67 1 -20 -29 -95 21 -23 -78 24 -44 -13 43 -26 40 
-41 32 14 -65 33 -13 -2 -97 81 -9 39 32 -39 -21 -34 -33 
-23 -47 62 24 5 35 -31 31 -127 20 
RSSI :-110 
Input angle :103
Zaxis angle :20 
minval :0 

minval :0 



32 -39 36 35 -37 34 -31 -39 40 -31 28 42 -43 26 -23 -44 
-13 -58 53 38 -10 26 89 30 -22 82 -41 27 31 -24 48 -16 
59 -1 -46 45 -24 -13 -47 82 -74 -42 -20 -45 19 34 6 50 
-9 58 -36 -54 19 -20 -71 -63 52 -67 48 -10 -37 12 -50 -1 
-56 -20 59 -27 17 21 76 -57 56 65 4 50 -5 -39 13 -49 
29 -52 13 63 -24 13 -36 -66 66 11 
RSSI :-110 
Input angle :98
Zaxis angle :14 
minval :0 

minval :0 



-6 53 -52 -8 10 -52 52 13 -16 50 -49 -19 22 -47 46 24 
32 43 -58 -24 -2 -33 -93 6 -13 -69 20 -39 -20 52 -32 42 
-48 24 37 -51 32 4 15 -93 70 -2 34 28 -48 -27 -35 -39 
-16 -51 46 43 -9 31 90 27 -7 69 -32 30 36 -42 46 -27 
54 -5 -51 37 -28 -16 -44 83 -66 -23 -23 -37 35 43 19 50 
-3 54 -23 -58 21 -25 -113 0 -22 -16 
RSSI :-110 
Input angle :94
Zaxis angle :0 
minval :0 

minval :0 



11 48 -49 9 -7 -49 50 -4 1 50 -50 0 3 -49 49 6 
44 18 -45 23 -27 -32 -83 67 -52 -73 10 -55 0 41 -16 47 
-29 38 -12 -49 37 -18 -49 -95 83 -33 53 15 -40 -9 -43 -25 
-33 -34 51 -3 11 40 104 -27 18 88 -25 49 15 -39 31 -39 
41 -25 -7 50 -41 3 7 107 -90 4 -42 -35 35 23 32 38 
17 45 -48 -17 3 -41 50 0 115 -23 
RSSI :-110 
Input angle :101
Zaxis angle :14 
minval :0 

minval :0 



-2 53 -53 -7 10 -53 53 12 -15 51 -51 -18 20 -50 48 22 
48 31 -54 -3 -26 -34 -84 37 -21 -70 2 -42 2 51 -32 43 
-41 40 13 -52 38 -21 -15 -91 72 -9 40 9 -51 -8 -36 -40 
-33 -47 47 25 12 41 93 -3 -2 73 -17 38 15 -49 46 -27 
53 -22 -32 42 -44 2 -13 91 -71 -14 -34 -23 44 27 18 51 
11 56 -33 -42 6 -43 114 -16 -34 -18 
RSSI :-110 
Input angle :103
Zaxis angle :20 
minval :0 

minval :0 



50 12 -15 49 -48 -17 20 -47 46 21 -25 45 -43 -28 30 -41 
52 -49 -13 42 -45 22 5 92 -81 -17 -43 -6 35 11 36 37 
39 60 -39 -22 -13 -49 -91 -13 31 -76 14 -41 -18 33 -42 28 
-66 29 28 -35 50 -4 30 -87 68 45 37 23 -28 -25 -19 -48 
-14 -70 27 36 -6 50 80 46 -57 59 -29 33 29 -23 51 -9 
72 1 -40 21 -49 -14 58 -113 54 -17 
RSSI :-110 
Input angle :103
Zaxis angle :20 
minval :0 

minval :0 



58 -15 11 59 -60 6 -4 -60 61 -1 -1 60 -60 -6 9 -59 
12 -74 14 40 -28 42 67 62 -81 27 -44 29 32 -19 58 18 
71 23 -42 7 -36 -36 -73 55 -13 -85 -20 -49 12 36 -28 53 
-39 64 -1 -42 40 -30 -41 -82 86 0 52 -11 -37 4 -47 -38 
-56 -49 42 7 22 45 88 -25 -13 84 2 53 0 -38 45 -40 
56 -49 -14 40 -49 13 -71 62 -10 -8 
RSSI :-110 
Input angle :103
Zaxis angle :25 
minval :0 

minval :0 



-47 18 -15 -49 49 -12 9 50 -50 7 -5 -50 51 -1 0 50 
-7 62 -12 -19 32 -38 -73 -54 73 -41 38 -39 -36 11 -50 -9 
-60 -18 21 -9 33 37 67 -61 28 79 29 46 -4 -38 18 -47 
30 -54 4 22 -43 26 46 78 -83 11 -49 24 38 1 43 26 
49 38 -23 1 -18 -46 -84 34 2 -84 -16 -52 -7 37 -32 39 
-45 43 3 -22 49 -9 76 113 -5 3 
RSSI :-110 
Input angle :103
Zaxis angle :14 
minval :0 

minval :0 



-21 49 -48 -24 25 -47 45 28 -31 43 -42 -34 36 -40 39 37 
33 56 -22 -13 3 -50 -90 -7 31 -85 6 -47 -24 24 -45 30 
-60 23 16 -20 49 10 16 -89 79 44 46 14 -20 -27 -23 -49 
-14 -63 17 19 -18 47 85 30 -57 69 -21 43 31 -15 52 -15 
65 -4 -21 13 -43 -26 -47 77 -56 -71 -39 -28 9 33 5 54 
-8 64 -10 -24 34 -37 56 -79 48 -12 
RSSI :-110 
Input angle :103
Zaxis angle :0 
minval :0 

minval :0 



6 -49 48 9 -12 47 -47 -14 17 -46 44 19 -22 43 -41 -26 
-52 -39 33 4 21 52 82 -41 1 81 15 49 7 -41 30 -39 
47 -45 -7 33 -54 11 21 90 -79 -12 -52 6 39 15 33 37 
37 54 -31 -12 -1 -56 -92 8 24 -76 3 -52 -21 36 -42 25 
-60 26 18 -28 55 6 11 -92 71 37 51 11 -32 -26 -18 -46 
-17 -63 24 23 -17 53 58 15 27 16 
RSSI :-110 
Input angle :103
Zaxis angle :14 
minval :0 

minval :0 



40 40 -41 38 -36 -43 45 -34 31 47 -48 28 -26 -50 50 -25 
64 -15 -32 25 -55 -7 -45 80 -50 -73 -39 -6 22 25 12 55 
4 66 -18 -36 18 -52 -71 -59 81 -35 12 -37 -28 18 -57 6 
-66 -4 39 -13 50 25 69 -61 21 86 34 20 -12 -30 7 -56 
15 -65 5 40 -34 44 46 80 -88 10 -24 31 32 -7 54 16 
60 28 -40 -1 -38 -42 9 -64 -35 -23 
RSSI :-110 
Input angle :294
Zaxis angle :0 
minval :0 

minval :0 



24 52 -54 21 -18 -54 55 -15 13 56 -57 11 -8 -57 56 -4 
64 -1 -20 6 -52 -29 -43 70 -48 -74 -49 -20 19 38 -8 57 
-10 63 -2 -21 37 -47 -62 -54 81 -35 29 -43 -41 11 -56 -16 
-61 -20 21 0 38 45 63 -51 19 86 38 37 -3 -42 24 -53 
28 -57 -4 20 -53 29 41 71 -88 1 -42 33 42 2 46 35 
50 39 -19 -8 -19 -56 46 -64 -17 -23 
RSSI :-110 
Input angle :302
Zaxis angle :0 
minval :0 

minval :0 



-10 42 -41 -13 16 -40 39 18 -20 39 -38 -21 23 -37 35 25 
50 57 -17 -15 -25 -60 -76 8 35 -87 -24 -32 -25 37 -31 30 
-63 42 17 -15 64 -15 2 -77 81 48 36 -17 -32 -30 -24 -37 
-30 -70 11 20 2 66 75 16 -63 70 13 38 34 -28 40 -18 
74 -16 -21 8 -65 -8 -28 71 -61 -72 -39 6 21 39 10 43 
3 76 -3 -23 17 -63 70 1 -110 -13 
RSSI :-110 
Input angle :98
Zaxis angle :20 
minval :0 

minval :0 



-49 6 -4 -49 50 -2 -1 50 -50 -3 6 -50 48 10 -12 47 
-17 73 16 -17 38 -52 -52 -60 91 -21 12 -39 -45 1 -46 -19 
-71 -25 15 18 45 45 70 -39 6 93 35 20 7 -44 27 -42 
37 -65 -21 12 -54 36 26 75 -93 -8 -24 32 42 14 36 34 
57 49 -8 -22 -25 -60 -78 16 26 -89 -27 -30 -23 38 -41 29 
-57 49 23 -4 62 -17 81 -111 108 10 
RSSI :-110 
Input angle :91
Zaxis angle :0 
minval :0 

minval :0 



-40 -34 36 -38 36 37 -39 34 -32 -41 42 -30 27 44 -45 25 
-63 44 25 -8 52 -3 2 -83 80 51 39 -20 -38 -27 -19 -48 
-37 -67 5 26 -2 52 82 16 -63 70 12 42 35 -31 52 -8 
74 -21 -26 0 -50 -12 -35 76 -58 -74 -43 4 25 39 1 52 
10 76 4 -26 19 -49 -69 -48 82 -45 0 -43 -43 18 -52 -6 
-77 -5 25 8 44 28 115 48 -111 22 
RSSI :-110 
Input angle :91
Zaxis angle :0 
minval :0 

minval :0 



51 17 -19 50 -49 -22 25 -47 46 27 -30 44 -43 -32 34 -41 
37 -59 -22 5 -51 17 9 77 -86 -21 -35 34 43 18 36 40 
51 48 -1 -23 -7 -53 -76 -4 37 -81 -29 -39 -25 39 -46 29 
-56 41 24 1 55 1 17 -75 75 47 44 -22 -35 -31 -20 -50 
-34 -60 -5 22 -9 53 71 28 -60 66 12 48 36 -29 52 -12 
66 -20 -21 -9 -50 -20 56 -65 57 -19 
RSSI :-110 
Input angle :91
Zaxis angle :0 
minval :0 

minval :0 



49 21 -24 47 -46 -27 29 -45 43 30 -31 42 -40 -34 37 -38 
53 -47 -32 7 -58 12 1 78 -85 -38 -29 28 42 20 31 44 
38 60 -2 -33 -3 -59 -77 -11 53 -76 -21 -34 -26 38 -47 24 
-66 27 33 4 58 7 28 -73 65 67 37 -14 -33 -33 -15 -51 
-15 -69 -10 31 -21 55 66 41 -76 54 9 39 38 -25 54 -4 
71 -4 -29 -15 -52 -27 110 31 -124 -22 
RSSI :-110 
Input angle :91
Zaxis angle :0 
minval :0 

minval :0 



20 46 -48 16 -14 -48 49 -12 9 50 -50 5 -4 -51 50 -2 
77 -11 -20 -1 -53 -23 -48 60 -47 -79 -40 -1 18 39 -8 51 
-2 77 5 -19 31 -49 -51 -58 86 -34 5 -40 -41 12 -49 -13 
-76 -14 19 8 43 39 67 -39 18 89 38 13 -2 -43 23 -45 
29 -71 -11 17 -46 35 27 72 -92 3 -19 35 42 6 40 31 
64 43 -14 -14 -26 -52 41 -96 38 -23 
RSSI :-110 
Input angle :91
Zaxis angle :14 
minval :0 

minval :0 



-49 16 -12 -50 51 -10 9 51 -51 5 -1 -51 52 1 -3 51 
0 70 13 -20 27 -45 -48 -56 86 -28 3 -44 -41 8 -50 -11 
-69 -11 18 16 40 33 62 -40 11 91 43 10 0 -42 19 -48 
25 -65 -20 13 -42 30 26 68 -92 -3 -18 40 42 8 43 28 
61 35 -10 -22 -24 -46 -72 13 17 -89 -37 -25 -13 40 -36 37 
-44 53 23 -7 50 -16 89 17 -81 7 
RSSI :-110 
Input angle :91
Zaxis angle :0 
minval :0 

minval :0 



-57 12 -7 -58 58 -4 1 58 -58 0 4 -58 58 8 -11 56 
-4 65 20 -19 32 -36 -48 -56 80 -22 9 -54 -52 11 -55 -19 
-63 -16 13 24 30 38 62 -39 6 83 51 18 0 -53 28 -51 
26 -59 -26 10 -42 22 23 70 -83 -8 -27 47 52 7 43 38 
54 36 -5 -27 -14 -46 -73 10 19 -81 -42 -34 -16 50 -45 37 
-43 48 28 -1 47 -6 43 97 -6 8 
RSSI :-110 
Input angle :91
Zaxis angle :0 
minval :0 

minval :0 



4 52 -51 1 1 -52 52 4 -7 51 -51 -10 15 -50 48 17 
68 14 -25 -27 -42 -43 -69 36 -14 -85 -39 -7 -7 49 -24 46 
-27 64 31 -19 50 -32 -22 -76 86 -1 15 -36 -47 -15 -42 -31 
-58 -38 14 34 24 54 78 -12 -15 85 33 21 24 -44 38 -35 
48 -50 -36 9 -58 14 -2 78 -81 -29 -25 30 40 29 26 45 
41 55 -2 -37 -6 -59 -98 96 -65 -20 
RSSI :-110 
Input angle :91
Zaxis angle :20 
minval :0 

minval :0 



-28 44 -42 -29 32 -40 39 34 -36 36 -34 -39 40 -32 29 41 
40 56 -9 -39 -13 -55 -67 -20 36 -95 -20 -15 -33 29 -47 22 
-62 30 40 -1 57 -2 30 -63 87 53 19 -17 -24 -37 -13 -50 
-22 -65 -4 40 -4 57 59 37 -68 75 14 21 40 -17 52 -5 
68 -9 -39 -9 -55 -12 -46 52 -66 -78 -24 10 10 42 -4 52 
-2 69 18 -35 25 -51 102 -127 -57 -13 
RSSI :-110 
Input angle :91
Zaxis angle :25 
minval :0 

minval :0 



-15 39 -38 -18 20 -36 34 22 -25 34 -33 -26 28 -31 29 29 
49 35 -11 -35 -28 -46 -77 0 28 -100 -33 -12 -42 34 -35 24 
-43 43 37 -4 50 -19 17 -75 95 40 18 -31 -26 -48 -17 -38 
-33 -51 -1 37 9 53 71 29 -58 86 27 22 52 -17 41 -11 
54 -27 -36 -8 -55 0 -40 66 -76 -70 -26 24 10 54 5 42 
18 58 14 -34 10 -53 82 -63 -100 -16 
RSSI :-110 
Input angle :230
Zaxis angle :29 
minval :0 

minval :0 



43 17 -19 42 -41 -21 24 -40 39 26 -28 38 -36 -30 31 -34 
43 -45 -43 7 -36 27 6 62 -93 -29 -9 24 35 24 28 38 
37 50 1 -44 -21 -40 -62 -3 45 -86 -22 -13 -30 31 -43 21 
-55 28 43 8 43 -13 14 -62 77 59 16 -20 -26 -34 -13 -45 
-19 -59 -15 41 6 45 59 22 -69 68 16 20 38 -18 48 -5 
62 -6 -37 -22 -45 0 30 -49 34 -20 
RSSI :-110 
Input angle :224
Zaxis angle :20 
minval :0 

minval :0 



24 -29 28 25 -26 27 -25 -28 30 -22 22 31 -32 21 -18 -33 
-31 -65 6 44 5 51 70 34 -58 86 18 12 48 -17 36 -12 
69 -21 -44 0 -52 -3 -46 63 -73 -75 -15 16 8 51 7 38 
3 72 7 -43 12 -50 -53 -57 83 -63 -14 -17 -51 2 -39 0 
-72 -4 41 16 48 19 67 -41 48 93 19 -10 8 -50 6 -38 
16 -71 -23 38 -28 43 105 62 47 7 
RSSI :-110 
Input angle :78
Zaxis angle :36 
minval :0 

minval :0 



27 -25 24 28 -30 22 -20 -31 32 -19 16 33 -34 15 -14 -34 
-14 -57 -5 56 0 50 57 30 -64 76 20 13 50 -20 37 -8 
59 -4 -54 -13 -50 -7 -40 51 -63 -77 -16 18 10 53 1 38 
-7 59 24 -50 18 -47 -42 -49 87 -48 -14 -19 -54 0 -37 -4 
-56 -17 47 30 44 22 53 -36 33 94 21 -11 6 -54 12 -36 
26 -53 -39 40 -31 39 116 -50 117 4 
RSSI :-110 
Input angle :78
Zaxis angle :36 
minval :0 

minval :0 



29 -10 8 29 -30 6 -4 -30 30 -2 0 30 -30 0 2 -30 
34 -50 -31 50 -24 41 39 73 -109 25 12 1 55 25 30 7 
44 42 -43 -40 -35 -32 -78 26 -4 -112 -4 11 -31 52 -12 28 
-48 38 44 -38 38 -29 -11 -82 110 18 -10 -5 -42 -44 -25 -17 
-26 -55 29 52 22 43 82 2 -34 106 8 -9 49 -36 21 -22 
58 -17 -56 18 -46 14 117 -114 -16 -14 
RSSI :-110 
Input angle :50
Zaxis angle :47 
minval :0 

minval :0 



-30 0 1 -30 30 4 -5 30 -30 -6 7 -29 28 9 -11 28 
-56 29 48 -40 40 -30 0 -84 108 16 -14 0 -45 -46 -27 -16 
-17 -61 32 54 20 46 83 10 -34 103 2 -13 52 -38 19 -24 
63 -9 -59 22 -47 17 -21 81 -96 -50 13 4 28 58 20 23 
-2 64 -11 -62 -6 -49 -76 -34 69 -84 -6 12 -62 17 -27 15 
-62 -12 63 0 50 4 36 49 -55 20 
RSSI :-110 
Input angle :67
Zaxis angle :44 
minval :0 

minval :0 



15 -25 24 16 -17 23 -22 -19 20 -21 20 20 -22 18 -17 -23 
8 -64 8 67 -2 49 71 41 -71 85 7 -13 65 -9 26 -12 
61 20 -67 -4 -48 -10 -54 63 -67 -89 11 10 0 66 7 29 
-32 56 16 -65 19 -46 -50 -65 99 -52 -11 9 -65 -12 -29 4 
-51 -39 62 26 42 26 71 -41 33 106 -7 -13 24 -62 1 -30 
47 -44 -35 57 -32 38 66 -2 -88 3 
RSSI :-110 
Input angle :32
Zaxis angle :44 
minval :0 

minval :0 



27 -7 5 27 -28 4 -2 -28 28 0 0 28 -28 -2 4 -27 
50 -38 -39 50 -36 35 21 80 -113 9 12 -5 55 40 27 9 
30 55 -41 -49 -28 -42 -82 6 11 -113 3 13 -51 45 -14 25 
-61 19 56 -31 46 -20 9 -82 109 33 -13 0 -34 -59 -22 -19 
-5 -63 22 60 11 49 79 23 -54 101 2 -13 63 -26 22 -18 
63 2 -63 11 -50 3 -107 46 -78 -18 
RSSI :-110 
Input angle :32
Zaxis angle :36 
minval :0 

minval :0 



30 -5 4 30 -30 3 -1 -30 31 0 -2 30 -30 -3 6 -29 
46 -43 -32 51 -36 41 26 81 -117 9 11 -4 58 44 30 11 
35 53 -44 -40 -33 -43 -84 11 10 -117 3 11 -54 49 -15 27 
-58 24 49 -35 48 -26 5 -85 115 24 -12 1 -40 -61 -24 -20 
-14 -62 27 54 16 53 83 17 -49 107 0 -12 68 -27 24 -20 
63 -2 -58 17 -54 7 113 -2 41 -16 
RSSI :-110 
Input angle :32
Zaxis angle :39 
minval :0 

minval :0 



-6 -32 32 -4 2 32 -32 0 0 -33 33 1 -3 33 -32 -4 
-42 -44 50 37 39 37 77 -25 21 111 -6 -12 39 -60 12 -31 
52 -32 -47 42 -43 30 13 80 -113 -1 13 -4 53 49 29 16 
26 55 -36 -51 -24 -48 -82 0 17 -112 1 14 -58 42 -20 26 
-59 16 57 -24 51 -15 15 -80 107 37 -14 0 -37 -62 -22 -24 
-5 -61 15 61 6 54 40 47 3 25 
RSSI :-110 
Input angle :32
Zaxis angle :39 
minval :0 

minval :0 



-24 18 -17 -26 27 -15 14 27 -28 12 -10 -29 30 -8 7 30 
-21 61 0 -68 17 -46 -64 -62 103 -54 -6 8 -81 -12 -32 1 
-56 -32 66 12 40 29 71 -54 37 111 -7 -8 27 -77 2 -32 
42 -49 -23 63 -35 35 38 80 -116 21 9 -5 72 41 30 9 
43 49 -58 -34 -29 -40 -86 21 1 -117 5 9 -55 62 -15 28 
-56 32 43 -51 45 -22 -48 -95 -94 4 
RSSI :-110 
Input angle :32
Zaxis angle :39 
minval :0 

minval :0 



-13 -19 20 -12 11 21 -21 10 -10 -21 22 -8 7 23 -23 5 
-65 -7 75 4 41 8 65 -43 63 90 -5 -2 20 -64 -1 -24 
19 -63 -15 74 -16 38 29 72 -100 46 3 -5 59 31 24 2 
59 29 -70 -31 -35 -21 -76 15 -24 -108 4 3 -41 52 -7 23 
-39 52 41 -64 28 -30 0 -78 110 -3 -5 3 -45 -49 -22 -11 
-46 -47 57 49 25 32 -42 95 -94 27 
RSSI :-110 
Input angle :32
Zaxis angle :36 
minval :0 

minval :0 



-33 -1 2 -33 33 4 -5 32 -32 -7 9 -32 31 11 -12 30 
-64 73 46 -87 53 -55 -28 -96 100 -25 -17 22 -82 -56 -28 -18 
-62 -75 79 58 44 61 99 -13 11 103 -20 -20 68 -72 23 -24 
85 -47 -75 64 -68 33 0 100 -103 -8 23 -16 56 82 20 27 
31 92 -51 -84 -17 -74 -97 -24 28 -99 12 26 -91 41 -30 14 
-97 12 91 -37 76 -7 -13 66 -98 20 
RSSI :-110 
Input angle :32
Zaxis angle :36 
minval :0 

minval :0 



-32 11 -10 -32 33 -8 5 33 -34 3 -2 -33 34 0 0 33 
-34 91 -18 -95 14 -64 -88 -49 65 -79 20 31 -99 10 -33 -8 
-83 -53 97 3 60 26 68 -74 66 78 -34 13 9 -99 12 -32 
69 -70 -20 95 -40 52 61 80 -90 49 -6 -36 95 27 28 19 
56 80 -89 -37 -46 -47 -91 43 -33 -97 37 0 -43 89 -23 25 
-88 43 52 -82 55 -35 43 -13 -40 -11 
RSSI :-110 
Input angle :106
Zaxis angle :29 
minval :0 

minval :0 



-8 -27 27 -6 5 28 -28 4 -2 -28 28 -1 0 28 -28 -1 
-65 -74 94 23 60 66 99 -27 27 99 -65 -13 63 -75 7 -28 
86 -49 -41 89 -74 49 10 102 -103 9 27 -61 63 75 26 11 
34 93 -81 -54 -38 -80 -102 -8 5 -103 55 38 -87 46 -17 24 
-98 18 71 -67 87 -18 27 -99 100 26 -49 45 -33 -93 -20 -21 
0 -99 56 80 4 89 -89 126 -15 46 
RSSI :-110 
Input angle :103
Zaxis angle :29 
minval :0 

minval :0 



-6 -45 45 -4 2 45 -45 0 2 -45 45 5 -8 44 -43 -11 
-33 -47 52 25 42 29 99 -18 24 126 -4 -23 36 -49 18 -42 
52 -25 -32 48 -35 38 -1 101 0 6 24 0 43 44 39 24 
15 55 -42 -39 -30 -42 -98 -21 15 -127 -3 23 -52 33 -32 33 
-57 6 46 -35 46 -23 33 -95 124 33 -23 -7 -27 -54 -28 -36 
2 -57 27 51 17 49 34 31 14 29 
RSSI :-110 
Input angle :41
Zaxis angle :51 
minval :0 

minval :0 



5 -47 46 7 -10 46 -45 -13 16 -44 43 17 -20 43 -41 -21 
-60 -23 59 -20 51 28 44 -57 63 70 -6 21 -21 -43 30 -36 
35 -54 10 62 -38 44 46 56 -81 49 -20 -10 46 -12 30 36 
45 47 -62 -2 -34 -47 -64 35 -31 -89 13 -17 3 48 -40 24 
-54 35 14 -61 51 -26 -20 -70 93 -15 14 16 -48 -6 -13 -45 
-24 -60 57 26 15 56 -4 -1 -32 23 
RSSI :-110 
Input angle :302
Zaxis angle :25 
minval :0 

minval :0 



29 -29 28 30 -32 26 -24 -34 35 -22 20 36 -37 18 -17 -37 
5 -50 54 46 -4 60 86 16 -29 101 -24 -14 19 -32 41 -7 
48 12 -57 41 -59 -13 -30 83 -94 -45 18 -22 27 25 3 41 
-22 45 -32 -63 24 -55 -74 -46 63 -84 17 23 -30 22 -41 -6 
-39 -30 68 -17 50 34 61 -62 69 79 -25 13 -16 -33 14 -39 
35 -35 6 70 -43 43 -106 -98 -34 13 
RSSI :-110 
Input angle :103
Zaxis angle :29 
minval :0 

minval :0 



14 -53 52 17 -20 51 -49 -23 25 -49 48 26 -29 46 -44 -32 
-16 -48 63 10 16 44 83 -22 10 81 -24 7 -5 -41 42 -35 
50 -7 -22 60 -46 7 5 86 -81 -8 -1 -25 41 2 28 47 
-2 50 -55 -32 2 -46 -86 -7 22 -78 25 2 -8 40 -51 20 
-50 -11 40 -50 45 8 20 -84 74 33 -7 24 -38 -16 -10 -53 
21 -47 40 50 -16 43 54 47 -14 15 
RSSI :-110 
Input angle :193
Zaxis angle :25 
minval :0 

minval :0 



9 52 -52 7 -4 -52 52 0 -1 52 -52 -3 5 -52 51 8 
37 37 -59 12 -30 -26 -61 53 -44 -61 13 -14 31 34 -17 49 
-43 30 0 -60 32 -25 -41 -70 69 -30 11 15 -39 25 -43 -28 
-19 -49 59 12 18 36 77 -27 20 73 -17 9 -19 -42 36 -37 
52 -8 -23 55 -39 10 10 81 -76 2 -4 -19 45 -10 31 41 
3 53 -50 -32 -3 -40 40 -16 32 -19 
RSSI :-110 
Input angle :193
Zaxis angle :32 
minval :0 

minval :0 



-10 -45 45 -8 5 46 -45 3 -2 -47 46 1 -5 45 -45 -7 
-46 -44 66 -10 29 33 77 -51 45 70 -25 20 -17 -42 14 -44 
52 -37 -4 68 -38 20 33 87 -77 32 -15 -28 45 -10 40 23 
28 58 -66 -16 -11 -42 -91 20 -15 -82 31 -9 1 46 -29 36 
-62 14 28 -62 43 -5 -4 -93 84 -2 3 32 -45 -8 -30 -36 
-4 -64 55 39 -2 44 -60 79 -99 20 
RSSI :-110 
Input angle :101
Zaxis angle :14 
minval :0 

minval :0 



-30 31 -29 -32 34 -27 25 36 -37 23 -22 -37 39 -19 18 39 
-17 61 -41 -53 17 -41 -85 -38 38 -78 30 12 -29 37 -42 10 
-58 -27 60 -31 37 25 55 -76 68 53 -16 27 -30 -36 0 -43 
37 -52 17 65 -29 34 66 67 -65 58 -24 -21 41 -23 43 6 
44 46 -66 7 -27 -35 -79 51 -44 -75 25 -20 18 44 -13 42 
-52 37 3 -67 39 -19 66 -111 121 -9 
RSSI :-110 
Input angle :103
Zaxis angle :14 
minval :0 

minval :0 



-27 -32 34 -25 24 35 -37 22 -20 -38 38 -18 17 39 -40 14 
-60 -22 57 -34 40 20 49 -80 76 47 -13 29 -33 -34 -6 -43 
29 -57 23 63 -25 36 69 64 -57 68 -26 -19 39 -28 42 1 
48 42 -66 13 -31 -32 -73 59 -53 -72 24 -21 20 43 -9 42 
-50 40 -1 -67 37 -24 -44 -84 80 -40 18 26 -47 11 -40 -17 
-31 -55 66 15 15 41 98 80 -66 21 
RSSI :-110 
Input angle :101
Zaxis angle :14 
minval :0 

minval :0 



-38 21 -19 -40 41 -16 14 42 -42 12 -10 -43 44 -7 5 44 
-34 54 -19 -64 27 -35 -66 -66 65 -63 24 21 -41 26 -44 -2 
-48 -43 66 -10 29 34 75 -56 51 75 -24 20 -16 -46 10 -43 
52 -37 -4 66 -38 22 36 86 -84 32 -16 -27 48 -11 40 18 
28 58 -64 -16 -14 -42 -90 22 -19 -89 30 -10 0 49 -26 36 
-63 16 27 -61 44 -6 108 1 0 -1 
RSSI :-110 
Input angle :101
Zaxis angle :14 
minval :0 

minval :0 



-45 11 -7 -45 46 -4 2 46 -46 0 1 -47 46 4 -5 46 
-48 44 -3 -67 34 -27 -43 -83 79 -44 18 25 -48 13 -44 -15 
-34 -56 66 7 18 39 89 -31 28 86 -29 13 -6 -50 22 -40 
60 -23 -22 63 -42 11 13 92 -90 11 -7 -30 50 4 37 28 
9 64 -58 -31 -5 -43 -93 0 4 -91 32 -2 -13 48 -35 30 
-65 0 43 -51 43 3 99 -79 5 5 
RSSI :-110 
Input angle :103
Zaxis angle :14 
minval :0 

minval :0 



-17 -43 44 -14 11 45 -46 8 -6 -46 46 -4 0 46 -46 -1 
-50 -42 66 -8 30 30 77 -55 54 73 -23 21 -21 -45 10 -45 
52 -40 0 67 -34 25 41 85 -82 40 -16 -27 49 -11 43 18 
31 58 -64 -15 -18 -38 -92 24 -24 -88 30 -12 3 50 -25 39 
-61 22 26 -61 41 -10 -4 -95 91 -5 3 32 -49 -7 -34 -32 
-6 -65 55 37 2 43 -57 -113 -26 22 
RSSI :-110 
Input angle :103
Zaxis angle :14 
minval :0 

minval :0 



41 -21 18 42 -44 16 -14 -44 44 -12 10 45 -45 8 -4 -45 
34 -56 21 63 -22 35 66 68 -62 64 -24 -22 40 -27 46 4 
48 44 -66 10 -29 -28 -79 52 -51 -73 27 -19 18 45 -13 44 
-53 38 4 -66 34 -21 -33 -89 83 -31 13 30 -48 9 -41 -20 
-24 -61 64 18 14 38 93 -19 17 87 -32 6 -1 -49 27 -37 
63 -17 -31 58 -40 8 -103 14 -19 -1 
RSSI :-110 
Input angle :103
Zaxis angle :0 
minval :0 

minval :0 


