
-25 -29 31 -22 19 33 -34 16 -14 -35 37 -10 7 37 -37 3 
-61 18 25 -31 56 70 1 94 -65 -67 7 -71 54 -65 31 -23 
46 -44 -6 40 -83 -35 -50 -80 89 29 31 64 -14 84 -17 35 
-18 61 -12 -39 90 -6 82 46 -92 17 -56 -43 -26 -81 -2 -38 
-11 -63 29 28 -75 50 -95 0 74 -57 70 10 62 58 20 33 
42 48 -39 -10 42 -80 -35 -34 66 44 Input angle :188
Zaxis angle :32 
minval :0 

minval :0 



46 10 -11 43 -45 -11 16 -42 41 19 -26 40 -36 -29 29 -33 
6 -60 13 44 -87 1 -84 -47 109 -5 50 37 22 81 -7 47 
25 54 -34 -30 75 -41 98 2 -91 60 -61 -12 -59 -58 -15 -46 
-49 -34 47 10 -46 73 -84 46 49 -98 59 -20 81 23 33 32 
60 8 -45 13 2 -88 53 -81 3 109 -41 47 -81 18 -44 -10 
-56 23 31 -33 37 78 -120 -65 -127 -12 Input angle :184
Zaxis angle :32 
minval :0 

minval :0 



-42 -28 31 -41 36 35 -38 34 -30 -41 42 -27 25 44 -46 21 
-19 64 0 -38 75 25 66 71 -104 -17 -32 -47 -2 -74 28 -42 
-16 -64 21 31 -77 12 -94 -28 101 -32 50 25 39 61 -6 51 
45 48 -34 -16 60 -50 96 -18 -75 74 -58 4 -63 -38 -17 -48 
-62 -24 38 -1 -27 73 -77 62 26 -103 49 -29 74 3 39 32 
66 -9 -33 18 -7 -78 48 64 -25 12 Input angle :184
Zaxis angle :36 
minval :0 

minval :0 



-58 33 -29 -60 63 -23 19 64 -66 13 -7 -68 68 -1 -4 67 
35 52 -29 -14 75 -41 96 -13 -75 77 -61 -6 -57 -45 -31 -60 
-56 -31 32 1 -44 73 -77 58 27 -104 57 -24 74 9 57 37 
63 -2 -28 15 4 -85 39 -89 21 105 -38 47 -70 26 -68 -5 
-55 29 19 -27 35 79 5 97 -69 -82 10 -59 50 -54 63 -23 
35 -52 -3 32 -69 -50 -52 -48 -13 4 Input angle :184
Zaxis angle :36 
minval :0 

minval :0 



-25 44 -40 -30 32 -39 38 35 -37 34 -31 -40 43 -26 23 45 
59 26 -43 5 23 -76 72 -70 -16 111 -52 36 -82 12 -42 -30 
-63 3 35 -25 10 79 -36 95 -30 -107 27 -56 72 -44 50 5 
56 -31 -20 38 -48 -63 -16 -99 79 77 4 63 -37 75 -49 18 
-30 56 -1 -43 74 30 63 78 -106 -29 -33 -53 0 -84 32 -39 
2 -64 23 37 -79 8 -36 0 34 -3 Input angle :181
Zaxis angle :36 
minval :0 

minval :0 



25 -45 42 28 -33 40 -37 -35 37 -35 33 40 -42 29 -26 -44 
-60 -26 41 -6 -21 77 -71 68 15 -108 47 -41 81 -13 44 27 
64 -11 -34 23 -20 -78 27 -95 40 102 -24 58 -67 48 -52 -3 
-52 39 17 -37 54 60 23 96 -83 -71 -5 -61 32 -75 47 -21 
29 -59 2 42 -76 -27 -62 -76 107 27 34 52 3 83 -31 42 
2 65 -23 -35 79 -11 43 31 -53 3 Input angle :181
Zaxis angle :32 
minval :0 

minval :0 



-52 -24 26 -52 49 30 -36 45 -42 -41 43 -38 34 46 -49 32 
-21 63 -10 -39 75 28 67 78 -107 -22 -32 -49 -2 -77 28 -51 
-7 -65 27 29 -79 11 -96 -34 103 -34 53 27 40 65 -1 58 
40 53 -37 -14 65 -48 101 -15 -74 79 -60 0 -68 -34 -28 -52 
-61 -27 39 -4 -33 73 -81 63 30 -105 51 -28 76 4 48 32 
66 -7 -32 24 -5 -80 55 -64 93 13 Input angle :184
Zaxis angle :36 
minval :0 

minval :0 



12 -35 34 16 -19 32 -30 -22 25 -28 25 28 -31 23 -21 -30 
68 21 5 43 47 62 31 -79 105 -9 29 -19 -3 -33 32 18 
-70 5 -22 -37 -68 -38 5 84 -93 47 -19 28 14 31 -37 -3 
61 -35 37 22 78 8 -39 -75 59 -87 5 -34 -26 -20 35 -13 
-41 58 -43 -7 -75 22 66 52 -20 103 9 34 32 9 -26 27 
17 -69 41 -13 55 -55 -93 47 82 -26 Input angle :71
Zaxis angle :0 
minval :0 

minval :0 



24 -17 15 26 -28 12 -10 -29 30 -8 5 30 -30 3 0 -30 
33 57 -19 46 -14 74 98 -46 71 76 40 3 37 -17 13 27 
-55 -36 -2 -51 -17 -74 -66 86 -97 -37 -37 16 -24 32 -25 -17 
65 11 23 44 47 59 21 -105 104 -8 27 -28 9 -40 29 6 
-64 17 -40 -29 -68 -33 26 104 -90 52 -12 37 8 40 -30 5 
51 -42 49 13 76 4 -20 80 113 -22 Input angle :77
Zaxis angle :14 
minval :0 

minval :0 



-30 -9 12 -29 28 14 -16 27 -26 -18 20 -24 22 21 -23 20 
14 -68 47 -15 65 -44 -103 -27 -4 -109 -27 -29 -41 -12 12 -28 
16 68 -36 33 -40 68 105 -19 47 99 36 18 42 -5 0 31 
-43 -54 18 -46 5 -79 -87 60 -86 -67 -40 0 -35 24 -14 -28 
62 31 0 49 24 75 56 -90 107 26 35 -17 22 -36 24 19 
-70 -1 -22 -44 -56 -55 77 -114 115 4 Input angle :69
Zaxis angle :20 
minval :0 

minval :0 



31 8 -10 30 -30 -12 15 -28 27 18 -20 25 -22 -23 24 -21 
-1 71 -43 21 -62 50 108 13 16 110 29 30 40 7 -13 29 
-25 -66 31 -37 33 -72 -104 30 -63 -91 -40 -15 -39 11 0 -31 
50 51 -11 47 0 80 80 -73 94 59 42 -3 30 -27 15 27 
-67 -23 -9 -48 -33 -72 -48 98 -111 -10 -36 22 -17 36 -24 -20 
71 -4 26 40 61 52 -91 -63 70 -10 Input angle :69
Zaxis angle :20 
minval :0 

minval :0 



37 -7 3 37 -37 1 2 -37 37 5 -7 36 -35 -11 13 -34 
-2 69 -44 23 -55 62 99 9 32 100 34 21 26 -4 1 37 
-23 -64 30 -40 24 -80 -93 36 -71 -76 -40 -4 -22 14 -15 -33 
48 49 -10 49 13 83 71 -70 96 42 39 -11 14 -22 29 22 
-65 -24 -12 -48 -48 -68 -36 93 -105 2 -30 26 -3 26 -36 -9 
69 -4 29 40 70 46 121 -15 97 -12 Input angle :77
Zaxis angle :0 
minval :0 

minval :0 



30 -3 0 30 -30 -2 4 -29 29 7 -10 29 -28 -11 13 -26 
-7 66 -34 30 -55 61 100 -13 28 103 23 18 33 4 0 30 
-22 -62 18 -42 26 -78 -87 52 -70 -80 -29 -6 -32 9 -12 -27 
46 48 0 46 11 81 55 -85 96 44 29 -5 25 -22 22 19 
-61 -23 -18 -42 -42 -71 -8 101 -107 -2 -24 17 -13 31 -28 -9 
66 -2 34 30 68 47 -120 -31 -23 -12 Input angle :74
Zaxis angle :14 
minval :0 

minval :0 



21 -40 41 26 -28 40 -35 -29 35 -34 29 36 -38 28 -22 -40 
99 14 43 83 74 68 4 -105 101 -23 45 -67 3 -77 37 25 
-96 26 -72 -60 -96 -31 43 95 -81 64 -17 80 28 72 -45 -7 
75 -65 90 25 101 -9 -75 -72 52 -89 -24 -78 -56 -53 45 -11 
-40 91 -92 17 -87 50 101 29 -6 103 51 63 72 26 -36 26 
2 -100 76 -54 58 -83 -30 46 31 -49 Input angle :69
Zaxis angle :25 
minval :0 

minval :0 



-25 -1 3 -25 24 4 -6 24 -23 -8 11 -22 21 12 -14 20 
-40 -53 8 -42 -4 -78 -66 83 -93 -72 -22 8 -31 30 4 -24 
58 31 10 42 36 69 25 -103 115 30 17 -16 16 -39 6 24 
-66 -3 -26 -33 -60 -49 22 103 -116 21 -8 22 0 43 -16 -18 
63 -20 37 22 75 20 -59 -88 98 -66 0 -24 -17 -39 22 11 
-47 47 -43 -1 -77 12 12 -17 -96 25 Input angle :56
Zaxis angle :36 
minval :0 

minval :0 



-27 33 -30 -31 34 -27 24 36 -37 20 -16 -40 41 -13 9 42 
-92 -31 -12 -92 -35 -93 -37 99 -94 -36 -51 51 -52 53 -26 -33 
97 -6 52 77 70 71 -4 -105 101 -3 23 -69 17 -72 38 18 
-85 48 -79 -48 -93 -36 50 92 -90 47 7 72 11 74 -42 0 
58 -77 92 14 99 -6 -83 -64 63 -79 -39 -62 -40 -63 39 -16 
-18 95 -88 29 -88 47 67 63 106 49 Input angle :64
Zaxis angle :39 
minval :0 

minval :0 



-17 -36 37 -14 12 38 -39 8 -4 -40 40 0 -2 40 -39 -5 
71 -65 83 16 100 7 -84 -62 72 -73 -35 -57 -45 -69 37 -11 
-36 88 -83 14 -94 34 102 21 -34 96 55 39 68 46 -29 25 
0 -96 67 -51 73 -68 -103 18 -9 -102 -66 -15 -80 -17 17 -35 
39 87 -42 73 -37 93 85 -60 44 92 65 -17 80 -20 -1 39 
-72 -63 10 -84 -4 -100 120 -115 -103 -32 Input angle :61
Zaxis angle :36 
minval :0 

minval :0 



17 -24 23 19 -21 21 -19 -22 23 -18 16 25 -27 13 -11 -27 
58 39 8 45 25 80 46 -78 100 20 41 -15 17 -30 21 20 
-68 -12 -25 -37 -56 -63 -10 90 -100 21 -30 31 -2 35 -27 -10 
66 -21 39 24 78 32 -28 -87 82 -60 15 -40 -11 -32 29 -2 
-54 44 -45 -6 -85 1 62 66 -47 91 1 44 24 25 -25 14 
30 -62 43 -14 77 -35 11 32 96 -26 Input angle :69
Zaxis angle :14 
minval :0 

minval :0 



-6 31 -30 -8 11 -29 28 14 -16 27 -26 -18 20 -24 22 22 
-65 -9 -17 -32 -63 -65 9 91 -101 39 -22 13 2 32 -29 -11 
64 -16 29 21 85 33 -48 -78 74 -80 14 -21 -15 -27 31 -1 
-50 42 -36 -8 -91 4 73 56 -38 102 -4 25 25 19 -28 13 
30 -58 36 -7 81 -40 -90 -18 -5 -109 -6 -25 -31 -5 19 -24 
-1 66 -29 22 -56 72 -18 -80 -8 22 Input angle :69
Zaxis angle :0 
minval :0 

minval :0 



21 48 -49 16 -11 -50 52 -8 5 51 -52 1 3 -52 50 9 
-73 26 -37 -37 -77 -24 29 79 -70 58 -14 34 2 30 -51 11 
54 -57 48 19 81 -9 -59 -59 38 -83 0 -37 -14 -26 40 -33 
-23 74 -52 1 -70 40 79 28 -1 92 17 33 24 18 -23 46 
-6 -77 46 -24 48 -66 -84 8 -36 -84 -29 -23 -30 -6 3 -52 
38 68 -32 40 -15 80 15 -95 121 15 Input angle :74
Zaxis angle :20 
minval :0 

minval :0 



3 37 -38 0 1 -38 37 4 -7 37 -36 -10 13 -35 33 18 
-71 -7 -27 -55 -58 -60 -2 100 -100 32 -24 30 -4 28 -37 -4 
68 -22 46 40 76 32 -40 -91 79 -69 12 -37 -8 -28 35 -13 
-54 46 -59 -17 -83 2 70 70 -36 98 6 38 20 21 -27 25 
28 -65 61 -8 74 -37 -95 -31 -2 -104 -21 -32 -26 -13 14 -35 
2 71 -51 35 -54 62 -66 -32 91 23 Input angle :77
Zaxis angle :14 
minval :0 

minval :0 



-7 9 -9 -8 8 -8 7 9 -10 6 -6 -10 11 -5 3 11 
-21 -29 -4 -21 -9 -47 -30 38 -61 -22 -20 4 -5 20 -8 -8 
30 20 11 18 29 38 13 -46 64 -3 16 -12 -2 -21 11 4 
-36 -4 -18 -12 -42 -23 7 48 -57 29 -9 18 12 17 -12 0 
34 -11 21 2 48 2 -26 -41 39 -51 0 -20 -18 -10 10 -5 
-27 24 -20 6 -45 17 -103 -97 11 32 Input angle :77
Zaxis angle :0 
minval :0 

minval :0 



12 0 0 12 -12 -1 1 -12 11 3 -4 11 -11 -5 5 -10 
1 42 -8 18 -13 47 43 -19 33 57 20 8 15 -8 -1 11 
-19 -37 0 -19 -7 -49 -30 36 -54 -38 -22 1 -9 14 -3 -11 
32 25 7 18 27 41 12 -45 65 9 19 -10 2 -17 7 8 
-40 -10 -14 -13 -42 -27 7 47 -63 17 -13 17 4 16 -11 -4 
41 -8 18 6 49 7 -108 33 -48 -22 Input angle :74
Zaxis angle :14 
minval :0 

minval :0 



-24 -21 23 -22 20 25 -26 18 -16 -27 30 -13 11 30 -30 9 
54 -40 39 2 93 -23 -74 -49 50 -114 -9 -39 -36 -25 23 -21 
-31 59 -36 15 -74 60 89 13 2 124 24 31 43 8 -14 28 
3 -67 27 -29 43 -86 -85 26 -51 -114 -36 -18 -42 10 0 -32 
23 63 -13 37 -6 96 68 -58 93 83 40 1 33 -27 12 29 
-47 -48 -3 -39 -35 -89 28 110 -81 -9 Input angle :77
Zaxis angle :0 
minval :0 

minval :0 



25 19 -21 22 -20 -23 24 -19 16 26 -28 13 -10 -29 29 -9 
-62 31 -40 0 -101 7 74 61 -68 101 4 39 25 31 -23 19 
45 -53 36 -18 89 -47 -94 -24 18 -120 -21 -33 -36 -17 12 -28 
-15 68 -25 31 -59 81 95 -17 33 118 32 22 40 2 0 31 
-8 -69 11 -38 22 -98 -80 55 -76 -95 -39 -5 -38 14 -12 -28 
40 57 6 39 16 99 -62 -127 2 12 Input angle :77
Zaxis angle :0 
minval :0 

minval :0 



-26 19 -16 -28 29 -13 10 31 -31 7 -5 -31 32 -2 0 32 
-10 -72 15 -40 27 -99 -75 48 -84 -91 -40 -4 -36 16 -13 -29 
36 63 2 42 14 102 49 -76 114 48 39 -12 26 -29 24 20 
-60 -41 -20 -37 -52 -89 -12 89 -124 -2 -31 27 -11 37 -31 -8 
71 14 34 25 88 54 -28 -85 112 -51 18 -37 -4 -39 31 -4 
-70 18 -41 -9 -102 -12 -64 30 -94 23 Input angle :74
Zaxis angle :0 
minval :0 

minval :0 



-6 -26 27 -5 2 27 -26 0 1 -26 26 4 -5 26 -25 -8 
70 12 30 25 83 46 -29 -91 117 -41 19 -38 -4 -43 26 -3 
-69 17 -37 -9 -95 -5 65 68 -88 88 -2 43 22 37 -24 12 
54 -45 38 -5 90 -32 -89 -37 45 -116 -16 -39 -35 -24 16 -21 
-32 64 -32 21 -65 70 95 0 13 124 31 30 42 7 -5 25 
2 -71 19 -33 30 -91 23 -17 99 -28 Input angle :233
Zaxis angle :0 
minval :0 

minval :0 



-35 7 -4 -35 36 0 -2 36 -35 -5 8 -35 34 11 -13 33 
-4 -72 13 -34 50 -84 -78 48 -65 -101 -41 -7 -35 5 -1 -35 
29 66 3 37 -6 99 49 -77 100 69 41 -7 30 -18 16 31 
-54 -47 -19 -32 -35 -92 -14 90 -120 -16 -33 26 -20 29 -28 -22 
69 19 28 24 68 71 -20 -89 116 -32 21 -36 6 -35 34 9 
-71 11 -36 -8 -92 -35 -117 14 -22 19 Input angle :69
Zaxis angle :14 
minval :0 

minval :0 



-18 -38 40 -13 10 41 -42 6 -2 -42 42 1 -3 42 -41 -7 
90 -38 92 8 103 2 -87 -60 38 -97 -16 -74 -54 -39 41 -9 
-64 74 -88 27 -94 40 104 21 2 105 49 59 67 12 -32 26 
25 -94 70 -60 71 -74 -102 28 -46 -94 -69 -33 -65 18 18 -37 
13 97 -33 86 -29 98 84 -64 83 63 76 4 52 -42 -1 41 
-50 -84 -4 -92 -11 -102 -33 -68 -121 -16 Input angle :74
Zaxis angle :14 
minval :0 

minval :0 



-27 17 -15 -29 30 -12 9 31 -32 6 -4 -32 32 -2 -1 32 
-47 -66 5 -39 -17 -96 -30 84 -113 -37 -37 3 -8 23 -12 -29 
69 42 13 37 58 78 -8 -88 118 -15 32 -19 -1 -24 24 21 
-80 -11 -27 -28 -86 -45 46 76 -100 64 -20 32 12 21 -30 -9 
78 -24 37 14 97 9 -71 -53 62 -101 7 -37 -19 -14 32 -4 
-61 54 -40 1 -92 32 -84 -97 89 29 Input angle :238
Zaxis angle :0 
minval :0 

minval :0 



37 20 -23 34 -33 -26 29 -30 27 32 -34 24 -21 -36 37 -17 
-55 82 -94 16 -97 28 96 41 -6 103 28 68 32 32 -26 32 
19 -98 79 -53 74 -68 -104 1 -40 -95 -54 -50 -41 -17 10 -40 
23 97 -48 83 -42 91 94 -45 72 73 70 24 45 -3 4 41 
-60 -79 12 -94 0 -101 -65 81 -95 -38 -74 6 -40 21 -23 -34 
89 46 27 91 40 92 60 99 125 -1 Input angle :59
Zaxis angle :20 
minval :0 

minval :0 



14 -38 37 17 -19 36 -35 -22 25 -32 28 29 -32 26 -24 -32 
62 24 8 53 20 59 34 -86 121 16 33 -3 7 -31 35 20 
-67 2 -31 -44 -43 -45 1 92 -115 42 -28 17 7 31 -40 -4 
59 -30 45 28 56 27 -40 -83 88 -84 19 -26 -18 -27 39 -13 
-44 51 -53 -7 -63 0 69 62 -50 112 -7 32 27 16 -29 28 
18 -64 51 -14 56 -27 -5 -33 69 -31 Input angle :74
Zaxis angle :0 
minval :0 

minval :0 



-39 6 -3 -40 40 0 -2 40 -40 -5 9 -39 38 13 -16 36 
-44 -71 13 -30 -8 -75 -46 58 -88 -56 -18 -11 -11 17 0 -40 
70 44 1 33 39 65 19 -72 104 13 21 3 4 -21 15 37 
-83 -11 -14 -29 -65 -40 11 74 -100 30 -20 6 4 20 -29 -26 
80 -24 25 21 75 14 -40 -63 78 -70 16 -14 -13 -16 37 11 
-65 53 -32 -8 -73 17 91 -33 76 24 Input angle :67
Zaxis angle :0 
minval :0 

minval :0 



40 19 -23 37 -34 -28 31 -32 29 33 -35 26 -23 -37 39 -21 
-15 67 -38 17 -49 45 77 -4 24 113 12 35 23 -5 -26 35 
-14 -67 26 -32 22 -63 -68 36 -66 -95 -25 -26 -17 15 10 -42 
44 53 -12 40 5 67 46 -63 101 56 34 14 10 -20 8 43 
-59 -35 -4 -42 -32 -59 -15 76 -115 -10 -36 1 -1 23 -24 -36 
68 8 22 35 52 42 -65 1 97 -9 Input angle :65
Zaxis angle :0 
minval :0 

minval :0 



-8 45 -44 -13 16 -43 42 20 -23 40 -37 -26 30 -35 32 32 
-70 -14 -8 -54 -30 -51 -27 69 -112 -2 -32 13 -2 34 -42 -17 
71 -11 31 45 48 34 -3 -74 102 -45 21 -26 -12 -31 45 -2 
-57 43 -46 -29 -58 -10 36 65 -74 83 -9 33 25 22 -40 21 
37 -62 54 8 58 -14 -60 -44 33 -106 -4 -34 -32 -11 27 -36 
-6 72 -52 14 -46 37 49 -80 -82 27 Input angle :74
Zaxis angle :0 
minval :0 

minval :0 



45 -37 34 47 -50 29 -24 -52 55 -17 12 57 -57 9 -5 -57 
27 58 -37 40 -14 71 85 -38 63 72 49 14 28 -17 26 51 
-49 -42 17 -52 -13 -70 -61 70 -88 -39 -50 8 -19 27 -46 -33 
62 17 7 54 43 57 28 -89 96 0 44 -25 6 -32 56 12 
-63 11 -30 -46 -64 -32 9 93 -85 42 -28 43 10 31 -55 15 
53 -34 46 29 71 5 0 -47 -13 -19 Input angle :77
Zaxis angle :0 
minval :0 

minval :0 



-29 43 -41 -32 37 -37 33 39 -43 29 -26 -44 46 -23 19 47 
-54 -35 8 -42 -27 -80 -34 76 -97 -7 -35 7 -10 27 -36 -36 
64 13 9 42 59 59 -1 -84 91 -32 29 -21 0 -29 48 16 
-63 17 -25 -34 -78 -32 35 76 -71 65 -18 31 12 26 -52 3 
48 -43 37 21 85 -4 -64 -55 41 -88 4 -36 -22 -19 45 -24 
-27 59 -43 -2 -74 39 0 -96 65 24 Input angle :238
Zaxis angle :0 
minval :0 

minval :0 



-30 17 -14 -31 33 -11 8 34 -34 6 -4 -34 35 -1 -2 34 
-25 -52 21 -42 10 -68 -85 41 -64 -69 -38 -2 -27 28 -13 -31 
44 38 -1 47 18 66 60 -73 86 38 36 -12 15 -36 25 24 
-56 -16 -18 -43 -45 -53 -24 91 -95 -2 -27 26 0 39 -32 -12 
57 -5 33 32 62 30 -8 -95 86 -38 14 -35 -16 -36 34 -1 
-49 30 -44 -17 -69 -1 9 -33 2 18 Input angle :77
Zaxis angle :0 
minval :0 

minval :0 



9 -29 29 11 -13 27 -26 -16 20 -24 22 21 -23 21 -19 -24 
49 34 19 41 39 73 16 -84 114 -14 34 -15 -9 -32 27 14 
-59 -9 -36 -29 -68 -47 18 84 -100 55 -25 28 21 26 -30 -1 
59 -14 44 11 81 16 -49 -71 68 -93 11 -35 -29 -16 29 -10 
-48 37 -45 6 -80 18 76 40 -21 112 5 37 33 1 -21 22 
29 -52 37 -26 68 -47 -81 31 -109 -29 Input angle :74
Zaxis angle :0 
minval :0 

minval :0 



14 30 -32 11 -7 -33 33 -5 2 33 -33 0 3 -34 33 5 
-55 6 -46 -12 -73 -24 48 86 -75 75 -8 29 24 24 -32 7 
48 -27 48 -7 77 -10 -79 -60 35 -100 -4 -30 -32 -13 25 -21 
-32 45 -40 26 -68 37 96 22 2 106 16 26 35 -1 -15 29 
8 -55 27 -39 42 -64 -98 14 -51 -93 -25 -17 -31 16 1 -33 
11 54 -7 47 -15 76 79 33 -106 16 Input angle :74
Zaxis angle :0 
minval :0 

minval :0 



4 35 -35 1 1 -35 35 4 -8 34 -33 -11 14 -32 31 16 
-72 0 -29 -20 -74 -28 21 93 -88 58 -23 37 18 35 -35 0 
65 -31 35 6 80 -2 -56 -77 55 -90 3 -43 -31 -24 32 -14 
-47 55 -34 9 -73 32 83 48 -15 105 13 41 39 8 -24 25 
20 -69 28 -22 53 -59 -94 -9 -27 -102 -27 -34 -39 8 11 -33 
10 71 -14 32 -21 76 20 33 36 20 Input angle :74
Zaxis angle :0 
minval :0 

minval :0 



21 -27 24 24 -26 22 -19 -28 29 -17 16 30 -31 13 -11 -32 
48 37 5 33 30 80 37 -76 99 24 30 -10 19 -32 22 26 
-59 -16 -19 -27 -60 -60 0 85 -101 17 -24 21 -4 38 -31 -14 
61 -7 28 18 80 30 -31 -78 84 -58 12 -29 -12 -35 34 -1 
-51 34 -33 -3 -84 7 62 57 -52 87 1 31 26 28 -31 15 
31 -52 32 -10 75 -40 55 96 -108 -26 Input angle :74
Zaxis angle :14 
minval :0 

minval :0 



-41 14 -10 -42 43 -7 3 43 -43 0 2 -43 42 6 -10 41 
-24 -72 25 -24 25 -88 -68 43 -83 -68 -44 -17 -24 11 -9 -42 
52 55 -13 32 9 91 43 -68 105 27 47 -2 17 -20 26 33 
-70 -30 -1 -34 -52 -75 -9 80 -107 16 -41 23 -8 25 -38 -19 
76 -4 14 31 77 50 -24 -77 90 -60 29 -38 -3 -26 42 4 
-67 36 -28 -21 -90 -12 33 -17 124 23 Input angle :69
Zaxis angle :0 
minval :0 

minval :0 



-35 14 -10 -37 37 -7 2 38 -38 0 3 -38 37 6 -8 36 
-6 -49 25 -32 40 -60 -120 39 -46 -98 -38 -18 -29 11 -7 -37 
26 40 -8 40 -11 72 90 -89 85 67 42 0 21 -21 21 32 
-39 -29 -7 -40 -16 -71 -49 116 -105 -26 -38 17 -11 29 -33 -19 
48 7 23 33 45 57 -4 -126 107 -19 28 -32 -1 -31 38 5 
-48 11 -35 -21 -64 -34 -106 -34 113 15 Input angle :74
Zaxis angle :0 
minval :0 

minval :0 



33 25 -28 32 -29 -30 33 -26 23 35 -37 20 -16 -39 39 -13 
-43 58 -22 1 -91 33 75 14 8 119 0 38 20 1 -30 28 
17 -70 20 -9 70 -67 -74 18 -56 -105 -14 -36 -18 6 15 -39 
13 71 -15 17 -34 91 60 -49 96 71 28 25 14 -14 2 41 
-39 -61 5 -22 -3 -97 -34 69 -118 -22 -36 -11 -7 18 -20 -37 
61 38 4 22 45 85 -43 -63 -99 -7 Input angle :338
Zaxis angle :14 
minval :0 

minval :0 



4 42 -41 1 2 -42 41 5 -9 40 -40 -12 16 -38 36 18 
-63 -21 -19 -28 -62 -68 -8 94 -109 46 -38 24 7 26 -41 -2 
67 -2 29 18 86 35 -32 -89 81 -85 26 -37 -18 -19 38 -16 
-60 29 -33 -3 -93 1 64 70 -43 109 -8 45 24 11 -29 29 
39 -54 32 -10 83 -42 -88 -35 -5 -117 -11 -44 -27 0 12 -39 
-16 65 -24 24 -59 72 -4 64 9 25 Input angle :69
Zaxis angle :0 
minval :0 

minval :0 



-31 -10 13 -30 28 16 -18 27 -25 -21 22 -24 22 24 -25 19 
45 -51 35 2 77 -20 -85 -51 29 -99 -17 -36 -20 -14 16 -28 
-21 64 -33 12 -64 48 98 12 17 102 31 24 25 4 -2 32 
-8 -68 25 -26 35 -72 -95 29 -57 -86 -38 -10 -25 5 -11 -30 
34 59 -11 34 -2 80 75 -66 87 57 39 -7 19 -16 23 22 
-58 -36 -3 -35 -34 -72 100 -2 121 -3 Input angle :74
Zaxis angle :0 
minval :0 

minval :0 



7 26 -26 5 -3 -26 26 -1 -1 26 -26 -3 6 -26 25 8 
-48 -29 -14 -38 -38 -67 -8 93 -103 5 -22 23 -1 33 -25 3 
56 1 30 28 63 45 -28 -89 92 -48 9 -30 -12 -31 22 -13 
-52 19 -38 -13 -75 -17 62 70 -68 78 3 32 22 23 -15 21 
40 -39 41 -2 76 -15 -85 -39 30 -100 -16 -28 -30 -12 5 -25 
-21 51 -36 19 -61 47 79 -16 -77 25 Input angle :233
Zaxis angle :0 
minval :0 

minval :0 



-28 2 0 -29 28 2 -5 28 -27 -7 9 -27 26 11 -13 25 
31 -46 31 -13 70 -47 -95 4 -20 -122 1 -21 -32 12 1 -28 
-10 55 -22 25 -40 74 85 -42 65 106 6 20 24 -22 10 26 
-12 -54 9 -32 9 -84 -61 73 -101 -71 -14 -15 -13 31 -19 -20 
32 45 4 33 23 81 26 -92 121 26 19 8 0 -34 25 11 
-48 -27 -16 -29 -53 -66 27 78 -93 7 Input angle :74
Zaxis angle :0 
minval :0 

minval :0 



23 0 -2 24 -23 -5 6 -23 22 8 -10 21 -20 -12 13 -19 
-10 67 -39 26 -54 55 94 16 39 101 26 21 31 -5 -5 23 
-19 -64 28 -38 25 -72 -92 23 -78 -76 -33 -8 -26 18 -4 -23 
42 53 -7 47 8 77 72 -62 103 35 33 -4 16 -27 12 19 
-61 -29 -12 -45 -37 -67 -43 85 -109 8 -28 19 -4 32 -19 -12 
67 0 31 35 63 44 122 17 81 -14 Input angle :69
Zaxis angle :0 
minval :0 

minval :0 



-9 -29 30 -6 4 30 -30 2 0 -30 30 3 -5 30 -29 -7 
49 14 40 42 66 35 18 -103 72 -37 38 -46 -7 -25 29 -6 
-50 9 -54 -22 -76 -5 35 98 -48 64 -17 57 17 20 -24 17 
42 -29 58 -4 70 -28 -71 -76 14 -80 -9 -59 -23 -11 14 -26 
-26 44 -52 26 -54 53 97 39 16 80 31 50 26 1 -3 29 
5 -51 38 -44 25 -71 66 79 77 -17 Input angle :77
Zaxis angle :0 
minval :0 

minval :0 



-35 -10 13 -34 33 16 -19 31 -29 -21 24 -28 26 26 -27 24 
37 -82 74 -54 54 -87 -104 -8 -33 -96 -57 -76 -62 -2 16 -32 
0 90 -47 78 -15 101 99 -32 68 76 83 46 57 -26 0 36 
-33 -84 12 -90 -25 -99 -77 71 -93 -40 -95 -2 -42 46 -15 -33 
67 60 29 86 66 78 40 -96 102 -2 89 -33 18 -60 27 23 
-85 -28 -61 -67 -94 -40 28 -3 -85 21 Input angle :77
Zaxis angle :0 
minval :0 

minval :0 



-27 0 2 -26 26 4 -6 26 -25 -8 10 -25 23 12 -13 23 
20 -42 41 -32 41 -59 -97 -10 -22 -87 -31 -37 -26 7 4 -26 
0 47 -24 47 -12 71 95 -27 57 70 44 20 21 -17 6 26 
-19 -43 3 -53 -18 -70 -74 65 -80 -39 -48 -1 -11 24 -16 -21 
36 29 17 50 46 56 40 -89 89 3 44 -16 1 -27 23 11 
-45 -13 -38 -37 -64 -32 -79 -66 125 8 Input angle :77
Zaxis angle :0 
minval :0 

minval :0 



-14 -38 40 -12 8 40 -41 4 0 -41 41 4 -7 40 -39 -10 
91 -22 90 15 100 -14 -65 -78 46 -90 18 -91 -42 -31 39 -9 
-71 62 -89 22 -86 54 93 43 0 101 21 90 51 10 -32 25 
42 -84 71 -57 56 -84 -102 1 -45 -90 -59 -72 -51 12 19 -35 
-6 94 -41 82 -20 99 93 -42 74 69 81 46 43 -30 -4 40 
-31 -88 3 -92 -22 -99 -9 -20 69 -16 Input angle :74
Zaxis angle :0 
minval :0 

minval :0 



-4 -42 43 0 -3 43 -42 -8 12 -41 40 16 -20 37 -36 -21 
95 -2 76 32 102 10 -60 -85 60 -82 44 -84 -48 -31 41 4 
-83 46 -83 3 -97 33 91 50 -15 101 -7 95 57 9 -40 13 
62 -72 73 -39 73 -72 -104 -9 -26 -99 -33 -89 -55 16 30 -28 
-23 92 -51 65 -36 96 98 -35 65 78 70 65 43 -38 -16 38 
-14 -94 19 -81 -3 -102 20 61 -58 -22 Input angle :71
Zaxis angle :0 
minval :0 

minval :0 



21 0 -1 21 -21 -3 4 -20 20 6 -8 19 -19 -10 11 -17 
-30 86 -17 83 -37 94 82 -62 69 76 69 56 37 -37 -3 20 
-7 -91 -15 -83 -2 -101 -54 88 -94 -41 -86 -22 -20 49 -5 -20 
44 80 48 69 44 91 8 -103 102 -3 88 -13 -2 -53 13 16 
-75 -53 -74 -41 -79 -64 33 98 -93 44 -74 49 25 46 -18 -9 
89 20 84 9 98 23 7 50 -22 -41 Input angle :74
Zaxis angle :0 
minval :0 

minval :0 



-11 15 -14 -12 13 -13 11 14 -15 10 -9 -16 17 -8 6 17 
-60 -59 -58 -59 -64 -77 -2 102 -100 11 -77 26 -1 56 -12 -12 
77 33 77 31 90 44 -41 -93 89 -45 64 -51 -20 -52 16 6 
-84 2 -83 3 -100 -3 74 69 -62 78 -34 74 40 38 -18 0 
76 -36 75 -35 94 -36 -97 -28 21 -98 1 -82 -54 -14 16 -8 
-53 65 -51 66 -67 75 -78 -32 70 49 Input angle :77
Zaxis angle :0 
minval :0 

minval :0 



0 -25 25 2 -5 24 -24 -6 8 -24 23 10 -11 22 -20 -13 
62 68 48 83 57 79 23 -100 100 6 66 -27 3 -42 24 3 
-86 -33 -80 -54 -86 -47 23 99 -94 34 -48 53 12 40 -24 5 
92 -6 95 13 98 5 -62 -81 71 -70 22 -68 -28 -31 19 -15 
-84 39 -93 24 -92 34 90 47 -34 94 7 71 38 16 -10 22 
58 -71 75 -61 72 -67 -55 15 -47 -51 Input angle :77
Zaxis angle :0 
minval :0 

minval :0 



-21 -24 26 -18 16 28 -29 14 -12 -30 31 -9 7 31 -31 4 
86 31 58 75 86 45 -3 -104 95 -31 68 -54 -21 -43 27 -17 
-91 2 -84 -43 -97 -6 47 92 -80 60 -41 76 37 31 -17 27 
83 -39 95 8 92 -32 -80 -65 42 -91 3 -87 -47 -12 4 -32 
-54 73 -88 35 -66 71 101 23 -5 100 30 81 48 -7 8 31 
24 -88 66 -68 36 -90 -35 -82 21 -47 Input angle :79
Zaxis angle :0 
minval :0 

minval :0 



22 -36 34 25 -28 32 -29 -31 34 -26 22 36 -38 20 -18 -38 
37 86 13 94 29 95 50 -89 98 26 93 2 14 -53 32 27 
-72 -60 -46 -83 -65 -74 -9 102 -101 16 -83 41 7 55 -40 -11 
90 27 77 55 91 38 -30 -98 86 -54 64 -67 -30 -46 42 -5 
-93 11 -92 -20 -99 0 69 75 -52 87 -26 90 46 30 -35 22 
78 -52 91 -25 90 -41 88 -32 107 -51 Input angle :74
Zaxis angle :0 
minval :0 

minval :0 



7 -32 31 10 -14 30 -29 -16 18 -27 26 20 -22 24 -22 -24 
7 91 -10 96 -4 99 82 -62 82 59 77 20 24 -47 30 13 
-44 -80 -30 -91 -35 -93 -48 91 -100 -15 -79 12 -5 53 -33 1 
74 54 67 69 71 68 9 -102 99 -24 67 -43 -18 -50 30 -15 
-90 -17 -89 -37 -94 -31 34 97 -78 64 -45 66 36 39 -21 25 
89 -18 96 -1 98 -9 106 1 66 -46 Input angle :74
Zaxis angle :0 
minval :0 

minval :0 



-9 -27 27 -7 4 28 -28 1 0 -28 28 2 -5 28 -27 -7 
43 8 42 41 50 37 13 -115 82 -18 33 -38 -6 -30 28 -5 
-43 10 -56 -18 -60 -12 31 112 -68 51 -13 48 17 25 -23 15 
36 -26 58 -4 60 -11 -73 -91 42 -73 -6 -50 -25 -16 15 -23 
-22 38 -51 30 -48 39 107 45 -6 84 27 42 29 3 -3 28 
4 -44 34 -47 30 -54 -114 -97 5 -20 Input angle :77
Zaxis angle :0 
minval :0 

minval :0 



-24 -33 34 -22 20 36 -38 16 -13 -39 40 -9 6 40 -40 2 
84 16 75 57 84 53 -9 -105 92 -42 55 -67 -14 -40 36 -18 
-81 24 -92 -22 -99 -10 53 91 -65 77 -24 83 29 31 -25 32 
66 -53 94 -14 96 -29 -87 -59 29 -97 -14 -86 -40 -14 10 -39 
-39 75 -77 55 -74 67 102 23 15 100 50 71 43 0 7 40 
1 -85 50 -80 40 -91 89 46 78 -44 Input angle :74
Zaxis angle :0 
minval :0 

minval :0 



37 5 -10 36 -35 -13 14 -35 33 18 -20 32 -30 -22 25 -27 
-79 52 -96 -3 -90 41 84 64 -21 98 21 92 31 21 -12 35 
49 -81 89 -38 63 -77 -102 -30 -16 -99 -57 -76 -38 -6 -3 -37 
-15 94 -65 70 -28 96 104 -22 57 82 84 44 37 -9 18 32 
-26 -91 28 -92 -11 -99 -85 63 -83 -56 -94 -5 -29 23 -29 -23 
62 72 15 95 55 83 39 99 104 3 Input angle :233
Zaxis angle :0 
minval :0 

minval :0 



21 8 -9 20 -19 -11 12 -18 17 14 -16 15 -13 -17 17 -12 
-88 42 -88 20 -95 27 91 52 -26 99 -1 92 49 20 -11 18 
63 -74 73 -52 75 -64 -104 -8 -16 -101 -33 -86 -53 3 1 -22 
-25 94 -43 78 -41 90 98 -37 56 85 66 64 46 -25 6 21 
-15 -96 7 -89 2 -99 -77 70 -85 -56 -88 -28 -33 41 -15 -15 
54 81 34 83 40 90 47 -93 -2 5 Input angle :74
Zaxis angle :0 
minval :0 

minval :0 



7 25 -26 4 -1 -26 26 1 -3 25 -26 -4 7 -25 23 10 
-93 -20 -75 -54 -95 -31 17 103 -82 61 -67 70 38 35 -26 1 
94 -17 90 22 100 -4 -59 -87 53 -88 34 -90 -49 -15 22 -12 
-78 54 -91 19 -87 48 86 60 -4 103 8 97 51 -4 -15 20 
49 -81 76 -54 59 -80 -104 -15 -34 -97 -45 -85 -43 27 5 -25 
-10 95 -45 80 -21 98 58 -126 119 37 Input angle :77
Zaxis angle :0 
minval :0 

minval :0 



12 20 -21 11 -9 -22 23 -7 4 23 -23 2 -1 -24 23 0 
-55 -29 -33 -39 -59 -41 -13 102 -95 28 -37 33 9 21 -22 9 
62 2 47 21 71 13 -34 -97 72 -68 18 -46 -17 -15 15 -19 
-57 24 -51 1 -70 18 66 78 -38 92 0 50 22 7 -6 23 
43 -45 47 -20 55 -47 -94 -42 0 -99 -21 -45 -23 3 -2 -23 
-21 58 -35 37 -34 63 -91 96 -60 22 Input angle :77
Zaxis angle :0 
minval :0 

minval :0 



40 14 -17 38 -37 -19 21 -36 34 24 -27 32 -29 -30 32 -26 
-90 -2 -91 -24 -101 -4 61 85 -60 83 -37 86 54 27 -18 36 
83 -35 94 -12 93 -40 -90 -54 22 -100 -1 -94 -60 -6 4 -41 
-64 63 -80 51 -69 73 103 14 21 100 36 87 58 -21 15 40 
28 -85 53 -77 36 -94 -99 32 -58 -84 -67 -65 -44 41 -31 -29 
9 89 -15 94 5 100 -46 -94 -32 24 Input angle :77
Zaxis angle :0 
minval :0 

minval :0 



14 7 -8 13 -13 -9 10 -12 11 11 -12 10 -9 -13 13 -8 
-94 -12 -67 -29 -102 -6 35 97 -66 79 -57 77 47 23 -8 13 
89 -31 73 -3 95 -36 -72 -74 30 -98 17 -95 -52 -2 2 -15 
-69 64 -66 33 -72 72 96 38 16 102 23 93 48 -20 4 15 
42 -84 49 -55 39 -94 -103 2 -54 -88 -58 -76 -36 38 -10 -12 
0 94 -22 70 4 103 -85 82 41 29 Input angle :77
Zaxis angle :0 
minval :0 

minval :0 



-8 20 -19 -9 11 -18 17 13 -15 16 -14 -16 17 -13 11 17 
15 -87 11 -75 16 -100 -82 63 -73 -72 -84 -39 -35 50 -18 -11 
20 86 22 73 30 97 49 -91 97 33 92 3 10 -60 21 3 
-52 -72 -50 -58 -67 -77 -5 103 -102 11 -84 39 18 58 -20 7 
79 39 70 30 96 34 -38 -96 89 -52 60 -70 -39 -46 16 -14 
-88 -4 -76 0 -102 4 21 -82 -109 41 Input angle :238
Zaxis angle :0 
minval :0 

minval :0 



33 -7 4 33 -33 0 2 -33 33 4 -7 32 -32 -10 12 -31 
-32 25 -51 29 -58 33 110 45 -16 87 22 44 31 0 1 33 
18 -36 35 -47 36 -56 -119 5 -20 -86 -38 -31 -28 12 -14 -30 
-3 41 -10 57 -12 66 104 -57 52 71 48 12 21 -23 25 21 
-12 -39 -12 -57 -16 -64 -75 92 -78 -42 -49 8 -9 29 -32 -8 
28 30 33 48 42 51 98 49 67 1 Input angle :238
Zaxis angle :0 
minval :0 

minval :0 



28 -4 2 28 -28 0 3 -28 27 6 -8 27 -26 -10 12 -24 
-31 -1 -51 15 -67 0 77 62 -62 84 -4 36 33 19 0 28 
29 -11 40 -36 62 -26 -97 -24 25 -101 -11 -35 -37 -4 -11 -26 
-21 22 -23 49 -47 48 97 -20 18 102 24 27 35 -13 20 19 
11 -29 0 -54 23 -63 -82 56 -56 -87 -33 -15 -28 24 -26 -9 
1 31 21 49 6 67 108 97 -65 12 Input angle :241
Zaxis angle :0 
minval :0 

minval :0 



25 -4 2 25 -25 0 2 -25 25 5 -7 25 -23 -9 10 -22 
-41 2 -46 20 -75 3 81 48 -56 93 -1 37 29 17 0 25 
36 -18 31 -39 67 -36 -93 -9 21 -107 -12 -35 -33 -6 -10 -23 
-25 32 -14 48 -48 58 88 -32 32 104 26 27 32 -11 18 17 
7 -40 -6 -50 18 -74 -67 66 -70 -83 -35 -13 -26 22 -24 -8 
5 40 27 42 14 74 -118 81 -76 11 Input angle :238
Zaxis angle :0 
minval :0 

minval :0 



22 -23 21 24 -25 19 -16 -27 29 -14 11 30 -30 9 -7 -30 
3 50 -11 58 1 68 69 -51 79 54 42 19 14 -25 18 25 
-25 -43 -13 -58 -30 -60 -40 76 -94 -18 -46 3 -1 29 -28 -14 
41 28 37 46 53 42 1 -86 93 -25 42 -20 -9 -27 32 2 
-48 -10 -52 -27 -65 -15 31 81 -74 61 -28 37 21 20 -29 12 
49 -9 60 1 66 -11 -90 32 72 -22 Input angle :71
Zaxis angle :0 
minval :0 

minval :0 



39 -21 18 40 -42 15 -12 -43 44 -7 3 44 -45 0 3 -44 
-8 48 -42 48 -37 63 102 0 39 64 48 32 21 -2 13 42 
-13 -47 19 -62 11 -72 -96 36 -60 -45 -57 -8 -18 10 -30 -32 
30 38 9 64 21 70 67 -78 73 15 55 -16 12 -17 41 16 
-44 -19 -33 -55 -50 -54 -26 99 -74 15 -43 38 -3 21 -44 3 
48 -2 55 33 68 27 -22 16 1 -12 Input angle :74
Zaxis angle :20 
minval :0 

minval :0 



6 40 -40 3 0 -40 40 3 -6 39 -39 -9 12 -38 36 15 
-24 -74 -17 -91 -14 -100 -56 88 -87 -52 -73 -1 -39 50 -41 0 
53 57 52 76 53 86 15 -104 101 13 68 -28 16 -62 37 -15 
-71 -32 -79 -47 -84 -56 31 100 -97 31 -51 53 9 63 -25 31 
78 1 92 9 100 15 -67 -80 77 -67 24 -70 -36 -53 12 -38 
-73 29 -88 26 -97 25 -57 110 54 47 Input angle :238
Zaxis angle :0 
minval :0 

minval :0 



7 44 -45 3 1 -45 45 5 -7 44 -43 -11 14 -42 40 18 
-38 -75 -28 -91 -25 -97 -46 94 -96 -34 -79 10 -29 57 -45 2 
63 56 61 74 67 75 1 -105 101 -11 68 -42 0 -64 40 -20 
-82 -22 -86 -42 -91 -43 41 96 -87 53 -45 67 25 58 -28 35 
84 -12 96 0 100 5 -77 -70 59 -83 14 -79 -46 -44 13 -43 
-71 46 -87 41 -92 39 99 -97 -4 49 Input angle :238
Zaxis angle :0 
minval :0 

minval :0 



-13 -26 27 -11 8 28 -29 6 -3 -29 29 0 -1 29 -28 -3 
58 1 41 29 78 14 -28 -102 68 -50 16 -55 -16 -18 28 -7 
-54 20 -50 -10 -78 15 66 83 -41 74 9 56 22 10 -22 19 
38 -44 49 -10 64 -45 -94 -50 9 -83 -28 -50 -25 0 12 -26 
-18 54 -41 29 -37 69 106 10 22 81 46 34 23 -8 -1 29 
-4 -57 26 -43 8 -79 30 63 46 -16 Input angle :82
Zaxis angle :0 
minval :0 

minval :0 



-45 5 -2 -45 45 1 -4 45 -44 -9 13 -43 42 16 -19 40 
50 -82 61 -50 66 -78 -101 -15 -30 -99 -43 -67 -62 9 1 -44 
-9 95 -34 71 -29 98 98 -30 68 77 67 43 52 -33 18 41 
-28 -92 3 -79 -11 -102 -80 63 -93 -44 -79 -13 -35 51 -32 -30 
63 72 28 74 53 87 46 -91 103 3 78 -20 9 -61 42 13 
-88 -37 -57 -55 -85 -56 29 13 -115 23 Input angle :74
Zaxis angle :0 
minval :0 

minval :0 



39 -12 9 39 -40 5 0 -41 40 2 -6 40 -40 -8 10 -39 
5 53 -45 41 -18 74 104 -14 59 64 45 32 14 -16 5 40 
-23 -47 24 -56 -16 -75 -87 59 -80 -35 -54 -10 -7 20 -21 -34 
43 30 0 61 44 62 55 -90 87 0 54 -11 -1 -21 32 23 
-51 -12 -25 -56 -66 -39 -15 104 -78 39 -43 33 10 19 -40 -6 
51 -12 45 42 76 7 -33 -32 -59 -18 Input angle :74
Zaxis angle :0 
minval :0 

minval :0 



24 -17 14 26 -27 11 -9 -28 29 -7 4 29 -30 2 0 -29 
-1 38 -36 40 -31 62 94 -27 44 87 32 24 24 -12 12 27 
-14 -35 14 -53 0 -70 -74 64 -77 -60 -40 -9 -16 21 -22 -19 
28 25 7 54 27 65 41 -88 94 27 40 -6 6 -26 28 9 
-35 -13 -26 -48 -51 -48 -5 98 -96 12 -33 24 5 26 -29 4 
37 -2 44 33 66 22 67 -15 -125 -14 Input angle :77
Zaxis angle :0 
minval :0 

minval :0 



18 20 -22 16 -14 -24 24 -12 10 26 -26 8 -6 -27 27 -4 
-34 0 -42 -36 -53 -37 20 97 -87 14 -22 28 -1 29 -23 14 
32 -14 53 15 63 11 -62 -77 72 -53 8 -34 -11 -27 16 -23 
-23 26 -55 7 -62 15 88 46 -47 74 5 35 21 20 -5 27 
11 -32 46 -30 50 -40 -99 -8 15 -87 -18 -30 -27 -11 -6 -27 
3 34 -32 45 -30 57 96 -96 91 21 Input angle :77
Zaxis angle :0 
minval :0 

minval :0 



32 -2 1 32 -32 -1 4 -32 31 6 -9 30 -29 -13 15 -28 
-26 36 -55 1 -63 29 97 51 -36 77 8 42 16 17 -1 32 
6 -44 49 -24 46 -52 -110 -10 5 -85 -24 -35 -22 -9 -12 -30 
10 43 -35 42 -20 67 102 -39 35 77 37 20 24 -1 23 22 
-27 -35 13 -53 -11 -69 -78 77 -63 -57 -43 -2 -22 11 -30 -10 
40 20 8 54 35 60 70 97 -67 6 Input angle :79
Zaxis angle :0 
minval :0 

minval :0 



2 -32 32 6 -9 31 -30 -12 14 -29 28 17 -19 26 -24 -21 
20 34 -6 54 1 70 68 -77 58 63 37 1 24 -12 31 9 
-33 -21 -16 -52 -29 -64 -28 99 -79 -32 -34 14 -17 21 -32 5 
39 6 37 40 53 46 -11 -103 86 1 25 -27 7 -26 28 -17 
-38 9 -51 -21 -68 -19 55 87 -78 34 -12 35 4 27 -18 27 
30 -24 55 0 70 -8 -22 -96 -1 -17 Input angle :228
Zaxis angle :0 
minval :0 

minval :0 



-9 -45 46 -5 1 46 -46 -1 6 -46 45 10 -13 44 -43 -16 
62 18 56 73 82 56 -22 -101 99 -23 54 -63 -6 -47 46 -2 
-64 9 -81 -44 -99 -14 62 83 -81 61 -29 78 26 39 -40 22 
55 -34 91 10 97 -23 -91 -51 49 -88 -5 -83 -40 -26 29 -36 
-35 54 -87 31 -79 61 103 7 -8 101 39 73 47 6 -11 44 
9 -64 69 -60 44 -89 -34 -50 126 -48 Input angle :238
Zaxis angle :0 
minval :0 

minval :0 



-28 27 -24 -31 33 -22 19 35 -36 17 -14 -37 38 -11 6 39 
-20 -36 7 -54 -2 -69 -83 71 -73 -46 -52 0 -11 18 -21 -33 
33 25 16 52 30 61 43 -101 85 14 47 -23 4 -20 34 20 
-41 -9 -35 -41 -54 -43 7 109 -82 23 -36 38 4 21 -38 -7 
41 -7 49 23 67 18 -43 -100 64 -57 15 -50 -13 -16 37 -10 
-33 25 -54 -3 -69 9 106 -17 91 19 Input angle :77
Zaxis angle :0 
minval :0 

minval :0 



-25 -15 17 -24 22 18 -20 21 -18 -22 24 -16 14 25 -26 11 
40 -18 59 10 67 -8 -56 -88 43 -69 9 -58 -18 -11 19 -21 
-27 33 -58 15 -58 36 88 56 -12 80 14 57 21 1 -9 27 
12 -42 46 -38 38 -57 -104 -14 -21 -78 -37 -46 -20 7 -3 -29 
6 43 -26 53 -14 67 101 -26 53 62 53 25 15 -15 14 25 
-23 -37 5 -59 -11 -67 -36 126 -38 -10 Input angle :77
Zaxis angle :0 
minval :0 

minval :0 



-25 -11 13 -23 22 15 -18 21 -19 -19 20 -17 16 22 -23 14 
31 -12 56 9 63 1 -73 -99 55 -61 1 -50 -16 -13 15 -22 
-24 23 -56 11 -58 24 104 66 -27 77 20 46 20 4 -4 27 
10 -32 45 -35 42 -46 -123 -16 -11 -81 -38 -34 -20 4 -6 -26 
3 33 -27 50 -19 60 118 -37 40 71 48 17 16 -11 17 20 
-16 -29 8 -57 -4 -63 -14 -34 1 -12 Input angle :77
Zaxis angle :0 
minval :0 

minval :0 



22 -24 21 24 -26 19 -18 -27 29 -15 13 30 -31 10 -6 -31 
63 65 16 95 59 80 22 -102 100 7 85 -33 1 -40 19 26 
-86 -31 -59 -76 -87 -47 20 103 -94 36 -64 65 14 37 -28 -14 
91 -5 85 44 99 10 -59 -86 70 -72 31 -86 -29 -27 32 1 
-80 43 -96 -4 -94 32 90 53 -39 93 5 91 38 14 -30 10 
55 -72 89 -36 71 -69 5 -80 -108 -51 Input angle :56
Zaxis angle :20 
minval :0 

minval :0 



19 -14 12 20 -21 9 -7 -22 23 -6 3 23 -24 1 0 -24 
20 53 -5 54 18 66 60 -78 77 48 53 2 14 -25 9 21 
-38 -41 -17 -52 -43 -53 -25 95 -90 -13 -49 19 -1 29 -17 -15 
52 21 37 39 63 27 -14 -98 88 -23 37 -37 -10 -27 22 6 
-57 3 -50 -21 -68 -1 52 84 -70 57 -18 50 20 21 -23 3 
51 -25 54 -2 64 -23 -102 -32 106 -21 Input angle :77
Zaxis angle :0 
minval :0 

minval :0 



44 4 -8 43 -42 -11 15 -42 40 17 -20 39 -37 -24 26 -34 
-85 41 -92 24 -99 25 95 42 -29 97 5 98 36 16 -9 43 
62 -71 77 -56 73 -70 -104 1 -16 -100 -48 -86 -39 0 -8 -43 
-25 91 -41 85 -40 93 95 -42 53 86 77 60 37 -14 25 36 
-12 -93 3 -95 0 -102 -71 76 -84 -55 -95 -26 -26 29 -38 -22 
50 79 32 90 40 93 28 -93 -69 9 Input angle :238
Zaxis angle :0 
minval :0 

minval :0 



0 34 -34 -1 4 -34 33 7 -9 33 -32 -13 15 -30 29 17 
-43 -18 -40 -45 -63 -39 20 87 -91 29 -43 33 13 18 -34 -3 
46 0 55 24 74 9 -52 -73 70 -66 25 -47 -19 -11 32 -10 
-43 17 -60 1 -72 22 80 41 -38 88 -5 54 22 3 -25 22 
31 -34 56 -22 58 -48 -89 -10 0 -96 -19 -51 -21 5 13 -31 
-12 45 -41 44 -32 68 -94 -16 -69 21 Input angle :77
Zaxis angle :0 
minval :0 

minval :0 



-28 -10 13 -27 25 15 -18 23 -22 -20 21 -20 18 23 -24 16 
22 -39 39 -31 44 -63 -94 16 -18 -90 -25 -46 -19 8 14 -25 
-3 44 -21 45 -13 76 79 -54 48 78 42 31 13 -16 -2 29 
-15 -41 3 -50 -17 -75 -50 81 -78 -48 -51 -11 -6 20 -9 -28 
30 33 17 47 45 62 17 -95 91 15 51 -10 -2 -21 20 21 
-40 -18 -36 -35 -67 -37 -97 110 27 7 Input angle :77
Zaxis angle :0 
minval :0 

minval :0 



-1 44 -43 -5 10 -42 42 13 -16 41 -38 -20 23 -37 34 26 
-48 -13 -85 -43 -99 -8 62 83 -79 61 -63 64 30 20 -42 -10 
50 -8 95 4 93 -33 -90 -52 51 -86 29 -86 -36 -5 43 -6 
-42 28 -89 33 -74 66 103 12 -10 99 6 90 35 -8 -35 25 
25 -43 68 -66 38 -92 -99 32 -30 -96 -42 -80 -28 23 22 -37 
-6 50 -34 88 1 99 35 18 -73 36 Input angle :77
Zaxis angle :0 
minval :0 

minval :0 



4 44 -44 1 2 -44 44 5 -9 43 -42 -13 17 -41 39 20 
-53 -1 -76 -61 -96 -30 24 103 -96 18 -55 75 15 37 -44 -1 
50 -19 95 24 100 -8 -67 -82 81 -55 18 -91 -28 -28 41 -17 
-35 40 -96 18 -88 49 95 47 -47 86 22 91 37 13 -29 32 
16 -51 81 -55 58 -82 -106 -7 9 -98 -57 -73 -40 2 15 -41 
7 53 -53 82 -18 99 13 97 99 46 Input angle :82
Zaxis angle :0 
minval :0 

minval :0 



11 -24 23 13 -15 22 -20 -17 19 -18 17 21 -22 15 -13 -23 
24 13 23 53 43 46 31 -115 70 15 48 -22 -2 -19 22 14 
-28 -1 -41 -40 -58 -23 16 118 -71 14 -36 39 10 16 -26 -4 
26 -8 53 22 63 0 -62 -101 59 -42 17 -50 -16 -10 26 -6 
-20 18 -58 1 -57 26 99 65 -36 62 5 53 19 3 -21 15 
11 -26 51 -27 42 -47 28 16 -16 -19 Input angle :74
Zaxis angle :0 
minval :0 

minval :0 



29 -30 27 32 -34 25 -22 -36 37 -19 16 39 -41 11 -9 -41 
22 41 -13 95 0 99 79 -69 61 78 70 22 22 -39 26 33 
-37 -29 -23 -93 -43 -89 -45 95 -89 -43 -73 7 -4 45 -38 -18 
46 10 63 72 77 62 0 -104 99 2 62 -39 -13 -42 42 2 
-46 8 -87 -40 -96 -26 48 93 -92 37 -40 62 31 32 -39 14 
36 -30 96 1 98 -17 42 -126 -4 -37 Input angle :77
Zaxis angle :0 
minval :0 

minval :0 



28 28 -30 26 -24 -32 33 -22 19 35 -36 16 -11 -38 39 -8 
-39 -2 -96 -16 -100 8 78 70 -76 64 -25 68 34 18 -33 22 
37 -12 93 -25 85 -54 -100 -31 40 -91 -8 -72 -39 -1 19 -35 
-29 26 -74 62 -61 80 104 -11 -3 99 36 63 36 -15 -2 39 
15 -36 43 -86 17 -99 -90 51 -37 -92 -59 -42 -26 29 -13 -37 
1 39 0 97 25 97 68 -94 32 34 Input angle :82
Zaxis angle :0 
minval :0 

minval :0 



31 3 -5 31 -31 -7 9 -30 28 12 -15 28 -26 -17 19 -24 
-13 26 -49 29 -44 63 106 13 -2 71 20 40 12 -2 -9 30 
2 -29 32 -47 13 -75 -102 32 -26 -66 -34 -28 -10 7 -6 -31 
9 27 -10 56 18 74 76 -74 54 46 43 10 6 -12 17 26 
-20 -21 -15 -55 -47 -60 -43 97 -67 -22 -44 6 0 13 -26 -18 
26 10 34 45 67 37 31 -63 76 -2 Input angle :82
Zaxis angle :0 
minval :0 

minval :0 



13 -23 22 16 -17 21 -19 -19 21 -18 16 22 -23 13 -11 -24 
20 18 16 54 44 61 32 -100 72 31 45 3 4 -20 21 17 
-26 -8 -37 -41 -65 -38 9 105 -78 3 -42 14 4 20 -26 -7 
27 -2 51 22 75 5 -53 -91 71 -33 31 -31 -13 -15 27 -3 
-23 14 -56 1 -71 26 84 64 -48 61 -17 41 18 9 -22 15 
16 -22 50 -24 54 -52 84 -48 34 -19 Input angle :82
Zaxis angle :0 
minval :0 

minval :0 


