
22 12 -14 21 -20 -15 17 -18 16 19 -20 15 -14 -21 22 -12 
-23 24 -48 17 -59 57 90 22 -13 76 3 52 14 -1 -15 21 
13 -30 37 -35 33 -75 -91 15 -19 -75 -23 -46 -12 6 5 -25 
0 33 -20 47 -2 82 80 -46 48 60 40 33 8 -11 4 25 
-14 -29 0 -51 -32 -75 -51 76 -69 -34 -51 -11 -2 13 -15 -20 
25 22 23 45 63 53 55 65 -70 0 Input angle :77
Zaxis angle :0 
minval :0 

minval :0 



16 -20 19 18 -19 17 -16 -20 22 -14 12 23 -24 10 -8 -24 
13 24 16 54 39 52 34 -90 72 26 52 0 -1 -16 17 19 
-20 -17 -35 -44 -55 -34 4 96 -76 3 -49 19 8 14 -23 -11 
26 6 50 25 64 7 -44 -86 68 -35 34 -39 -14 -8 26 0 
-27 4 -56 -3 -63 17 71 64 -47 60 -17 49 16 2 -23 11 
23 -14 52 -21 47 -44 68 112 28 -19 Input angle :82
Zaxis angle :0 
minval :0 

minval :0 



-36 -5 8 -35 34 11 -14 33 -31 -17 20 -30 27 22 -25 25 
20 -33 39 -38 55 -45 -102 -6 1 -68 -29 -38 -5 7 12 -34 
-6 38 -20 51 -30 64 96 -35 24 63 42 23 1 -9 4 35 
-12 -37 -4 -55 1 -71 -68 75 -48 -47 -48 -1 2 9 -16 -32 
26 29 26 48 27 65 30 -98 64 21 44 -17 -5 -8 28 22 
-35 -17 -42 -35 -50 -50 -18 -114 3 1 Input angle :74
Zaxis angle :0 
minval :0 

minval :0 



20 25 -27 18 -15 -29 30 -13 11 31 -32 9 -6 -31 32 -4 
-19 14 -60 -8 -74 19 79 89 -43 58 -3 44 10 10 -28 15 
12 -20 58 -16 60 -48 -110 -44 13 -71 -17 -41 -13 -5 20 -25 
-3 24 -48 38 -34 68 119 1 14 71 31 31 14 0 -6 31 
-6 -22 28 -54 6 -76 -109 49 -42 -58 -41 -15 -13 6 -6 -32 
16 17 -1 61 28 71 3 -15 55 8 Input angle :74
Zaxis angle :0 
minval :0 

minval :0 



-15 25 -23 -17 19 -22 20 21 -23 17 -15 -24 25 -13 11 26 
-27 -22 -7 -62 -29 -57 -73 86 -61 -12 -45 13 2 6 -21 -18 
33 11 34 53 51 38 28 -110 60 -12 33 -31 -4 -4 28 8 
-34 5 -52 -36 -63 -13 20 111 -50 36 -19 42 6 2 -28 3 
29 -18 62 11 63 -12 -63 -93 33 -52 2 -46 -6 0 24 -14 
-18 29 -61 16 -52 37 -18 15 -125 15 Input angle :77
Zaxis angle :0 
minval :0 

minval :0 



-25 10 -9 -26 26 -6 4 27 -27 1 0 -27 27 2 -5 26 
0 -38 45 -41 18 -57 -102 12 -42 -59 -44 -37 -11 11 -6 -26 
15 35 -23 57 6 59 87 -52 63 36 55 17 4 -15 17 21 
-29 -24 -2 -61 -30 -51 -58 84 -72 -9 -57 8 2 16 -24 -12 
37 10 29 54 50 32 15 -101 68 -22 49 -31 -8 -13 27 2 
-38 4 -47 -38 -59 -10 40 -113 33 12 Input angle :77
Zaxis angle :0 
minval :0 

minval :0 



-13 42 -40 -17 21 -39 37 23 -26 35 -33 -29 31 -31 27 33 
-5 -47 13 -96 -28 -92 -72 75 -73 -66 -90 -23 -30 33 -40 -18 
22 41 26 93 63 73 38 -97 94 30 91 -18 13 -42 44 0 
-39 -25 -65 -72 -89 -38 9 104 -98 11 -76 54 4 44 -40 17 
46 8 88 40 97 1 -49 -92 87 -47 46 -81 -22 -38 30 -32 
-46 9 -97 -3 -89 37 43 46 21 40 Input angle :238
Zaxis angle :0 
minval :0 

minval :0 



13 -39 38 16 -18 36 -34 -22 25 -32 31 27 -30 29 -25 -31 
39 -17 1 58 -35 -42 -17 107 -97 -12 -46 -19 5 65 37 19 
-28 32 -27 -51 51 19 -32 -104 91 -36 49 -6 -33 -56 -42 0 
10 -42 46 35 -55 2 73 81 -67 71 -42 24 54 37 37 -18 
9 42 -56 -12 48 -26 -102 -38 28 -94 27 -41 -65 -12 -27 31 
-26 -34 56 -12 -32 44 47 -32 122 24 Input angle :103
Zaxis angle :0 
minval :0 

minval :0 



-39 -30 33 -36 33 36 -38 31 -28 -41 43 -23 19 45 -46 16 
-4 -44 53 23 -51 24 94 47 -34 88 -35 44 71 18 36 -34 
23 37 -58 5 34 -46 -105 4 -10 -94 11 -55 -71 14 -17 47 
-36 -24 51 -28 -10 56 95 -45 47 83 10 54 58 -43 -4 -50 
43 6 -36 46 -11 -56 -69 80 -76 -57 -32 -46 -35 63 23 44 
-42 10 14 -56 33 47 122 -127 -91 3 Input angle :101
Zaxis angle :0 
minval :0 

minval :0 



35 -35 30 40 -42 26 -23 -44 46 -20 15 47 -48 11 -7 -48 
47 5 -22 64 -11 -57 -85 70 -83 -51 -23 -51 -36 53 27 42 
-45 16 -7 -68 33 48 46 -99 98 14 43 36 7 -63 -42 -26 
35 -32 35 58 -51 -28 3 110 -94 26 -54 -16 18 61 50 7 
-15 45 -58 -35 59 4 -50 -98 74 -64 57 -6 -42 -47 -48 14 
-1 -48 67 12 -54 22 101 -1 -60 22 Input angle :99
Zaxis angle :0 
minval :0 

minval :0 



-23 -44 47 -18 15 47 -48 11 -6 -49 49 -3 -1 49 -49 -6 
21 -39 43 42 -56 -2 54 95 -78 64 -53 23 51 51 49 -12 
-4 44 -58 -18 51 -21 -91 -59 42 -92 39 -43 -67 -24 -38 33 
-15 -41 60 -6 -38 41 108 15 4 100 -17 55 72 -7 19 -47 
31 30 -51 31 16 -54 -105 28 -45 -91 -7 -58 -62 36 0 51 
-42 -13 35 -49 7 55 62 1 -79 15 Input angle :103
Zaxis angle :0 
minval :0 

minval :0 



45 15 -20 43 -40 -24 27 -38 36 30 -32 34 -31 -36 38 -28 
19 44 -68 20 41 -38 -108 -42 20 -98 40 -46 -70 -10 -24 41 
-34 -35 55 -45 -22 52 116 -10 29 95 -17 58 67 -22 3 -48 
47 14 -29 65 -2 -56 -101 57 -62 -79 -13 -59 -52 47 18 44 
-48 6 0 -72 26 50 67 -96 92 38 36 49 26 -66 -35 -32 
40 -26 28 66 -45 -33 106 14 -105 0 Input angle :111
Zaxis angle :0 
minval :0 

minval :0 



-40 -24 27 -38 36 29 -32 34 -31 -35 38 -27 25 40 -41 21 
-6 -50 73 7 -41 38 98 56 -35 97 -36 35 69 18 31 -35 
29 41 -69 24 20 -52 -112 -11 -15 -103 18 -48 -69 11 -12 45 
-43 -27 50 -53 2 56 105 -40 55 87 4 50 57 -41 -7 -47 
50 6 -26 68 -24 -50 -80 79 -82 -62 -24 -44 -36 60 26 38 
-48 15 -4 -73 45 33 -98 -47 -94 3 Input angle :108
Zaxis angle :0 
minval :0 

minval :0 



-13 -45 46 -9 5 47 -47 1 2 -47 47 5 -9 46 -46 -13 
31 -39 45 57 -59 0 40 102 -91 43 -50 4 38 54 48 -6 
-10 48 -65 -33 55 -22 -76 -80 60 -81 43 -27 -56 -34 -41 25 
-10 -48 73 0 -37 45 103 37 -21 99 -26 43 65 7 27 -40 
28 40 -67 28 18 -56 -109 13 -23 -99 6 -51 -63 19 -8 47 
-43 -23 50 -53 9 58 -4 16 21 20 Input angle :108
Zaxis angle :0 
minval :0 

minval :0 



-28 -38 41 -25 22 43 -44 18 -13 -46 47 -10 7 47 -47 4 
8 -47 62 39 -55 18 77 78 -60 79 -42 24 53 36 43 -23 
11 45 -74 -7 42 -39 -100 -42 24 -96 28 -40 -63 -10 -27 40 
-30 -36 70 -24 -20 54 109 -4 21 97 -8 48 62 -17 9 -48 
42 20 -53 51 -3 -58 -97 51 -59 -79 -12 -47 -48 42 10 47 
-47 -1 27 -68 26 52 98 97 71 11 Input angle :103
Zaxis angle :0 
minval :0 

minval :0 



-48 10 -7 -49 49 -3 1 49 -49 -2 7 -49 47 12 -16 46 
-40 -24 62 -45 -12 55 107 -27 44 87 1 50 57 -29 -1 -50 
47 5 -36 69 -15 -55 -81 76 -80 -57 -25 -43 -34 55 25 43 
-44 16 2 -77 38 42 48 -100 96 21 40 30 13 -63 -41 -28 
33 -32 30 71 -51 -24 6 111 -96 21 -49 -10 15 63 49 10 
-17 43 -57 -52 57 0 56 -79 -61 -16 Input angle :106
Zaxis angle :0 
minval :0 

minval :0 



11 -49 48 15 -19 46 -44 -23 26 -43 40 29 -33 37 -34 -36 
39 -17 12 76 -44 -35 -17 110 -97 -6 -48 -19 1 65 46 20 
-27 32 -49 -59 56 11 -33 -105 89 -39 52 -1 -29 -57 -50 0 
9 -42 69 34 -56 11 72 84 -62 74 -47 22 50 42 45 -22 
8 42 -77 -2 45 -34 -102 -42 28 -93 32 -40 -63 -14 -32 39 
-25 -35 71 -30 -27 50 55 0 46 24 Input angle :108
Zaxis angle :0 
minval :0 

minval :0 



-40 -31 35 -36 33 39 -42 28 -24 -45 46 -21 17 47 -48 15 
7 -49 76 22 -53 23 82 67 -55 78 -38 31 53 32 39 -32 
17 46 -79 10 37 -44 -101 -29 13 -95 20 -45 -61 -5 -20 47 
-34 -36 66 -43 -14 56 104 -15 26 92 1 49 58 -21 0 -51 
46 17 -40 68 -10 -56 -84 63 -65 -71 -21 -44 -45 42 21 46 
-49 4 9 -78 32 48 101 49 16 9 Input angle :106
Zaxis angle :0 
minval :0 

minval :0 



33 40 -42 30 -27 -45 47 -22 18 49 -51 13 -9 -52 52 -6 
-15 47 -75 -32 57 -17 -62 -83 68 -72 46 -20 -46 -41 -46 26 
-7 -49 83 -5 -46 39 94 44 -29 95 -33 38 59 19 29 -44 
26 41 -73 38 25 -55 -104 -1 -15 -99 14 -48 -62 8 -7 53 
-42 -26 50 -65 0 60 98 -36 55 83 9 49 52 -34 -14 -51 
49 4 -14 81 -27 -53 -84 14 -50 -14 Input angle :106
Zaxis angle :0 
minval :0 

minval :0 



-14 -45 46 -10 6 46 -47 3 1 -47 47 6 -9 46 -46 -12 
31 -39 50 54 -59 -11 35 101 -84 53 -53 4 34 57 48 -5 
-12 48 -68 -27 57 -16 -70 -81 58 -81 48 -24 -54 -39 -42 23 
-8 -49 73 -3 -45 39 99 41 -15 99 -33 42 65 14 26 -40 
29 41 -64 35 25 -53 -107 3 -24 -96 12 -52 -65 15 -6 47 
-43 -25 41 -60 0 59 11 -31 122 18 Input angle :106
Zaxis angle :0 
minval :0 

minval :0 



40 31 -33 38 -35 -36 40 -30 27 43 -45 23 -19 -47 48 -16 
6 51 -75 -5 53 -27 -89 -60 31 -91 31 -37 -58 -19 -37 35 
-27 -44 70 -24 -35 48 107 11 11 95 -13 47 60 -11 20 -46 
44 26 -55 50 12 -58 -103 30 -47 -84 -6 -49 -51 33 1 51 
-51 -5 31 -68 14 58 81 -71 79 54 26 41 36 -49 -22 -46 
50 -13 2 75 -35 -48 -125 126 -48 -5 Input angle :106
Zaxis angle :0 
minval :0 

minval :0 



31 -33 30 35 -37 27 -25 -38 40 -21 18 41 -43 14 -10 -44 
49 2 -20 70 -17 -55 -69 80 -88 -45 -35 -36 -25 59 28 37 
-46 17 -10 -72 40 41 26 -102 99 2 47 18 -1 -64 -41 -22 
33 -37 42 59 -52 -22 19 103 -92 37 -51 5 29 57 46 2 
-14 47 -65 -33 57 -6 -61 -85 64 -75 44 -24 -49 -40 -43 16 
-4 -49 73 7 -51 26 -103 -113 9 24 Input angle :103
Zaxis angle :0 
minval :0 

minval :0 



37 -31 28 39 -42 25 -21 -44 46 -16 12 47 -48 7 -4 -48 
48 11 -30 64 -11 -55 -72 72 -80 -52 -32 -42 -35 56 24 43 
-49 10 0 -71 33 45 33 -96 95 17 47 25 7 -65 -40 -28 
41 -28 29 64 -49 -27 10 101 -93 27 -53 -1 20 62 49 8 
-23 44 -52 -48 57 3 -51 -88 72 -63 49 -19 -47 -46 -47 12 
2 -50 68 19 -52 22 111 -97 83 22 Input angle :99
Zaxis angle :0 
minval :0 

minval :0 



-30 -43 45 -26 23 46 -48 20 -16 -50 51 -12 8 52 -52 3 
15 -47 57 29 -52 7 74 86 -64 78 -47 20 53 41 47 -24 
6 49 -64 -5 44 -29 -102 -49 22 -98 33 -40 -67 -10 -31 42 
-26 -42 60 -24 -29 44 113 1 15 100 -15 49 66 -13 13 -51 
41 27 -44 47 6 -52 -103 49 -59 -82 -8 -51 -52 42 12 51 
-49 -7 22 -61 15 51 99 -111 61 12 Input angle :108
Zaxis angle :0 
minval :0 

minval :0 



25 43 -46 21 -17 -47 48 -14 12 49 -50 7 -2 -51 50 1 
-7 50 -59 -28 51 -9 -77 -79 54 -85 47 -27 -63 -34 -48 19 
-14 -48 65 1 -44 27 104 39 -11 99 -30 44 72 7 35 -37 
32 38 -59 26 28 -44 -111 3 -31 -96 8 -53 -69 22 -14 49 
-46 -20 42 -49 -2 52 96 -55 71 71 15 51 49 -52 -6 -51 
50 -2 -18 62 -16 -49 125 -66 90 -8 Input angle :106
Zaxis angle :0 
minval :0 

minval :0 



44 -10 5 44 -45 1 2 -45 45 7 -10 44 -43 -14 17 -42 
37 34 -62 40 16 -47 -103 25 -45 -97 2 -45 -67 34 2 46 
-49 -14 37 -64 6 50 82 -68 83 67 18 41 45 -60 -22 -40 
51 -7 -5 74 -28 -42 -36 99 -105 -24 -34 -31 -12 74 37 27 
-42 29 -27 -68 43 27 -3 -106 106 -20 43 14 -20 -73 -45 -9 
26 -44 52 52 -50 -7 -102 30 115 15 Input angle :108
Zaxis angle :0 
minval :0 

minval :0 



-41 -22 25 -39 37 28 -30 34 -32 -34 37 -27 24 39 -41 21 
-8 -50 71 6 -45 29 91 36 -21 91 -27 32 64 5 30 -36 
27 43 -67 25 27 -46 -97 9 -19 -91 10 -40 -61 22 -12 45 
-43 -27 50 -50 -4 54 85 -49 55 76 9 40 46 -45 -10 -46 
51 5 -21 67 -19 -50 -55 81 -85 -39 -24 -34 -20 61 28 37 
-49 16 -8 -70 37 39 120 113 20 1 Input angle :108
Zaxis angle :0 
minval :0 

minval :0 



41 21 -25 39 -36 -28 31 -34 31 34 -36 28 -25 -38 40 -21 
8 52 -72 -5 38 -28 -98 -38 22 -102 29 -32 -68 -9 -27 38 
-31 -43 68 -25 -23 41 106 -1 25 101 -12 41 66 -16 11 -46 
46 27 -49 53 2 -47 -95 46 -64 -82 -5 -43 -52 45 10 46 
-53 -5 24 -68 16 45 64 -84 95 42 24 36 26 -63 -28 -36 
49 -20 6 72 -36 -31 95 46 56 0 Input angle :108
Zaxis angle :0 
minval :0 

minval :0 



-34 29 -27 -37 39 -24 20 41 -43 16 -12 -44 45 -8 5 46 
-51 -9 35 -63 15 53 78 -72 81 58 22 39 38 -54 -23 -40 
50 -11 -7 72 -37 -41 -37 99 -99 -17 -38 -25 -10 66 39 26 
-40 33 -25 -68 50 23 -11 -106 97 -26 45 6 -21 -64 -46 -5 
20 -48 52 51 -55 3 54 92 -75 67 -43 12 44 50 45 -13 
0 52 -68 -24 49 -24 -99 -64 -96 -24 Input angle :103
Zaxis angle :0 
minval :0 

minval :0 



-39 -27 29 -37 34 32 -35 31 -27 -38 41 -23 19 43 -44 16 
0 -51 73 21 -50 26 83 62 -43 89 -32 31 55 24 34 -33 
20 46 -76 10 34 -46 -102 -16 1 -98 17 -41 -60 -2 -19 44 
-37 -34 67 -37 -14 55 100 -24 41 89 3 45 54 -25 -1 -47 
49 15 -44 63 -10 -56 -83 62 -76 -62 -21 -39 -40 44 22 42 
-50 9 11 -76 36 44 -124 17 38 5 Input angle :103
Zaxis angle :0 
minval :0 

minval :0 



-43 -16 19 -41 39 23 -28 37 -34 -30 33 -31 28 36 -38 25 
-17 -48 76 -4 -37 39 104 25 -8 96 -23 44 64 3 25 -39 
35 37 -68 34 18 -51 -105 20 -31 -91 5 -50 -58 26 -6 46 
-48 -15 46 -60 4 54 87 -61 69 66 18 46 42 -47 -14 -44 
51 -5 -11 74 -29 -45 -48 95 -90 -33 -36 -34 -19 60 33 32 
-44 26 -18 -74 43 32 -126 -15 48 -2 Input angle :108
Zaxis angle :0 
minval :0 

minval :0 



-41 -26 28 -39 37 32 -35 35 -31 -37 40 -28 23 43 -44 20 
-11 -47 75 1 -46 30 97 42 -21 95 -29 39 62 11 30 -38 
32 37 -69 29 29 -46 -106 0 -21 -95 10 -47 -61 16 -14 47 
-44 -21 49 -56 -6 54 93 -49 56 79 9 48 50 -39 -7 -49 
49 1 -21 72 -16 -52 -67 82 -86 -46 -29 -38 -29 56 28 41 
-46 19 -10 -74 38 39 -122 -47 -108 1 Input angle :106
Zaxis angle :0 
minval :0 

minval :0 



49 -2 -2 49 -49 -5 9 -48 47 12 -15 46 -44 -20 24 -42 
37 32 -63 35 18 -50 -107 26 -38 -85 1 -49 -61 31 -4 49 
-48 -11 45 -57 3 53 87 -66 72 60 18 45 41 -54 -15 -47 
48 -9 -14 71 -26 -47 -49 98 -89 -25 -36 -33 -15 66 33 37 
-40 28 -15 -71 44 30 0 -109 92 -15 47 15 -13 -67 -46 -18 
23 -44 47 55 -53 -8 -43 -66 77 14 Input angle :103
Zaxis angle :0 
minval :0 

minval :0 



-8 48 -46 -13 16 -46 44 20 -25 42 -39 -28 31 -36 34 34 
-43 22 -19 -73 42 32 7 -113 96 -6 48 16 -9 -68 -46 -18 
28 -40 45 61 -53 -8 43 105 -84 46 -50 4 39 56 49 -4 
-9 48 -71 -29 52 -14 -80 -80 58 -77 45 -23 -58 -36 -42 25 
-12 -47 76 0 -41 34 107 38 -17 95 -28 42 68 9 27 -41 
32 37 -70 30 23 -48 -92 79 63 -24 Input angle :108
Zaxis angle :0 
minval :0 

minval :0 



0 52 -52 -2 6 -51 51 10 -15 49 -48 -19 23 -46 44 25 
-26 20 -27 -59 51 32 -18 -107 87 -39 50 2 -23 -58 -52 -7 
16 -28 49 41 -60 -6 62 89 -64 70 -47 17 45 44 50 -14 
-1 33 -62 -19 58 -15 -92 -56 32 -90 33 -37 -61 -18 -39 34 
-12 -31 65 -8 -45 40 107 14 11 95 -15 47 63 -7 21 -48 
24 22 -53 37 24 -56 46 79 -28 -21 Input angle :103
Zaxis angle :0 
minval :0 

minval :0 



51 -10 6 51 -51 2 2 -52 52 6 -10 51 -49 -14 18 -48 
27 39 -51 21 20 -57 -95 38 -35 -86 -14 -55 -50 35 1 52 
-41 -25 35 -42 6 60 69 -77 70 62 36 44 31 -52 -22 -47 
48 4 -17 53 -34 -50 -31 98 -90 -24 -52 -23 -4 61 42 30 
-45 14 -9 -54 51 32 -10 -102 93 -12 58 0 -19 -59 -51 -10 
34 -34 31 46 -60 -8 -49 94 -34 13 Input angle :102
Zaxis angle :0 
minval :0 

minval :0 



-38 29 -27 -40 42 -23 19 44 -45 15 -11 -47 47 -8 3 47 
-43 -7 30 -55 7 63 74 -71 78 51 24 39 35 -53 -21 -44 
42 -12 -5 62 -32 -55 -41 94 -93 -13 -38 -24 -7 64 40 28 
-33 29 -21 -58 54 32 -5 -102 90 -22 45 6 -18 -62 -48 -9 
18 -40 45 43 -63 -9 49 89 -69 63 -43 14 42 49 47 -12 
0 44 -60 -18 61 -17 -106 48 -127 -22 Input angle :106
Zaxis angle :0 
minval :0 

minval :0 



-17 38 -36 -21 24 -35 32 27 -29 30 -27 -32 35 -24 21 36 
-36 14 -3 -60 33 44 29 -101 101 4 44 25 -1 -68 -36 -24 
26 -28 29 53 -48 -26 18 103 -93 38 -51 -2 30 60 42 7 
-11 37 -50 -35 55 1 -64 -83 69 -73 47 -18 -52 -42 -41 12 
-5 -39 60 10 -51 22 94 47 -29 97 -36 36 66 14 33 -27 
21 33 -58 16 36 -42 -58 -113 -51 -26 Input angle :106
Zaxis angle :0 
minval :0 

minval :0 



24 -36 33 27 -30 31 -28 -33 35 -25 22 37 -39 19 -17 -39 
38 -5 -3 50 -25 -48 -49 103 -98 -20 -38 -41 -13 76 31 31 
-33 19 -19 -45 42 34 0 -115 97 -24 53 18 -20 -75 -41 -17 
21 -32 37 33 -54 -9 49 104 -76 65 -56 3 50 59 44 -2 
-5 37 -47 -16 54 -9 -86 -75 43 -90 50 -26 -69 -35 -39 20 
-8 -37 50 -3 -44 32 17 64 43 25 Input angle :108
Zaxis angle :0 
minval :0 

minval :0 



-40 -14 17 -39 38 19 -22 36 -34 -25 28 -32 29 32 -33 27 
-14 -32 52 -15 -40 31 116 29 3 103 -34 42 76 -3 21 -38 
26 23 -41 36 24 -45 -117 22 -47 -91 13 -52 -69 32 -2 44 
-33 -11 23 -49 -4 51 98 -69 79 66 11 53 44 -61 -17 -40 
35 -4 1 54 -19 -47 -58 105 -100 -24 -32 -43 -15 74 32 29 
-29 19 -24 -48 38 34 -109 113 119 -7 Input angle :134
Zaxis angle :25 
minval :0 

minval :0 



38 -27 23 41 -43 19 -16 -45 45 -13 10 46 -47 5 -1 -47 
28 17 -30 44 -3 -63 -72 87 -77 -46 -31 -43 -29 62 21 43 
-33 -4 8 -54 30 56 27 -110 91 7 46 27 -1 -69 -37 -30 
32 -9 15 52 -52 -36 23 110 -85 30 -53 -5 28 63 46 11 
-24 22 -37 -39 63 12 -65 -92 63 -64 50 -19 -53 -43 -47 10 
13 -30 50 22 -62 15 -120 47 119 21 Input angle :103
Zaxis angle :0 
minval :0 

minval :0 



-22 -42 44 -18 15 46 -46 11 -7 -47 48 -2 -2 48 -47 -5 
12 -37 55 32 -57 -1 71 80 -56 74 -40 24 53 37 46 -14 
6 38 -63 -8 52 -24 -97 -46 21 -90 26 -38 -63 -16 -36 32 
-20 -33 61 -16 -37 43 107 0 18 91 -8 45 63 -16 18 -45 
34 20 -45 43 15 -55 -94 50 -54 -75 -10 -45 -50 40 0 49 
-38 -6 25 -58 7 57 82 33 -25 9 Input angle :103
Zaxis angle :0 
minval :0 

minval :0 



37 11 -14 35 -34 -17 20 -32 31 22 -25 28 -26 -28 29 -24 
18 32 -59 11 42 -32 -114 -29 -2 -105 34 -38 -74 -2 -18 34 
-30 -21 49 -35 -25 47 117 -17 45 95 -14 50 68 -30 1 -39 
36 8 -28 54 2 -52 -96 67 -81 -67 -8 -50 -49 56 14 36 
-36 9 2 -61 20 49 58 -102 101 27 29 42 20 -72 -29 -26 
28 -24 21 57 -38 -37 99 -34 -25 4 Input angle :111
Zaxis angle :0 
minval :0 

minval :0 



-26 -33 36 -23 19 39 -40 15 -13 -41 43 -9 5 42 -43 3 
12 -43 61 31 -49 3 64 95 -74 77 -46 3 54 50 39 -20 
6 44 -69 -4 44 -21 -98 -60 31 -101 39 -25 -72 -21 -27 35 
-25 -36 64 -26 -29 39 114 17 9 105 -25 39 74 -12 10 -43 
37 24 -51 47 13 -47 -110 32 -53 -92 8 -46 -63 40 9 43 
-44 -5 24 -65 8 48 109 49 -2 13 Input angle :111
Zaxis angle :0 
minval :0 

minval :0 



29 -38 35 32 -35 33 -29 -38 41 -26 22 43 -43 19 -15 -45 
45 5 -29 66 -30 -57 -56 92 -84 -45 -36 -28 -21 62 31 37 
-43 15 -2 -72 51 39 12 -107 96 7 44 12 -6 -66 -45 -18 
33 -31 32 64 -62 -14 33 102 -88 37 -44 10 36 55 48 -3 
-16 43 -56 -45 63 -12 -71 -81 67 -68 37 -26 -54 -38 -43 21 
-3 -46 69 20 -51 39 -121 -33 -68 22 Input angle :103
Zaxis angle :0 
minval :0 

minval :0 



-39 22 -20 -40 42 -17 13 43 -44 8 -4 -45 45 -2 -1 45 
-44 -14 44 -51 8 55 87 -64 70 74 20 38 45 -47 -17 -42 
45 -9 -17 65 -30 -47 -54 94 -95 -36 -34 -27 -22 61 31 32 
-38 25 -12 -67 47 28 7 -108 101 -8 42 8 -6 -65 -43 -13 
23 -39 41 54 -55 -5 39 101 -89 48 -43 10 35 55 45 -3 
-3 46 -60 -32 52 -18 -28 32 -104 -22 Input angle :103
Zaxis angle :0 
minval :0 

minval :0 



-35 20 -17 -37 39 -13 10 39 -40 6 -3 -41 41 0 -2 41 
-38 -13 35 -63 2 52 103 -50 72 80 4 46 56 -49 -14 -39 
41 -5 -7 71 -22 -47 -72 89 -99 -41 -22 -40 -31 67 29 29 
-34 23 -21 -69 40 34 30 -111 107 -5 38 27 2 -75 -39 -15 
23 -33 46 54 -50 -13 21 113 -93 53 -45 -9 31 68 42 -2 
-4 41 -67 -26 51 -10 0 17 5 -22 Input angle :112
Zaxis angle :0 
minval :0 

minval :0 



-5 -41 40 -1 -3 40 -41 -5 8 -40 38 11 -14 38 -36 -16 
19 -27 32 50 -53 -15 32 109 -91 43 -48 -2 30 67 41 2 
-8 32 -50 -33 55 -6 -75 -84 64 -78 44 -20 -56 -46 -37 17 
-7 -32 59 10 -47 29 102 51 -28 97 -32 36 70 18 28 -30 
21 25 -57 18 28 -48 -113 0 -16 -100 12 -47 -72 13 -11 40 
-29 -16 44 -41 -8 55 -17 112 -124 20 Input angle :106
Zaxis angle :0 
minval :0 

minval :0 



-31 -31 33 -28 25 35 -38 22 -18 -40 40 -15 11 41 -42 8 
-3 -37 54 10 -49 16 96 66 -33 93 -34 38 67 19 35 -26 
19 32 -52 14 39 -33 -116 -16 -8 -99 14 -49 -69 8 -22 38 
-30 -22 41 -35 -19 48 111 -33 53 84 7 51 58 -38 2 -44 
36 7 -24 48 -1 -51 -85 79 -81 -57 -26 -44 -39 58 15 41 
-36 9 2 -54 23 46 -118 -127 116 3 Input angle :106
Zaxis angle :0 
minval :0 

minval :0 



0 42 -42 -2 5 -42 41 9 -12 40 -39 -15 18 -37 35 21 
-27 23 -21 -64 52 31 -20 -114 87 -27 52 2 -26 -63 -42 -7 
15 -32 46 50 -60 -5 70 91 -67 62 -47 21 51 44 41 -12 
0 35 -62 -26 56 -21 -100 -56 32 -86 34 -38 -65 -17 -32 27 
-15 -32 67 -4 -42 44 115 8 6 91 -14 50 66 -12 18 -39 
27 23 -58 34 21 -57 69 -17 13 -20 Input angle :103
Zaxis angle :0 
minval :0 

minval :0 



30 33 -35 27 -24 -38 39 -21 17 41 -42 14 -10 -43 44 -7 
-4 38 -60 -31 60 -14 -91 -70 45 -80 41 -28 -60 -29 -38 24 
-12 -37 68 3 -48 38 113 21 -3 91 -22 45 67 -2 24 -39 
26 28 -63 23 27 -55 -112 27 -37 -83 3 -50 -59 31 -4 45 
-36 -14 48 -48 -1 62 89 -72 68 61 19 46 38 -54 -16 -42 
39 -2 -21 64 -23 -57 -96 30 64 -7 Input angle :103
Zaxis angle :0 
minval :0 

minval :0 



-44 7 -3 -44 44 0 -3 44 -44 -7 11 -43 42 15 -18 41 
-38 -25 47 -44 -10 48 112 -28 53 88 -6 46 57 -38 -1 -45 
46 5 -22 60 -10 -48 -93 69 -85 -58 -15 -44 -37 57 19 40 
-43 14 -4 -64 30 39 52 -103 102 16 33 33 10 -67 -34 -29 
34 -31 30 56 -42 -24 -9 115 -100 28 -44 -16 18 65 44 12 
-19 41 -51 -39 49 0 68 -127 -64 -17 Input angle :108
Zaxis angle :0 
minval :0 

minval :0 



46 2 -4 45 -45 -8 13 -43 41 18 -21 40 -38 -25 27 -35 
25 35 -58 28 22 -52 -107 10 -33 -97 4 -41 -64 25 -9 45 
-39 -20 40 -51 2 57 91 -55 70 74 11 40 49 -49 -11 -45 
43 0 -15 63 -26 -50 -57 90 -95 -39 -29 -29 -23 65 28 36 
-40 17 -12 -64 44 35 16 -106 102 -7 39 14 -6 -68 -41 -21 
30 -32 38 53 -55 -13 -105 -66 -44 12 Input angle :103
Zaxis angle :0 
minval :0 

minval :0 



19 41 -42 16 -12 -43 44 -9 6 44 -45 2 0 -45 45 4 
-11 36 -52 -37 61 -3 -69 -107 67 -69 57 -9 -47 -50 -44 12 
-4 -38 63 12 -55 27 107 69 -31 90 -48 33 63 28 34 -31 
18 33 -63 14 36 -49 -126 -11 -10 -96 28 -50 -69 5 -18 42 
-31 -22 49 -41 -12 60 122 -37 45 85 -8 57 61 -33 -1 -45 
37 4 -25 58 -13 -60 -65 30 121 -14 Input angle :108
Zaxis angle :0 
minval :0 

minval :0 



-19 40 -38 -22 25 -37 35 28 -30 32 -28 -34 37 -25 23 38 
-42 6 0 -74 36 45 61 -111 100 24 26 40 17 -68 -37 -25 
35 -23 30 67 -52 -24 -12 126 -102 19 -41 -24 13 69 45 6 
-21 36 -57 -47 58 -1 -44 -118 82 -62 47 4 -41 -56 -44 10 
5 -42 70 22 -53 22 90 88 -50 90 -46 13 59 37 36 -27 
12 40 -73 8 38 -44 31 -80 17 -26 Input angle :111
Zaxis angle :0 
minval :0 

minval :0 



-14 -41 42 -10 6 42 -43 2 1 -43 44 6 -8 43 -41 -11 
22 -32 46 51 -58 -10 37 121 -81 55 -51 -9 36 59 43 -7 
-8 38 -62 -28 56 -15 -81 -97 53 -82 49 -14 -55 -41 -37 23 
-10 -38 68 -5 -45 37 116 53 -14 97 -38 33 67 13 26 -35 
22 31 -61 30 27 -52 0 4 -30 -94 21 -47 -66 19 -4 44 
-36 -16 44 -52 -1 59 16 97 -122 17 Input angle :108
Zaxis angle :0 
minval :0 

minval :0 



-31 32 -29 -33 35 -27 24 37 -38 21 -18 -40 42 -14 11 42 
-34 -2 24 -59 19 59 70 -103 82 36 34 44 27 -61 -27 -36 
32 -11 2 64 -43 -45 -21 123 -90 3 -49 -25 2 67 40 21 
-23 24 -29 -57 59 21 -36 -120 79 -40 56 0 -29 -60 -45 -5 
11 -31 50 39 -62 3 77 98 -57 69 -51 20 52 41 42 -16 
3 33 -61 -17 54 -31 81 16 34 -22 Input angle :109
Zaxis angle :39 
minval :0 

minval :0 



-22 39 -37 -25 28 -35 32 31 -33 30 -27 -36 38 -25 22 39 
-38 5 8 -63 34 49 49 -116 94 15 40 38 11 -67 -36 -28 
31 -23 20 60 -51 -31 5 126 -92 24 -52 -18 18 66 44 10 
-19 33 -41 -48 59 8 -62 -111 73 -61 55 -6 -44 -52 -44 9 
2 -38 58 24 -56 19 99 79 -39 87 -48 28 62 28 36 -28 
14 35 -63 3 43 -41 -8 31 24 -24 Input angle :108
Zaxis angle :0 
minval :0 

minval :0 



37 32 -35 34 -30 -38 40 -27 24 42 -44 20 -16 -46 46 -13 
1 39 -61 -28 55 -22 -98 -74 37 -88 44 -30 -64 -24 -38 32 
-18 -35 67 -2 -41 42 121 24 0 96 -27 45 68 -3 22 -44 
30 24 -60 28 18 -56 -118 34 -46 -84 1 -53 -59 34 -1 49 
-37 -9 43 -51 6 58 99 -73 71 64 16 51 41 -54 -17 -47 
38 -7 -19 64 -29 -50 -120 -2 57 -6 Input angle :103
Zaxis angle :0 
minval :0 

minval :0 



3 52 -53 -1 4 -52 52 7 -12 51 -50 -16 21 -48 45 25 
-21 27 -29 -60 54 26 -23 -124 83 -38 56 4 -27 -59 -53 -5 
6 -34 51 42 -60 1 72 105 -61 68 -52 19 49 43 50 -16 
8 33 -64 -18 54 -26 -107 -68 27 -87 41 -38 -63 -17 -38 37 
-22 -27 66 -11 -37 48 126 11 15 90 -19 52 64 -12 19 -50 
31 16 -55 37 16 -58 29 -17 -21 -19 Input angle :103
Zaxis angle :0 
minval :0 

minval :0 



-17 -48 50 -14 9 51 -51 6 -1 -52 52 3 -8 51 -50 -11 
9 -33 43 53 -60 -7 63 102 -67 61 -54 18 44 46 52 -8 
4 33 -61 -29 57 -20 -101 -66 37 -83 42 -39 -60 -23 -42 31 
-17 -29 68 0 -43 42 119 19 0 91 -20 54 64 -6 25 -45 
29 17 -62 28 20 -57 -115 35 -38 -83 -2 -57 -57 29 -4 52 
-32 -5 46 -50 3 61 38 -127 -3 13 Input angle :103
Zaxis angle :0 
minval :0 

minval :0 



-46 29 -26 -48 49 -22 19 51 -52 15 -9 -54 54 -4 1 54 
-29 -13 47 -49 3 63 88 -79 71 51 24 50 40 -52 -23 -50 
32 0 -19 65 -30 -56 -43 110 -86 -18 -45 -33 -12 65 42 35 
-29 14 -12 -67 51 36 -1 -119 86 -19 55 10 -16 -63 -54 -12 
20 -25 37 58 -62 -13 54 105 -70 52 -54 12 40 51 54 -10 
-8 31 -57 -36 61 -15 -108 -32 -26 -21 Input angle :103
Zaxis angle :0 
minval :0 

minval :0 



-30 -41 44 -25 21 46 -48 17 -13 -49 49 -10 5 50 -50 0 
16 -29 52 43 -59 15 74 86 -65 66 -44 20 51 41 46 -22 
-1 33 -64 -20 48 -37 -103 -49 29 -87 32 -36 -64 -14 -30 41 
-11 -31 67 -9 -29 54 114 0 9 92 -14 47 65 -12 13 -50 
24 23 -57 35 -1 -61 -106 44 -46 -79 -6 -48 -53 39 8 50 
-31 -11 34 -58 23 56 51 -63 -91 12 Input angle :103
Zaxis angle :0 
minval :0 

minval :0 



9 48 -48 6 -1 -48 49 1 -5 48 -47 -10 14 -47 45 17 
-21 28 -35 -51 60 3 -39 -113 86 -44 52 -1 -36 -62 -50 0 
6 -34 54 30 -57 21 87 81 -62 75 -46 23 58 42 44 -22 
8 34 -62 -3 41 -43 -111 -44 23 -94 30 -42 -71 -11 -31 38 
-22 -27 57 -25 -19 57 119 -12 23 94 -11 51 68 -20 13 -47 
32 14 -42 45 -8 -59 17 95 -49 -20 Input angle :108
Zaxis angle :0 
minval :0 

minval :0 



-49 -10 13 -49 47 17 -22 45 -43 -27 30 -40 36 34 -36 34 
-22 -46 74 -19 -31 53 111 43 -13 101 -33 36 65 10 21 -46 
38 33 -58 50 7 -61 -119 7 -35 -95 13 -47 -63 18 0 51 
-49 -13 33 -69 20 58 104 -58 71 71 7 48 49 -43 -21 -45 
50 -10 -1 76 -41 -45 -70 97 -95 -35 -27 -40 -28 59 39 32 
-40 31 -35 -68 58 20 -108 65 -113 -3 Input angle :108
Zaxis angle :0 
minval :0 

minval :0 



40 26 -29 37 -35 -32 35 -33 30 37 -39 27 -23 -42 43 -20 
12 47 -68 -10 42 -28 -108 -68 18 -98 42 -32 -68 -19 -31 37 
-30 -37 65 -21 -25 43 127 17 16 98 -28 45 70 -10 14 -47 
44 20 -51 45 3 -50 -124 31 -50 -86 5 -53 -59 38 7 48 
-48 0 27 -63 16 47 98 -83 86 50 16 52 33 -62 -25 -41 
45 -19 2 68 -35 -35 111 -18 -94 -3 Input angle :108
Zaxis angle :0 
minval :0 

minval :0 



24 -5 3 24 -25 0 1 -24 24 3 -5 24 -23 -7 8 -23 
18 10 -28 15 7 -23 -63 14 -24 -42 6 -28 -31 16 0 25 
-21 -2 19 -26 2 25 51 -39 40 28 6 28 21 -28 -10 -23 
20 -6 -6 32 -13 -21 -29 58 -48 -6 -18 -23 -7 35 19 16 
-16 14 -8 -31 21 12 3 -65 47 -13 26 13 -9 -34 -24 -6 
8 -19 20 25 -24 -3 -38 126 -95 16 Input angle :92
Zaxis angle :0 
minval :0 

minval :0 



-6 -46 47 -1 -1 47 -46 -5 9 -46 45 12 -17 44 -42 -19 
28 -36 34 60 -46 -10 21 127 -90 43 -54 -16 33 63 47 1 
-10 45 -55 -40 47 -9 -73 -106 64 -77 55 -7 -57 -40 -43 19 
-11 -45 67 12 -37 29 109 68 -25 97 -47 30 69 14 31 -36 
30 36 -66 15 20 -43 0 -11 -23 -97 29 -47 -69 17 -12 46 
-42 -19 51 -46 0 47 -17 0 56 20 Input angle :108
Zaxis angle :0 
minval :0 

minval :0 



-21 -8 9 -20 19 12 -13 18 -17 -15 16 -15 14 18 -18 12 
-7 -20 38 -3 -17 17 60 23 -4 51 -18 16 33 0 13 -19 
16 14 -34 17 8 -22 -64 1 -16 -49 9 -23 -29 14 -1 23 
-21 -5 23 -31 1 24 55 -33 37 35 1 24 19 -26 -8 -21 
21 -3 -7 38 -12 -21 -37 52 -48 -17 -11 -21 -6 32 16 16 
-18 12 -7 -37 20 13 -102 -47 28 -3 Input angle :108
Zaxis angle :0 
minval :0 

minval :0 



-16 -19 20 -15 13 21 -22 11 -9 -24 24 -6 5 25 -24 3 
4 -22 33 14 -23 11 47 44 -23 45 -25 13 29 15 22 -12 
5 21 -36 1 15 -21 -62 -20 3 -50 16 -23 -33 0 -14 21 
-14 -17 32 -16 -6 25 64 -8 17 46 -6 27 30 -12 5 -25 
20 9 -22 27 -5 -25 -56 32 -35 -35 -6 -28 -20 26 6 24 
-22 0 7 -35 15 21 -125 113 -117 7 Input angle :108
Zaxis angle :0 
minval :0 

minval :0 



-13 -44 45 -10 6 45 -46 3 0 -46 45 4 -8 45 -44 -12 
28 -31 56 57 -60 -1 55 104 -85 59 -44 10 40 50 46 -6 
-12 40 -75 -26 55 -25 -93 -73 53 -89 35 -28 -57 -29 -39 25 
-5 -41 79 -7 -38 46 115 23 -10 103 -19 40 64 1 24 -40 
22 36 -69 40 14 -59 -116 25 -39 -96 0 -45 -59 24 -6 46 
-34 -24 47 -63 11 60 40 1 42 18 Input angle :108
Zaxis angle :14 
minval :0 

minval :0 



-36 31 -27 -39 40 -24 20 43 -45 16 -12 -45 46 -9 5 47 
-39 -10 20 -58 28 58 83 -99 77 52 26 46 33 -58 -24 -42 
40 -5 3 62 -51 -39 -28 125 -92 -12 -44 -28 -3 67 39 27 
-34 22 -30 -55 62 15 -18 -127 89 -24 52 8 -23 -62 -47 -7 
22 -34 50 36 -63 10 75 104 -69 61 -50 16 48 46 47 -12 
-5 40 -61 -14 51 -38 -105 64 -100 -22 Input angle :108
Zaxis angle :0 
minval :0 

minval :0 



-3 25 -25 -5 8 -25 24 10 -11 23 -22 -13 15 -21 20 16 
-19 7 -9 -32 30 11 6 -65 48 -5 23 10 -5 -34 -25 -8 
15 -15 21 25 -33 0 20 62 -42 24 -25 0 17 29 26 -2 
-7 20 -30 -14 29 -14 -46 -46 26 -40 23 -10 -30 -17 -22 14 
-1 -21 33 0 -19 26 61 23 -8 48 -16 19 34 3 13 -22 
11 18 -31 14 6 -32 -122 31 -114 -24 Input angle :108
Zaxis angle :0 
minval :0 

minval :0 



24 43 -44 20 -16 -46 48 -12 7 49 -49 2 1 -49 48 5 
-30 40 -56 -42 60 -24 -67 -107 82 -59 43 -10 -42 -47 -48 15 
11 -50 69 17 -46 46 104 71 -54 86 -36 26 58 26 37 -34 
11 49 -70 12 23 -60 -125 -20 10 -102 19 -40 -64 3 -18 46 
-30 -40 58 -40 4 66 123 -31 32 97 -1 44 57 -28 -2 -50 
44 25 -33 62 -34 -56 -42 94 -38 -19 Input angle :108
Zaxis angle :0 
minval :0 

minval :0 



4 47 -47 0 3 -47 47 6 -11 46 -45 -16 18 -44 42 21 
-46 22 -33 -62 67 4 -4 0 100 -20 42 9 -21 -64 -48 -2 
30 -40 55 43 -62 24 60 113 -83 58 -42 10 45 50 45 -16 
-11 50 -69 -16 48 -46 -103 -76 55 -86 35 -25 -63 -26 -32 35 
-9 -50 69 -14 -20 64 125 30 -8 101 -20 38 68 -3 13 -46 
31 40 -55 44 -10 -66 93 -81 -107 -24 Input angle :106
Zaxis angle :0 
minval :0 

minval :0 



-16 49 -47 -20 24 -45 43 28 -31 40 -37 -35 38 -34 31 40 
-47 0 7 -72 54 32 51 -117 93 36 37 27 14 -64 -44 -26 
44 -18 27 67 -62 -6 0 127 -100 6 -44 -11 11 64 52 3 
-33 34 -51 -50 61 -18 -51 -117 87 -50 45 -9 -37 -54 -49 16 
14 -45 67 27 -47 41 98 82 -57 82 -36 28 57 32 37 -36 
8 47 -72 5 24 -58 71 -16 39 -25 Input angle :108
Zaxis angle :0 
minval :0 

minval :0 



1 58 -58 -3 8 -57 57 14 -18 55 -53 -23 28 -50 47 33 
-40 10 -13 -69 67 19 -1 -124 88 -5 49 6 -14 -61 -58 -7 
32 -26 43 56 -69 11 58 111 -77 42 -48 16 42 46 56 -16 
-17 38 -61 -34 59 -39 -94 -81 53 -70 37 -34 -55 -28 -45 38 
0 -42 70 5 -36 60 121 28 -17 86 -19 47 63 2 25 -53 
17 38 -66 24 8 -70 -86 -97 105 -22 Input angle :103
Zaxis angle :0 
minval :0 

minval :0 



-34 42 -39 -37 40 -37 35 42 -45 31 -27 -47 49 -23 19 50 
-48 -16 28 -71 43 52 85 -91 76 55 24 38 31 -54 -38 -39 
51 -4 1 78 -62 -30 -39 119 -92 -20 -38 -24 -4 62 52 19 
-44 25 -39 -66 68 1 -13 -124 92 -21 44 6 -20 -59 -55 4 
28 -41 59 49 -64 25 67 105 -74 57 -42 13 43 43 48 -27 
-10 50 -75 -18 45 -51 -83 32 -2 -22 Input angle :106
Zaxis angle :0 
minval :0 

minval :0 



40 -36 32 43 -46 28 -23 -48 51 -18 14 51 -53 10 -6 -53 
45 15 -36 64 -27 -56 -103 76 -76 -61 -10 -38 -37 48 26 47 
-47 4 2 -73 44 43 59 -114 94 25 26 29 9 -60 -45 -30 
41 -24 31 66 -60 -15 -5 0 -96 19 -36 -15 15 59 53 11 
-27 39 -53 -50 61 -8 -47 -119 81 -56 39 -3 -38 -47 -52 13 
8 -47 69 23 -52 33 59 79 58 21 Input angle :113
Zaxis angle :14 
minval :0 

minval :0 



-43 32 -28 -45 47 -23 18 50 -51 14 -9 -53 53 -4 2 53 
-25 -33 58 -50 14 72 101 -63 53 67 26 48 49 -46 -23 -49 
37 18 -36 67 -41 -61 -64 102 -75 -41 -43 -33 -27 63 41 35 
-41 0 -1 -77 64 37 16 -119 85 5 54 11 -1 -68 -52 -15 
39 -15 31 70 -73 -8 31 116 -80 29 -54 11 31 61 53 -10 
-28 30 -57 -52 69 -25 -22 0 50 -16 Input angle :101
Zaxis angle :0 
minval :0 

minval :0 



-29 -33 35 -26 23 37 -40 19 -17 -41 42 -14 10 42 -43 7 
20 -37 62 55 -54 14 60 112 -80 66 -42 10 43 54 38 -24 
-2 43 -80 -21 42 -37 -101 -77 44 -94 33 -27 -61 -32 -25 37 
-16 -39 82 -9 -23 50 125 22 -1 104 -18 39 69 2 6 -44 
31 29 -68 46 -1 -56 -123 32 -41 -96 3 -42 -65 24 13 43 
-41 -13 44 -70 22 51 66 -31 118 16 Input angle :108
Zaxis angle :0 
minval :0 

minval :0 



-26 36 -33 -29 33 -30 28 34 -36 25 -22 -38 41 -17 13 42 
-40 -3 18 -70 30 45 82 -99 93 45 24 33 36 -59 -31 -32 
37 -14 13 71 -48 -26 -33 124 -104 -2 -37 -19 -6 69 41 17 
-29 27 -42 -60 54 4 -22 -126 94 -43 41 1 -24 -65 -45 1 
15 -36 62 38 -52 16 72 106 -70 77 -39 14 49 48 39 -20 
3 40 -72 -7 40 -36 127 0 14 -25 Input angle :106
Zaxis angle :0 
minval :0 

minval :0 



2 -54 54 7 -11 53 -52 -15 20 -49 48 24 -29 45 -43 -32 
43 -5 -1 80 -61 -31 1 116 -90 -1 -44 -8 8 65 54 11 
-36 23 -36 -71 68 -1 -48 -105 84 -33 44 -10 -36 -55 -53 11 
24 -35 61 52 -62 27 86 77 -59 68 -35 28 56 33 42 -34 
-6 43 -77 -20 44 -51 -112 -30 28 -85 18 -41 -65 -8 -23 49 
-12 -41 78 -13 -20 65 59 112 -118 22 Input angle :102
Zaxis angle :0 
minval :0 

minval :0 



-8 -55 56 -5 0 56 -56 -4 9 -55 54 13 -17 53 -51 -20 
48 -23 31 83 -65 -9 4 127 -93 22 -39 -16 24 67 56 -1 
-32 42 -64 -61 62 -18 -55 -114 78 -55 43 -1 -48 -52 -51 23 
12 -52 84 28 -49 43 95 84 -47 83 -38 19 66 26 37 -42 
8 53 -88 6 27 -59 -122 -33 6 -95 26 -33 -71 4 -16 54 
-31 -44 78 -41 2 65 -116 0 68 22 Input angle :108
Zaxis angle :0 
minval :0 

minval :0 



-3 -21 21 -1 0 21 -21 -2 3 -21 21 5 -7 20 -19 -8 
19 -13 12 34 -28 -3 5 65 -50 13 -25 -3 13 29 22 0 
-12 19 -25 -25 27 -8 -37 -54 39 -33 24 -7 -24 -21 -20 8 
1 -23 34 12 -21 18 55 35 -21 47 -18 17 31 8 13 -17 
8 21 -36 3 9 -26 -65 -5 0 -51 9 -23 -32 4 -5 21 
-17 -16 31 -17 1 28 -83 -48 122 23 Input angle :103
Zaxis angle :0 
minval :0 

minval :0 



-46 36 -32 -49 52 -26 21 55 -56 18 -12 -58 59 -7 3 59 
-39 -36 53 -56 25 68 95 -68 59 75 25 37 37 -42 -28 -52 
50 15 -25 73 -51 -51 -50 105 -87 -39 -39 -21 -15 54 47 35 
-51 8 -7 -77 68 23 6 -116 95 -2 44 2 -8 -56 -58 -11 
44 -28 37 68 -72 7 42 109 -88 35 -43 12 30 47 58 -12 
-30 43 -65 -41 62 -37 -9 -16 -114 -19 Input angle :101
Zaxis angle :0 
minval :0 

minval :0 



-22 53 -51 -25 28 -49 46 32 -37 43 -38 -42 45 -35 31 47 
-37 2 9 -73 51 50 36 -120 91 15 44 21 10 -64 -49 -30 
33 -16 22 70 -69 -21 11 125 -90 22 -48 0 19 62 57 6 
-23 29 -48 -55 71 -8 -68 -105 71 -59 44 -20 -42 -50 -55 18 
8 -36 68 28 -61 38 107 65 -38 84 -32 36 59 28 43 -38 
8 36 -74 1 39 -60 -7 95 -66 -24 Input angle :103
Zaxis angle :0 
minval :0 

minval :0 



-8 57 -56 -13 18 -55 52 23 -28 50 -48 -32 36 -45 41 40 
-48 1 2 -91 66 39 30 -112 92 10 40 15 4 -68 -54 -20 
42 -23 36 84 -77 -6 20 115 -86 31 -43 1 23 64 58 -6 
-30 38 -70 -58 73 -25 -69 -94 64 -67 36 -21 -51 -45 -51 29 
7 -48 88 25 -54 56 103 56 -28 88 -26 33 65 19 34 -47 
12 46 -90 14 27 -72 -53 -17 41 -23 Input angle :103
Zaxis angle :0 
minval :0 

minval :0 



-56 -1 5 -56 55 11 -15 54 -52 -20 25 -50 47 30 -33 44 
-13 -52 86 -10 -31 64 108 23 -3 90 -9 40 62 -2 14 -55 
34 41 -74 47 -2 -72 -108 26 -37 -81 -8 -40 -55 31 10 56 
-49 -22 47 -74 28 65 85 -71 66 60 24 33 36 -51 -34 -45 
53 0 -13 86 -53 -48 -50 99 -87 -24 -35 -20 -11 61 50 26 
-49 22 -27 -83 69 18 97 33 -125 -5 Input angle :101
Zaxis angle :0 
minval :0 

minval :0 



23 -10 7 24 -25 5 -3 -25 25 -1 0 26 -26 -2 3 -25 
12 18 -29 17 0 -30 -59 24 -25 -41 -1 -25 -27 20 5 25 
-20 -10 19 -28 12 28 45 -45 39 28 11 22 16 -30 -15 -21 
22 2 -6 33 -22 -20 -23 60 -47 -7 -19 -15 -3 34 23 12 
-21 7 -7 -33 29 7 -4 -64 46 -12 24 6 -11 -32 -26 -1 
16 -16 21 27 -30 5 -25 -18 37 17 Input angle :103
Zaxis angle :0 
minval :0 

minval :0 



4 56 -56 1 2 -56 56 6 -10 55 -54 -16 20 -52 50 25 
-38 16 -19 -66 66 12 -20 -126 87 -35 49 10 -28 -62 -57 -2 
26 -32 47 50 -66 16 71 106 -59 73 -49 11 53 44 52 -21 
-12 39 -63 -27 53 -42 -109 -66 27 -90 40 -31 -66 -16 -38 42 
-5 -41 69 -4 -31 60 127 10 13 93 -22 45 67 -13 17 -54 
23 34 -61 32 2 -67 49 31 43 -20 Input angle :103
Zaxis angle :0 
minval :0 

minval :0 



-27 -5 7 -26 25 10 -12 25 -23 -14 16 -22 21 18 -19 19 
0 -21 32 -1 -16 26 65 16 3 49 -15 20 37 -2 10 -26 
9 18 -29 14 4 -31 -66 11 -22 -43 5 -24 -33 18 1 28 
-17 -12 21 -25 9 29 54 -39 39 29 4 24 23 -30 -14 -24 
20 4 -8 31 -21 -23 -30 59 -48 -11 -15 -20 -8 37 22 16 
-20 5 -6 -31 29 11 -125 -47 101 -6 Input angle :108
Zaxis angle :0 
minval :0 

minval :0 



-48 -25 29 -47 44 33 -37 41 -37 -41 44 -32 27 48 -49 23 
12 -41 67 25 -61 48 105 72 -31 86 -33 32 67 21 34 -44 
7 42 -72 5 36 -67 -127 -18 -10 -91 17 -43 -69 9 -13 54 
-23 -36 60 -39 -2 77 122 -37 46 79 2 46 60 -37 -12 -54 
36 22 -41 59 -27 -72 -98 81 -74 -55 -20 -41 -40 58 34 43 
-42 -5 14 -71 56 52 109 33 -75 3 Input angle :103
Zaxis angle :0 
minval :0 

minval :0 



26 0 -3 26 -25 -4 6 -25 24 8 -10 23 -22 -13 14 -21 
11 18 -33 14 8 -27 -66 -2 -14 -47 10 -24 -32 8 -5 25 
-18 -11 23 -27 3 28 60 -25 33 36 -1 26 25 -22 -7 -25 
21 3 -9 34 -15 -24 -43 50 -46 -18 -10 -24 -12 31 16 20 
-20 6 -5 -35 24 15 17 -63 49 -1 19 17 0 -33 -23 -12 
16 -14 18 30 -28 -5 -101 94 94 11 Input angle :108
Zaxis angle :0 
minval :0 

minval :0 



-3 26 -26 -5 7 -25 25 9 -11 24 -23 -14 15 -22 20 16 
-21 9 -19 -35 30 13 10 -64 49 -4 20 18 -1 -32 -25 -8 
16 -17 32 24 -33 0 16 63 -42 25 -27 -7 15 28 26 -3 
-6 22 -39 -8 30 -14 -42 -50 27 -41 28 -3 -25 -20 -22 15 
-4 -23 39 -8 -20 26 58 29 -7 48 -24 14 32 5 14 -23 
13 19 -32 23 8 -32 -110 -65 32 -24 Input angle :108
Zaxis angle :0 
minval :0 

minval :0 



-50 -23 27 -48 45 33 -36 43 -39 -39 43 -35 32 46 -48 29 
2 -48 55 11 -42 58 120 42 -7 89 -27 35 72 6 33 -46 
15 46 -54 13 14 -70 -126 14 -27 -85 10 -43 -67 25 -9 56 
-33 -35 43 -35 17 70 108 -65 59 66 8 43 52 -50 -15 -54 
44 18 -26 49 -44 -56 -69 106 -85 -28 -27 -35 -24 68 38 42 
-48 3 2 -56 64 32 99 -79 -82 -2 Input angle :103
Zaxis angle :0 
minval :0 

minval :0 



51 23 -27 49 -46 -32 36 -42 40 39 -42 37 -32 -45 47 -29 
-10 64 -74 -6 40 -64 -109 -48 22 -96 30 -24 -64 -17 -31 47 
-16 -63 69 -26 -14 74 119 3 22 96 -18 35 65 -12 8 -56 
43 49 -53 51 -21 -72 -109 47 -60 -77 2 -39 -52 40 17 54 
-61 -24 24 -70 51 55 74 -92 86 48 14 36 32 -58 -35 -44 
65 -2 3 74 -69 -30 118 -82 21 -1 Input angle :108
Zaxis angle :0 
minval :0 

minval :0 



-55 -9 13 -54 54 16 -20 52 -50 -24 27 -48 46 31 -35 42 
-19 -49 58 -20 -12 67 121 0 28 90 -15 42 70 -7 19 -53 
39 35 -43 43 -15 -66 -107 56 -62 -70 -2 -45 -60 38 6 56 
-51 -15 21 -57 41 54 74 -96 84 42 20 40 38 -61 -30 -47 
52 -7 2 61 -62 -29 -31 117 -94 0 -36 -28 -4 71 47 30 
-45 27 -32 -52 68 5 86 33 -34 -11 Input angle :108
Zaxis angle :0 
minval :0 

minval :0 



62 -21 16 64 -65 10 -3 -66 66 1 -6 65 -65 -12 17 -63 
30 30 -50 41 -2 -70 -111 45 -63 -68 1 -44 -58 40 10 66 
-41 -13 28 -58 33 62 82 -87 85 35 18 40 36 -61 -38 -54 
43 -3 0 64 -55 -44 -38 114 -93 2 -33 -29 -6 71 58 32 
-36 22 -29 -57 69 14 -17 -119 80 -45 42 12 -22 -68 -66 -5 
23 -36 51 39 -68 17 28 -49 69 18 Input angle :108
Zaxis angle :0 
minval :0 

minval :0 



50 -16 11 52 -52 9 -5 -52 53 0 -5 53 -52 -10 13 -51 
32 30 -43 40 -9 -68 -111 57 -55 -74 2 -52 -60 36 8 53 
-42 -15 19 -56 34 59 82 -94 81 42 21 48 38 -58 -30 -45 
44 -3 5 59 -57 -37 -30 121 -92 -1 -39 -35 -9 70 46 27 
-37 23 -30 -51 68 9 -19 -124 84 -37 50 15 -23 -66 -53 -5 
25 -36 48 34 -66 20 16 127 -113 17 Input angle :108
Zaxis angle :0 
minval :0 

minval :0 


