
2 59 -59 -3 7 -59 58 11 -16 57 -55 -22 26 -53 50 30 
-40 18 -24 -69 69 12 -3 -126 89 -36 48 13 -19 -67 -59 -6 
29 -33 52 51 -67 20 61 109 -67 69 -48 9 45 52 57 -19 
-10 43 -67 -28 52 -47 -99 -77 31 -91 41 -27 -75 -23 -45 39 
-6 -43 72 -2 -29 63 123 26 11 95 -24 43 69 2 23 -55 
24 36 -64 34 -3 -70 46 15 -47 -21 Input angle :108
Zaxis angle :0 
minval :0 

minval :0 



53 22 -27 52 -49 -31 34 -46 43 38 -43 38 -34 -47 49 -31 
-14 40 -67 -19 47 -42 -109 -54 19 -93 31 -41 -64 -15 -35 46 
-3 -42 69 -9 -25 58 121 7 25 91 -10 51 65 -11 10 -56 
18 38 -61 35 0 -64 -112 48 -59 -74 -13 -50 -55 36 14 57 
-35 -22 37 -59 27 58 82 -90 85 43 33 40 32 -57 -37 -45 
41 8 -9 69 -50 -39 -124 -2 93 0 Input angle :103
Zaxis angle :0 
minval :0 

minval :0 



43 24 -29 40 -37 -33 34 -34 31 37 -40 27 -24 -44 44 -21 
-3 37 -69 -14 48 -35 -107 -70 24 -97 41 -31 -61 -24 -31 38 
-11 -35 68 -19 -29 52 127 16 13 98 -24 46 66 -1 14 -47 
26 26 -54 45 5 -59 -123 32 -56 -81 2 -51 -58 30 7 49 
-34 -14 31 -63 20 56 95 -85 85 51 19 48 38 -53 -28 -40 
37 -1 2 70 -42 -42 111 -2 8 -1 Input angle :108
Zaxis angle :0 
minval :0 

minval :0 



19 -55 53 23 -28 50 -48 -33 36 -44 41 40 -46 36 -32 -48 
37 2 -22 76 -39 -46 -56 110 -92 -17 -35 -35 -17 69 50 29 
-35 14 -6 -79 55 23 3 -123 90 -21 46 18 -10 -70 -58 -5 
25 -28 40 68 -60 1 51 112 -73 57 -50 4 40 58 56 -17 
-12 36 -66 -44 54 -26 -91 -83 39 -84 43 -24 -62 -33 -40 42 
-5 -38 78 11 -35 48 -11 111 60 23 Input angle :103
Zaxis angle :0 
minval :0 

minval :0 



-32 -38 42 -27 22 45 -47 18 -15 -48 49 -12 7 49 -49 2 
14 -34 57 42 -50 8 75 103 -64 66 -48 19 52 40 45 -22 
2 37 -70 -15 41 -31 -113 -60 33 -86 35 -37 -64 -14 -30 41 
-16 -32 70 -13 -26 44 127 12 8 91 -16 48 65 -11 12 -49 
29 21 -57 42 4 -51 -120 43 -45 -80 -6 -51 -52 40 10 50 
-36 -8 30 -65 19 48 52 17 14 13 Input angle :105
Zaxis angle :0 
minval :0 

minval :0 



-55 14 -8 -56 57 -4 1 57 -57 -2 8 -57 55 12 -17 53 
-41 -35 61 -44 6 69 98 -66 41 70 16 50 51 -37 -4 -58 
51 16 -39 64 -32 -61 -64 99 -68 -43 -36 -38 -30 55 30 49 
-53 8 4 -75 57 40 13 -118 80 9 49 20 1 -63 -48 -31 
44 -30 26 71 -68 -11 32 114 -77 24 -52 3 24 58 57 7 
-27 47 -54 -52 67 -18 -15 0 124 -14 Input angle :92
Zaxis angle :0 
minval :0 

minval :0 



54 14 -18 52 -51 -22 27 -48 45 33 -36 41 -40 -39 40 -37 
21 40 -76 22 23 -52 -114 -4 -9 -87 15 -49 -64 13 -26 50 
-36 -27 59 -53 0 57 104 -47 49 72 5 51 52 -38 0 -56 
44 8 -31 73 -24 -53 -77 84 -74 -47 -25 -44 -29 58 24 52 
-44 9 -5 -79 44 37 29 -111 86 9 42 28 2 -65 -43 -36 
35 -28 37 70 -56 -13 -76 -50 45 7 Input angle :108
Zaxis angle :0 
minval :0 

minval :0 



15 43 -45 11 -8 -45 46 -4 0 46 -46 -5 9 -45 44 12 
-12 16 31 -56 10 24 -75 59 47 103 -48 32 -3 -43 -45 9 
4 -19 -4 64 -18 -17 48 -82 -85 -73 32 -48 21 38 38 -27 
4 20 -23 -60 24 7 -3 95 109 29 -10 57 -36 -24 -23 40 
-12 -16 46 44 -25 3 -33 -89 -111 19 -17 -55 43 7 4 -46 
18 9 -61 -20 21 -14 125 65 -36 -17 Input angle :51
Zaxis angle :25 
minval :0 

minval :0 



-34 40 -37 -37 40 -34 30 42 -45 27 -23 -47 49 -19 15 49 
-24 -11 73 6 -18 25 -86 -69 -75 101 -63 -41 50 -41 -35 -38 
28 -1 -68 28 5 -31 109 20 22 -124 74 12 -27 59 48 20 
-25 11 51 -52 7 30 -108 23 37 121 -73 21 0 -65 -53 0 
17 -21 -26 68 -19 -24 87 -69 -82 -96 56 -50 29 57 47 -23 
-6 26 -9 -73 29 12 -50 97 121 12 Input angle :43
Zaxis angle :14 
minval :0 

minval :0 



-25 2 0 -26 25 2 -4 25 -25 -6 9 -24 23 11 -12 22 
-7 -15 25 23 -20 -2 -9 -50 -64 24 -7 -41 29 0 1 -25 
13 10 -33 -10 19 -7 29 41 51 -45 24 34 -26 12 9 24 
-17 -2 33 -5 -14 14 -44 -25 -25 64 -37 -19 19 -22 -18 -18 
16 -3 -28 19 6 -19 51 2 -5 -68 42 0 -6 28 25 7 
-12 11 16 -30 1 20 28 113 109 29 Input angle :44
Zaxis angle :20 
minval :0 

minval :0 



-3 -23 23 -1 0 23 -23 -2 4 -23 22 6 -9 22 -20 -10 
16 -7 -26 23 9 -16 56 -3 6 -68 32 0 -12 24 23 1 
-11 13 13 -32 -1 18 -49 27 25 64 -29 14 0 -27 -21 9 
4 -17 1 35 -6 -18 32 -46 -49 -47 20 -25 12 25 15 -17 
3 17 -16 -31 13 13 -9 55 64 23 -8 31 -21 -17 -6 22 
-10 -14 29 20 -18 -4 -41 45 0 4 Input angle :47
Zaxis angle :14 
minval :0 

minval :0 



4 -20 19 5 -7 19 -18 -9 11 -17 16 12 -13 15 -13 -15 
15 -8 -29 16 8 -21 48 0 6 -68 33 6 -10 24 19 7 
-10 15 18 -28 0 23 -43 23 25 63 -32 11 0 -26 -20 2 
2 -18 -5 33 -10 -21 30 -38 -49 -48 24 -22 12 23 18 -9 
5 17 -8 -32 18 14 -11 47 64 23 -12 31 -20 -17 -12 16 
-12 -13 22 25 -23 -5 -38 -115 -42 2 Input angle :43
Zaxis angle :14 
minval :0 

minval :0 



0 23 -23 -1 3 -23 22 6 -8 22 -21 -9 11 -20 19 12 
-17 9 25 -20 -6 20 -51 5 -5 65 -33 2 11 -24 -23 -4 
12 -16 -15 28 0 -21 44 -27 -23 -60 29 -16 1 27 23 -5 
-5 19 2 -32 10 18 -28 43 46 44 -19 27 -12 -24 -18 15 
-4 -20 11 30 -17 -11 5 -52 -61 -20 5 -33 21 16 10 -21 
13 15 -23 -22 20 3 6 -110 59 -3 Input angle :47
Zaxis angle :0 
minval :0 

minval :0 



-2 -29 29 0 -3 29 -29 -5 8 -28 27 10 -12 26 -25 -14 
20 -16 -28 19 9 -23 53 -9 -6 -64 35 -4 -8 26 29 2 
-10 23 15 -30 1 25 -44 30 30 57 -29 18 -2 -26 -27 9 
0 -25 -1 34 -12 -22 28 -46 -51 -38 18 -30 14 23 20 -21 
11 22 -13 -31 20 15 -4 53 63 14 -4 34 -22 -16 -10 27 
-19 -16 24 23 -24 -5 6 78 -4 7 Input angle :48
Zaxis angle :14 
minval :0 

minval :0 



-44 41 -38 -46 50 -34 30 52 -54 26 -20 -57 58 -15 10 58 
-57 -12 74 6 -45 17 -91 -62 -85 92 -55 -45 48 -25 -34 -49 
57 -12 -70 26 33 -35 109 16 34 -121 70 15 -32 43 52 30 
-45 36 51 -54 -16 45 -107 29 15 125 -70 14 11 -53 -60 -5 
25 -52 -22 71 -7 -47 83 -74 -68 -106 57 -43 13 52 57 -19 
-2 58 -10 -74 26 40 -69 -111 24 16 Input angle :45
Zaxis angle :0 
minval :0 

minval :0 



-47 -50 53 -43 38 57 -60 33 -29 -62 64 -22 16 66 -66 11 
10 -55 -5 78 -10 -52 73 -82 -87 -87 54 -55 22 42 58 -36 
9 56 -25 -74 30 43 -31 105 116 41 -23 74 -37 -30 -35 59 
-34 -45 56 55 -46 -27 -17 -108 -123 7 -7 -77 46 10 5 -68 
51 24 -73 -26 52 4 64 89 103 -66 42 65 -46 10 24 65 
-56 0 78 -8 -49 19 -19 -34 15 26 Input angle :46
Zaxis angle :14 
minval :0 

minval :0 



-38 -65 69 -32 26 72 -73 21 -16 -75 75 -10 2 76 -75 -4 
27 -44 -26 76 11 -59 109 -50 -50 -113 70 -41 0 46 71 -26 
-7 52 -4 -80 15 58 -78 90 95 79 -50 64 -19 -42 -53 54 
-16 -50 41 69 -37 -47 31 -116 -117 -39 15 -80 35 30 26 -71 
37 37 -67 -44 53 26 27 117 122 -21 22 78 -45 -12 8 75 
-50 -16 79 14 -60 0 105 -114 3 18 Input angle :40
Zaxis angle :0 
minval :0 

minval :0 



-54 -52 56 -50 45 60 -64 39 -34 -67 69 -28 22 72 -73 17 
12 -52 -9 91 0 -58 83 -80 -80 -93 58 -60 10 38 61 -45 
11 52 -31 -86 27 52 -44 106 112 50 -27 80 -27 -30 -33 68 
-31 -43 64 64 -47 -35 -8 -115 -122 0 -8 -84 36 15 2 -75 
48 24 -86 -30 58 11 58 100 109 -55 45 72 -40 3 28 70 
-53 -3 91 -6 -58 11 -64 110 8 24 Input angle :47
Zaxis angle :0 
minval :0 

minval :0 



32 13 -16 30 -29 -18 19 -28 26 22 -25 24 -21 -27 28 -19 
1 25 -13 -43 10 30 -28 47 58 30 -17 38 -14 -16 -17 30 
-13 -22 29 34 -22 -22 3 -54 -65 -4 0 -42 20 7 4 -34 
21 14 -42 -16 30 11 19 51 60 -26 19 37 -21 1 13 32 
-25 -4 44 -3 -32 0 -39 -38 -46 47 -32 -26 19 -9 -25 -23 
25 -6 -39 22 28 -15 -104 -80 34 -32 Input angle :50
Zaxis angle :14 
minval :0 

minval :0 



0 29 -29 -1 4 -29 28 7 -10 27 -26 -13 15 -24 23 16 
-20 8 31 -22 -12 18 -51 2 -8 72 -31 -4 10 -23 -28 -5 
15 -15 -20 33 4 -21 45 -24 -22 -69 29 -10 0 25 28 -7 
-6 21 3 -38 5 21 -31 40 49 53 -22 21 -10 -23 -21 19 
-3 -21 13 36 -13 -17 11 -50 -67 -27 11 -29 19 16 12 -26 
11 19 -27 -28 19 10 78 34 -105 -3 Input angle :44
Zaxis angle :0 
minval :0 

minval :0 



31 6 -8 31 -30 -11 14 -29 28 16 -18 26 -25 -20 22 -22 
-3 22 -16 -38 14 15 -25 49 65 17 -10 38 -27 -7 -11 30 
-6 -21 30 27 -19 -7 0 -56 -66 16 -6 -39 27 -4 -4 -32 
14 17 -40 -11 20 -1 24 50 53 -42 21 33 -24 15 16 28 
-21 -9 41 -6 -18 10 -43 -34 -30 60 -33 -21 14 -24 -26 -18 
23 0 -34 23 12 -16 -2 -97 -18 -35 Input angle :60
Zaxis angle :0 
minval :0 

minval :0 



-8 -26 26 -6 5 27 -27 2 0 -27 27 1 -4 27 -26 -6 
16 -8 -28 31 15 -22 45 -12 -6 -72 34 -1 -7 26 27 -5 
-12 13 14 -39 -5 26 -36 29 39 61 -31 16 -4 -27 -22 15 
5 -18 5 41 -7 -25 18 -43 -62 -37 20 -28 17 21 13 -23 
3 18 -22 -35 16 21 2 47 72 11 -7 33 -24 -13 -2 27 
-10 -15 35 22 -24 -11 -53 109 -101 10 Input angle :48
Zaxis angle :14 
minval :0 

minval :0 



56 -18 13 58 -58 9 -5 -59 59 -1 -3 59 -58 -9 14 -56 
-5 29 -47 -62 18 32 23 75 126 5 -21 61 -46 -14 6 59 
-6 -29 68 39 -30 -22 -50 -60 -119 44 -6 -64 47 -7 -31 -51 
19 22 -78 -6 37 7 73 29 87 -93 36 53 -40 26 50 30 
-26 -13 74 -27 -36 9 -79 2 -40 120 -54 -34 26 -41 -58 -7 
29 -1 -56 54 29 -23 -71 -97 22 -32 Input angle :71
Zaxis angle :0 
minval :0 

minval :0 



69 -35 29 72 -74 22 -15 -76 77 -9 2 77 -78 -4 9 -76 
1 40 -58 -54 33 37 20 98 122 -20 5 71 -49 -7 26 73 
-18 -35 75 28 -46 -20 -60 -81 -102 70 -33 -63 48 -13 -52 -57 
32 24 -79 7 50 0 89 46 66 -105 58 41 -39 31 72 29 
-39 -8 70 -38 -46 20 -100 -10 -15 123 -70 -14 21 -45 -77 3 
40 -7 -47 64 30 -40 103 -97 83 -30 Input angle :56
Zaxis angle :0 
minval :0 

minval :0 



36 -5 2 36 -36 -1 4 -35 35 7 -11 34 -33 -13 16 -32 
1 16 -20 -37 14 19 0 47 64 -1 -10 27 -26 -10 0 36 
-8 -14 33 26 -21 -10 -18 -43 -60 24 -1 -29 28 -1 -13 -34 
13 9 -41 -8 24 0 36 30 41 -49 14 25 -25 14 26 24 
-16 -3 41 -8 -22 9 -45 -13 -18 61 -23 -17 16 -23 -34 -11 
15 -3 -34 25 15 -18 -70 47 -124 -33 Input angle :38
Zaxis angle :14 
minval :0 

minval :0 



-47 -64 68 -41 35 71 -74 30 -24 -76 77 -17 9 80 -79 4 
28 -17 -38 74 29 -34 93 -42 -59 -107 67 -17 9 57 70 -38 
-17 28 5 -84 -12 43 -64 79 101 68 -53 44 -33 -48 -50 62 
3 -32 33 77 -6 -44 30 -97 -121 -15 28 -63 50 29 16 -78 
9 32 -62 -55 26 37 19 100 118 -34 -3 69 -58 -5 20 77 
-24 -23 80 23 -39 -22 -99 30 -116 21 Input angle :53
Zaxis angle :14 
minval :0 

minval :0 



-32 13 -10 -33 33 -7 3 34 -34 0 1 -34 34 4 -7 33 
1 -16 30 27 -12 -18 -8 -42 -64 14 6 -35 27 5 -7 -34 
5 15 -38 -13 19 12 26 35 52 -40 9 35 -26 8 22 27 
-11 -11 40 -4 -22 -1 -38 -20 -31 57 -22 -28 21 -18 -30 -16 
15 4 -35 20 21 -7 43 5 4 -65 32 15 -12 25 34 3 
-16 1 23 -33 -16 15 -59 -64 115 30 Input angle :40
Zaxis angle :14 
minval :0 

minval :0 



-41 43 -39 -45 48 -34 30 51 -54 25 -21 -56 57 -16 10 57 
-27 -33 65 31 -42 -26 -77 -86 -106 42 -15 -32 38 11 -34 -48 
39 17 -71 -2 49 3 107 43 80 -80 29 21 -39 6 51 29 
-43 0 65 -31 -47 15 -115 6 -39 107 -34 -8 33 -21 -59 -7 
37 -20 -48 53 36 -33 104 -50 -12 -113 35 -6 -22 33 56 -18 
-27 33 17 -70 -17 46 -30 80 6 25 Input angle :54
Zaxis angle :14 
minval :0 

minval :0 



-24 -74 76 -17 11 77 -78 6 -1 -78 78 6 -12 77 -75 -18 
42 -24 -66 54 32 -38 104 -19 -25 -117 51 0 -15 49 78 -10 
-27 40 38 -76 -14 48 -88 58 75 93 -45 23 -9 -51 -66 41 
8 -48 -3 86 -7 -50 57 -89 -106 -56 31 -40 32 40 40 -66 
13 46 -30 -80 28 42 -10 105 120 6 -14 49 -44 -26 -12 77 
-30 -38 63 57 -43 -25 76 -18 -17 12 Input angle :43
Zaxis angle :0 
minval :0 

minval :0 



56 -1 -4 57 -57 -9 13 -57 54 19 -22 51 -51 -28 30 -47 
9 21 -22 -49 12 20 -10 78 76 10 -9 32 -25 -21 -7 56 
-16 -16 38 36 -18 -13 -24 -76 -75 26 -4 -33 33 9 -15 -55 
22 8 -52 -13 22 3 52 59 55 -55 19 28 -35 6 38 41 
-24 0 54 -5 -23 3 -73 -31 -29 72 -27 -18 28 -18 -52 -22 
20 -10 -44 29 19 -14 -7 -81 22 -5 Input angle :54
Zaxis angle :14 
minval :0 

minval :0 



24 15 -17 23 -21 -19 20 -20 19 21 -23 17 -14 -25 26 -11 
-22 9 2 -42 -6 18 -20 38 54 41 -19 19 -16 -32 -20 21 
15 -17 16 39 -1 -19 2 -43 -67 -11 8 -25 29 21 9 -27 
-7 22 -31 -28 8 17 15 40 66 -15 3 26 -35 -8 3 28 
-3 -23 40 13 -15 -11 -31 -30 -51 45 -15 -22 35 -9 -16 -24 
13 19 -42 6 19 4 -36 -48 90 -32 Input angle :49
Zaxis angle :14 
minval :0 

minval :0 



34 13 -17 33 -31 -19 22 -30 28 24 -26 26 -24 -28 29 -22 
0 20 -1 -22 -1 39 -59 61 50 16 -9 25 -26 -11 -18 32 
-8 -18 11 19 -16 -35 26 -80 -53 6 -1 -27 28 0 3 -37 
16 13 -17 -13 29 25 11 84 43 -29 13 24 -25 13 14 34 
-20 -5 22 4 -37 -10 -46 -71 -29 44 -21 -16 18 -22 -26 -26 
20 -3 -21 5 38 -5 28 64 -71 -14 Input angle :38
Zaxis angle :0 
minval :0 

minval :0 



13 8 -10 12 -11 -11 11 -10 9 13 -13 8 -7 -14 14 -5 
-42 6 24 27 -2 -26 25 -11 -31 53 26 -45 -39 74 -10 13 
36 -23 -32 -16 12 22 -19 20 11 -61 -6 52 6 -84 4 -16 
-22 36 37 0 -21 -15 8 -26 15 60 -12 -50 28 78 1 16 
6 -42 -33 14 25 4 2 27 -39 -47 34 39 -57 -61 -8 -14 
11 41 25 -26 -25 5 -68 17 16 14 Input angle :74
Zaxis angle :32 
minval :0 

minval :0 



-14 -36 37 -10 7 38 -38 4 0 -38 38 2 -4 38 -37 -8 
53 14 -36 61 8 23 8 -51 -21 -111 37 -8 38 5 38 -8 
-55 8 11 -69 -17 -17 13 50 66 91 -30 22 -37 12 -31 23 
46 -30 22 67 23 9 -32 -40 -96 -58 19 -33 28 -26 19 -34 
-28 48 -48 -52 -24 2 46 25 111 13 -3 37 -15 36 -4 38 
10 -55 64 30 21 -11 76 -2 -11 7 Input angle :234
Zaxis angle :25 
minval :0 

minval :0 



-40 -2 7 -39 39 10 -13 37 -36 -16 19 -35 33 22 -24 31 
28 -40 36 53 29 5 -61 -42 -95 -27 1 -34 23 -20 9 -39 
-8 48 -53 -35 -28 7 73 15 98 -12 12 32 -13 27 5 40 
-12 -47 63 8 22 -18 -74 14 -83 54 -24 -24 1 -30 -23 -33 
32 37 -61 20 -12 26 60 -45 51 -84 33 10 11 28 35 20 
-44 -21 49 -41 0 -29 -52 111 -18 24 Input angle :224
Zaxis angle :29 
minval :0 

minval :0 



-40 -22 24 -39 37 27 -30 35 -32 -33 36 -28 25 38 -40 22 
39 -27 24 67 16 18 -21 -71 -79 -54 18 -46 31 -13 27 -37 
-23 41 -47 -54 -22 -9 48 56 95 18 2 49 -23 23 -8 46 
6 -47 66 26 25 -1 -67 -30 -93 23 -23 -43 12 -31 -8 -45 
12 46 -71 2 -22 10 74 1 77 -57 39 30 0 33 26 38 
-31 -35 65 -30 16 -19 70 -17 -97 21 Input angle :234
Zaxis angle :25 
minval :0 

minval :0 



-20 34 -33 -23 25 -31 28 28 -30 26 -23 -33 34 -21 18 35 
-19 -36 61 11 16 -8 -53 5 -77 58 -21 -30 -13 -27 -30 -26 
32 24 -60 15 -11 14 46 -27 46 -85 33 17 25 16 39 10 
-39 -9 49 -37 5 -18 -33 42 -13 96 -37 -2 -29 -7 -40 5 
40 -8 -29 54 3 18 11 -52 -36 -89 35 -11 30 -6 35 -20 
-33 22 4 -62 -11 -15 18 -47 49 17 Input angle :234
Zaxis angle :32 
minval :0 

minval :0 



-15 -30 32 -12 10 32 -33 7 -4 -34 34 -1 -1 34 -33 -4 
39 11 -41 45 -6 22 10 -40 -2 -90 32 4 23 1 33 -8 
-41 4 19 -58 -4 -22 6 41 41 80 -30 9 -22 8 -26 21 
36 -19 7 61 13 18 -22 -34 -71 -54 23 -21 16 -16 15 -31 
-23 33 -32 -52 -20 -11 35 22 86 24 -14 28 -8 21 -1 34 
8 -40 51 34 22 3 -102 126 -63 3 Input angle :243
Zaxis angle :14 
minval :0 

minval :0 



36 8 -12 35 -33 -15 18 -32 31 19 -22 30 -28 -24 26 -25 
-31 28 -10 -57 -14 -14 33 46 81 47 -14 27 -18 17 -14 34 
17 -38 33 48 19 8 -49 -28 -93 -12 2 -30 10 -22 -1 -37 
0 42 -48 -31 -20 0 56 6 91 -23 9 29 0 25 15 34 
-17 -38 58 6 19 -8 -53 17 -72 61 -21 -22 -10 -22 -28 -23 
31 28 -55 17 -14 15 -89 48 -50 -22 Input angle :237
Zaxis angle :32 
minval :0 

minval :0 



-27 25 -23 -29 31 -20 17 32 -34 13 -10 -35 37 -6 3 36 
-6 -39 42 22 19 11 -55 1 -81 29 -11 -20 0 -15 -19 -31 
23 32 -48 -4 -22 -1 49 -25 59 -62 18 14 5 15 30 21 
-35 -20 46 -13 21 -6 -35 42 -30 80 -22 -5 -10 -12 -36 -5 
39 5 -34 33 -15 15 12 -53 -7 -86 23 -5 15 5 35 -11 
-38 10 16 -45 8 -20 -87 16 14 19 Input angle :217
Zaxis angle :36 
minval :0 

minval :0 



-31 -18 20 -29 26 23 -26 25 -23 -27 28 -21 19 30 -31 16 
33 -12 -12 46 -8 20 -10 -53 -46 -71 14 -14 16 3 23 -28 
-26 24 -5 -48 -1 -21 29 46 70 48 -8 19 -16 2 -9 34 
14 -33 26 40 9 19 -45 -29 -83 -16 0 -21 13 -9 -5 -35 
1 36 -39 -27 -17 -13 54 7 82 -20 8 19 -8 13 19 30 
-16 -32 47 7 21 6 -16 78 84 13 Input angle :221
Zaxis angle :32 
minval :0 

minval :0 



-11 -39 40 -7 4 41 -41 1 0 -41 41 3 -7 40 -39 -11 
41 6 -31 25 -14 5 16 -38 6 -65 21 -5 8 6 40 -5 
-39 10 19 -35 11 -9 1 41 21 62 -17 14 -10 -2 -34 22 
30 -27 -1 40 -6 14 -18 -38 -45 -48 10 -20 10 -2 23 -33 
-17 37 -15 -37 0 -15 32 26 60 26 -1 22 -8 6 -7 40 
0 -41 29 28 6 13 -11 -98 40 0 Input angle :206
Zaxis angle :36 
minval :0 

minval :0 



31 -18 15 32 -33 11 -8 -35 35 -6 4 35 -35 1 1 -35 
-10 39 -28 -21 -2 -18 49 6 75 3 2 12 0 3 12 33 
-7 -39 34 7 9 15 -48 13 -69 27 -7 -10 0 -3 -26 -23 
23 33 -35 7 -15 -9 39 -30 52 -53 11 6 2 2 33 11 
-35 -19 28 -20 17 2 -21 45 -25 70 -12 -1 -3 -1 -35 3 
40 5 -17 31 -17 4 -29 47 108 -19 Input angle :212
Zaxis angle :32 
minval :0 

minval :0 



-19 -33 34 -16 14 35 -36 12 -8 -36 37 -5 2 37 -37 0 
36 8 -26 25 -14 3 9 -45 0 -69 12 -4 7 0 35 -13 
-36 9 11 -34 12 -8 8 45 31 62 -9 8 -6 3 -25 28 
29 -22 1 36 -7 13 -28 -36 -53 -44 5 -12 4 -5 12 -36 
-17 33 -17 -32 0 -15 39 23 67 18 0 13 -2 6 3 37 
2 -37 28 22 5 13 -22 110 -113 2 Input angle :218
Zaxis angle :36 
minval :0 

minval :0 



9 35 -36 6 -2 -36 36 0 -3 36 -36 -5 8 -35 34 10 
-28 -24 27 -12 10 2 -26 46 -31 63 -11 -2 -7 -1 -36 2 
35 10 -20 22 -10 2 6 -52 2 -70 12 -2 6 -1 32 -16 
-37 5 10 -28 9 -6 15 50 27 65 -10 6 -5 4 -22 29 
31 -20 3 30 -5 9 -35 -39 -50 -49 6 -10 3 -6 7 -35 
-20 31 -15 -26 1 -10 12 33 16 6 Input angle :223
Zaxis angle :36 
minval :0 

minval :0 



-10 37 -37 -13 16 -35 33 19 -23 31 -28 -26 28 -27 25 29 
-12 -39 22 3 8 11 -43 29 -59 34 -9 -8 -10 -5 -34 -18 
26 31 -22 5 -12 -7 27 -44 38 -57 12 3 11 0 38 1 
-37 -17 17 -13 14 2 -7 52 -9 68 -12 2 -10 4 -35 15 
41 0 -10 19 -14 3 -14 -50 -17 -66 10 -7 8 -8 27 -27 
-37 17 1 -22 11 -9 -82 -48 102 13 Input angle :123
Zaxis angle :32 
minval :0 

minval :0 



-31 31 -28 -34 36 -25 23 38 -39 20 -16 -41 43 -11 8 43 
6 -37 18 2 3 9 -66 -1 -62 8 -16 -8 -9 -19 -26 -36 
9 37 -18 6 -6 -7 61 -25 53 -32 18 1 16 14 37 22 
-23 -30 14 -12 8 4 -46 46 -35 51 -17 6 -20 -5 -44 -4 
33 18 -7 17 -9 0 21 -62 10 -61 13 -12 20 -2 42 -14 
-38 -2 0 -19 8 -4 60 112 69 15 Input angle :223
Zaxis angle :32 
minval :0 

minval :0 



-42 1 2 -43 41 5 -9 42 -41 -12 16 -39 37 19 -21 36 
29 -27 25 17 -6 9 -47 -51 -54 -26 -8 -18 11 -25 5 -43 
-15 37 -30 -3 2 -11 63 29 60 2 15 13 0 27 13 41 
-3 -40 30 -8 2 10 -70 2 -55 23 -19 -6 -11 -24 -28 -32 
17 36 -23 19 -6 -9 63 -29 41 -43 20 -2 20 18 39 17 
-31 -25 14 -28 9 5 -86 111 21 14 Input angle :205
Zaxis angle :29 
minval :0 

minval :0 



53 0 -4 53 -52 -7 12 -52 50 18 -22 48 -46 -27 32 -42 
-19 37 -22 -21 8 3 42 53 58 20 16 18 -11 20 -11 51 
6 -42 29 10 -9 0 -58 -37 -61 2 -22 -10 1 -23 -10 -52 
12 39 -31 1 8 -4 68 6 53 -29 24 0 8 22 30 43 
-27 -31 27 -14 -6 7 -65 22 -37 48 -22 10 -16 -16 -46 -26 
38 17 -19 25 2 -9 49 48 -19 -16 Input angle :53
Zaxis angle :25 
minval :0 

minval :0 



-1 50 -50 -4 8 -49 48 13 -18 47 -44 -22 24 -43 41 27 
-35 -15 23 -21 -9 0 -50 42 -23 58 -20 13 -19 -5 -49 -10 
38 1 -12 29 8 -4 30 -58 0 -63 13 -21 20 -1 49 -10 
-34 16 0 -31 -6 7 -1 66 29 55 -3 24 -18 9 -40 30 
26 -28 12 28 2 -9 -22 -61 -48 -39 -5 -24 12 -16 24 -44 
-13 36 -23 -21 0 9 -13 16 47 4 Input angle :48
Zaxis angle :25 
minval :0 

minval :0 



-51 -15 19 -50 47 23 -27 45 -42 -32 36 -39 36 39 -41 32 
22 -25 17 25 -4 -11 -30 -60 -39 -34 -4 -28 14 -17 25 -47 
-10 33 -26 -17 8 8 49 45 49 15 16 23 -5 22 -1 53 
-4 -34 31 4 -11 -4 -64 -19 -51 7 -25 -15 -4 -22 -19 -50 
18 29 -30 8 12 0 66 -9 43 -28 28 3 12 19 38 37 
-28 -19 23 -20 -10 5 -114 31 16 11 Input angle :57
Zaxis angle :25 
minval :0 

minval :0 



-15 -47 49 -10 7 50 -50 4 0 -50 50 2 -7 49 -48 -11 
36 3 -19 26 6 -11 35 -57 4 -53 16 -19 23 4 50 -7 
-34 11 6 -31 0 12 -9 66 20 48 -6 25 -23 5 -42 26 
26 -24 7 31 -4 -11 -20 -64 -39 -36 -3 -25 18 -14 26 -42 
-12 33 -19 -25 8 8 43 52 49 18 12 22 -10 21 -6 50 
0 -36 28 15 -11 -4 40 47 6 1 Input angle :53
Zaxis angle :25 
minval :0 

minval :0 



-62 -82 88 -54 47 91 -95 41 -32 -97 100 -24 15 102 -102 6 
67 -16 -18 63 -3 -28 29 -124 -23 -108 13 -44 41 -6 91 -47 
-56 39 -5 -63 14 24 19 126 65 89 4 45 -35 22 -63 82 
36 -59 32 58 -23 -17 -70 -106 -95 -56 -24 -38 22 -35 26 -100 
-7 68 -51 -39 28 5 106 71 109 14 38 26 -6 41 12 103 
-20 -65 64 16 -28 7 41 31 61 4 Input angle :41
Zaxis angle :32 
minval :0 

minval :0 



-72 -66 72 -68 61 77 -82 53 -47 -86 89 -40 32 92 -94 24 
70 -31 -19 55 1 -21 0 -118 -49 -109 1 -44 38 -10 77 -61 
-52 56 -4 -57 7 20 46 109 88 80 15 41 -30 25 -41 88 
23 -73 27 51 -15 -16 -88 -79 -114 -36 -32 -31 16 -37 4 -98 
7 76 -45 -35 20 7 113 37 119 -12 41 16 -2 39 33 93 
-35 -69 56 12 -22 1 53 15 -16 7 Input angle :35
Zaxis angle :32 
minval :0 

minval :0 



-43 23 -19 -45 46 -16 11 48 -48 6 -2 -49 49 1 -5 48 
7 -27 25 21 -15 -1 -59 -28 -55 -11 -12 -12 6 -21 -14 -47 
4 28 -31 -10 13 -4 65 2 54 -13 16 5 3 22 32 37 
-15 -24 32 -4 -10 10 -59 26 -44 34 -17 1 -12 -18 -45 -19 
24 15 -28 17 5 -13 43 -48 25 -50 15 -8 19 11 49 0 
-28 -4 18 -27 0 14 -14 95 30 14 Input angle :94
Zaxis angle :32 
minval :0 

minval :0 



8 84 -85 0 6 -84 84 13 -21 82 -80 -29 35 -77 74 40 
-35 -41 62 -37 1 32 -90 88 -62 104 -40 -1 -33 -29 -84 -10 
48 24 -41 59 -14 -28 43 -118 16 -120 37 -15 42 12 81 -27 
-55 0 13 -71 23 21 6 126 31 117 -30 29 -43 5 -62 57 
49 -20 15 71 -30 -10 -52 -115 -76 -94 15 -38 37 -24 35 -77 
-38 38 -43 -58 32 -1 -41 80 21 7 Input angle :221
Zaxis angle :32 
minval :0 

minval :0 



-26 36 -34 -29 31 -32 29 33 -36 26 -23 -38 40 -19 15 41 
2 -24 31 0 -1 12 -65 7 -59 15 -13 -15 -2 -21 -31 -31 
8 23 -29 11 -3 -12 57 -33 46 -40 18 8 11 19 41 17 
-16 -18 22 -21 8 9 -38 54 -27 55 -20 0 -18 -12 -45 0 
22 10 -12 28 -11 -6 15 -64 4 -61 19 -7 21 4 40 -20 
-24 0 -1 -31 12 0 91 -96 92 14 Input angle :212
Zaxis angle :32 
minval :0 

minval :0 



-38 13 -9 -39 40 -4 0 41 -40 -1 4 -40 40 7 -11 38 
30 -20 15 20 -1 9 -47 -20 -66 -15 0 -23 14 -17 -6 -40 
-19 30 -22 -12 -2 -9 52 0 67 -9 10 21 -4 21 22 33 
4 -36 25 1 6 7 -47 22 -55 39 -17 -15 -4 -22 -34 -23 
10 34 -23 9 -8 -4 35 -38 36 -58 23 5 12 18 40 6 
-25 -26 18 -18 9 0 -34 -1 13 17 Input angle :214
Zaxis angle :41 
minval :0 

minval :0 



31 -89 88 37 -43 85 -81 -49 56 -77 72 62 -70 64 -57 -75 
27 92 -63 9 -11 17 107 -62 87 -87 45 4 30 58 86 39 
-64 -72 54 -34 2 -20 -76 99 -41 118 -43 13 -52 -38 -95 0 
88 37 -34 55 7 18 27 -121 -10 -123 33 -30 64 13 89 -35 
-96 -1 11 -63 -14 -15 27 121 60 109 -16 42 -63 12 -65 70 
88 -37 13 63 18 8 57 63 98 -10 Input angle :231
Zaxis angle :29 
minval :0 

minval :0 



-29 -9 11 -27 27 13 -15 25 -23 -18 20 -22 21 21 -22 18 
34 -7 13 18 12 6 -44 -47 -46 -41 2 -26 21 -17 14 -26 
-27 21 -20 -10 -13 -1 59 26 60 16 9 25 -12 24 -1 30 
17 -30 23 1 12 -4 -64 0 -61 8 -18 -19 0 -27 -11 -27 
-2 35 -22 6 -10 9 59 -24 51 -34 24 10 10 25 21 20 
-11 -33 16 -15 5 -12 124 63 41 13 Input angle :229
Zaxis angle :25 
minval :0 

minval :0 



-31 -41 44 -28 24 46 -48 19 -14 -50 51 -11 6 52 -52 1 
31 11 3 42 -8 3 15 -75 -20 -47 10 -28 45 -4 48 -22 
-33 3 -20 -37 5 -6 19 74 37 36 2 30 -38 23 -33 41 
28 -17 34 24 -3 8 -48 -59 -49 -14 -15 -26 24 -37 10 -52 
-19 27 -41 -10 0 -8 66 39 51 -7 24 17 -8 44 10 52 
6 -33 41 -7 4 7 78 95 -1 6 Input angle :224
Zaxis angle :36 
minval :0 

minval :0 



-51 15 -11 -52 53 -6 1 53 -53 -2 7 -53 52 11 -16 50 
18 -15 27 5 -2 8 -64 -32 -60 31 -17 -23 28 -37 -6 -53 
-11 21 -27 5 -1 -8 72 4 41 -53 25 13 -9 45 27 46 
0 -23 21 -18 5 7 -66 29 -11 66 -29 -1 -9 -45 -45 -29 
8 22 -12 25 -7 -4 49 -52 -12 -66 26 -10 26 38 52 11 
-16 -17 1 -27 8 1 -96 48 121 13 Input angle :224
Zaxis angle :29 
minval :0 

minval :0 



-1 -42 43 2 -6 42 -41 -10 13 -41 39 17 -20 38 -35 -23 
12 22 -23 26 -3 -7 42 -43 -16 -69 35 -11 29 44 43 7 
-20 -16 10 -33 5 4 -21 56 44 55 -26 26 -45 -28 -42 11 
25 4 4 34 -7 -1 -5 -59 -63 -32 13 -34 52 3 33 -28 
-25 6 -19 -28 8 -1 31 51 70 4 2 37 -50 17 -16 40 
19 -16 29 16 -6 4 -11 -66 86 6 Input angle :228
Zaxis angle :25 
minval :0 

minval :0 



-33 24 -22 -34 36 -19 16 37 -39 13 -10 -40 40 -6 2 40 
11 -17 36 -6 9 16 -64 13 -35 66 -23 -12 6 -57 -19 -36 
-3 21 -29 22 -15 -10 54 -37 6 -75 27 0 18 54 34 23 
-6 -20 18 -32 19 3 -32 58 27 70 -24 11 -37 -44 -40 -7 
14 15 -2 36 -18 5 7 -66 -56 -50 16 -21 53 21 40 -11 
-19 -8 -12 -34 14 -12 32 -63 -68 5 Input angle :228
Zaxis angle :29 
minval :0 

minval :0 



-41 7 -4 -41 42 -1 -2 41 -41 -6 9 -40 39 13 -16 37 
23 -6 25 4 7 20 -66 -27 -56 28 -17 -21 31 -39 -1 -42 
-17 17 -25 7 -16 -14 71 -2 38 -50 25 10 -10 48 18 38 
9 -22 19 -17 21 5 -61 37 -12 62 -28 1 -9 -49 -32 -27 
0 24 -10 24 -21 2 44 -56 -12 -62 25 -13 30 39 40 10 
-11 -21 0 -26 18 -12 -97 48 -114 12 Input angle :236
Zaxis angle :29 
minval :0 

minval :0 



7 -40 39 11 -15 38 -36 -18 21 -34 32 25 -27 31 -28 -28 
-4 8 -25 33 -16 -16 73 -42 -1 -65 30 -14 21 53 38 15 
0 -9 9 -39 21 7 -48 69 29 58 -22 25 -43 -38 -41 3 
3 8 8 40 -22 2 16 -82 -51 -40 9 -32 55 17 37 -19 
-6 -6 -24 -33 19 -12 20 81 63 15 4 33 -57 7 -24 34 
9 2 36 20 -13 18 -4 -34 -3 2 Input angle :237
Zaxis angle :32 
minval :0 

minval :0 



57 -22 18 58 -59 14 -9 -60 61 -4 -1 61 -60 -8 13 -59 
7 -4 -44 -20 14 -12 46 71 80 -19 19 27 -42 11 11 60 
-5 6 49 2 -7 18 -71 -46 -64 51 -30 -14 33 -28 -37 -48 
1 -8 -44 20 0 -19 84 10 35 -75 33 2 -17 40 54 29 
2 8 31 -37 9 17 -80 27 0 82 -30 13 0 -44 -61 -4 
-6 -6 -13 47 -15 -11 106 79 91 -19 Input angle :50
Zaxis angle :36 
minval :0 

minval :0 



46 2 -7 46 -45 -11 16 -44 41 20 -22 40 -37 -26 29 -35 
4 10 -39 -34 25 -4 38 85 95 -10 18 38 -61 6 -12 45 
-8 -7 49 15 -21 14 -73 -58 -81 49 -30 -29 53 -30 -7 -46 
10 2 -51 8 13 -20 90 24 54 -79 40 12 -35 50 26 39 
-10 2 42 -29 -3 25 -91 17 -16 94 -41 7 9 -61 -40 -24 
9 -7 -26 44 -7 -23 -109 -33 -90 -24 Input angle :53
Zaxis angle :14 
minval :0 

minval :0 



-42 33 -29 -46 49 -24 19 51 -53 15 -11 -53 54 -7 4 54 
-27 -7 64 8 -40 14 -59 -77 -91 44 -44 -41 42 -19 -25 -48 
28 -4 -62 17 32 -28 85 46 60 -81 57 20 -30 35 43 34 
-23 16 48 -42 -15 39 -97 -8 -27 97 -60 2 14 -44 -54 -11 
14 -24 -25 59 -1 -42 90 -34 -19 -99 53 -29 6 46 53 -13 
-1 27 0 -64 19 38 7 49 -92 19 Input angle :47
Zaxis angle :29 
minval :0 

minval :0 



55 -7 3 55 -55 -1 6 -55 54 11 -16 52 -51 -20 23 -50 
21 30 -56 -25 34 14 35 96 108 -18 30 54 -39 -2 0 55 
-33 -16 61 3 -37 1 -72 -73 -90 63 -50 -36 36 -15 -21 -51 
37 0 -57 23 33 -18 96 36 51 -97 61 12 -26 29 42 35 
-33 15 41 -46 -21 31 -102 10 -4 109 -60 15 13 -36 -53 -15 
25 -27 -18 59 6 -37 77 -97 -72 -26 Input angle :51
Zaxis angle :14 
minval :0 

minval :0 



-50 -26 29 -48 45 33 -38 42 -38 -42 44 -35 32 47 -48 28 
8 -35 28 53 -22 -24 22 -84 -113 -43 12 -62 34 32 34 -45 
8 34 -48 -38 29 13 11 87 121 -6 13 62 -44 -15 -11 55 
-21 -29 59 14 -32 2 -52 -70 -109 54 -39 -49 46 -3 -12 -55 
31 18 -59 11 29 -14 74 46 68 -100 55 30 -39 23 34 46 
-36 -2 50 -35 -20 24 -116 111 -16 29 Input angle :58
Zaxis angle :0 
minval :0 

minval :0 



-53 -26 30 -51 49 33 -38 46 -42 -42 46 -37 33 49 -51 29 
-3 -43 32 54 -26 -35 13 -101 -118 -27 8 -61 37 27 33 -49 
21 37 -53 -34 39 20 30 97 117 -26 19 58 -45 -7 -9 59 
-36 -24 63 6 -44 0 -65 -78 -94 76 -40 -46 44 -11 -17 -57 
43 6 -59 21 40 -16 95 35 50 -109 57 22 -35 28 39 45 
-41 11 46 -43 -30 32 -23 -65 84 30 Input angle :47
Zaxis angle :0 
minval :0 

minval :0 



-36 54 -51 -40 44 -47 42 48 -52 39 -35 -54 57 -30 26 58 
-35 -8 59 -22 -31 27 -88 -34 -42 116 -65 -25 35 -36 -47 -44 
36 -8 -44 45 17 -37 94 -9 -12 -123 69 -4 -16 48 62 18 
-28 23 22 -59 1 41 -83 44 64 106 -61 33 -7 -50 -64 9 
16 -33 6 63 -17 -37 56 -76 -100 -73 41 -55 27 42 53 -37 
1 36 -33 -53 32 25 -20 33 67 6 Input angle :54
Zaxis angle :14 
minval :0 

minval :0 



64 22 -28 62 -60 -33 38 -56 53 43 -48 49 -44 -52 55 -39 
8 41 -39 -59 38 32 -10 97 115 12 -9 73 -44 -20 -33 60 
-27 -33 60 38 -48 -12 -35 -92 -110 34 -21 -69 49 0 7 -68 
37 20 -70 -10 49 -9 70 68 85 -78 50 53 -45 20 24 64 
-42 -2 68 -21 -41 27 -92 -33 -44 107 -67 -26 31 -38 -49 -48 
38 -17 -51 50 25 -42 -17 -49 -65 -30 Input angle :45
Zaxis angle :14 
minval :0 

minval :0 



-51 49 -45 -53 57 -41 35 60 -63 30 -27 -65 67 -23 17 67 
-35 0 64 -7 -47 14 -78 -36 -66 93 -48 -36 38 -30 -43 -55 
33 -12 -53 35 36 -33 86 -1 18 -113 59 14 -23 43 62 33 
-23 26 35 -53 -20 45 -79 33 28 111 -59 14 1 -48 -70 -1 
9 -33 -8 64 -3 -49 55 -66 -77 -84 46 -39 18 45 64 -29 
5 34 -17 -61 23 43 -91 -127 110 11 Input angle :73
Zaxis angle :14 
minval :0 

minval :0 



-56 -15 20 -55 54 24 -28 51 -48 -33 37 -46 43 39 -42 39 
-13 -35 25 61 -29 -40 6 -87 -117 -27 11 -59 40 20 26 -52 
26 27 -48 -46 43 25 24 84 119 -18 16 59 -45 0 1 58 
-36 -11 63 19 -50 -3 -59 -63 -99 67 -38 -47 42 -17 -23 -54 
38 -4 -66 6 48 -15 80 35 60 -103 54 25 -30 34 45 37 
-33 18 56 -35 -35 35 -46 111 12 30 Input angle :43
Zaxis angle :14 
minval :0 

minval :0 



25 60 -61 20 -15 -63 65 -9 3 65 -65 -2 9 -64 63 13 
-16 29 22 -54 -11 39 -88 35 31 110 -54 34 0 -41 -63 15 
2 -33 0 58 -5 -41 65 -69 -72 -90 38 -52 16 38 51 -41 
10 32 -25 -52 22 34 -27 90 102 53 -11 63 -31 -27 -30 57 
-23 -24 45 36 -35 -20 -9 -94 -116 -1 -17 -62 40 11 3 -65 
31 11 -57 -11 41 2 -84 81 -85 -12 Input angle :51
Zaxis angle :29 
minval :0 

minval :0 



-47 -35 39 -45 41 42 -45 38 -33 -49 51 -29 24 54 -55 19 
4 -38 5 69 -13 -39 42 -98 -82 -82 29 -47 11 41 42 -41 
12 36 -31 -61 28 28 0 106 109 40 -5 56 -28 -32 -20 55 
-27 -27 57 38 -38 -13 -44 -97 -116 11 -18 -53 39 16 -3 -59 
35 15 -67 -15 40 -3 84 65 99 -60 39 39 -42 0 27 53 
-38 3 66 -19 -35 20 4 15 -103 24 Input angle :53
Zaxis angle :0 
minval :0 

minval :0 



-40 46 -43 -42 45 -40 36 49 -52 31 -27 -54 56 -23 18 57 
-38 -15 68 -22 -37 15 -107 -53 -72 85 -62 -30 36 -21 -40 -45 
40 -2 -53 48 28 -29 119 6 26 -108 69 3 -22 35 55 25 
-36 19 29 -66 -13 39 -110 44 21 109 -63 28 5 -42 -61 1 
24 -34 2 72 -4 -41 79 -90 -64 -91 47 -51 14 40 55 -25 
-10 40 -33 -64 20 35 -124 113 -2 13 Input angle :47
Zaxis angle :0 
minval :0 

minval :0 



29 -63 61 33 -38 58 -54 -43 48 -49 46 52 -55 42 -38 -57 
45 0 -79 29 45 -17 102 39 67 -105 49 33 -33 24 57 38 
-41 18 61 -58 -31 36 -108 5 -10 125 -59 -6 16 -37 -68 -10 
29 -35 -30 79 12 -47 93 -56 -43 -117 57 -17 0 41 66 -20 
-12 44 -7 -85 7 48 -63 89 89 88 -42 42 -19 -35 -50 47 
-7 -45 42 74 -28 -39 33 -50 -37 -11 Input angle :46
Zaxis angle :0 
minval :0 

minval :0 



54 -41 39 56 -58 35 -29 -62 63 -22 16 66 -67 12 -7 -67 
39 20 -79 -11 44 9 86 75 96 -70 34 48 -37 6 34 58 
-44 -3 76 -21 -44 11 -109 -36 -58 104 -53 -26 30 -23 -57 -36 
42 -15 -57 54 35 -29 113 -17 4 -119 60 2 -16 35 66 11 
-30 33 28 -74 -18 42 -97 61 47 109 -54 23 2 -38 -66 14 
14 -42 1 79 0 -46 -89 -2 -1 -22 Input angle :45
Zaxis angle :0 
minval :0 

minval :0 



66 28 -33 64 -61 -38 44 -56 52 49 -53 47 -43 -58 59 -39 
1 51 -14 -81 17 43 -53 97 105 67 -38 51 -22 -22 -39 60 
-23 -46 50 66 -33 -32 5 -110 -125 -15 10 -63 30 10 7 -71 
40 32 -74 -36 44 15 41 102 119 -39 14 62 -32 2 23 67 
-50 -11 83 3 -46 4 -81 -74 -94 83 -39 -50 28 -15 -48 -53 
50 -10 -77 30 40 -24 -65 112 -39 -30 Input angle :42
Zaxis angle :20 
minval :0 

minval :0 



-32 -73 76 -26 19 77 -79 13 -7 -80 80 1 -7 79 -78 -11 
41 -24 -53 66 31 -34 111 -14 -6 -112 66 0 -12 32 76 -22 
-26 39 22 -83 -13 45 -94 61 56 98 -59 27 -2 -34 -60 52 
7 -47 17 83 -8 -45 59 -96 -87 -71 43 -49 16 30 32 -73 
12 46 -49 -69 25 39 -12 112 111 21 -15 63 -28 -20 4 79 
-31 -35 74 42 -40 -24 73 110 41 7 Input angle :48
Zaxis angle :0 
minval :0 

minval :0 



-57 -57 62 -51 48 65 -68 43 -39 -70 73 -33 27 75 -77 20 
30 -34 -28 84 15 -40 99 -54 -46 -99 54 -23 4 32 63 -49 
-15 43 -7 -88 3 43 -67 91 87 66 -38 45 -17 -28 -34 73 
-5 -46 44 76 -22 -37 19 -111 -106 -25 19 -55 28 18 5 -80 
23 39 -71 -51 34 26 33 108 108 -20 8 58 -32 -4 30 74 
-38 -24 88 10 -42 -8 -95 -2 -47 16 Input angle :61
Zaxis angle :14 
minval :0 

minval :0 



-80 11 -5 -81 81 2 -12 81 -79 -20 25 -78 75 31 -35 73 
-4 -41 40 78 -11 -36 23 -112 -104 -41 26 -51 22 20 1 -81 
22 35 -70 -52 26 28 22 112 111 -8 -2 57 -28 -9 33 74 
-35 -21 85 19 -35 -14 -69 -92 -98 54 -21 -53 30 -3 -61 -53 
41 4 -85 17 38 -3 103 50 62 -94 42 38 -25 15 78 21 
-39 13 68 -55 -33 19 -76 -33 54 28 Input angle :45
Zaxis angle :0 
minval :0 

minval :0 



-27 -51 52 -25 19 54 -56 13 -7 -57 58 -3 -3 57 -57 -5 
29 -16 -36 42 15 -22 69 -11 -16 -64 38 -4 0 21 53 -18 
-17 28 14 -54 -4 28 -59 40 43 52 -33 19 -9 -19 -43 37 
5 -33 8 54 -6 -29 39 -59 -58 -33 24 -32 17 15 25 -51 
10 32 -33 -44 20 22 -10 70 68 4 -5 39 -19 -5 3 56 
-24 -26 50 25 -24 -12 -64 79 -60 1 Input angle :40
Zaxis angle :14 
minval :0 

minval :0 



-42 -74 79 -35 30 81 -82 25 -17 -84 85 -8 0 86 -85 -5 
46 -37 -48 73 29 -45 97 -34 -62 -101 63 -17 13 36 81 -28 
-26 53 11 -86 -6 54 -69 76 101 62 -49 42 -27 -26 -60 60 
0 -59 26 82 -16 -51 36 -96 -117 -15 25 -61 37 13 29 -80 
23 55 -58 -65 37 40 8 102 113 -36 1 66 -38 3 9 85 
-45 -38 80 34 -50 -20 -107 -82 -18 19 Input angle :57
Zaxis angle :14 
minval :0 

minval :0 



-53 -22 29 -50 49 32 -36 46 -42 -42 46 -35 31 49 -48 29 
7 -34 0 59 -3 -28 47 -53 -60 -35 28 -32 17 13 33 -46 
6 34 -23 -52 12 26 -21 67 69 6 -12 41 -22 -6 -9 58 
-18 -29 41 40 -23 -19 -9 -68 -66 20 -3 -44 24 -5 -13 -57 
31 17 -55 -20 28 5 39 57 52 -46 23 37 -19 12 35 46 
-34 -3 58 -6 -28 5 -26 31 14 4 Input angle :38
Zaxis angle :14 
minval :0 

minval :0 



8 36 -36 5 -2 -37 37 0 -3 37 -36 -5 9 -35 34 12 
-19 8 30 -20 -19 8 -59 1 -4 64 -27 -8 9 -14 -36 3 
12 -16 -19 31 13 -16 53 -26 -20 -61 28 -2 -3 16 31 -19 
-4 20 5 -36 -5 20 -35 48 46 45 -24 14 -3 -16 -21 30 
-4 -20 11 35 -3 -20 12 -58 -61 -21 16 -24 11 12 4 -36 
12 16 -25 -26 12 17 5 -126 60 -4 Input angle :48
Zaxis angle :20 
minval :0 

minval :0 



68 -7 0 69 -69 -7 12 -68 67 16 -22 65 -63 -28 33 -60 
11 54 -37 -84 23 39 -19 102 121 21 -26 60 -34 -11 -5 69 
-31 -45 66 63 -35 -27 -20 -101 -121 25 2 -65 36 -2 -19 -66 
49 24 -86 -31 43 12 62 83 100 -72 23 61 -31 16 46 51 
-55 -2 90 -17 -43 11 -92 -48 -53 111 -50 -42 20 -30 -64 -26 
52 -19 -77 49 36 -27 10 -32 -62 -32 Input angle :62
Zaxis angle :20 
minval :0 

minval :0 



-4 -54 54 0 -3 54 -54 -7 12 -52 51 17 -22 49 -47 -25 
39 7 -68 40 34 -15 84 3 9 -127 38 22 -20 42 54 4 
-38 11 45 -64 -24 28 -77 35 45 119 -44 0 -1 -46 -51 18 
31 -24 -14 77 10 -36 56 -63 -90 -91 40 -18 18 42 37 -38 
-16 36 -20 -76 5 37 -24 81 120 43 -29 34 -35 -30 -18 50 
0 -40 51 61 -21 -30 4 -114 72 4 Input angle :41
Zaxis angle :0 
minval :0 

minval :0 



-44 66 -62 -51 55 -58 52 60 -65 47 -42 -68 70 -37 29 73 
-40 -21 96 4 -51 10 -77 -70 -60 86 -37 -26 31 -24 -56 -56 
45 3 -90 34 42 -30 98 35 15 -104 44 9 -16 36 75 25 
-42 16 66 -70 -24 46 -104 12 30 100 -44 10 0 -40 -79 6 
32 -32 -30 92 5 -52 90 -52 -68 -81 35 -27 15 36 70 -37 
-14 42 -8 -96 17 49 125 -127 -18 11 Input angle :43
Zaxis angle :14 
minval :0 

minval :0 



50 40 -44 47 -43 -49 51 -39 34 56 -58 29 -24 -60 61 -17 
-28 15 34 -77 -10 42 -85 51 53 101 -46 0 -9 -38 -50 41 
19 -25 2 83 -11 -42 53 -84 -92 -66 42 -20 23 31 26 -59 
-7 31 -37 -76 26 35 -16 98 112 21 -31 34 -35 -17 -1 65 
-6 -31 64 54 -38 -20 -24 -97 -111 23 14 -44 40 3 -24 -60 
17 26 -80 -25 43 4 97 65 99 -19 Input angle :40
Zaxis angle :0 
minval :0 

minval :0 



40 -29 26 42 -43 23 -19 -46 47 -15 11 48 -49 7 -3 -48 
14 34 -63 -3 36 2 25 62 33 -48 20 15 -21 29 24 43 
-27 -25 58 -25 -34 12 -51 -43 -10 57 -24 -6 7 -35 -39 -30 
35 11 -43 46 26 -25 65 18 -15 -56 25 -5 8 35 49 11 
-37 3 19 -60 -12 34 -65 11 39 43 -20 15 -24 -26 -47 14 
30 -22 11 62 -4 -36 34 -65 108 -6 Input angle :41
Zaxis angle :0 
minval :0 

minval :0 



29 44 -46 24 -19 -49 50 -16 12 51 -52 7 -4 -52 52 0 
-32 19 23 -36 0 10 -51 89 8 52 -15 26 -15 10 -49 19 
21 -30 -5 42 -4 -10 12 -102 -28 -44 3 -30 9 -15 36 -38 
-8 36 -12 -41 8 6 30 99 44 27 10 29 -1 18 -17 50 
-8 -36 28 32 -10 -2 -69 -76 -52 -5 -20 -22 -5 -17 -5 -53 
23 29 -39 -18 10 -1 -57 -96 -109 -5 Input angle :13
Zaxis angle :39 
minval :0 

minval :0 



8 36 -37 5 -2 -37 37 1 -4 37 -36 -6 9 -36 34 12 
-44 -6 34 -6 -6 -9 -43 54 -25 74 -29 11 -6 0 -37 1 
43 -10 -29 18 9 5 17 -67 -5 -78 20 -24 6 -2 33 -16 
-36 27 20 -28 -11 -1 13 68 36 69 -9 30 -4 4 -24 27 
22 -39 -7 34 10 -2 -37 -58 -61 -50 -3 -31 2 -6 9 -36 
-4 45 -9 -33 -8 7 52 113 -73 4 Input angle :233
Zaxis angle :39 
minval :0 

minval :0 



0 27 -26 -2 3 -27 26 6 -8 25 -25 -10 12 -24 22 14 
-36 -28 32 3 -8 -10 -57 19 -68 64 -26 -6 -8 0 -26 -4 
44 11 -31 10 11 5 43 -42 35 -87 27 -3 8 -3 26 -7 
-45 9 24 -22 -12 0 -24 55 1 93 -23 14 -6 6 -21 16 
37 -26 -10 31 11 -4 -3 -60 -43 -83 14 -23 2 -8 11 -24 
-23 39 -1 -33 -8 9 31 -127 -72 15 Input angle :231
Zaxis angle :36 
minval :0 

minval :0 



-30 -1 3 -30 29 6 -9 28 -28 -11 12 -27 26 15 -17 24 
36 -18 -16 30 12 -2 2 -58 -19 -92 15 -18 2 -4 5 -29 
-26 31 2 -35 -11 7 20 54 57 74 -6 23 0 4 5 29 
11 -38 11 33 7 -11 -41 -41 -83 -44 -3 -23 -1 -4 -16 -25 
4 40 -24 -25 -1 13 53 22 94 8 12 20 3 3 26 15 
-22 -34 32 13 -3 -13 -101 -2 -79 7 Input angle :229
Zaxis angle :36 
minval :0 

minval :0 



-37 -27 30 -35 33 32 -34 31 -28 -36 39 -24 21 41 -42 17 
36 -14 -8 32 0 -5 15 -79 -7 -67 -3 -24 18 -2 33 -32 
-28 26 -4 -33 1 4 19 78 33 58 12 20 -15 10 -16 43 
12 -36 18 28 -3 -3 -51 -63 -56 -37 -20 -12 10 -16 -3 -46 
2 38 -28 -18 4 1 72 35 66 10 23 2 -2 18 23 40 
-19 -33 33 4 -5 0 -5 110 94 4 Input angle :56
Zaxis angle :32 
minval :0 

minval :0 



-35 28 -25 -37 40 -21 17 41 -42 14 -10 -44 44 -5 1 44 
0 -38 24 21 -3 -2 -68 -39 -65 -16 -21 -3 3 -19 -21 -40 
17 34 -31 -8 4 1 78 5 67 -11 21 -6 4 18 34 29 
-29 -24 31 -5 -4 1 -74 27 -57 36 -16 14 -11 -15 -44 -10 
37 8 -26 18 3 -2 57 -54 36 -57 9 -20 17 8 45 -7 
-38 5 16 -28 -2 3 -28 -65 3 17 Input angle :42
Zaxis angle :32 
minval :0 

minval :0 


